







falling,negative
falling,negative
falling,negative
falling,negative
falling,negative
falling,negative
falling,negative
falling,negative
falling,evil,negative,satan,sinn
falling,evil,negative,satan,sinn
falling,evil,negative,satan,sinn
falling,panic,evil,negative,satan,sinn
symptoms,falling,panic,evil,negative,satan,sinn
symptoms,falling,panic,evil,stop,negative,satan,sinn
symptoms,falling,panic,evil,stop,negative,satan,sinn
symptoms,falling,panic,evil,stop,negative,satan,sinn
symptoms,falling,panic,evil,stop,negative,satan,sinn
symptoms,falling,crisis,panic,evil,stop,negative,satan,sinn
symptoms,falling,crisis,panic,evil,stop,negative,satan,sinn
symptoms,empty,falling,crisis,panic,evil,stop,negative,satan,sinn
symptoms,empty,falling,crisis,panic,evil,stop,negative,satan,sinn
symptoms,empty,falling,crisis,panic,evil,stop,negative,satan,sinn
symptoms,empty,falling,crisis,panic,evil,stop,negative,satan,sinn
symptoms,empty,falling,crisis,panic,evil,stop,negative,satan,sinn
symptoms,empty,falling,crisis,panic,evil,stop,negative,satan,sinn
symptoms,empty,falling,crisis,panic,evil,stop,negative,satan,sinn
symptoms,empty,falling,crisis,panic,evil,stop,negative,satan,sinn
symptoms,empty,falling,crisis,panic,evil,stop,negative,satan,sinn
symptoms,empty,falling,crisis,panic,evil,stop,negative,satan,sinn
symptoms,empty,falling,crisis,panic,evil,stop,negative,satan,sinn
symptoms,empty,falling,crisis,panic,evil,stop,negative,satan,sinn
demand,symptoms,empty,falling,emergency,crisis,panic,evil,stop,negative,satan,sinn
demand,symptoms,empty,falling,emergency,crisis,panic,evil,stop,negative,satan,sinn
demand,symptoms,empty,falling,emergency,crisis,panic,evil,stop,negative,satan,sinn
demand,symptoms,empty,falling,emergency,crisis,panic,evil,stop,negative,satan,sinn
demand,fight,symptoms,empty,falling,emergency,crisis,condition,panic,evil,stop,negative,satan,sinn
demand,fight,symptoms,empty,falling,emergency,crisis,condition,worsened,messed,panic,sick,evil,stop,negative,satan,unexpected,sinn
empty,sinn,stop,evil,fight,symptoms,crisis,condition,panic,negative,demand,falling,emergency,worsened,sick,lower,messed,satan,unexpected
empty,sinn,stop,evil,fight,symptoms,crisis,condition,panic,negative,demand,falling,emergency,worsened,sick,lower,messed,satan,unexpected
empty,sinn,stop,evil,fight,symptoms,crisis,condition,panic,negative,demand,falling,emergency,worsened,sick,lower,messed,satan,unexpected
empty,sinn,stop,evil,fight,symptoms,crisis,condition,panic,negative,demand,falling,emergency,worsened,guilty,sick,lower,messed,satan,unexpected
empty,sinn,stop,evil,fight,symptoms,crisis,condition,panic,negative,demand,falling,emergency,worsened,guilty,sick,lower,messed,satan,unexpected
empty,sinn,stop,evil,fight,symptoms,crisis,condition,panic,negative,demand,falling,emergency,worsened,guilty,sick,lower,messed,satan,unexpected
empty,sinn,stop,evil,fight,symptoms,crisis,condition,panic,negative,demand,falling,emergency,worsened,guilty,sick,lower,messed,satan,unexpected
empty,sinn,stop,evil,fight,symptoms,crisis,condition,panic,negative,demand,falling,emergency,worsened,guilty,sick,lower,messed,satan,unexpected
empty,sinn,stop,evil,fight,symptoms,crisis,condition,panic,negative,demand,falling,emergency,worsened,guilty,sick,lower,messed,satan,unexpected
empty,sinn,stop,evil,fight,symptoms,crisis,condition,panic,negative,demand,falling,emergency,worsened,guilty,sick,lower,messed,satan,unexpected
empty,sinn,stop,evil,fight,symptoms,crisis,condition,panic,negative,demand,falling,emergency,worsened,guilty,sick,lower,messed,satan,unexpected
empty,sinn,stop,evil,fight,symptoms,crisis,condition,panic,negative,demand,falling,emergency,worsened,guilty,sick,lower,messed,satan,unexpected
empty,sinn,stop,evil,fight,symptoms,crisis,condition,panic,negative,demand,falling,emergency,worsened,guilty,sick,lower,messed,satan,unexpected
empty,sinn,stop,evil,fight,symptoms,crisis,condition,panic,negative,demand,falling,emergency,worsened,guilty,sick,lower,messed,satan,unexpected
empty,sinn,stop,evil,fight,symptoms,crisis,condition,panic,negative,demand,falling,emergency,worsened,guilty,sick,lower,messed,satan,unexpected
empty,sinn,stop,evil,fight,symptoms,crisis,condition,panic,negative,demand,falling,emergency,worsened,guilty,sick,lower,messed,satan,unexpected
empty,sinn,stop,evil,shutting,fight,symptoms,crisis,condition,panic,negative,no,demand,falling,emergency,worsened,guilty,sick,lower,messed,satan,unexpected
empty,sinn,stop,evil,shutting,fight,symptoms,crisis,condition,panic,negative,no,demand,falling,emergency,worsened,guilty,sick,lower,messed,satan,unexpected
dispute,empty,sinn,stop,evil,shutting,fight,symptoms,crisis,condition,panic,negative,no,demand,falling,emergency,worsened,guilty,sick,lower,messed,satan,unexpected
dispute,empty,sinn,stop,evil,shutting,fight,symptoms,crisis,condition,panic,negative,no,demand,falling,emergency,worsened,guilty,sick,lower,messed,satan,unexpected
dispute,empty,sinn,stop,evil,shutting,fight,symptoms,crisis,condition,panic,negative,no,demand,falling,emergency,worsened,guilty,sick,lower,messed,satan,unexpected
dispute,empty,sinn,hurt,stop,evil,shutting,fight,symptoms,crisis,condition,panic,negative,no,demand,falling,emergency,worsened,guilty,sick,lower,messed,satan,unexpected
dispute,empty,sinn,hurt,stop,evil,shutting,fight,symptoms,crisis,condition,panic,negative,no,demand,falling,emergency,worsened,guilty,sick,lower,messed,satan,unexpected
dispute,empty,sinn,hurt,stop,evil,shutting,fight,symptoms,crisis,condition,panic,negative,no,demand,falling,emergency,worsened,guilty,sick,lower,messed,satan,unexpected
dispute,empty,sinn,hurt,stop,evil,shutting,fight,symptoms,crisis,condition,panic,negative,no,demand,falling,emergency,worsened,guilty,sick,lower,messed,satan,unexpected
dispute,empty,sinn,hurt,stop,evil,shutting,fight,symptoms,crisis,condition,panic,negative,no,demand,falling,emergency,worsened,guilty,sick,lower,messed,satan,unexpected
dispute,empty,sinn,hurt,stop,evil,shutting,fight,symptoms,crisis,condition,panic,negative,no,demand,falling,emergency,worsened,guilty,sick,lower,messed,satan,unexpected
dispute,empty,sinn,hurt,stop,evil,shutting,fight,symptoms,crisis,condition,stops,panic,negative,no,demand,falling,emergency,worsened,guilty,sick,lower,messed,satan,unexpected
dispute,empty,sinn,hurt,stop,evil,shutting,fight,symptoms,crisis,condition,stops,panic,negative,no,demand,falling,emergency,worsened,guilty,sick,lower,messed,satan,unexpected
dispute,empty,sinn,hurt,stop,evil,shutting,fight,symptoms,crisis,condition,stops,panic,negative,no,demand,falling,emergency,worsened,guilty,sick,lower,messed,satan,unexpected
dispute,empty,sinn,hurt,stop,evil,shutting,fight,symptoms,crisis,condition,stops,panic,negative,no,demand,falling,emergency,worsened,guilty,sick,lower,messed,satan,unexpected
dispute,empty,sinn,hurt,stop,evil,shutting,fight,symptoms,crisis,condition,stops,panic,negative,no,demand,falling,emergency,worsened,guilty,sick,lower,messed,satan,unexpected
dispute,empty,sinn,hurt,stop,evil,shutting,fight,symptoms,crisis,condition,stops,panic,negative,no,demand,falling,emergency,worsened,guilty,sick,lower,messed,satan,unexpected
dispute,empty,sinn,hurt,stop,evil,shutting,fight,symptoms,crisis,condition,stops,panic,negative,no,demand,falling,emergency,worsened,guilty,sick,lower,messed,satan,unexpected
dispute,empty,sinn,hurt,stop,evil,shutting,fight,symptoms,crisis,condition,stops,panic,negative,no,demand,falling,emergency,worsened,guilty,sick,lower,messed,satan,unexpected
dispute,empty,sinn,hurt,stop,evil,shutting,fight,symptoms,crisis,condition,stops,panic,negative,no,demand,falling,emergency,worsened,guilty,sick,lower,messed,satan,unexpected
dispute,empty,sinn,hurt,stop,evil,shutting,fight,symptoms,crisis,condition,stops,panic,negative,no,demand,falling,emergency,worsened,guilty,sick,lower,messed,satan,unexpected
dispute,empty,sinn,hurt,stop,evil,shutting,fight,symptoms,crisis,condition,stops,panic,risk,negative,demand,falling,emergency,worsened,guilty,sick,lower,messed,satan,unexpected
dispute,empty,sinn,hurt,stop,evil,threats,shutting,fight,symptoms,crisis,condition,stops,panic,risk,negative,falling,emergency,worsened,guilty,sick,lower,messed,satan,unexpected
dispute,empty,sinn,hurt,stop,evil,threats,shutting,fight,symptoms,crisis,condition,stops,panic,risk,negative,falling,emergency,worsened,guilty,sick,lower,messed,satan,unexpected
dispute,empty,sinn,hurt,stop,evil,threats,shutting,fight,symptoms,crisis,condition,stops,panic,risk,negative,falling,emergency,worsened,guilty,sick,lower,messed,satan,unexpected
dispute,empty,sinn,hurt,stop,evil,threats,shutting,fight,symptoms,crisis,condition,stops,panic,risk,negative,falling,emergency,worsened,guilty,sick,lower,messed,satan,unexpected
dispute,empty,sinn,hurt,stop,evil,threats,shutting,fight,symptoms,crisis,condition,stops,panic,risk,negative,falling,emergency,worsened,guilty,sick,lower,messed,satan,unexpected
dispute,empty,sinn,hurt,stop,evil,threats,shutting,fight,symptoms,crisis,condition,stops,panic,risk,negative,falling,emergency,worsened,guilty,sick,lower,messed,satan,unexpected
dispute,empty,sinn,hurt,stop,evil,threats,shutting,fight,symptoms,crisis,condition,stops,panic,risk,negative,falling,emergency,worsened,guilty,sick,lower,messed,satan,unexpected
dispute,empty,sinn,hurt,stop,evil,threats,shutting,fight,symptoms,crisis,condition,stops,panic,risk,negative,falling,emergency,worsened,guilty,sick,lower,messed,satan,unexpected
dispute,sinn,hurt,desperate,stop,evil,threats,shutting,fight,symptoms,crisis,condition,stops,panic,risk,negative,falling,emergency,worsened,guilty,sick,lower,messed,satan,unexpected
dispute,sinn,hurt,desperate,stop,evil,threats,shutting,fight,symptoms,crisis,condition,stops,panic,risk,negative,falling,emergency,worsened,guilty,sick,lower,messed,satan,unexpected
dispute,sinn,hurt,desperate,stop,evil,threats,shutting,fight,symptoms,crisis,condition,stops,panic,risk,negative,falling,emergency,worsened,guilty,sick,lower,messed,satan,unexpected
dispute,sinn,hurt,desperate,stop,evil,threats,shutting,fight,symptoms,crisis,condition,stops,panic,risk,negative,falling,emergency,worsened,guilty,sick,lower,messed,satan,unexpected
dispute,sinn,hurt,desperate,stop,threats,shutting,fight,symptoms,crisis,condition,stops,panic,risk,negative,falling,emergency,worsened,guilty,sick,dangerous,lower,messed,satan,unexpected
dispute,sinn,hurt,desperate,stop,threats,shutting,fight,symptoms,crisis,condition,stops,panic,risk,negative,falling,emergency,worsened,guilty,sick,dangerous,lower,messed,satan,unexpected
dispute,sinn,hurt,desperate,stop,threats,shutting,fight,symptoms,crisis,condition,stops,panic,risk,negative,falling,emergency,worsened,guilty,sick,dangerous,lower,messed,satan,unexpected
dispute,sinn,hurt,desperate,stop,threats,shutting,fight,symptoms,crisis,condition,stops,panic,risk,negative,falling,emergency,worsened,guilty,sick,dangerous,lower,messed,satan,unexpected
dispute,sinn,hurt,desperate,stop,threats,shutting,fight,symptoms,crisis,condition,panic,risk,negative,falling,emergency,worsened,guilty,refused,sick,dangerous,lower,messed,satan,unexpected
dispute,sinn,hurt,desperate,stop,threats,shutting,fight,symptoms,crisis,condition,panic,risk,negative,falling,emergency,worsened,guilty,refused,sick,dangerous,lower,messed,satan,unexpected
dispute,sinn,hurt,desperate,stop,threats,shutting,fight,symptoms,crisis,condition,panic,risk,negative,falling,emergency,worsened,guilty,refused,sick,dangerous,lower,messed,satan,unexpected
dispute,sinn,hurt,desperate,stop,threats,shutting,fight,symptoms,crisis,condition,panic,risk,negative,falling,emergency,worsened,guilty,refused,sick,dangerous,lower,messed,satan,unexpected
dispute,sinn,hurt,desperate,stop,threats,shutting,fight,symptoms,crisis,condition,panic,risk,negative,falling,emergency,worsened,guilty,refused,sick,dangerous,lower,messed,satan,unexpected
limited,sinn,hurt,desperate,stop,threats,shutting,fight,crisis,condition,panic,risk,negative,demand,falling,emergency,worsened,guilty,refused,sick,dangerous,lower,messed,satan,unexpected
limited,sinn,hurt,desperate,stop,threats,shutting,fight,crisis,condition,panic,risk,negative,demand,falling,emergency,worsened,guilty,refused,sick,dangerous,lower,messed,satan,unexpected
limited,sinn,hurt,desperate,stop,threats,shutting,fight,crisis,condition,panic,risk,negative,demand,falling,emergency,worsened,guilty,refused,sick,dangerous,lower,messed,satan,unexpected
limited,sinn,hurt,desperate,stop,threats,shutting,fight,crisis,condition,panic,risk,negative,demand,falling,emergency,worsened,guilty,refused,sick,dangerous,lower,messed,satan,unexpected
limited,sinn,hurt,desperate,stop,threats,shutting,fight,crisis,condition,panic,risk,negative,demand,falling,emergency,worsened,guilty,refused,sick,dangerous,lower,messed,satan,unexpected
limited,sinn,hurt,desperate,stop,threats,shutting,fight,crisis,condition,panic,risk,negative,demand,falling,emergency,worsened,guilty,refused,sick,dangerous,lower,messed,satan,unexpected
limited,sinn,hurt,desperate,stop,threats,shutting,fight,crisis,condition,panic,risk,negative,demand,falling,emergency,worsened,guilty,refused,sick,dangerous,lower,messed,satan,unexpected
limited,sinn,hurt,desperate,stop,threats,shutting,fight,crisis,condition,panic,risk,negative,demand,falling,emergency,worsened,guilty,refused,sick,dangerous,lower,messed,satan,unexpected
limited,sinn,hurt,desperate,stop,threats,shutting,fight,crisis,condition,panic,risk,negative,demand,falling,emergency,worsened,guilty,refused,sick,dangerous,lower,messed,satan,unexpected
limited,sinn,hurt,desperate,stop,threats,shutting,fight,crisis,condition,panic,risk,negative,demand,falling,emergency,worsened,guilty,refused,sick,dangerous,lower,messed,satan,unexpected
limited,sinn,hurt,desperate,stop,threats,shutting,fight,crisis,condition,panic,risk,negative,demand,falling,emergency,worsened,guilty,refused,sick,dangerous,lower,messed,satan,unexpected
limited,sinn,hurt,desperate,stop,threats,shutting,fight,crisis,condition,panic,risk,negative,demand,falling,emergency,worsened,guilty,refused,sick,dangerous,lower,messed,satan,unexpected
limited,sinn,hurt,desperate,stop,threats,shutting,fight,crisis,condition,panic,risk,negative,demand,falling,emergency,worsened,guilty,refused,sick,dangerous,lower,messed,satan,unexpected
limited,sinn,hurt,desperate,stop,threats,shutting,fight,crisis,condition,panic,risk,negative,demand,falling,emergency,worsened,guilty,refused,sick,dangerous,lower,messed,satan,unexpected
limited,sinn,hurt,desperate,stop,threats,shutting,fight,crisis,condition,panic,risk,negative,demand,falling,emergency,worsened,guilty,refused,sick,dangerous,lower,messed,satan,unexpected
limited,sinn,hurt,desperate,stop,threats,shutting,fight,crisis,condition,panic,risk,negative,demand,falling,emergency,worsened,guilty,refused,sick,dangerous,lower,messed,satan,unexpected
limited,sinn,hurt,desperate,stop,threats,shutting,fight,crisis,condition,panic,risk,negative,demand,falling,emergency,worsened,guilty,refused,sick,dangerous,lower,messed,satan,unexpected
limited,sinn,hurt,desperate,stop,threats,shutting,fight,crisis,condition,panic,risk,negative,demand,falling,emergency,worsened,guilty,refused,sick,dangerous,lower,messed,satan,unexpected
limited,sinn,hurt,desperate,stop,threats,shutting,fight,crisis,condition,panic,risk,negative,demand,falling,emergency,worsened,guilty,refused,sick,dangerous,lower,messed,satan,unexpected
limited,sinn,hurt,desperate,stop,threats,shutting,fight,crisis,condition,panic,risk,negative,demand,falling,emergency,worsened,guilty,refused,sick,dangerous,lower,messed,satan,unexpected
limited,sinn,hurt,desperate,stop,threats,shutting,fight,crisis,condition,panic,risk,negative,demand,falling,emergency,worsened,guilty,refused,sick,dangerous,lower,messed,satan,unexpected
sinn,hurt,desperate,stop,threats,shutting,fight,crisis,condition,panic,risk,negative,no,demand,falling,emergency,worsened,guilty,refused,sick,dangerous,lower,messed,satan,unexpected
sinn,hurt,desperate,stop,threats,shutting,fight,crisis,condition,panic,risk,negative,no,demand,falling,emergency,worsened,guilty,refused,sick,dangerous,lower,messed,satan,unexpected
sinn,hurt,desperate,stop,threats,shutting,fight,crisis,condition,panic,risk,negative,no,demand,falling,emergency,worsened,guilty,refused,sick,dangerous,lower,messed,satan,unexpected
sinn,hurt,desperate,stop,threats,shutting,fight,crisis,condition,panic,risk,negative,no,demand,falling,emergency,worsened,guilty,refused,sick,dangerous,lower,messed,satan,unexpected
sinn,hurt,desperate,stop,threats,shutting,fight,crisis,condition,panic,risk,negative,no,demand,falling,emergency,worsened,guilty,refused,sick,dangerous,lower,messed,satan,unexpected
sinn,hurt,desperate,stop,threats,shutting,fight,crisis,condition,panic,risk,negative,no,demand,falling,emergency,worsened,guilty,refused,sick,dangerous,lower,messed,satan,unexpected
sinn,hurt,desperate,stop,threats,shutting,fight,crisis,condition,panic,risk,negative,no,demand,falling,emergency,worsened,guilty,refused,sick,dangerous,lower,messed,satan,unexpected
hurt,desperate,stop,threats,shutting,fight,crisis,condition,panic,risk,negative,no,demand,falling,worsened,guilty,refused,war,sick,dangerous,low,lower,messed,satan,unexpected
hurt,desperate,stop,threats,shutting,fight,crisis,condition,panic,risk,negative,no,demand,falling,worsened,guilty,refused,war,sick,dangerous,low,lower,messed,satan,unexpected
hurt,desperate,stop,threats,shutting,fight,crisis,condition,panic,risk,negative,no,demand,falling,worsened,guilty,refused,war,sick,dangerous,low,lower,messed,satan,unexpected
hurt,desperate,stop,threats,shutting,fight,crisis,condition,panic,risk,negative,no,demand,falling,worsened,guilty,refused,war,sick,dangerous,low,lower,messed,satan,unexpected
hurt,desperate,stop,threats,shutting,fight,crisis,condition,panic,risk,negative,no,demand,falling,worsened,guilty,refused,war,sick,dangerous,low,lower,messed,satan,unexpected
hurt,desperate,stop,threats,shutting,fight,crisis,condition,panic,risk,negative,no,demand,falling,worsened,guilty,refused,war,sick,dangerous,low,lower,messed,satan,unexpected
hurt,desperate,stop,threats,shutting,fight,crisis,condition,panic,risk,negative,no,demand,falling,worsened,guilty,refused,war,sick,dangerous,low,lower,messed,satan,unexpected
hurt,desperate,stop,threats,shutting,fight,crisis,condition,panic,risk,negative,no,demand,falling,worsened,guilty,refused,war,sick,dangerous,low,lower,messed,satan,unexpected
hurt,desperate,stop,threats,shutting,fight,crisis,condition,panic,risk,negative,no,demand,falling,worsened,guilty,refused,war,sick,dangerous,low,lower,messed,satan,unexpected
hurt,desperate,stop,threats,shutting,fight,crisis,condition,panic,risk,negative,no,demand,falling,worsened,guilty,refused,war,sick,dangerous,low,lower,messed,satan,unexpected
hurt,desperate,stop,threats,shutting,fight,crisis,condition,panic,risk,negative,no,demand,falling,worsened,guilty,refused,war,sick,dangerous,low,lower,messed,satan,unexpected
hurt,desperate,stop,threats,shutting,fight,crisis,condition,panic,risk,negative,no,demand,falling,worsened,guilty,refused,war,sick,dangerous,low,lower,messed,satan,unexpected
hurt,desperate,stop,threats,shutting,fight,crisis,condition,panic,risk,negative,no,demand,falling,worsened,guilty,refused,war,sick,dangerous,low,lower,messed,satan,unexpected
hurt,desperate,stop,threats,shutting,fight,crisis,condition,panic,risk,negative,no,demand,falling,worsened,guilty,refused,war,sick,dangerous,low,lower,messed,satan,unexpected
hurt,desperate,stop,threats,shutting,fight,crisis,condition,panic,risk,negative,no,demand,falling,worsened,guilty,refused,war,sick,dangerous,low,lower,messed,satan,unexpected
hurt,desperate,stop,threats,shutting,fight,crisis,condition,panic,risk,negative,no,demand,falling,worsened,guilty,refused,war,sick,dangerous,low,lower,messed,satan,unexpected
hurt,desperate,stop,threats,shutting,fight,crisis,condition,panic,risk,negative,no,demand,falling,worsened,guilty,refused,war,sick,dangerous,low,lower,messed,satan,unexpected
hurt,desperate,stop,threats,shutting,fight,crisis,condition,panic,risk,negative,no,demand,falling,worsened,guilty,refused,war,sick,dangerous,low,lower,messed,satan,unexpected
hurt,desperate,stop,threats,shutting,fight,crisis,condition,panic,risk,negative,no,demand,falling,worsened,guilty,refused,war,sick,dangerous,low,lower,messed,satan,unexpected
hurt,desperate,stop,threats,shutting,fight,crisis,condition,panic,risk,negative,no,demand,falling,worsened,guilty,refused,war,sick,dangerous,low,lower,messed,satan,unexpected
hurt,desperate,stop,threats,shutting,fight,crisis,condition,panic,risk,negative,no,demand,falling,worsened,guilty,refused,war,sick,dangerous,low,lower,messed,satan,unexpected
hurt,desperate,stop,threats,shutting,fight,crisis,condition,panic,risk,negative,no,demand,falling,worsened,guilty,refused,war,sick,dangerous,low,lower,messed,satan,unexpected
hurt,desperate,stop,threats,shutting,fight,crisis,condition,panic,risk,negative,no,demand,falling,worsened,guilty,refused,war,sick,dangerous,low,lower,messed,satan,unexpected
hurt,desperate,stop,threats,shutting,fight,crisis,condition,panic,risk,negative,no,demand,falling,worsened,guilty,refused,war,sick,dangerous,low,lower,messed,satan,unexpected
hurt,desperate,stop,threats,shutting,fight,crisis,condition,panic,risk,negative,no,demand,falling,worsened,guilty,refused,war,sick,dangerous,low,lower,messed,satan,unexpected
hurt,desperate,stop,threats,shutting,fight,crisis,condition,panic,risk,negative,no,demand,falling,worsened,guilty,refused,war,sick,dangerous,low,lower,messed,satan,unexpected
hurt,desperate,stop,threats,shutting,fight,crisis,condition,panic,risk,negative,no,demand,falling,worsened,guilty,refused,war,sick,dangerous,low,lower,messed,satan,unexpected
hurt,desperate,stop,threats,shutting,fight,crisis,condition,panic,risk,negative,no,demand,falling,worsened,guilty,refused,war,sick,dangerous,low,lower,messed,satan,unexpected
hurt,desperate,stop,threats,shutting,fight,crisis,condition,panic,risk,negative,no,demand,falling,worsened,guilty,refused,war,sick,dangerous,low,lower,messed,satan,unexpected
hurt,desperate,stop,threats,shutting,fight,crisis,condition,panic,risk,negative,no,demand,falling,worsened,guilty,refused,war,sick,dangerous,low,lower,messed,satan,unexpected
hurt,desperate,stop,threats,shutting,fight,crisis,condition,panic,risk,negative,no,demand,falling,worsened,guilty,refused,war,sick,dangerous,low,lower,messed,satan,unexpected
hurt,desperate,stop,threats,shutting,fight,crisis,condition,panic,risk,negative,no,demand,falling,worsened,guilty,refused,war,sick,dangerous,low,lower,messed,satan,unexpected
hurt,desperate,stop,threats,shutting,fight,crisis,condition,panic,risk,negative,no,demand,falling,worsened,guilty,refused,war,sick,dangerous,low,lower,messed,satan,unexpected
hurt,desperate,stop,threats,shutting,fight,crisis,condition,panic,risk,negative,no,demand,falling,worsened,guilty,refused,war,sick,dangerous,low,lower,messed,satan,unexpected
hurt,desperate,stop,threats,shutting,fight,crisis,condition,panic,risk,negative,no,demand,falling,worsened,guilty,refused,war,sick,dangerous,low,lower,messed,satan,unexpected
hurt,desperate,stop,threats,shutting,fight,crisis,condition,panic,risk,negative,no,demand,falling,worsened,guilty,refused,war,sick,dangerous,low,lower,messed,satan,unexpected
hurt,desperate,stop,threats,shutting,fight,crisis,condition,panic,risk,negative,no,demand,falling,worsened,guilty,refused,war,sick,dangerous,low,lower,messed,satan,unexpected
hurt,desperate,stop,threats,shutting,fight,crisis,condition,panic,risk,negative,no,demand,falling,worsened,guilty,refused,war,sick,dangerous,low,lower,messed,satan,unexpected
hurt,desperate,stop,threats,shutting,fight,crisis,condition,panic,risk,negative,no,demand,falling,worsened,guilty,refused,war,sick,dangerous,low,lower,messed,satan,unexpected
hurt,desperate,stop,threats,shutting,fight,crisis,condition,panic,risk,negative,no,demand,falling,worsened,guilty,refused,war,sick,dangerous,low,lower,messed,satan,unexpected
hurt,desperate,stop,threats,shutting,fight,crisis,condition,panic,risk,negative,no,demand,falling,worsened,guilty,refused,war,sick,dangerous,low,lower,messed,satan,unexpected
hurt,desperate,stop,threats,shutting,fight,crisis,condition,panic,risk,negative,no,demand,falling,worsened,guilty,refused,war,sick,dangerous,low,lower,messed,satan,unexpected
hurt,desperate,stop,threats,shutting,fight,crisis,condition,panic,risk,negative,no,demand,falling,worsened,guilty,refused,war,sick,dangerous,low,lower,messed,satan,unexpected
hurt,desperate,stop,threats,shutting,fight,crisis,condition,panic,risk,negative,no,demand,falling,worsened,guilty,refused,war,sick,dangerous,low,lower,messed,satan,unexpected
hurt,desperate,stop,threats,shutting,fight,crisis,condition,panic,risk,negative,no,demand,falling,worsened,guilty,refused,war,sick,dangerous,low,lower,messed,satan,unexpected
hurt,desperate,stop,threats,shutting,fight,crisis,condition,panic,risk,negative,no,demand,falling,worsened,guilty,refused,war,sick,dangerous,low,lower,messed,satan,unexpected
hurt,desperate,stop,threats,shutting,fight,crisis,condition,panic,risk,negative,no,demand,falling,worsened,guilty,refused,war,sick,dangerous,low,lower,messed,satan,unexpected
hurt,desperate,stop,threats,shutting,fight,crisis,condition,panic,risk,negative,no,demand,falling,worsened,guilty,refused,war,sick,dangerous,low,lower,messed,satan,unexpected
hurt,desperate,stop,threats,shutting,fight,crisis,condition,panic,risk,negative,no,demand,falling,worsened,guilty,refused,war,sick,dangerous,low,lower,messed,satan,unexpected
hurt,desperate,stop,threats,shutting,fight,crisis,condition,panic,risk,negative,no,demand,falling,worsened,guilty,refused,war,sick,dangerous,low,lower,messed,satan,unexpected
hurt,desperate,stop,threats,shutting,fight,crisis,condition,panic,risk,negative,no,demand,falling,worsened,guilty,refused,war,sick,dangerous,low,lower,messed,satan,unexpected
hurt,desperate,stop,threats,shutting,fight,crisis,condition,panic,risk,negative,no,demand,falling,worsened,guilty,refused,war,sick,dangerous,low,lower,messed,satan,unexpected
hurt,desperate,stop,threats,shutting,fight,crisis,condition,panic,risk,negative,no,demand,falling,worsened,guilty,refused,war,sick,dangerous,low,lower,messed,satan,unexpected
hurt,desperate,stop,threats,shutting,fight,crisis,condition,panic,risk,negative,no,demand,falling,worsened,guilty,refused,war,sick,dangerous,low,lower,messed,satan,unexpected
hurt,desperate,stop,threats,shutting,fight,crisis,condition,panic,risk,negative,no,demand,falling,worsened,guilty,refused,war,sick,dangerous,low,lower,messed,satan,unexpected
hurt,desperate,stop,threats,shutting,fight,crisis,condition,panic,risk,negative,no,demand,falling,worsened,guilty,refused,war,sick,dangerous,low,lower,messed,satan,unexpected
hurt,desperate,stop,threats,shutting,fight,crisis,condition,panic,risk,negative,no,demand,falling,worsened,guilty,refused,war,sick,dangerous,low,lower,messed,satan,unexpected
hurt,desperate,stop,threats,shutting,fight,crisis,condition,panic,risk,negative,no,demand,falling,worsened,guilty,refused,war,sick,dangerous,low,lower,messed,satan,unexpected
hurt,desperate,stop,threats,shutting,fight,crisis,condition,panic,risk,negative,no,demand,falling,worsened,guilty,refused,war,sick,dangerous,low,lower,messed,satan,unexpected
hurt,desperate,stop,threats,shutting,fight,crisis,condition,panic,risk,negative,no,demand,falling,worsened,guilty,refused,war,sick,dangerous,low,lower,messed,satan,unexpected
hurt,desperate,stop,threats,fight,crisis,condition,panic,risk,negative,no,demand,falling,worsened,guilty,refused,police,war,sick,dangerous,low,lower,messed,satan,unexpected
hurt,desperate,stop,threats,fight,crisis,condition,panic,risk,negative,no,demand,falling,worsened,guilty,refused,police,war,sick,dangerous,low,lower,messed,satan,unexpected
hurt,desperate,stop,threats,fight,crisis,condition,panic,risk,negative,no,demand,falling,worsened,guilty,refused,police,war,sick,dangerous,low,lower,messed,satan,unexpected
hurt,desperate,stop,threats,fight,crisis,condition,panic,risk,negative,no,demand,falling,worsened,guilty,refused,police,war,sick,dangerous,low,lower,messed,satan,unexpected
hurt,desperate,stop,threats,fight,crisis,condition,panic,risk,negative,no,demand,falling,worsened,guilty,refused,police,war,sick,dangerous,low,lower,messed,satan,unexpected
hurt,desperate,stop,threats,fight,crisis,condition,panic,risk,negative,no,demand,falling,worsened,guilty,refused,police,war,sick,dangerous,low,lower,messed,satan,unexpected
hurt,desperate,stop,threats,fight,crisis,condition,panic,risk,negative,no,demand,falling,worsened,guilty,refused,police,war,sick,dangerous,low,lower,messed,satan,unexpected
hurt,desperate,stop,threats,fight,crisis,condition,panic,risk,negative,no,demand,falling,worsened,guilty,refused,police,war,sick,dangerous,low,lower,messed,satan,unexpected
hurt,desperate,stop,threats,fight,crisis,condition,panic,risk,negative,no,demand,falling,worsened,guilty,refused,police,war,sick,dangerous,low,lower,messed,satan,unexpected
hurt,desperate,stop,threats,fight,crisis,condition,panic,risk,negative,no,demand,falling,worsened,guilty,refused,police,war,sick,dangerous,low,lower,messed,satan,unexpected
severe,hurt,desperate,stop,threats,fight,crisis,condition,panic,risk,negative,no,falling,worsened,guilty,refused,police,war,sick,dangerous,low,lower,messed,satan,unexpected
severe,hurt,desperate,stop,threats,fight,crisis,condition,panic,risk,negative,no,falling,worsened,guilty,refused,police,war,sick,dangerous,low,lower,messed,satan,unexpected
severe,hurt,desperate,stop,threats,fight,crisis,condition,panic,risk,negative,no,falling,worsened,guilty,refused,police,war,sick,dangerous,low,lower,messed,satan,unexpected
severe,hurt,desperate,stop,threats,fight,crisis,condition,panic,risk,negative,no,falling,worsened,guilty,refused,police,war,sick,dangerous,low,lower,messed,satan,unexpected
severe,hurt,desperate,stop,threats,fight,crisis,condition,panic,risk,negative,no,falling,worsened,guilty,refused,police,war,sick,dangerous,low,lower,messed,satan,unexpected
severe,hurt,desperate,stop,threats,fight,crisis,condition,panic,risk,negative,no,falling,worsened,guilty,refused,police,war,sick,dangerous,low,lower,messed,satan,unexpected
severe,hurt,desperate,stop,threats,fight,crisis,condition,panic,risk,negative,no,falling,worsened,guilty,refused,police,war,sick,dangerous,low,lower,messed,satan,unexpected
severe,hurt,desperate,stop,threats,fight,crisis,condition,panic,risk,negative,no,falling,worsened,guilty,refused,police,war,sick,dangerous,low,lower,messed,satan,unexpected
severe,hurt,desperate,stop,threats,fight,crisis,condition,panic,risk,negative,no,falling,worsened,guilty,refused,police,war,sick,dangerous,low,lower,messed,satan,unexpected
severe,hurt,desperate,stop,threats,fight,crisis,condition,panic,risk,negative,no,falling,worsened,guilty,refused,police,war,sick,dangerous,low,lower,messed,satan,unexpected
severe,hurt,desperate,stop,threats,fight,crisis,condition,panic,risk,negative,no,falling,worsened,guilty,refused,police,war,sick,dangerous,low,lower,messed,satan,unexpected
severe,hurt,desperate,stop,threats,fight,crisis,condition,panic,risk,negative,no,falling,worsened,guilty,refused,police,war,sick,dangerous,low,lower,messed,satan,unexpected
severe,hurt,desperate,stop,threats,fight,crisis,condition,panic,risk,negative,no,falling,worsened,guilty,refused,police,war,sick,dangerous,low,lower,messed,satan,unexpected
severe,hurt,desperate,stop,threats,fight,crisis,condition,panic,risk,negative,no,falling,worsened,guilty,refused,police,war,sick,dangerous,low,lower,messed,satan,unexpected
severe,hurt,desperate,stop,threats,fight,crisis,condition,panic,risk,negative,no,falling,worsened,guilty,refused,police,war,sick,dangerous,low,lower,messed,satan,unexpected
severe,hurt,desperate,stop,threats,fight,crisis,condition,panic,risk,negative,no,falling,worsened,guilty,refused,police,war,sick,dangerous,low,lower,messed,satan,unexpected
severe,hurt,desperate,stop,threats,fight,crisis,condition,panic,risk,negative,no,falling,worsened,guilty,refused,police,war,sick,dangerous,low,lower,messed,satan,unexpected
severe,hurt,desperate,stop,threats,fight,crisis,condition,panic,risk,negative,no,falling,worsened,guilty,refused,police,war,sick,dangerous,low,lower,messed,satan,unexpected
severe,hurt,desperate,stop,threats,fight,crisis,condition,panic,risk,negative,no,falling,worsened,guilty,refused,police,war,sick,dangerous,low,lower,messed,satan,unexpected
severe,hurt,desperate,stop,threats,fight,crisis,condition,panic,risk,negative,no,falling,worsened,guilty,refused,police,war,sick,dangerous,low,lower,messed,satan,unexpected
severe,hurt,desperate,stop,threats,fight,crisis,condition,panic,risk,negative,no,falling,worsened,guilty,refused,police,war,sick,dangerous,low,lower,messed,satan,unexpected
severe,hurt,desperate,stop,threats,fight,crisis,condition,panic,risk,negative,no,falling,worsened,guilty,refused,police,war,sick,dangerous,low,lower,messed,satan,unexpected
severe,hurt,desperate,stop,threats,fight,crisis,condition,panic,risk,negative,no,falling,worsened,guilty,refused,police,war,sick,dangerous,low,lower,messed,satan,unexpected
severe,hurt,desperate,stop,threats,fight,crisis,condition,panic,risk,negative,no,falling,worsened,guilty,refused,police,war,sick,dangerous,low,lower,messed,satan,unexpected
severe,hurt,desperate,stop,threats,fight,crisis,condition,panic,risk,negative,no,falling,worsened,guilty,refused,police,war,sick,dangerous,low,lower,messed,satan,unexpected
severe,hurt,desperate,stop,threats,fight,crisis,condition,panic,risk,negative,no,falling,worsened,guilty,refused,police,war,sick,dangerous,low,lower,messed,satan,unexpected
severe,hurt,desperate,stop,threats,fight,crisis,condition,panic,risk,negative,no,falling,worsened,guilty,refused,police,war,sick,dangerous,low,lower,messed,satan,unexpected
severe,hurt,desperate,stop,threats,fight,crisis,condition,panic,risk,negative,no,falling,worsened,guilty,refused,police,war,sick,dangerous,low,lower,messed,satan,unexpected
severe,hurt,desperate,stop,threats,fight,crisis,condition,panic,risk,negative,no,falling,worsened,guilty,refused,police,war,sick,dangerous,low,lower,messed,satan,unexpected
severe,hurt,desperate,stop,threats,fight,crisis,condition,panic,risk,negative,no,falling,worsened,guilty,refused,police,war,sick,dangerous,low,lower,messed,satan,unexpected
severe,hurt,desperate,stop,threats,fight,crisis,condition,panic,risk,negative,no,falling,worsened,guilty,refused,police,war,sick,dangerous,low,lower,messed,satan,unexpected
severe,hurt,desperate,stop,threats,fight,crisis,condition,panic,risk,negative,no,falling,worsened,guilty,refused,police,war,sick,dangerous,low,lower,messed,satan,unexpected
severe,hurt,desperate,stop,threats,fight,crisis,condition,panic,risk,negative,no,falling,worsened,guilty,refused,police,war,sick,dangerous,low,lower,messed,satan,unexpected
severe,hurt,desperate,stop,threats,fight,crisis,condition,panic,risk,negative,no,falling,worsened,guilty,refused,police,war,sick,dangerous,low,lower,messed,satan,unexpected
severe,hurt,desperate,stop,threats,fight,crisis,condition,panic,risk,negative,no,falling,worsened,guilty,refused,police,war,sick,dangerous,low,lower,messed,satan,unexpected
severe,hurt,desperate,stop,threats,fight,crisis,condition,panic,risk,negative,no,falling,worsened,guilty,refused,police,war,sick,dangerous,low,lower,messed,satan,unexpected
severe,hurt,desperate,stop,threats,fight,crisis,condition,panic,risk,negative,no,falling,worsened,guilty,refused,police,war,sick,dangerous,low,lower,messed,satan,unexpected
severe,hurt,desperate,stop,threats,fight,crisis,condition,panic,risk,negative,no,falling,worsened,guilty,refused,police,war,sick,dangerous,low,lower,messed,satan,unexpected
severe,hurt,desperate,stop,threats,fight,crisis,condition,panic,risk,negative,no,falling,worsened,guilty,refused,police,war,sick,dangerous,low,lower,messed,satan,unexpected
severe,hurt,desperate,stop,threats,fight,crisis,condition,panic,risk,negative,no,falling,worsened,guilty,refused,police,war,sick,dangerous,low,lower,messed,satan,unexpected
severe,hurt,desperate,stop,threats,fight,crisis,condition,panic,risk,negative,no,falling,worsened,guilty,refused,police,war,sick,dangerous,low,lower,messed,satan,unexpected
severe,hurt,desperate,stop,threats,fight,crisis,condition,panic,risk,negative,no,falling,worsened,guilty,refused,police,war,sick,dangerous,low,lower,messed,satan,unexpected
severe,hurt,desperate,stop,threats,fight,crisis,condition,panic,risk,negative,no,falling,worsened,guilty,refused,police,war,sick,dangerous,low,lower,messed,satan,unexpected
severe,hurt,desperate,stop,threats,fight,crisis,condition,panic,risk,negative,no,falling,worsened,guilty,refused,police,war,sick,dangerous,low,lower,messed,satan,unexpected
severe,hurt,desperate,stop,threats,fight,crisis,condition,panic,risk,negative,no,falling,worsened,guilty,refused,police,war,sick,dangerous,low,lower,messed,satan,unexpected
severe,hurt,desperate,stop,threats,fight,crisis,condition,panic,risk,negative,no,falling,worsened,guilty,refused,police,war,sick,dangerous,low,lower,messed,satan,unexpected
severe,hurt,desperate,stop,threats,fight,crisis,condition,panic,risk,negative,no,falling,worsened,guilty,refused,police,war,sick,dangerous,low,lower,messed,satan,unexpected
severe,hurt,desperate,stop,threats,fight,crisis,condition,panic,risk,negative,no,falling,worsened,guilty,refused,police,war,sick,dangerous,low,lower,messed,satan,unexpected
severe,desperate,stop,threats,fight,crisis,condition,panic,risk,negative,no,falling,emergency,worsened,guilty,refused,police,war,sick,dangerous,low,lower,messed,satan,unexpected
severe,desperate,stop,threats,fight,crisis,condition,panic,risk,negative,no,falling,emergency,worsened,guilty,refused,police,war,sick,dangerous,low,lower,messed,satan,unexpected
severe,desperate,stop,threats,fight,crisis,condition,panic,risk,negative,no,falling,emergency,worsened,guilty,refused,police,war,sick,dangerous,low,lower,messed,satan,unexpected
severe,desperate,stop,threats,fight,crisis,condition,panic,risk,negative,no,falling,emergency,worsened,guilty,refused,police,war,sick,dangerous,low,lower,messed,satan,unexpected
severe,desperate,stop,threats,fight,crisis,condition,panic,risk,negative,no,falling,emergency,worsened,guilty,refused,police,war,sick,dangerous,low,lower,messed,satan,unexpected
severe,desperate,stop,threats,fight,crisis,condition,panic,risk,negative,no,falling,emergency,worsened,guilty,refused,police,war,sick,dangerous,low,lower,messed,satan,unexpected
severe,desperate,stop,threats,fight,crisis,condition,panic,risk,negative,no,falling,emergency,worsened,guilty,refused,police,war,sick,dangerous,low,lower,messed,satan,unexpected
severe,desperate,stop,threats,fight,crisis,condition,panic,risk,negative,no,falling,emergency,worsened,guilty,refused,police,war,sick,dangerous,low,lower,messed,satan,unexpected
severe,desperate,stop,threats,fight,crisis,condition,panic,risk,negative,no,falling,emergency,worsened,guilty,refused,police,war,sick,dangerous,low,lower,messed,satan,unexpected
severe,desperate,stop,threats,fight,crisis,condition,panic,risk,negative,no,deficit,falling,emergency,worsened,guilty,refused,police,war,sick,low,lower,messed,satan,unexpected
severe,desperate,stop,threats,fight,crisis,condition,panic,risk,negative,no,deficit,falling,emergency,worsened,guilty,refused,police,war,sick,low,lower,messed,satan,unexpected
severe,desperate,stop,threats,fight,crisis,condition,panic,risk,negative,no,deficit,falling,emergency,worsened,guilty,refused,police,war,sick,low,lower,messed,satan,unexpected
severe,desperate,stop,threats,fight,crisis,condition,panic,risk,negative,no,deficit,falling,emergency,worsened,guilty,refused,police,war,sick,low,lower,messed,satan,unexpected
severe,desperate,stop,threats,fight,crisis,condition,panic,risk,negative,no,deficit,falling,emergency,worsened,guilty,refused,police,war,sick,low,lower,messed,satan,unexpected
severe,desperate,stop,threats,fight,crisis,condition,panic,risk,negative,no,deficit,falling,emergency,worsened,guilty,refused,police,war,sick,low,lower,messed,satan,unexpected
severe,desperate,stop,threats,fight,crisis,condition,panic,risk,negative,no,deficit,falling,emergency,worsened,guilty,refused,police,war,sick,low,lower,messed,satan,unexpected
severe,desperate,stop,threats,fight,crisis,condition,panic,risk,negative,no,deficit,falling,emergency,worsened,guilty,refused,police,war,sick,low,lower,messed,satan,unexpected
severe,desperate,stop,threats,fight,crisis,condition,panic,risk,negative,no,deficit,falling,emergency,worsened,guilty,refused,police,war,sick,low,lower,messed,satan,unexpected
severe,desperate,stop,threats,fight,crisis,condition,panic,risk,negative,no,deficit,falling,emergency,worsened,guilty,refused,police,war,sick,low,lower,messed,satan,unexpected
severe,sc,desperate,stop,threats,fight,crisis,condition,panic,risk,negative,no,falling,emergency,worsened,guilty,refused,police,war,sick,low,lower,messed,satan,unexpected
severe,sc,desperate,stop,threats,fight,crisis,condition,panic,risk,negative,no,falling,emergency,worsened,guilty,refused,police,war,sick,low,lower,messed,satan,unexpected
severe,sc,prosecuted,desperate,stop,threats,crisis,condition,panic,risk,negative,no,falling,emergency,worsened,guilty,refused,police,war,sick,low,lower,messed,satan,unexpected
severe,sc,prosecuted,desperate,stop,threats,crisis,condition,panic,risk,negative,no,falling,emergency,worsened,guilty,refused,police,war,sick,low,lower,messed,satan,unexpected
severe,sc,prosecuted,desperate,stop,threats,crisis,condition,panic,risk,negative,no,falling,emergency,worsened,guilty,refused,police,war,sick,low,lower,messed,satan,unexpected
severe,sc,prosecuted,desperate,stop,threats,crisis,condition,panic,risk,negative,no,falling,emergency,worsened,guilty,refused,police,war,sick,low,lower,messed,satan,unexpected
severe,sc,prosecuted,desperate,stop,threats,crisis,condition,panic,risk,negative,no,falling,emergency,worsened,guilty,refused,police,war,sick,low,lower,messed,satan,unexpected
severe,sc,prosecuted,desperate,stop,threats,crisis,condition,panic,risk,negative,no,falling,emergency,worsened,guilty,refused,police,war,sick,low,lower,messed,satan,unexpected
severe,sc,prosecuted,desperate,stop,threats,crisis,condition,panic,risk,negative,no,falling,emergency,worsened,guilty,refused,police,war,sick,low,lower,messed,satan,unexpected
severe,sc,prosecuted,desperate,stop,threats,crisis,condition,panic,risk,negative,no,falling,emergency,worsened,guilty,refused,police,war,sick,low,lower,messed,satan,unexpected
severe,sc,kill,desperate,stop,threats,crisis,condition,panic,risk,negative,no,falling,emergency,worsened,guilty,refused,police,war,sick,low,lower,messed,satan,unexpected
severe,sc,kill,desperate,stop,threats,crisis,condition,panic,risk,negative,no,falling,emergency,worsened,guilty,refused,police,war,sick,low,lower,messed,satan,unexpected
severe,sc,kill,desperate,stop,threats,crisis,condition,panic,risk,negative,no,falling,emergency,worsened,guilty,refused,police,war,sick,low,lower,messed,satan,unexpected
severe,sc,kill,desperate,stop,threats,crisis,condition,panic,risk,negative,no,falling,emergency,worsened,guilty,refused,police,war,sick,low,lower,messed,satan,unexpected
severe,sc,kill,desperate,stop,threats,crisis,condition,panic,risk,negative,no,falling,emergency,worsened,guilty,refused,police,war,sick,low,lower,messed,satan,unexpected
severe,sc,kill,desperate,stop,threats,crisis,condition,panic,risk,negative,no,falling,emergency,worsened,guilty,refused,police,war,sick,low,lower,messed,satan,unexpected
severe,sc,kill,desperate,stop,threats,crisis,condition,panic,risk,negative,no,falling,emergency,worsened,guilty,refused,police,war,sick,low,lower,messed,satan,unexpected
severe,sc,kill,desperate,stop,threats,crisis,condition,panic,risk,negative,no,falling,emergency,worsened,guilty,refused,police,war,sick,low,lower,messed,satan,unexpected
severe,sc,kill,desperate,stop,threats,crisis,condition,panic,risk,negative,no,falling,emergency,worsened,guilty,refused,police,war,sick,low,lower,messed,satan,unexpected
severe,sc,kill,desperate,stop,threats,crisis,condition,panic,risk,negative,no,falling,emergency,worsened,guilty,refused,police,war,sick,low,lower,messed,satan,unexpected
severe,sc,kill,desperate,stop,threats,crisis,condition,panic,risk,negative,no,falling,emergency,worsened,guilty,refused,police,war,sick,low,lower,messed,satan,unexpected
severe,sc,kill,desperate,stop,threats,crisis,condition,panic,risk,negative,no,falling,emergency,worsened,guilty,refused,police,war,sick,low,lower,messed,satan,unexpected
severe,sc,kill,desperate,stop,threats,crisis,condition,panic,risk,negative,no,falling,emergency,worsened,guilty,refused,police,war,sick,low,lower,messed,satan,unexpected
severe,sc,kill,desperate,stop,threats,crisis,condition,panic,risk,negative,no,falling,emergency,worsened,guilty,refused,police,war,sick,low,lower,messed,satan,unexpected
severe,sc,kill,desperate,stop,threats,crisis,condition,panic,risk,negative,no,falling,emergency,worsened,guilty,refused,police,war,sick,low,lower,messed,satan,unexpected
severe,sc,kill,desperate,stop,threats,crisis,condition,panic,risk,negative,no,falling,emergency,worsened,guilty,refused,police,war,sick,low,lower,messed,satan,unexpected
severe,crude,sc,kill,stop,threats,crisis,condition,panic,risk,negative,no,falling,emergency,worsened,guilty,refused,police,war,sick,low,lower,messed,satan,unexpected
severe,crude,sc,kill,stop,threats,crisis,condition,panic,risk,negative,no,falling,emergency,worsened,guilty,refused,police,war,sick,low,lower,messed,satan,unexpected
severe,crude,sc,kill,stop,threats,crisis,condition,panic,risk,negative,no,falling,emergency,worsened,guilty,refused,police,war,sick,low,lower,messed,satan,unexpected
severe,crude,sc,kill,stop,threats,crisis,condition,panic,risk,negative,no,falling,emergency,worsened,guilty,refused,police,war,sick,low,lower,messed,satan,unexpected
severe,crude,sc,kill,stop,threats,crisis,condition,panic,risk,negative,no,falling,emergency,worsened,guilty,refused,police,war,sick,low,lower,messed,satan,unexpected
severe,crude,sc,kill,stop,threats,crisis,condition,panic,risk,negative,no,falling,emergency,worsened,guilty,refused,police,war,sick,low,lower,messed,satan,unexpected
severe,crude,sc,kill,stop,threats,crisis,condition,panic,risk,negative,no,falling,emergency,worsened,guilty,refused,police,war,sick,low,lower,messed,satan,unexpected
severe,crude,sc,kill,stop,threats,crisis,condition,panic,risk,negative,no,falling,emergency,worsened,guilty,refused,police,war,sick,low,lower,messed,satan,unexpected
severe,crude,sc,kill,stop,threats,crisis,condition,panic,risk,negative,no,falling,emergency,worsened,guilty,refused,police,war,sick,low,lower,messed,satan,unexpected
severe,crude,sc,kill,stop,threats,crisis,condition,panic,risk,negative,no,falling,emergency,worsened,guilty,refused,police,war,sick,low,lower,messed,satan,unexpected
severe,crude,sc,kill,stop,threats,crisis,condition,panic,risk,negative,no,falling,emergency,worsened,guilty,refused,police,war,sick,low,lower,messed,satan,unexpected
severe,crude,sc,kill,stop,threats,crisis,condition,panic,risk,negative,no,falling,emergency,worsened,guilty,refused,police,war,sick,low,lower,messed,satan,unexpected
severe,crude,sc,kill,stop,threats,crisis,condition,panic,risk,negative,no,falling,emergency,worsened,guilty,refused,police,war,sick,low,lower,messed,satan,unexpected
severe,crude,sc,kill,stop,threats,crisis,condition,panic,risk,negative,no,falling,emergency,worsened,guilty,refused,police,war,sick,low,lower,messed,satan,unexpected
severe,crude,sc,kill,stop,threats,crisis,condition,panic,risk,negative,no,falling,emergency,worsened,guilty,refused,police,war,sick,low,lower,messed,satan,unexpected
severe,crude,sc,kill,stop,threats,crisis,condition,panic,risk,negative,no,falling,emergency,worsened,guilty,refused,police,war,sick,low,lower,messed,satan,unexpected
severe,crude,sc,kill,stop,threats,crisis,condition,panic,risk,negative,no,falling,emergency,worsened,guilty,refused,police,war,sick,low,lower,messed,satan,unexpected
severe,crude,empty,sc,kill,stop,crisis,condition,panic,risk,negative,no,falling,emergency,worsened,guilty,refused,police,war,sick,low,lower,messed,satan,unexpected
severe,crude,empty,sc,kill,stop,crisis,condition,panic,risk,negative,no,falling,emergency,worsened,guilty,refused,police,war,sick,low,lower,messed,satan,unexpected
severe,shocked,crude,empty,sc,kill,stop,crisis,condition,panic,risk,no,falling,emergency,worsened,guilty,refused,police,war,sick,low,lower,messed,satan,unexpected
severe,shocked,crude,empty,sc,kill,stop,crisis,condition,panic,risk,no,falling,emergency,worsened,guilty,refused,police,war,sick,low,lower,messed,satan,unexpected
severe,shocked,crude,empty,sc,kill,stop,crisis,condition,panic,risk,no,falling,emergency,worsened,guilty,refused,police,war,sick,low,lower,messed,satan,unexpected
severe,crude,empty,sc,fucking,kill,stop,crisis,condition,panic,risk,no,falling,emergency,worsened,guilty,refused,police,war,sick,low,lower,messed,satan,unexpected
severe,crude,empty,sc,fucking,kill,stop,crisis,panic,risk,no,demand,falling,emergency,worsened,guilty,refused,police,war,sick,low,lower,messed,satan,unexpected
severe,crude,empty,sc,fucking,kill,stop,crisis,panic,risk,no,demand,falling,emergency,worsened,guilty,refused,police,war,sick,low,lower,messed,satan,unexpected
severe,crude,empty,sc,fucking,kill,stop,crisis,panic,risk,no,demand,falling,emergency,worsened,guilty,refused,police,war,sick,low,lower,messed,satan,unexpected
severe,crude,empty,sc,fucking,kill,stop,crisis,panic,risk,no,demand,falling,emergency,worsened,guilty,refused,police,war,sick,low,lower,messed,satan,unexpected
severe,crude,empty,sc,fucking,kill,stop,crisis,panic,risk,no,demand,falling,emergency,worsened,guilty,refused,police,war,sick,low,lower,messed,satan,unexpected
severe,crude,empty,sc,fucking,kill,stop,crisis,panic,risk,no,demand,falling,emergency,worsened,guilty,refused,police,war,sick,low,lower,messed,satan,unexpected
severe,crude,empty,sc,fucking,kill,stop,crisis,panic,risk,no,demand,falling,emergency,worsened,guilty,refused,police,war,sick,low,lower,messed,satan,unexpected
severe,crude,empty,sc,fucking,kill,stop,crisis,panic,risk,no,demand,falling,emergency,worsened,guilty,refused,police,war,sick,low,lower,messed,satan,unexpected
severe,crude,empty,sc,fucking,kill,stop,crisis,panic,risk,no,demand,falling,emergency,worsened,guilty,refused,police,war,sick,low,lower,messed,satan,unexpected
severe,crude,empty,sc,fucking,kill,stop,crisis,panic,risk,no,demand,falling,emergency,worsened,guilty,refused,police,war,sick,low,lower,messed,satan,unexpected
severe,crude,empty,sc,fucking,kill,stop,crisis,panic,risk,no,demand,falling,emergency,worsened,guilty,refused,police,war,sick,low,lower,messed,satan,unexpected
severe,crude,empty,sc,fucking,kill,stop,crisis,panic,risk,no,demand,falling,emergency,worsened,guilty,refused,police,war,sick,low,lower,messed,satan,unexpected
severe,crude,empty,sc,fucking,kill,killed,stop,crisis,panic,risk,no,demand,emergency,worsened,guilty,refused,police,war,sick,low,lower,messed,satan,unexpected
severe,crude,empty,sc,fucking,kill,killed,stop,crisis,panic,risk,no,demand,emergency,worsened,guilty,refused,police,war,sick,low,lower,messed,satan,unexpected
severe,crude,empty,sc,fucking,kill,killed,stop,crisis,panic,risk,no,demand,emergency,worsened,guilty,refused,police,war,sick,low,lower,messed,satan,unexpected
severe,crude,empty,sc,fucking,kill,killed,stop,crisis,panic,risk,no,demand,emergency,worsened,guilty,refused,police,war,sick,low,lower,messed,satan,unexpected
severe,crude,empty,sc,fucking,kill,killed,stop,crisis,panic,risk,no,demand,emergency,worsened,guilty,refused,police,war,sick,low,lower,messed,satan,unexpected
severe,crude,empty,sc,fucking,kill,killed,stop,crisis,panic,risk,no,demand,emergency,worsened,guilty,refused,police,war,sick,low,lower,messed,satan,unexpected
severe,crude,empty,sc,fucking,kill,killed,stop,crisis,panic,risk,no,demand,emergency,worsened,guilty,refused,police,war,sick,low,lower,messed,satan,unexpected
severe,crude,empty,sc,fucking,kill,killed,stop,crisis,panic,risk,no,demand,emergency,worsened,guilty,refused,police,war,sick,low,lower,messed,satan,unexpected
severe,crude,empty,sc,fucking,kill,killed,stop,crisis,panic,risk,no,demand,emergency,worsened,guilty,refused,police,war,sick,low,lower,messed,satan,unexpected
severe,crude,empty,sc,fucking,kill,killed,stop,crisis,panic,risk,no,demand,emergency,worsened,guilty,refused,police,war,sick,low,lower,messed,satan,unexpected
severe,crude,empty,sc,fucking,kill,killed,stop,crisis,panic,risk,no,demand,emergency,worsened,guilty,refused,police,war,sick,low,lower,messed,satan,unexpected
severe,crude,empty,sc,fucking,kill,killed,stop,crisis,panic,risk,no,demand,emergency,worsened,guilty,refused,police,war,sick,low,lower,messed,satan,unexpected
severe,crude,empty,sc,fucking,kill,killed,stop,crisis,panic,risk,no,demand,emergency,worsened,guilty,refused,police,war,sick,low,lower,messed,satan,unexpected
severe,crude,empty,sc,fucking,kill,killed,stop,crisis,panic,risk,no,demand,emergency,worsened,guilty,refused,police,war,sick,low,lower,messed,satan,unexpected
severe,crude,empty,sc,fucking,kill,killed,stop,crisis,panic,risk,no,demand,emergency,worsened,guilty,refused,police,war,sick,low,lower,messed,satan,unexpected
severe,crude,empty,sc,fucking,kill,killed,stop,crisis,panic,risk,no,demand,emergency,worsened,guilty,refused,police,war,sick,low,lower,messed,satan,unexpected
severe,crude,empty,sc,fucking,kill,killed,stop,crisis,panic,risk,no,demand,emergency,worsened,guilty,refused,police,war,sick,low,lower,messed,satan,unexpected
severe,crude,empty,sc,fucking,kill,killed,stop,crisis,panic,risk,no,demand,emergency,worsened,guilty,refused,police,war,sick,low,lower,messed,satan,unexpected
severe,crude,empty,sc,fucking,kill,killed,stop,crisis,panic,risk,no,demand,emergency,worsened,guilty,refused,police,war,sick,low,lower,messed,satan,unexpected
severe,crude,empty,sc,fucking,kill,killed,stop,crisis,panic,risk,no,demand,emergency,worsened,guilty,refused,police,war,sick,low,lower,messed,satan,unexpected
severe,crude,empty,sc,fucking,kill,killed,stop,crisis,panic,risk,no,demand,emergency,worsened,guilty,refused,police,war,sick,low,lower,messed,satan,unexpected
severe,crude,empty,sc,fucking,kill,killed,stop,crisis,panic,risk,no,demand,emergency,worsened,guilty,refused,police,war,sick,low,lower,messed,satan,unexpected
severe,crude,empty,sc,fucking,kill,killed,stop,crisis,panic,risk,no,demand,emergency,worsened,guilty,refused,police,war,sick,low,lower,messed,satan,unexpected
severe,crude,empty,sc,fucking,kill,killed,stop,crisis,panic,risk,no,demand,emergency,worsened,guilty,refused,police,war,sick,low,lower,messed,satan,unexpected
severe,crude,empty,sc,fucking,kill,killed,stop,crisis,panic,risk,no,demand,emergency,worsened,guilty,refused,police,war,sick,low,lower,messed,satan,unexpected
severe,crude,empty,sc,fucking,kill,killed,stop,crisis,panic,risk,no,demand,emergency,worsened,guilty,refused,police,war,sick,low,lower,messed,satan,unexpected
severe,crude,empty,sc,fucking,kill,killed,stop,crisis,panic,risk,no,demand,emergency,worsened,guilty,refused,police,war,sick,low,lower,messed,satan,unexpected
severe,crude,empty,sc,fucking,kill,killed,stop,crisis,panic,risk,no,demand,emergency,worsened,guilty,refused,police,war,sick,low,lower,messed,satan,unexpected
severe,crude,empty,sc,fucking,kill,killed,stop,crisis,panic,risk,no,demand,emergency,worsened,guilty,refused,police,war,sick,low,lower,messed,satan,unexpected
severe,crude,empty,sc,fucking,kill,killed,pressure,stop,crisis,panic,risk,no,demand,complaints,emergency,police,war,sick,shortage,low,lower,messed,satan,unexpected
severe,crude,empty,sc,fucking,kill,killed,pressure,stop,crisis,panic,risk,no,demand,complaints,emergency,police,war,sick,shortage,low,lower,messed,satan,unexpected
severe,crude,empty,sc,fucking,kill,killed,pressure,stop,crisis,panic,risk,no,demand,complaints,emergency,police,war,sick,shortage,low,lower,messed,satan,unexpected
severe,crude,empty,sc,fucking,kill,killed,pressure,stop,crisis,panic,risk,no,demand,complaints,emergency,police,war,sick,shortage,low,lower,messed,satan,unexpected
severe,crude,empty,sc,fucking,kill,killed,pressure,stop,crisis,panic,risk,no,demand,complaints,emergency,police,war,sick,shortage,low,lower,messed,satan,unexpected
severe,crude,empty,sc,fucking,kill,killed,pressure,stop,crisis,panic,risk,no,demand,complaints,emergency,police,war,sick,shortage,low,lower,messed,satan,unexpected
severe,crude,empty,sc,fucking,kill,killed,pressure,stop,crisis,panic,risk,no,demand,complaints,emergency,police,war,sick,shortage,low,lower,messed,satan,unexpected
severe,crude,empty,sc,fucking,kill,killed,pressure,stop,crisis,panic,risk,no,demand,complaints,emergency,police,war,sick,shortage,low,lower,messed,satan,unexpected
severe,crude,empty,sc,fucking,kill,killed,pressure,stop,crisis,panic,risk,no,demand,complaints,emergency,police,war,sick,shortage,low,lower,messed,satan,unexpected
severe,crude,empty,sc,fucking,kill,killed,pressure,stop,crisis,panic,risk,no,demand,complaints,emergency,police,war,sick,shortage,low,lower,messed,satan,unexpected
severe,crude,empty,sc,fucking,kill,killed,pressure,stop,crisis,panic,risk,no,demand,complaints,emergency,police,war,sick,shortage,low,lower,messed,satan,unexpected
severe,crude,empty,sc,fucking,kill,killed,pressure,stop,crisis,panic,risk,no,demand,complaints,emergency,police,war,sick,shortage,low,lower,messed,satan,unexpected
severe,crude,empty,sc,fucking,kill,killed,pressure,stop,crisis,panic,risk,no,demand,complaints,emergency,police,war,sick,shortage,low,lower,messed,satan,unexpected
severe,crude,empty,sc,fucking,kill,killed,pressure,stop,crisis,panic,risk,no,demand,complaints,emergency,police,war,sick,shortage,low,lower,messed,satan,unexpected
severe,crude,empty,sc,fucking,kill,killed,pressure,stop,crisis,panic,risk,no,demand,complaints,emergency,police,war,sick,shortage,low,lower,messed,satan,unexpected
severe,crude,empty,sc,fucking,kill,killed,pressure,stop,crisis,panic,risk,no,demand,complaints,emergency,police,war,sick,shortage,low,lower,messed,satan,unexpected
severe,crude,empty,sc,fucking,kill,killed,pressure,stop,crisis,panic,risk,no,demand,complaints,emergency,police,war,sick,shortage,low,lower,messed,satan,unexpected
severe,crude,empty,sc,fucking,kill,killed,pressure,stop,crisis,panic,risk,no,demand,complaints,emergency,police,war,sick,shortage,low,lower,messed,satan,unexpected
severe,crude,empty,sc,fucking,kill,killed,pressure,stop,crisis,panic,risk,no,demand,complaints,emergency,police,war,sick,shortage,low,lower,messed,satan,unexpected
severe,crude,empty,sc,fucking,kill,killed,pressure,stop,crisis,panic,risk,no,demand,complaints,emergency,police,war,sick,shortage,low,lower,messed,satan,unexpected
severe,crude,empty,sc,fucking,kill,killed,pressure,stop,crisis,panic,risk,no,demand,complaints,emergency,police,war,sick,shortage,low,lower,messed,satan,unexpected
severe,crude,empty,sc,fucking,kill,killed,pressure,stop,crisis,panic,risk,no,demand,complaints,emergency,police,war,sick,shortage,low,lower,messed,satan,unexpected
severe,crude,empty,sc,fucking,kill,killed,pressure,stop,crisis,panic,risk,no,demand,complaints,emergency,police,war,sick,shortage,low,lower,messed,satan,unexpected
severe,crude,empty,sc,fucking,kill,killed,pressure,stop,crisis,panic,risk,no,demand,complaints,emergency,police,war,sick,shortage,low,lower,messed,satan,unexpected
severe,crude,empty,sc,fucking,kill,killed,pressure,stop,crisis,panic,risk,no,demand,complaints,emergency,police,war,sick,shortage,low,lower,messed,satan,unexpected
severe,crude,empty,sc,fucking,kill,killed,pressure,stop,crisis,panic,risk,no,demand,complaints,emergency,war,sick,shortage,low,dangerous,lower,messed,satan,unexpected
severe,crude,empty,sc,fucking,kill,killed,pressure,stop,crisis,panic,risk,no,demand,complaints,emergency,war,sick,shortage,low,dangerous,lower,messed,satan,unexpected
severe,crude,empty,sc,fucking,kill,killed,pressure,stop,crisis,panic,risk,no,demand,complaints,emergency,war,sick,shortage,low,dangerous,lower,messed,satan,unexpected
severe,crude,empty,sc,fucking,kill,killed,pressure,stop,crisis,panic,risk,no,demand,complaints,emergency,war,sick,shortage,low,dangerous,lower,messed,satan,unexpected
severe,crude,empty,sc,fucking,kill,killed,pressure,stop,crisis,panic,risk,no,demand,complaints,emergency,war,sick,shortage,low,dangerous,lower,messed,satan,unexpected
severe,crude,empty,sc,fucking,kill,killed,pressure,stop,crisis,panic,risk,no,demand,complaints,emergency,war,sick,shortage,low,dangerous,lower,messed,satan,unexpected
severe,crude,empty,sc,fucking,kill,killed,pressure,stop,crisis,panic,risk,no,demand,complaints,emergency,war,sick,shortage,low,dangerous,lower,messed,satan,unexpected
severe,crude,empty,sc,fucking,kill,killed,pressure,stop,crisis,panic,risk,no,demand,complaints,emergency,war,sick,shortage,low,dangerous,lower,messed,satan,unexpected
severe,crude,empty,sc,fucking,kill,killed,pressure,stop,crisis,panic,risk,no,demand,complaints,emergency,war,sick,shortage,low,dangerous,lower,messed,satan,unexpected
severe,crude,empty,sc,fucking,kill,killed,pressure,stop,crisis,panic,risk,no,demand,complaints,emergency,war,sick,shortage,low,dangerous,lower,messed,satan,unexpected
severe,crude,empty,sc,fucking,kill,killed,pressure,stop,crisis,panic,risk,no,demand,complaints,emergency,war,sick,shortage,low,dangerous,lower,messed,satan,unexpected
severe,crude,empty,sc,fucking,kill,killed,pressure,stop,crisis,panic,risk,no,demand,complaints,emergency,war,sick,shortage,low,dangerous,lower,messed,satan,unexpected
severe,crude,empty,sc,fucking,kill,killed,pressure,stop,crisis,panic,risk,no,demand,complaints,emergency,war,sick,shortage,low,dangerous,lower,messed,satan,unexpected
severe,crude,empty,sc,fucking,kill,killed,pressure,stop,crisis,panic,risk,no,demand,complaints,emergency,war,sick,shortage,low,dangerous,lower,messed,satan,unexpected
severe,crude,empty,sc,fucking,kill,killed,pressure,stop,crisis,panic,risk,no,demand,complaints,emergency,war,sick,shortage,low,dangerous,lower,messed,satan,unexpected
severe,crude,empty,sc,fucking,kill,killed,pressure,stop,crisis,panic,risk,no,demand,complaints,emergency,war,sick,shortage,low,dangerous,lower,messed,satan,unexpected
severe,crude,empty,sc,fucking,kill,killed,pressure,stop,crisis,panic,risk,no,demand,complaints,emergency,war,sick,shortage,low,dangerous,lower,messed,satan,unexpected
severe,crude,empty,sc,fucking,kill,killed,pressure,stop,crisis,panic,risk,no,demand,complaints,emergency,war,sick,shortage,low,dangerous,lower,messed,satan,unexpected
severe,crude,empty,sc,fucking,kill,killed,pressure,stop,crisis,panic,risk,no,demand,complaints,emergency,war,sick,shortage,low,dangerous,lower,messed,satan,unexpected
severe,crude,empty,sc,fucking,kill,killed,pressure,stop,crisis,panic,risk,no,demand,idiot,complaints,emergency,war,shortage,low,dangerous,lower,messed,satan,unexpected
severe,crude,empty,sc,fucking,kill,killed,pressure,stop,crisis,panic,risk,no,demand,idiot,complaints,emergency,war,shortage,low,dangerous,lower,messed,satan,unexpected
severe,crude,empty,sc,fucking,kill,killed,pressure,stop,crisis,panic,risk,no,demand,idiot,complaints,emergency,war,shortage,low,dangerous,lower,messed,satan,unexpected
severe,crude,empty,sc,fucking,kill,killed,pressure,stop,crisis,panic,risk,no,demand,idiot,complaints,emergency,war,shortage,low,dangerous,lower,messed,satan,unexpected
severe,crude,empty,sc,fucking,kill,killed,pressure,stop,crisis,panic,risk,no,demand,idiot,complaints,emergency,war,shortage,low,dangerous,lower,messed,satan,unexpected
severe,crude,empty,sc,fucking,kill,killed,pressure,stop,crisis,panic,risk,no,demand,idiot,complaints,emergency,war,shortage,low,dangerous,lower,messed,satan,unexpected
severe,crude,empty,sc,fucking,kill,killed,pressure,stop,crisis,panic,risk,no,demand,idiot,complaints,emergency,war,shortage,low,dangerous,lower,messed,satan,unexpected
severe,crude,empty,sc,fucking,kill,killed,pressure,stop,crisis,panic,risk,no,demand,idiot,complaints,emergency,war,shortage,low,dangerous,lower,messed,satan,unexpected
severe,crude,empty,sc,fucking,kill,killed,pressure,stop,crisis,panic,risk,no,demand,idiot,complaints,emergency,war,shortage,low,dangerous,lower,messed,satan,unexpected
severe,crude,empty,sc,fucking,kill,killed,pressure,stop,crisis,panic,risk,no,demand,idiot,complaints,emergency,war,shortage,low,dangerous,lower,messed,satan,unexpected
severe,crude,empty,sc,fucking,kill,killed,pressure,stop,crisis,panic,risk,no,demand,idiot,complaints,emergency,war,shortage,low,dangerous,lower,messed,satan,unexpected
severe,crude,empty,sc,fucking,kill,killed,pressure,stop,crisis,panic,risk,no,demand,idiot,complaints,emergency,war,shortage,low,dangerous,lower,messed,satan,unexpected
severe,crude,empty,sc,fucking,kill,killed,pressure,stop,crisis,panic,risk,no,demand,idiot,complaints,emergency,war,shortage,low,dangerous,lower,messed,satan,unexpected
severe,crude,empty,sc,fucking,kill,killed,pressure,stop,crisis,panic,risk,no,demand,idiot,complaints,emergency,war,shortage,low,dangerous,lower,messed,satan,unexpected
severe,crude,empty,sc,fucking,kill,killed,pressure,stop,crisis,panic,risk,no,demand,idiot,complaints,emergency,war,shortage,low,dangerous,lower,messed,satan,unexpected
severe,crude,empty,sc,fucking,kill,killed,pressure,stop,crisis,panic,risk,no,demand,idiot,complaints,emergency,war,shortage,low,dangerous,lower,messed,satan,unexpected
severe,crude,empty,sc,fucking,kill,killed,pressure,stop,crisis,panic,risk,no,demand,idiot,complaints,emergency,war,shortage,low,dangerous,lower,messed,satan,unexpected
severe,crude,empty,sc,fucking,kill,killed,pressure,stop,crisis,panic,risk,no,demand,idiot,complaints,emergency,war,shortage,low,dangerous,lower,messed,satan,unexpected
severe,crude,empty,sc,fucking,kill,killed,pressure,stop,crisis,panic,risk,no,demand,idiot,complaints,emergency,war,shortage,low,dangerous,lower,messed,satan,unexpected
severe,crude,empty,sc,fucking,kill,killed,pressure,stop,crisis,panic,risk,no,demand,idiot,complaints,emergency,war,shortage,low,dangerous,lower,messed,satan,unexpected
severe,crude,empty,sc,fucking,kill,killed,pressure,stop,crisis,panic,risk,no,demand,idiot,complaints,emergency,war,shortage,low,dangerous,lower,messed,satan,unexpected
severe,crude,empty,sc,fucking,kill,killed,pressure,stop,crisis,panic,risk,no,demand,idiot,complaints,emergency,war,shortage,low,dangerous,lower,messed,satan,unexpected
severe,crude,empty,sc,fucking,kill,killed,pressure,stop,crisis,panic,risk,no,demand,idiot,complaints,emergency,war,shortage,low,dangerous,lower,messed,satan,unexpected
severe,crude,empty,sc,fucking,kill,killed,pressure,stop,crisis,panic,risk,no,demand,idiot,complaints,emergency,war,shortage,low,dangerous,lower,messed,satan,unexpected
severe,crude,empty,sc,fucking,kill,killed,pressure,stop,crisis,panic,risk,no,demand,idiot,complaints,emergency,war,shortage,low,dangerous,lower,messed,satan,unexpected
severe,crude,empty,sc,fucking,kill,killed,pressure,stop,crisis,panic,risk,no,demand,idiot,complaints,emergency,war,shortage,low,dangerous,lower,messed,satan,unexpected
severe,crude,empty,sc,fucking,kill,killed,pressure,stop,crisis,panic,risk,no,demand,idiot,complaints,emergency,war,shortage,low,dangerous,lower,messed,satan,unexpected
severe,crude,empty,sc,fucking,kill,killed,pressure,stop,crisis,panic,risk,no,demand,idiot,complaints,emergency,war,shortage,low,dangerous,lower,messed,satan,unexpected
severe,crude,empty,sc,fucking,kill,killed,pressure,stop,crisis,panic,risk,no,demand,idiot,complaints,emergency,war,shortage,low,dangerous,lower,messed,satan,unexpected
severe,crude,empty,sc,fucking,kill,killed,pressure,stop,crisis,panic,risk,no,demand,idiot,complaints,emergency,war,shortage,low,dangerous,lower,messed,satan,unexpected
severe,crude,empty,sc,fucking,kill,killed,pressure,stop,crisis,panic,risk,no,demand,idiot,complaints,emergency,war,shortage,low,dangerous,lower,messed,satan,unexpected
severe,crude,empty,sc,fucking,kill,killed,pressure,stop,hate,crisis,panic,risk,no,demand,idiot,complaints,emergency,war,shortage,low,dangerous,messed,satan,unexpected
severe,crude,empty,sc,fucking,kill,killed,pressure,stop,hate,crisis,panic,risk,no,demand,idiot,complaints,emergency,war,shortage,low,dangerous,messed,satan,unexpected
severe,crude,empty,sc,fucking,kill,killed,pressure,stop,hate,crisis,panic,risk,no,demand,idiot,complaints,emergency,war,shortage,low,dangerous,messed,satan,unexpected
severe,crude,empty,sc,fucking,kill,killed,pressure,stop,hate,crisis,panic,risk,no,demand,idiot,complaints,emergency,war,shortage,low,dangerous,messed,satan,unexpected
severe,crude,empty,sc,fucking,kill,killed,pressure,stop,hate,crisis,panic,risk,no,demand,idiot,complaints,emergency,war,shortage,low,dangerous,messed,satan,unexpected
severe,crude,empty,sc,fucking,kill,killed,pressure,stop,hate,crisis,panic,risk,no,demand,idiot,complaints,emergency,war,shortage,low,dangerous,messed,satan,unexpected
severe,crude,empty,sc,fucking,kill,killed,pressure,stop,worse,hate,crisis,panic,risk,no,demand,idiot,complaints,emergency,war,shortage,low,dangerous,satan,unexpected
severe,crude,empty,sc,fucking,kill,killed,pressure,stop,worse,hate,crisis,stops,panic,risk,no,demand,idiot,complaints,emergency,war,shortage,low,dangerous,unexpected
severe,crude,empty,sc,fucking,kill,killed,pressure,stop,worse,hate,crisis,stops,panic,risk,no,demand,idiot,complaints,emergency,war,shortage,low,dangerous,unexpected
severe,crude,empty,sc,fucking,kill,killed,pressure,stop,worse,hate,crisis,stops,panic,risk,no,demand,idiot,complaints,emergency,war,shortage,low,dangerous,unexpected
severe,crude,empty,sc,fucking,kill,killed,pressure,stop,worse,hate,crisis,stops,panic,risk,no,demand,idiot,complaints,emergency,war,shortage,low,dangerous,unexpected
severe,crude,empty,sc,fucking,kill,killed,pressure,stop,worse,hate,crisis,stops,panic,risk,no,demand,idiot,complaints,emergency,war,shortage,low,dangerous,unexpected
severe,crude,empty,sc,fucking,kill,killed,pressure,stop,worse,hate,crisis,stops,panic,risk,no,demand,idiot,complaints,emergency,war,shortage,low,dangerous,unexpected
severe,crude,empty,sc,fucking,kill,killed,pressure,stop,worse,hate,crisis,stops,panic,risk,no,demand,idiot,complaints,emergency,war,shortage,low,dangerous,unexpected
severe,crude,empty,sc,fucking,kill,killed,pressure,stop,worse,hate,crisis,stops,panic,risk,no,demand,idiot,complaints,emergency,war,shortage,low,dangerous,unexpected
severe,crude,empty,sc,fucking,kill,killed,pressure,stop,worse,hate,crisis,stops,panic,risk,no,demand,idiot,complaints,emergency,war,shortage,low,dangerous,unexpected
severe,crude,empty,sc,fucking,kill,killed,pressure,stop,worse,hate,crash,crisis,stops,panic,risk,no,demand,idiot,complaints,emergency,war,shortage,low,dangerous
severe,crude,empty,sc,fucking,kill,killed,pressure,stop,worse,hate,crash,crisis,stops,panic,risk,no,demand,idiot,complaints,emergency,war,shortage,low,dangerous
severe,crude,empty,sc,fucking,kill,killed,pressure,stop,worse,hate,crash,crisis,stops,panic,risk,no,demand,idiot,complaints,emergency,war,shortage,low,dangerous
severe,crude,empty,sc,fucking,kill,killed,pressure,stop,worse,hate,crash,crisis,stops,panic,risk,no,demand,idiot,complaints,emergency,war,shortage,low,dangerous
severe,crude,empty,sc,fucking,kill,killed,pressure,stop,worse,hate,crash,crisis,stops,panic,risk,no,demand,idiot,complaints,emergency,war,shortage,low,dangerous
severe,crude,empty,sc,fucking,kill,killed,pressure,stop,worse,hate,crash,crisis,stops,panic,risk,no,demand,idiot,complaints,emergency,war,shortage,low,dangerous
severe,crude,empty,sc,fucking,kill,killed,pressure,stop,worse,hate,crash,crisis,stops,panic,risk,no,demand,idiot,complaints,emergency,war,shortage,low,dangerous
severe,crude,empty,sc,fucking,kill,killed,pressure,stop,worse,hate,crash,crisis,stops,panic,risk,no,demand,idiot,complaints,emergency,war,shortage,low,dangerous
severe,crude,empty,sc,fucking,kill,killed,pressure,stop,worse,hate,crash,crisis,stops,panic,risk,no,demand,idiot,complaints,emergency,war,shortage,low,dangerous
severe,crude,empty,sc,fucking,kill,killed,pressure,stop,worse,hate,crash,crisis,stops,panic,risk,no,demand,idiot,complaints,emergency,war,shortage,low,dangerous
severe,crude,empty,sc,fucking,kill,killed,pressure,stop,worse,hate,crash,crisis,stops,panic,risk,no,demand,idiot,complaints,emergency,war,shortage,low,dangerous
severe,crude,empty,sc,fucking,kill,killed,pressure,stop,worse,hate,crash,crisis,stops,panic,risk,no,demand,idiot,complaints,emergency,war,shortage,low,dangerous
severe,crude,empty,sc,fucking,kill,killed,pressure,stop,worse,hate,crash,crisis,stops,panic,risk,no,demand,idiot,complaints,emergency,war,shortage,low,dangerous
severe,crude,empty,sc,fucking,kill,killed,pressure,stop,worse,hate,crash,crisis,stops,panic,risk,no,demand,idiot,complaints,emergency,war,shortage,low,dangerous
severe,crude,empty,sc,fucking,kill,killed,pressure,stop,worse,hate,crash,crisis,stops,panic,risk,no,demand,idiot,complaints,emergency,war,shortage,low,dangerous
severe,crude,empty,sc,fucking,kill,killed,pressure,stop,worse,hate,crash,crisis,stops,panic,risk,no,demand,idiot,complaints,emergency,war,shortage,low,dangerous
severe,crude,empty,sc,fucking,kill,killed,pressure,stop,worse,hate,crash,crisis,stops,panic,risk,no,demand,idiot,complaints,emergency,war,shortage,low,dangerous
severe,crude,empty,sc,fucking,kill,killed,pressure,stop,worse,hate,crash,crisis,stops,panic,risk,no,demand,idiot,complaints,emergency,war,shortage,low,dangerous
severe,crude,empty,sc,fucking,kill,killed,pressure,stop,worse,hate,crash,crisis,stops,panic,risk,no,demand,idiot,complaints,emergency,war,shortage,low,dangerous
severe,crude,empty,sc,fucking,kill,killed,pressure,stop,worse,hate,crash,crisis,stops,panic,risk,no,demand,idiot,complaints,emergency,war,shortage,low,dangerous
severe,crude,empty,sc,fucking,kill,killed,pressure,stop,worse,hate,crash,crisis,stops,panic,risk,no,demand,idiot,complaints,emergency,war,shortage,low,dangerous
severe,crude,empty,sc,fucking,kill,killed,pressure,stop,worse,hate,crash,crisis,stops,panic,risk,no,demand,idiot,complaints,emergency,war,shortage,low,dangerous
severe,crude,empty,sc,fucking,kill,killed,pressure,stop,worse,hate,crash,crisis,stops,panic,risk,no,demand,idiot,complaints,emergency,war,shortage,low,dangerous
severe,crude,empty,sc,fucking,kill,killed,pressure,stop,worse,hate,crash,crisis,stops,panic,risk,no,demand,idiot,complaints,emergency,war,shortage,low,dangerous
severe,crude,empty,sc,fucking,kill,killed,pressure,stop,worse,hate,crash,crisis,stops,panic,risk,no,demand,idiot,complaints,emergency,war,shortage,low,dangerous
severe,crude,empty,sc,fucking,kill,killed,pressure,stop,worse,hate,crash,crisis,stops,panic,risk,no,demand,idiot,complaints,emergency,war,shortage,low,dangerous
severe,crude,empty,sc,fucking,kill,killed,pressure,stop,worse,hate,crash,crisis,stops,panic,risk,no,demand,idiot,complaints,emergency,war,shortage,low,dangerous
severe,crude,empty,sc,fucking,kill,killed,pressure,stop,worse,hate,crash,crisis,stops,panic,risk,no,demand,idiot,complaints,emergency,war,shortage,low,dangerous
severe,crude,empty,sc,fucking,kill,killed,pressure,stop,worse,hate,crash,crisis,stops,panic,risk,no,demand,idiot,complaints,emergency,war,shortage,low,dangerous
severe,crude,empty,sc,fucking,kill,killed,pressure,stop,worse,hate,crash,crisis,stops,panic,risk,no,demand,idiot,complaints,emergency,war,shortage,low,dangerous
severe,crude,empty,sc,fucking,kill,killed,pressure,stop,worse,hate,crash,crisis,stops,panic,risk,no,demand,idiot,complaints,emergency,war,shortage,low,dangerous
severe,crude,empty,sc,fucking,kill,killed,pressure,stop,worse,hate,crash,crisis,stops,panic,risk,no,demand,idiot,complaints,emergency,war,shortage,low,dangerous
severe,crude,empty,sc,fucking,kill,killed,pressure,stop,worse,hate,crash,crisis,stops,panic,risk,no,demand,idiot,complaints,emergency,war,shortage,low,dangerous
severe,crude,empty,sc,fucking,kill,killed,pressure,stop,worse,hate,crash,crisis,stops,panic,risk,no,demand,idiot,complaints,emergency,war,shortage,low,dangerous
severe,crude,empty,sc,fucking,kill,killed,pressure,stop,worse,hate,crash,crisis,stops,panic,risk,no,demand,idiot,complaints,emergency,war,shortage,low,dangerous
severe,crude,empty,sc,fucking,kill,killed,pressure,stop,worse,hate,crash,crisis,stops,panic,risk,no,demand,idiot,complaints,emergency,war,shortage,low,dangerous
severe,crude,empty,sc,fucking,kill,killed,pressure,stop,worse,hate,crash,crisis,stops,panic,risk,no,demand,idiot,complaints,emergency,war,shortage,low,dangerous
severe,crude,empty,sc,fucking,kill,killed,pressure,stop,worse,hate,crash,crisis,stops,panic,risk,no,demand,idiot,complaints,emergency,war,shortage,low,dangerous
severe,crude,empty,sc,fucking,kill,killed,pressure,stop,worse,hate,crash,crisis,stops,panic,risk,no,demand,idiot,complaints,emergency,war,shortage,low,dangerous
severe,crude,empty,sc,fucking,kill,killed,pressure,stop,worse,hate,crash,crisis,stops,panic,risk,no,demand,idiot,complaints,emergency,war,shortage,low,dangerous
severe,crude,empty,sc,fucking,kill,killed,pressure,stop,worse,hate,crash,crisis,stops,panic,risk,no,demand,idiot,complaints,emergency,war,shortage,low,dangerous
severe,crude,empty,sc,fucking,kill,killed,pressure,stop,worse,hate,crash,crisis,stops,panic,risk,no,demand,idiot,complaints,emergency,war,shortage,low,dangerous
severe,crude,empty,sc,fucking,kill,killed,pressure,stop,worse,hate,crash,crisis,stops,panic,risk,no,demand,idiot,complaints,emergency,war,shortage,low,dangerous
severe,crude,empty,sc,fucking,kill,killed,pressure,stop,worse,hate,crash,crisis,stops,panic,risk,no,demand,idiot,complaints,emergency,war,shortage,low,dangerous
severe,crude,empty,sc,fucking,kill,killed,pressure,stop,worse,hate,crash,crisis,stops,panic,risk,no,demand,idiot,complaints,emergency,war,shortage,low,dangerous
severe,crude,empty,sc,fucking,kill,killed,pressure,stop,worse,hate,crash,crisis,stops,panic,risk,no,demand,idiot,complaints,emergency,war,shortage,low,dangerous
severe,crude,empty,sc,fucking,kill,killed,pressure,stop,worse,hate,crash,crisis,stops,panic,risk,no,demand,idiot,complaints,emergency,war,shortage,low,dangerous
severe,crude,empty,sc,fucking,kill,killed,pressure,stop,worse,hate,crash,crisis,stops,panic,risk,no,demand,idiot,complaints,emergency,war,shortage,low,dangerous
severe,crude,empty,sc,fucking,kill,killed,stop,worse,hate,crash,crisis,stops,panic,risk,no,demand,idiot,complaints,emergency,war,shortage,low,dangerous,lower
severe,crude,empty,sc,fucking,kill,killed,stop,worse,hate,crash,crisis,stops,panic,risk,no,demand,idiot,complaints,emergency,war,shortage,low,dangerous,lower
severe,crude,empty,sc,fucking,kill,killed,stop,worse,hate,crash,crisis,stops,panic,risk,no,demand,idiot,complaints,emergency,war,shortage,low,dangerous,lower
severe,crude,empty,sc,fucking,kill,killed,stop,worse,hate,crash,crisis,stops,panic,risk,no,demand,idiot,complaints,emergency,war,shortage,low,dangerous,lower
severe,crude,empty,sc,fucking,kill,killed,stop,worse,hate,crash,crisis,stops,panic,risk,no,demand,idiot,complaints,emergency,war,shortage,low,dangerous,lower
severe,crude,empty,sc,fucking,kill,killed,stop,worse,hate,crash,crisis,stops,panic,risk,no,demand,idiot,complaints,emergency,war,shortage,low,dangerous,lower
severe,crude,empty,sc,fucking,kill,killed,stop,worse,hate,crash,crisis,stops,panic,risk,no,demand,idiot,complaints,emergency,war,shortage,low,dangerous,lower
severe,crude,empty,sc,fucking,kill,killed,stop,worse,hate,crash,crisis,stops,panic,risk,no,demand,idiot,complaints,emergency,war,shortage,low,dangerous,lower
severe,crude,empty,sc,fucking,kill,killed,stop,worse,hate,crash,crisis,stops,panic,risk,no,demand,idiot,complaints,emergency,war,shortage,low,dangerous,lower
severe,crude,empty,sc,fucking,kill,killed,stop,worse,hate,crash,crisis,stops,panic,risk,no,demand,idiot,complaints,emergency,war,shortage,low,dangerous,lower
severe,crude,empty,sc,fucking,kill,killed,stop,worse,hate,crash,crisis,stops,panic,risk,no,demand,idiot,complaints,emergency,war,shortage,low,dangerous,lower
severe,crude,empty,sc,fucking,kill,killed,pressure,stop,worse,hate,crash,crisis,panic,risk,no,demand,idiot,complaints,emergency,war,shortage,low,dangerous,lower
severe,crude,empty,sc,fucking,kill,killed,pressure,stop,worse,hate,crash,crisis,panic,risk,no,demand,idiot,complaints,emergency,war,shortage,low,dangerous,lower
severe,crude,empty,sc,fucking,kill,killed,pressure,stop,worse,hate,crash,crisis,panic,risk,no,demand,idiot,complaints,emergency,war,shortage,low,dangerous,lower
severe,crude,empty,sc,fucking,kill,killed,pressure,stop,worse,hate,crash,crisis,panic,risk,no,demand,idiot,complaints,emergency,war,shortage,low,dangerous,lower
severe,crude,empty,sc,fucking,kill,killed,pressure,stop,worse,hate,crash,crisis,panic,risk,no,demand,idiot,complaints,emergency,war,shortage,low,dangerous,lower
severe,crude,empty,sc,fucking,kill,killed,pressure,stop,worse,hate,crash,crisis,panic,risk,no,demand,idiot,complaints,emergency,war,shortage,low,dangerous,lower
severe,crude,empty,sc,fucking,kill,killed,pressure,stop,worse,hate,crash,crisis,panic,risk,no,demand,idiot,complaints,emergency,war,shortage,low,dangerous,lower
severe,crude,empty,sc,fucking,kill,killed,pressure,stop,worse,hate,crash,crisis,panic,risk,no,demand,idiot,complaints,emergency,war,shortage,low,dangerous,lower
severe,crude,empty,sc,fucking,kill,killed,pressure,stop,idiots,hate,crash,crisis,panic,risk,no,demand,idiot,complaints,emergency,war,shortage,low,dangerous,lower
severe,crude,empty,sc,fucking,kill,killed,pressure,stop,idiots,hate,crash,crisis,panic,risk,no,demand,idiot,complaints,emergency,war,shortage,low,dangerous,lower
severe,crude,empty,sc,fucking,kill,killed,pressure,stop,idiots,hate,crash,crisis,panic,risk,no,demand,idiot,complaints,emergency,war,shortage,low,dangerous,lower
severe,crude,empty,sc,fucking,kill,killed,pressure,stop,idiots,hate,crash,crisis,panic,risk,no,demand,idiot,complaints,emergency,war,shortage,low,dangerous,lower
severe,crude,empty,sc,fucking,kill,killed,pressure,stop,idiots,hate,crash,crisis,panic,risk,no,demand,idiot,complaints,emergency,war,shortage,low,dangerous,lower
severe,crude,empty,sc,fucking,kill,killed,pressure,stop,idiots,hate,crash,crisis,panic,risk,no,demand,idiot,complaints,emergency,war,shortage,low,dangerous,lower
severe,crude,empty,sc,fucking,kill,killed,pressure,stop,idiots,hate,crash,crisis,panic,risk,no,demand,idiot,complaints,emergency,war,shortage,low,dangerous,lower
severe,crude,empty,sc,fucking,kill,killed,pressure,stop,idiots,hate,crash,crisis,panic,risk,no,demand,idiot,complaints,emergency,war,shortage,low,dangerous,lower
severe,crude,empty,sc,fucking,kill,killed,pressure,stop,idiots,hate,crash,crisis,panic,risk,no,demand,idiot,complaints,emergency,war,shortage,low,dangerous,lower
severe,crude,empty,sc,fucking,kill,killed,pressure,stop,idiots,hate,crash,crisis,panic,risk,no,demand,idiot,complaints,emergency,war,shortage,low,dangerous,lower
severe,crude,empty,sc,fucking,kill,killed,pressure,stop,idiots,hate,crash,crisis,panic,risk,no,demand,idiot,complaints,emergency,war,shortage,low,dangerous,lower
severe,crude,empty,sc,fucking,kill,killed,pressure,stop,idiots,hate,crash,crisis,panic,risk,no,demand,idiot,complaints,emergency,war,shortage,low,dangerous,lower
severe,crude,empty,sc,fucking,kill,killed,pressure,stop,idiots,hate,crash,crisis,panic,risk,no,demand,idiot,complaints,emergency,war,shortage,low,dangerous,lower
severe,crude,empty,sc,fucking,kill,killed,pressure,stop,idiots,hate,crash,crisis,panic,risk,no,demand,idiot,complaints,emergency,war,shortage,low,dangerous,lower
severe,crude,empty,sc,fucking,kill,killed,pressure,stop,idiots,hate,crash,crisis,panic,risk,no,demand,idiot,complaints,emergency,war,shortage,low,dangerous,lower
severe,crude,empty,sc,fucking,kill,killed,pressure,stop,idiots,hate,crash,crisis,panic,risk,no,demand,idiot,complaints,emergency,war,shortage,low,dangerous,lower
severe,crude,empty,sc,fucking,kill,killed,pressure,stop,idiots,hate,crash,crisis,panic,risk,no,demand,idiot,complaints,emergency,war,shortage,low,dangerous,lower
severe,crude,empty,sc,fucking,kill,killed,pressure,stop,idiots,hate,crash,crisis,panic,risk,no,demand,idiot,complaints,emergency,war,shortage,low,dangerous,lower
severe,crude,empty,sc,fucking,kill,killed,pressure,stop,idiots,hate,crash,crisis,panic,risk,no,demand,idiot,complaints,emergency,war,shortage,low,dangerous,lower
severe,crude,empty,sc,fucking,kill,killed,pressure,stop,idiots,hate,crash,crisis,panic,risk,no,demand,idiot,complaints,emergency,war,shortage,low,dangerous,lower
severe,crude,empty,sc,fucking,kill,killed,pressure,stop,idiots,hate,crash,crisis,panic,risk,no,demand,idiot,complaints,emergency,war,shortage,low,dangerous,lower
severe,crude,empty,sc,fucking,kill,killed,pressure,stop,idiots,hate,crash,crisis,panic,risk,no,demand,idiot,complaints,emergency,war,shortage,low,dangerous,lower
severe,crude,empty,sc,fucking,kill,killed,pressure,stop,idiots,hate,crash,crisis,panic,risk,no,demand,idiot,complaints,emergency,war,shortage,low,dangerous,lower
severe,crude,empty,sc,fucking,kill,killed,pressure,stop,idiots,hate,crash,crisis,panic,risk,no,demand,idiot,complaints,emergency,war,shortage,low,dangerous,lower
severe,crude,empty,sc,fucking,kill,killed,pressure,stop,idiots,hate,crash,crisis,panic,risk,no,demand,idiot,complaints,emergency,war,shortage,low,dangerous,lower
severe,crude,empty,sc,fucking,kill,killed,pressure,stop,idiots,hate,crash,crisis,panic,risk,no,demand,idiot,complaints,emergency,war,shortage,low,dangerous,lower
fake,severe,crude,empty,sc,fucking,kill,killed,pressure,stop,idiots,hate,crisis,panic,risk,no,demand,idiot,complaints,emergency,war,shortage,low,dangerous,lower
fake,severe,crude,empty,sc,fucking,kill,killed,pressure,stop,idiots,hate,crisis,panic,risk,no,demand,idiot,complaints,emergency,war,shortage,low,dangerous,lower
fake,severe,crude,empty,sc,fucking,kill,killed,pressure,stop,idiots,hate,struggles,crisis,panic,risk,no,demand,idiot,complaints,emergency,war,shortage,low,lower
fake,severe,crude,empty,sc,fucking,kill,killed,pressure,stop,idiots,hate,struggles,crisis,panic,risk,no,demand,idiot,complaints,emergency,war,shortage,low,lower
fake,severe,crude,empty,sc,fucking,kill,killed,pressure,stop,idiots,hate,struggles,crisis,panic,risk,no,demand,idiot,complaints,emergency,war,shortage,low,lower
fake,severe,crude,empty,sc,fucking,kill,killed,pressure,stop,idiots,hate,struggles,crisis,panic,risk,no,demand,idiot,complaints,emergency,war,shortage,low,lower
fake,severe,crude,empty,sc,fucking,kill,killed,pressure,stop,idiots,hate,struggles,crisis,panic,risk,no,demand,idiot,complaints,emergency,war,shortage,low,lower
fake,severe,crude,empty,sc,fucking,kill,killed,pressure,stop,idiots,hate,struggles,crisis,panic,risk,no,demand,idiot,complaints,emergency,war,shortage,low,lower
fake,severe,crude,empty,sc,fucking,kill,killed,pressure,stop,idiots,hate,struggles,crisis,panic,risk,no,demand,idiot,complaints,emergency,war,shortage,low,lower
fake,severe,crude,empty,sc,fucking,kill,killed,pressure,stop,idiots,hate,struggles,crisis,panic,risk,no,demand,idiot,complaints,emergency,war,shortage,low,lower
fake,severe,crude,empty,sc,fucking,kill,killed,pressure,stop,idiots,hate,struggles,crisis,panic,risk,no,demand,idiot,complaints,emergency,war,shortage,low,lower
fake,severe,crude,empty,sc,fucking,kill,killed,pressure,stop,idiots,hate,struggles,crisis,panic,risk,no,demand,idiot,complaints,emergency,war,shortage,low,lower
fake,severe,crude,empty,sc,fucking,kill,killed,pressure,stop,idiots,hate,struggles,crisis,panic,risk,no,demand,idiot,complaints,emergency,war,shortage,low,lower
fake,severe,crude,empty,sc,fucking,kill,killed,pressure,stop,idiots,hate,struggles,crisis,panic,risk,no,demand,idiot,complaints,emergency,war,shortage,low,lower
fake,severe,crude,empty,sc,fucking,kill,killed,pressure,stop,idiots,hate,struggles,crisis,panic,risk,no,demand,idiot,complaints,emergency,war,shortage,low,lower
fake,severe,crude,empty,sc,fucking,kill,killed,pressure,stop,idiots,hate,struggles,crisis,panic,risk,no,demand,idiot,complaints,emergency,war,shortage,low,lower
fake,severe,crude,empty,sc,fucking,kill,killed,pressure,stop,idiots,hate,struggles,crisis,panic,risk,no,demand,idiot,complaints,emergency,war,shortage,low,lower
fake,severe,crude,empty,sc,fucking,kill,killed,pressure,stop,idiots,hate,struggles,crisis,panic,risk,no,demand,idiot,complaints,emergency,war,shortage,low,lower
fake,severe,crude,empty,sc,fucking,kill,killed,pressure,stop,idiots,hate,struggles,crisis,panic,risk,no,demand,idiot,complaints,emergency,war,shortage,low,lower
fake,severe,crude,empty,sc,fucking,kill,killed,pressure,stop,idiots,hate,struggles,crisis,panic,risk,no,demand,idiot,complaints,emergency,war,shortage,low,lower
fake,severe,crude,empty,sc,fucking,kill,killed,pressure,stop,idiots,hate,struggles,crisis,panic,risk,no,demand,idiot,complaints,emergency,war,shortage,low,lower
fake,severe,crude,empty,sc,fucking,kill,killed,pressure,stop,idiots,hate,struggles,crisis,panic,risk,no,demand,idiot,complaints,emergency,war,shortage,low,lower
fake,severe,crude,empty,sc,fucking,kill,killed,pressure,stop,idiots,hate,struggles,crisis,panic,risk,no,demand,idiot,complaints,emergency,war,shortage,low,lower
fake,severe,crude,empty,sc,fucking,kill,killed,pressure,stop,idiots,hate,struggles,crisis,panic,risk,no,demand,idiot,complaints,emergency,war,shortage,low,lower
fake,severe,crude,empty,sc,fucking,kill,killed,pressure,stop,idiots,hate,struggles,crisis,panic,risk,no,demand,idiot,complaints,emergency,war,shortage,low,lower
fake,severe,crude,empty,sc,fucking,kill,killed,pressure,stop,idiots,hate,struggles,crisis,panic,risk,no,demand,idiot,complaints,emergency,war,shortage,low,lower
fake,severe,crude,empty,sc,fucking,kill,killed,pressure,stop,idiots,hate,struggles,crisis,panic,risk,no,demand,idiot,complaints,emergency,war,shortage,low,lower
fake,severe,crude,empty,sc,fucking,kill,killed,pressure,stop,idiots,hate,struggles,crisis,panic,risk,no,demand,idiot,complaints,emergency,war,shortage,low,lower
fake,severe,crude,empty,sc,fucking,kill,killed,pressure,stop,idiots,hate,struggles,crisis,panic,risk,no,demand,idiot,complaints,emergency,war,shortage,low,lower
fake,severe,crude,empty,sc,fucking,kill,killed,pressure,stop,idiots,hate,struggles,crisis,panic,risk,no,demand,idiot,complaints,emergency,war,shortage,low,lower
fake,severe,crude,empty,sc,fucking,kill,killed,pressure,stop,idiots,hate,struggles,crisis,panic,risk,no,demand,idiot,complaints,emergency,war,shortage,low,lower
fake,severe,crude,empty,sc,fucking,kill,killed,pressure,stop,idiots,hate,struggles,crisis,panic,risk,no,demand,idiot,complaints,emergency,war,shortage,low,lower
fake,severe,crude,empty,sc,fucking,kill,killed,pressure,stop,idiots,hate,struggles,crisis,panic,risk,no,demand,idiot,complaints,emergency,war,shortage,low,lower
fake,severe,crude,empty,sc,fucking,kill,killed,pressure,stop,idiots,hate,struggles,crisis,panic,risk,no,demand,idiot,complaints,emergency,war,shortage,low,lower
fake,severe,crude,empty,sc,fucking,kill,killed,pressure,stop,idiots,hate,struggles,crisis,panic,risk,no,demand,idiot,complaints,emergency,war,shortage,low,lower
fake,severe,crude,empty,sc,fucking,kill,killed,pressure,stop,idiots,hate,struggles,crisis,panic,risk,no,demand,idiot,complaints,emergency,war,shortage,low,lower
fake,severe,crude,empty,sc,fucking,kill,killed,pressure,stop,idiots,hate,struggles,crisis,panic,risk,no,demand,idiot,complaints,emergency,war,shortage,low,lower
fake,severe,crude,empty,sc,fucking,kill,killed,pressure,stop,idiots,hate,struggles,crisis,panic,risk,no,demand,idiot,complaints,emergency,war,shortage,low,lower
fake,severe,crude,empty,sc,fucking,kill,killed,pressure,stop,idiots,hate,struggles,crisis,panic,risk,no,demand,idiot,complaints,emergency,war,shortage,low,lower
fake,severe,crude,empty,sc,fucking,kill,killed,pressure,stop,idiots,hate,struggles,crisis,panic,risk,no,demand,idiot,complaints,emergency,war,shortage,low,lower
fake,severe,crude,empty,sc,fucking,kill,killed,pressure,stop,idiots,hate,struggles,crisis,panic,risk,no,demand,idiot,complaints,emergency,war,shortage,low,lower
fake,severe,crude,empty,sc,fucking,kill,killed,pressure,stop,idiots,hate,struggles,crisis,panic,risk,no,demand,idiot,complaints,emergency,war,shortage,low,lower
fake,severe,crude,empty,sc,fucking,kill,killed,pressure,stop,idiots,hate,struggles,crisis,panic,risk,no,demand,idiot,complaints,emergency,war,shortage,low,lower
fake,severe,crude,empty,sc,fucking,kill,killed,pressure,stop,idiots,hate,struggles,crisis,panic,risk,no,demand,idiot,complaints,emergency,war,shortage,low,lower
fake,severe,crude,empty,sc,fucking,kill,killed,pressure,stop,idiots,hate,struggles,crisis,panic,risk,no,demand,idiot,complaints,emergency,war,shortage,low,lower
fake,severe,crude,empty,sc,fucking,kill,killed,pressure,stop,idiots,hate,struggles,crisis,panic,risk,no,demand,idiot,complaints,emergency,war,shortage,low,lower
fake,severe,crude,empty,sc,fucking,kill,killed,pressure,stop,idiots,hate,struggles,crisis,panic,risk,no,demand,idiot,complaints,emergency,war,shortage,low,lower
fake,severe,crude,empty,sc,fucking,kill,killed,pressure,stop,idiots,hate,struggles,crisis,panic,risk,no,demand,idiot,complaints,emergency,war,shortage,low,lower
fake,severe,crude,empty,sc,fucking,kill,killed,pressure,stop,idiots,hate,struggles,crisis,panic,risk,no,demand,idiot,complaints,emergency,war,shortage,low,lower
fake,severe,crude,empty,sc,fucking,kill,killed,pressure,stop,idiots,hate,struggles,crisis,panic,risk,no,demand,idiot,complaints,emergency,war,shortage,low,lower
fake,severe,crude,empty,sc,fucking,kill,killed,pressure,stop,idiots,hate,struggles,crisis,panic,risk,no,demand,idiot,complaints,emergency,war,shortage,low,lower
fake,severe,crude,empty,sc,fucking,kill,killed,pressure,stop,idiots,hate,struggles,crisis,panic,risk,no,demand,idiot,complaints,emergency,war,shortage,low,lower
fake,severe,crude,empty,sc,fucking,kill,killed,pressure,stop,idiots,hate,struggles,crisis,panic,risk,no,demand,idiot,complaints,emergency,war,shortage,low,lower
fake,severe,crude,empty,sc,fucking,kill,killed,pressure,stop,idiots,hate,struggles,crisis,panic,risk,no,demand,idiot,complaints,emergency,war,shortage,low,lower
fake,severe,crude,empty,sc,fucking,kill,killed,pressure,stop,idiots,hate,struggles,crisis,panic,risk,no,demand,idiot,complaints,emergency,war,shortage,low,lower
fake,severe,crude,empty,sc,fucking,kill,killed,pressure,stop,idiots,hate,struggles,crisis,panic,risk,no,demand,idiot,complaints,emergency,war,shortage,low,lower
fake,severe,crude,empty,sc,fucking,kill,killed,pressure,stop,idiots,hate,struggles,crisis,panic,risk,no,demand,idiot,complaints,emergency,war,shortage,low,lower
fake,severe,crude,empty,sc,fucking,kill,killed,pressure,stop,idiots,hate,struggles,crisis,panic,risk,no,demand,idiot,complaints,emergency,war,shortage,low,lower
fake,severe,crude,empty,sc,fucking,kill,killed,pressure,stop,idiots,hate,struggles,crisis,panic,risk,no,demand,idiot,complaints,emergency,war,shortage,low,lower
fake,severe,crude,empty,sc,fucking,kill,killed,pressure,stop,idiots,hate,struggles,crisis,panic,risk,no,demand,idiot,complaints,emergency,war,shortage,low,lower
fake,severe,crude,empty,sc,fucking,kill,killed,pressure,stop,idiots,hate,struggles,crisis,panic,risk,no,demand,idiot,complaints,emergency,war,shortage,low,lower
fake,severe,crude,empty,sc,fucking,kill,killed,pressure,stop,idiots,hate,struggles,crisis,panic,risk,no,demand,idiot,complaints,emergency,war,shortage,low,lower
fake,severe,crude,empty,sc,fucking,kill,killed,pressure,stop,idiots,hate,struggles,crisis,panic,risk,no,demand,idiot,complaints,emergency,war,shortage,low,lower
fake,severe,crude,empty,sc,fucking,kill,killed,pressure,stop,idiots,hate,struggles,crisis,panic,risk,no,demand,idiot,complaints,emergency,war,shortage,low,lower
fake,severe,crude,empty,sc,fears,fucking,kill,killed,pressure,stop,idiots,hate,crisis,panic,risk,no,demand,idiot,complaints,emergency,war,shortage,low,lower
fake,severe,crude,empty,sc,fears,fucking,kill,killed,pressure,stop,idiots,hate,crisis,panic,risk,no,demand,idiot,complaints,emergency,war,shortage,low,lower
fake,severe,crude,empty,sc,fears,fucking,kill,killed,pressure,stop,idiots,hate,crisis,panic,risk,no,demand,idiot,complaints,emergency,war,shortage,low,lower
fake,severe,crude,empty,sc,fears,fucking,kill,killed,pressure,stop,idiots,hate,crisis,panic,risk,no,demand,idiot,complaints,emergency,war,shortage,low,lower
fake,severe,crude,empty,sc,fears,fucking,kill,killed,pressure,stop,idiots,hate,crisis,panic,risk,no,demand,idiot,complaints,emergency,war,shortage,low,lower
fake,severe,crude,empty,sc,fears,fucking,kill,killed,pressure,stop,idiots,hate,crisis,panic,risk,no,demand,idiot,complaints,emergency,war,shortage,low,lower
fake,severe,crude,empty,sc,fears,fucking,kill,killed,pressure,stop,idiots,hate,crisis,panic,risk,no,demand,idiot,complaints,emergency,war,shortage,low,lower
fake,severe,crude,empty,sc,fears,fucking,kill,killed,pressure,stop,idiots,hate,crisis,panic,risk,no,demand,idiot,complaints,emergency,war,shortage,low,lower
fake,severe,crude,empty,sc,fears,fucking,kill,killed,pressure,stop,idiots,hate,crisis,panic,risk,no,idiot,complaints,emergency,war,shortage,low,lower,warning
fake,severe,crude,empty,sc,fears,fucking,kill,killed,pressure,stop,idiots,hate,crisis,panic,risk,no,idiot,complaints,emergency,war,shortage,low,lower,warning
fake,severe,crude,empty,sc,fears,fucking,kill,killed,pressure,stop,idiots,hate,crisis,panic,risk,no,idiot,complaints,emergency,war,shortage,low,lower,warning
fake,severe,crude,empty,sc,fears,fucking,kill,killed,pressure,stop,idiots,hate,crisis,panic,risk,no,idiot,complaints,emergency,war,shortage,low,lower,warning
fake,severe,crude,empty,sc,fears,fucking,kill,killed,pressure,stop,idiots,hate,crisis,panic,risk,no,idiot,complaints,emergency,war,shortage,low,lower,warning
fake,severe,crude,empty,sc,fears,fucking,kill,killed,pressure,stop,idiots,hate,crisis,panic,risk,no,idiot,complaints,emergency,war,shortage,low,lower,warning
fake,severe,crude,empty,sc,fears,fucking,kill,killed,pressure,stop,idiots,hate,crisis,panic,risk,no,idiot,complaints,emergency,war,shortage,low,lower,warning
fake,severe,crude,empty,sc,fears,fucking,kill,killed,pressure,stop,idiots,hate,crisis,panic,risk,no,idiot,complaints,emergency,war,shortage,low,lower,warning
fake,severe,crude,empty,sc,fears,fucking,kill,killed,pressure,stop,idiots,hate,crisis,panic,risk,no,idiot,complaints,emergency,war,shortage,low,lower,warning
fake,severe,crude,empty,sc,fears,fucking,kill,killed,pressure,stop,idiots,hate,crisis,panic,risk,no,idiot,complaints,emergency,war,shortage,low,lower,warning
fake,severe,crude,empty,sc,fears,fucking,kill,killed,pressure,stop,idiots,hate,crisis,panic,risk,no,idiot,complaints,emergency,war,shortage,low,lower,warning
fake,severe,crude,empty,sc,fears,fucking,kill,killed,pressure,stop,idiots,hate,crisis,panic,risk,no,idiot,complaints,emergency,war,shortage,low,lower,warning
fake,severe,crude,empty,sc,fears,fucking,kill,killed,pressure,stop,idiots,hate,crisis,panic,risk,no,idiot,complaints,emergency,war,shortage,low,lower,warning
fake,severe,crude,empty,sc,fears,fucking,kill,killed,pressure,stop,idiots,hate,crisis,panic,risk,no,idiot,complaints,emergency,war,shortage,low,lower,warning
fake,severe,crude,empty,sc,fears,fucking,kill,killed,pressure,stop,idiots,hate,crisis,panic,risk,no,idiot,complaints,emergency,war,shortage,low,lower,warning
fake,severe,crude,empty,sc,fears,fucking,kill,killed,pressure,stop,idiots,hate,crisis,panic,risk,no,idiot,complaints,emergency,war,shortage,low,lower,warning
fake,severe,crude,empty,sc,fears,fucking,kill,killed,pressure,stop,idiots,hate,crisis,panic,risk,no,idiot,complaints,emergency,war,shortage,low,lower,warning
fake,severe,crude,empty,sc,fears,fucking,kill,killed,pressure,stop,idiots,hate,crisis,panic,risk,no,idiot,complaints,emergency,war,shortage,low,lower,warning
fake,severe,crude,empty,sc,fears,fucking,kill,killed,pressure,stop,idiots,hate,crisis,panic,risk,no,idiot,complaints,emergency,war,shortage,low,lower,warning
fake,severe,crude,empty,sc,fears,fucking,kill,killed,pressure,stop,idiots,hate,crisis,panic,risk,no,idiot,complaints,emergency,war,shortage,low,lower,warning
fake,severe,crude,empty,sc,fears,fucking,kill,killed,pressure,stop,idiots,hate,crisis,panic,risk,no,idiot,complaints,emergency,war,shortage,low,lower,warning
fake,severe,crude,empty,sc,fears,fucking,kill,killed,pressure,stop,idiots,hate,crisis,panic,risk,no,idiot,complaints,emergency,war,shortage,low,lower,warning
fake,severe,crude,empty,sc,fears,fucking,kill,killed,pressure,stop,idiots,hate,crisis,panic,risk,no,idiot,complaints,emergency,war,shortage,low,lower,warning
fake,severe,crude,empty,sc,fears,fucking,kill,killed,pressure,stop,idiots,hate,crisis,panic,risk,no,idiot,complaints,emergency,war,shortage,low,lower,warning
fake,severe,crude,empty,sc,fears,fucking,kill,killed,pressure,stop,idiots,hate,crisis,panic,risk,no,idiot,complaints,emergency,war,shortage,low,lower,warning
fake,severe,crude,empty,sc,fears,fucking,kill,killed,pressure,stop,idiots,hate,crisis,panic,risk,no,idiot,complaints,emergency,war,shortage,low,lower,warning
fake,severe,crude,empty,sc,fears,fucking,kill,killed,pressure,stop,idiots,hate,crisis,panic,risk,no,idiot,complaints,emergency,war,shortage,low,lower,warning
fake,severe,crude,empty,sc,fears,fucking,kill,killed,pressure,stop,idiots,hate,crisis,panic,risk,no,idiot,complaints,emergency,war,shortage,low,lower,warning
fake,severe,crude,empty,sc,fears,fucking,kill,killed,pressure,stop,idiots,hate,crisis,panic,risk,no,demand,idiot,complaints,emergency,war,shortage,low,lower
fake,severe,crude,empty,sc,fears,fucking,kill,killed,pressure,stop,idiots,hate,crisis,panic,risk,no,demand,idiot,complaints,emergency,war,shortage,low,lower
fake,severe,crude,empty,sc,fears,fucking,kill,killed,pressure,stop,idiots,hate,crisis,panic,risk,no,demand,idiot,complaints,emergency,war,shortage,low,lower
fake,severe,crude,empty,sc,fears,fucking,kill,killed,pressure,stop,idiots,hate,crisis,panic,risk,no,demand,idiot,complaints,emergency,war,shortage,low,lower
fake,severe,crude,empty,sc,fears,fucking,kill,killed,pressure,stop,idiots,hate,crisis,panic,risk,no,demand,idiot,complaints,emergency,war,shortage,low,lower
fake,severe,crude,empty,sc,fears,fucking,kill,killed,pressure,stop,idiots,hate,crisis,panic,risk,no,demand,idiot,complaints,emergency,war,shortage,low,lower
severe,crude,empty,sc,fears,fucking,kill,killed,infected,pressure,stop,idiots,hate,crisis,panic,risk,no,demand,idiot,complaints,emergency,war,shortage,low,lower
severe,crude,empty,sc,fears,fucking,kill,killed,infected,pressure,stop,idiots,hate,crisis,panic,risk,no,demand,idiot,complaints,emergency,war,shortage,low,lower
severe,crude,empty,sc,fears,fucking,kill,killed,infected,pressure,stop,idiots,hate,crisis,panic,risk,no,demand,idiot,complaints,emergency,war,shortage,low,lower
severe,crude,empty,sc,fears,fucking,kill,killed,infected,pressure,stop,idiots,hate,crisis,panic,risk,no,demand,idiot,complaints,emergency,war,shortage,low,lower
severe,crude,empty,sc,fears,fucking,kill,killed,infected,pressure,stop,idiots,hate,crisis,panic,risk,no,demand,idiot,complaints,emergency,war,shortage,low,lower
severe,crude,empty,sc,fears,fucking,kill,killed,infected,pressure,stop,idiots,hate,crisis,panic,risk,no,demand,idiot,complaints,emergency,war,shortage,low,lower
severe,crude,empty,sc,fears,fucking,kill,killed,infected,pressure,stop,idiots,hate,crisis,panic,risk,no,demand,idiot,complaints,emergency,war,shortage,low,lower
severe,crude,empty,sc,fears,fucking,kill,killed,infected,pressure,stop,idiots,hate,crisis,panic,risk,no,demand,idiot,complaints,emergency,war,shortage,low,lower
severe,crude,empty,sc,fears,fucking,kill,killed,infected,pressure,stop,idiots,hate,crisis,panic,risk,no,demand,idiot,complaints,emergency,war,shortage,low,lower
severe,crude,empty,sc,fears,fucking,kill,killed,infected,pressure,stop,idiots,hate,crisis,panic,risk,no,demand,idiot,complaints,emergency,war,shortage,low,lower
severe,crude,empty,sc,fears,fucking,kill,killed,infected,pressure,stop,idiots,hate,crisis,panic,risk,no,demand,idiot,complaints,emergency,war,shortage,low,lower
severe,crude,empty,sc,fears,fucking,kill,killed,infected,pressure,stop,idiots,hate,crisis,panic,risk,no,demand,idiot,complaints,emergency,war,shortage,low,lower
severe,crude,empty,sc,fears,fucking,kill,killed,infected,pressure,stop,idiots,hate,crisis,panic,risk,no,demand,idiot,complaints,emergency,war,shortage,low,lower
severe,crude,empty,sc,fears,fucking,kill,killed,infected,pressure,stop,idiots,hate,crisis,panic,risk,no,demand,idiot,complaints,emergency,war,shortage,low,lower
severe,crude,empty,sc,fears,fucking,kill,killed,infected,pressure,stop,idiots,hate,crisis,panic,risk,no,demand,idiot,complaints,emergency,war,shortage,low,lower
severe,crude,empty,sc,fears,fucking,kill,killed,infected,pressure,stop,idiots,hate,crisis,panic,risk,no,demand,idiot,complaints,emergency,war,shortage,low,lower
severe,crude,empty,sc,fears,fucking,kill,killed,infected,pressure,stop,idiots,hate,crisis,panic,risk,no,demand,idiot,complaints,emergency,war,shortage,low,lower
severe,crude,empty,sc,fears,fucking,kill,killed,infected,pressure,stop,idiots,hate,crisis,panic,risk,no,demand,idiot,complaints,emergency,war,shortage,low,lower
severe,crude,empty,sc,fears,fucking,kill,killed,infected,pressure,stop,idiots,hate,crisis,panic,risk,no,demand,idiot,complaints,emergency,war,shortage,low,lower
severe,crude,empty,sc,fears,fucking,kill,killed,infected,pressure,stop,idiots,hate,crisis,panic,risk,no,demand,idiot,complaints,emergency,war,shortage,low,lower
severe,crude,empty,sc,fears,fucking,kill,killed,infected,pressure,stop,idiots,hate,crisis,panic,risk,no,demand,idiot,complaints,emergency,war,shortage,low,lower
severe,crude,empty,sc,fears,fucking,kill,killed,infected,pressure,stop,idiots,hate,crisis,panic,risk,no,demand,idiot,complaints,emergency,war,shortage,low,lower
severe,crude,empty,sc,fears,fucking,kill,killed,infected,pressure,stop,idiots,hate,crisis,panic,risk,no,demand,idiot,complaints,emergency,war,shortage,low,lower
crude,empty,sc,fears,fucking,kill,killed,infected,pressure,stop,idiots,hate,crash,crisis,panic,risk,no,demand,idiot,complaints,emergency,war,shortage,low,lower
crude,empty,sc,fears,fucking,kill,killed,infected,pressure,stop,idiots,hate,crash,crisis,panic,risk,no,demand,idiot,complaints,emergency,war,shortage,low,lower
crude,empty,sc,fears,fucking,kill,killed,infected,pressure,stop,idiots,hate,crash,crisis,panic,risk,no,demand,idiot,complaints,emergency,war,shortage,low,lower
crude,empty,sc,fears,fucking,kill,killed,infected,pressure,stop,idiots,hate,crash,crisis,panic,risk,no,demand,idiot,complaints,emergency,war,shortage,low,lower
crude,empty,sc,fears,fucking,kill,killed,infected,pressure,stop,idiots,hate,crash,crisis,panic,risk,no,demand,idiot,complaints,emergency,war,shortage,low,lower
crude,empty,sc,fears,fucking,kill,killed,infected,pressure,stop,idiots,hate,crash,crisis,panic,risk,no,demand,idiot,complaints,emergency,war,shortage,low,lower
crude,empty,sc,fears,fucking,kill,killed,infected,pressure,stop,idiots,hate,crash,crisis,panic,risk,no,demand,idiot,complaints,emergency,war,shortage,low,lower
crude,empty,sc,fears,fucking,kill,killed,infected,pressure,stop,idiots,hate,crash,crisis,panic,risk,no,demand,idiot,complaints,emergency,war,shortage,low,lower
crude,empty,sc,fears,fucking,kill,killed,infected,pressure,stop,idiots,hate,crash,crisis,panic,risk,no,demand,idiot,complaints,emergency,war,shortage,low,lower
crude,empty,sc,fears,fucking,kill,killed,infected,pressure,stop,idiots,hate,crash,crisis,panic,risk,no,demand,idiot,complaints,emergency,war,shortage,low,lower
crude,empty,sc,fears,fucking,kill,killed,infected,pressure,stop,idiots,hate,crash,crisis,panic,risk,no,demand,idiot,complaints,emergency,war,shortage,low,lower
crude,empty,sc,fears,fucking,kill,killed,infected,pressure,stop,idiots,hate,crash,crisis,panic,risk,no,demand,idiot,complaints,emergency,war,shortage,low,lower
crude,empty,sc,fears,fucking,kill,killed,infected,pressure,stop,idiots,hate,crash,crisis,panic,risk,no,demand,idiot,complaints,emergency,war,shortage,low,lower
crude,empty,sc,fears,fucking,kill,killed,infected,pressure,stop,idiots,hate,crash,crisis,panic,risk,no,demand,idiot,complaints,emergency,war,shortage,low,lower
crude,empty,sc,fears,fucking,kill,killed,infected,pressure,stop,idiots,hate,crash,crisis,panic,risk,no,demand,idiot,complaints,emergency,war,shortage,low,lower
crude,empty,sc,fears,fucking,kill,killed,infected,pressure,stop,idiots,hate,crash,crisis,panic,risk,no,demand,idiot,complaints,emergency,war,shortage,low,lower
crude,empty,sc,fears,fucking,kill,killed,infected,pressure,stop,idiots,hate,crash,crisis,panic,risk,no,demand,idiot,complaints,emergency,war,shortage,low,lower
crude,empty,sc,fears,fucking,kill,killed,infected,pressure,stop,idiots,hate,crash,crisis,panic,risk,no,demand,idiot,complaints,emergency,war,shortage,low,lower
crude,empty,sc,fears,fucking,kill,killed,infected,pressure,stop,idiots,hate,crash,crisis,panic,risk,no,demand,idiot,complaints,emergency,war,shortage,low,lower
crude,empty,sc,fears,fucking,kill,killed,infected,pressure,stop,idiots,hate,crash,crisis,panic,risk,no,demand,idiot,complaints,emergency,war,shortage,low,lower
crude,empty,sc,fears,fucking,kill,killed,infected,pressure,stop,idiots,hate,crash,crisis,panic,risk,no,demand,idiot,complaints,emergency,war,shortage,low,lower
crude,empty,sc,fears,fucking,kill,killed,infected,pressure,stop,idiots,hate,crash,crisis,panic,risk,no,demand,idiot,complaints,emergency,war,shortage,low,lower
crude,empty,sc,fears,fucking,kill,killed,infected,pressure,stop,idiots,hate,crash,crisis,panic,risk,no,demand,idiot,complaints,emergency,war,shortage,low,lower
crude,empty,sc,fears,fucking,kill,killed,infected,pressure,stop,idiots,hate,crash,crisis,panic,risk,no,demand,idiot,complaints,emergency,war,shortage,low,lower
crude,empty,sc,fears,fucking,kill,killed,infected,pressure,stop,idiots,hate,crash,crisis,panic,risk,no,demand,idiot,complaints,emergency,war,shortage,low,lower
crude,empty,sc,fears,fucking,kill,killed,infected,pressure,stop,idiots,hate,crash,crisis,panic,risk,no,demand,idiot,complaints,emergency,war,shortage,low,lower
crude,empty,sc,fears,fucking,kill,killed,infected,pressure,stop,idiots,hate,crash,crisis,panic,deadly,risk,no,demand,idiot,complaints,emergency,shortage,low,lower
crude,empty,sc,fears,fucking,kill,killed,infected,pressure,stop,idiots,hate,crash,crisis,panic,deadly,risk,no,demand,idiot,complaints,emergency,shortage,low,lower
crude,empty,sc,fears,fucking,kill,killed,infected,pressure,stop,idiots,hate,crash,crisis,panic,deadly,risk,no,demand,idiot,complaints,emergency,shortage,low,lower
crude,empty,sc,fears,fucking,kill,killed,infected,pressure,stop,idiots,hate,crash,crisis,panic,deadly,risk,no,demand,idiot,complaints,emergency,shortage,low,lower
crude,empty,sc,fears,fucking,kill,killed,infected,pressure,stop,idiots,hate,crash,crisis,panic,deadly,risk,no,demand,idiot,complaints,emergency,shortage,low,lower
crude,empty,sc,fears,fucking,kill,killed,infected,pressure,stop,idiots,hate,crash,crisis,panic,deadly,risk,no,demand,idiot,complaints,emergency,shortage,low,lower
crude,empty,sc,fears,fucking,kill,killed,infected,pressure,stop,idiots,hate,crash,crisis,panic,deadly,risk,no,demand,idiot,complaints,emergency,shortage,low,lower
crude,empty,sc,fears,fucking,kill,killed,infected,pressure,stop,idiots,hate,serious,crash,crisis,panic,risk,no,demand,idiot,complaints,emergency,shortage,low,lower
crude,empty,sc,fears,fucking,kill,killed,infected,pressure,stop,idiots,hate,serious,crash,crisis,panic,risk,no,demand,idiot,complaints,emergency,shortage,low,lower
crude,empty,sc,fears,fucking,kill,killed,infected,pressure,stop,idiots,hate,serious,crash,crisis,panic,risk,no,demand,idiot,complaints,emergency,shortage,low,lower
crude,empty,sc,fears,fucking,kill,killed,infected,pressure,stop,idiots,hate,serious,crash,crisis,panic,risk,no,demand,idiot,complaints,emergency,shortage,low,lower
crude,empty,sc,fears,fucking,kill,killed,infected,pressure,stop,idiots,hate,serious,crash,crisis,panic,risk,no,demand,idiot,complaints,emergency,shortage,low,lower
crude,empty,sc,fears,fucking,kill,killed,infected,pressure,stop,idiots,hate,serious,crash,crisis,panic,risk,no,demand,idiot,complaints,emergency,shortage,low,lower
crude,empty,sc,fears,fucking,kill,killed,infected,pressure,stop,idiots,hate,serious,crash,crisis,panic,risk,no,demand,idiot,complaints,emergency,shortage,low,lower
crude,empty,sc,fears,fucking,kill,killed,infected,pressure,stop,idiots,hate,serious,crash,crisis,panic,risk,no,demand,idiot,complaints,emergency,shortage,low,lower
crude,empty,sc,fears,fucking,kill,killed,infected,pressure,stop,idiots,hate,serious,crash,crisis,panic,risk,no,demand,idiot,complaints,emergency,shortage,low,lower
crude,empty,sc,fears,fucking,kill,killed,infected,pressure,stop,idiots,hate,serious,crash,crisis,panic,risk,no,demand,idiot,complaints,emergency,shortage,low,lower
crude,empty,sc,fears,fucking,kill,killed,infected,pressure,stop,idiots,hate,serious,crash,crisis,panic,risk,no,demand,idiot,complaints,emergency,shortage,low,lower
crude,empty,sc,fears,fucking,kill,killed,infected,pressure,stop,idiots,hate,serious,crash,crisis,panic,risk,no,demand,idiot,complaints,emergency,shortage,low,lower
crude,empty,sc,fears,fucking,kill,killed,infected,pressure,stop,idiots,hate,serious,crash,crisis,panic,risk,no,demand,idiot,complaints,emergency,shortage,low,lower
crude,empty,sc,fears,fucking,kill,killed,infected,pressure,stop,idiots,hate,serious,crash,crisis,panic,risk,no,demand,idiot,complaints,emergency,shortage,low,lower
crude,empty,sc,fears,fucking,kill,killed,infected,pressure,stop,idiots,hate,serious,crash,crisis,panic,risk,no,demand,idiot,complaints,emergency,shortage,low,lower
crude,empty,sc,fears,fucking,kill,killed,infected,pressure,stop,idiots,hate,serious,crash,crisis,panic,risk,no,demand,idiot,complaints,emergency,shortage,low,lower
crude,empty,sc,fears,fucking,kill,killed,infected,pressure,stop,idiots,hate,serious,crash,crisis,panic,risk,no,demand,idiot,complaints,emergency,shortage,low,lower
crude,empty,sc,fears,fucking,kill,killed,infected,pressure,stop,idiots,hate,serious,crash,crisis,panic,risk,no,demand,idiot,complaints,emergency,shortage,low,lower
crude,empty,sc,fears,fucking,kill,killed,infected,pressure,stop,idiots,hate,serious,crash,crisis,panic,risk,no,demand,idiot,complaints,emergency,shortage,low,lower
crude,empty,sc,fears,fucking,kill,killed,infected,pressure,stop,idiots,hate,serious,crash,crisis,panic,risk,no,demand,idiot,complaints,emergency,shortage,low,lower
crude,empty,sc,fears,fucking,kill,killed,infected,pressure,stop,idiots,hate,serious,crash,crisis,panic,risk,no,demand,idiot,complaints,emergency,shortage,low,lower
crude,empty,sc,fears,fucking,kill,killed,infected,pressure,stop,idiots,hate,serious,crash,crisis,panic,risk,no,demand,idiot,complaints,emergency,shortage,low,lower
crude,empty,sc,fears,fucking,kill,killed,infected,pressure,stop,idiots,hate,serious,crash,crisis,panic,risk,no,demand,idiot,complaints,emergency,shortage,low,lower
crude,empty,sc,fears,fucking,kill,killed,infected,pressure,stop,idiots,hate,serious,crash,crisis,panic,risk,no,demand,idiot,complaints,emergency,shortage,low,lower
crude,empty,sc,fears,fucking,kill,killed,infected,pressure,stop,idiots,hate,serious,crash,crisis,panic,risk,no,demand,idiot,complaints,emergency,shortage,low,lower
crude,empty,sc,fears,fucking,kill,killed,infected,pressure,stop,idiots,hate,serious,crash,crisis,panic,risk,no,demand,idiot,complaints,emergency,shortage,low,lower
crude,empty,sc,fears,fucking,kill,killed,infected,pressure,stop,idiots,hate,serious,crash,crisis,panic,risk,no,demand,idiot,complaints,emergency,shortage,low,lower
empty,sc,fears,fucking,kill,killed,infected,pressure,stop,idiots,hate,serious,crash,crisis,panic,risk,arrested,no,demand,idiot,complaints,emergency,shortage,low,lower
empty,sc,fears,fucking,kill,killed,infected,pressure,stop,idiots,hate,serious,crash,crisis,panic,risk,arrested,no,demand,idiot,complaints,emergency,shortage,low,lower
empty,sc,fears,fucking,kill,killed,infected,pressure,stop,idiots,hate,serious,crash,crisis,panic,risk,arrested,no,demand,idiot,complaints,emergency,shortage,low,lower
empty,sc,fears,fucking,kill,killed,infected,pressure,stop,idiots,hate,serious,crash,crisis,panic,risk,arrested,no,demand,idiot,complaints,emergency,shortage,low,lower
empty,sc,fears,fucking,kill,killed,infected,pressure,stop,idiots,hate,serious,crash,crisis,panic,risk,arrested,no,demand,idiot,complaints,emergency,shortage,low,lower
crude,empty,sc,fears,fucking,kill,killed,infected,pressure,stop,idiots,hate,serious,crash,crisis,panic,risk,arrested,no,demand,idiot,complaints,emergency,shortage,low
crude,empty,sc,fears,fucking,kill,killed,infected,pressure,stop,idiots,hate,serious,crash,crisis,panic,risk,arrested,no,demand,idiot,complaints,emergency,shortage,low
crude,empty,sc,fears,fucking,kill,killed,infected,pressure,stop,idiots,hate,serious,crash,crisis,panic,risk,arrested,no,demand,idiot,complaints,emergency,shortage,low
crude,empty,sc,fears,fucking,kill,killed,infected,pressure,stop,idiots,hate,serious,crash,crisis,panic,risk,arrested,no,demand,idiot,complaints,emergency,shortage,low
crude,empty,sc,fears,fucking,kill,killed,infected,pressure,stop,idiots,hate,serious,crash,crisis,panic,risk,arrested,no,demand,idiot,complaints,emergency,shortage,low
crude,empty,sc,fears,fucking,kill,killed,infected,pressure,stop,idiots,hate,serious,crash,crisis,panic,risk,arrested,no,demand,idiot,complaints,emergency,shortage,low
crude,empty,sc,fears,fucking,kill,killed,infected,pressure,stop,idiots,hate,serious,crash,crisis,panic,risk,arrested,no,demand,idiot,complaints,emergency,shortage,low
crude,empty,sc,fears,fucking,kill,killed,infected,pressure,stop,idiots,hate,serious,crash,crisis,panic,risk,arrested,no,demand,idiot,complaints,emergency,shortage,low
crude,empty,sc,fears,fucking,kill,killed,infected,pressure,stop,idiots,hate,serious,crash,crisis,panic,risk,arrested,no,demand,idiot,complaints,emergency,shortage,low
crude,empty,sc,fears,fucking,kill,killed,infected,pressure,stop,idiots,hate,serious,crash,crisis,panic,risk,arrested,no,demand,idiot,complaints,emergency,shortage,low
crude,empty,sc,fears,fucking,kill,killed,infected,pressure,stop,idiots,hate,serious,crash,crisis,panic,risk,arrested,no,demand,idiot,complaints,emergency,shortage,low
crude,empty,sc,fears,fucking,kill,killed,infected,pressure,stop,idiots,hate,serious,crash,crisis,panic,risk,arrested,no,demand,idiot,complaints,emergency,shortage,low
crude,empty,sc,fears,fucking,kill,killed,infected,pressure,stop,idiots,hate,serious,crash,crisis,panic,risk,arrested,no,demand,idiot,complaints,emergency,shortage,low
crude,empty,sc,fears,fucking,kill,killed,infected,pressure,stop,idiots,hate,serious,crash,crisis,panic,risk,arrested,no,demand,idiot,complaints,emergency,shortage,low
crude,empty,sc,fears,fucking,kill,killed,infected,pressure,stop,idiots,hate,serious,crash,crisis,panic,risk,arrested,no,demand,idiot,complaints,emergency,shortage,low
crude,empty,sc,fears,fucking,kill,killed,infected,pressure,stop,idiots,hate,serious,crash,crisis,panic,risk,arrested,no,demand,idiot,complaints,emergency,shortage,low
crude,empty,sc,fears,fucking,kill,killed,infected,pressure,stop,idiots,hate,serious,crash,crisis,panic,risk,arrested,no,demand,idiot,complaints,emergency,shortage,low
crude,empty,sc,fears,fucking,kill,killed,infected,pressure,stop,idiots,hate,serious,crash,crisis,panic,risk,arrested,no,demand,idiot,complaints,emergency,shortage,low
crude,empty,sc,fears,fucking,kill,killed,infected,pressure,stop,idiots,hate,serious,crash,crisis,panic,risk,arrested,no,demand,idiot,complaints,emergency,shortage,low
crude,empty,sc,fears,fucking,kill,killed,infected,pressure,stop,idiots,hate,serious,crash,crisis,panic,risk,arrested,no,demand,idiot,complaints,emergency,shortage,low
crude,empty,sc,fears,fucking,kill,killed,infected,pressure,stop,idiots,hate,serious,crash,crisis,panic,risk,arrested,no,demand,idiot,complaints,emergency,shortage,low
crude,empty,sc,fears,fucking,kill,killed,infected,pressure,stop,idiots,hate,serious,crash,crisis,panic,risk,arrested,no,demand,idiot,complaints,emergency,shortage,low
crude,empty,sc,fears,fucking,kill,killed,infected,pressure,stop,idiots,hate,serious,crash,crisis,panic,risk,arrested,no,demand,idiot,complaints,emergency,shortage,low
crude,empty,sc,fears,shit,fucking,kill,killed,infected,pressure,stop,idiots,serious,crash,crisis,panic,risk,arrested,no,demand,idiot,complaints,emergency,shortage,low
crude,empty,sc,fears,shit,fucking,kill,killed,infected,pressure,stop,idiots,serious,crash,crisis,panic,risk,arrested,no,demand,idiot,complaints,emergency,shortage,low
crude,empty,sc,fears,shit,fucking,kill,killed,infected,pressure,stop,idiots,serious,crash,crisis,panic,risk,arrested,no,demand,idiot,complaints,emergency,shortage,low
crude,empty,sc,fears,shit,fucking,kill,killed,infected,pressure,stop,idiots,serious,crash,crisis,panic,risk,arrested,no,demand,idiot,complaints,emergency,shortage,low
crude,empty,sc,fears,shit,fucking,kill,killed,infected,pressure,stop,idiots,serious,crash,crisis,panic,risk,arrested,no,demand,idiot,complaints,emergency,shortage,low
crude,empty,sc,fears,shit,fucking,kill,killed,infected,pressure,stop,idiots,serious,crash,crisis,panic,risk,arrested,no,demand,idiot,complaints,emergency,shortage,low
crude,empty,sc,fears,shit,fucking,kill,killed,infected,pressure,stop,idiots,serious,crash,crisis,panic,risk,arrested,no,demand,idiot,complaints,emergency,shortage,low
crude,empty,sc,fears,shit,fucking,kill,killed,infected,pressure,stop,idiots,serious,crash,crisis,panic,risk,arrested,no,demand,idiot,complaints,emergency,shortage,low
crude,empty,sc,fears,shit,fucking,kill,killed,infected,pressure,stop,idiots,serious,crash,crisis,panic,risk,arrested,no,demand,idiot,complaints,emergency,shortage,low
crude,empty,sc,fears,shit,fucking,kill,killed,infected,pressure,stop,idiots,serious,crash,crisis,panic,risk,arrested,no,demand,idiot,complaints,emergency,shortage,low
crude,empty,sc,fears,shit,fucking,kill,killed,infected,pressure,stop,idiots,serious,crash,crisis,panic,risk,arrested,no,demand,idiot,complaints,emergency,shortage,low
crude,empty,sc,fears,shit,fucking,kill,killed,infected,pressure,stop,idiots,serious,crash,crisis,panic,risk,arrested,no,demand,idiot,complaints,emergency,shortage,low
crude,empty,sc,fears,shit,fucking,kill,killed,infected,pressure,stop,idiots,serious,crash,crisis,panic,risk,arrested,no,demand,idiot,complaints,emergency,shortage,low
crude,empty,sc,fears,shit,fucking,kill,killed,infected,pressure,stop,idiots,serious,crash,crisis,panic,risk,arrested,no,demand,idiot,complaints,emergency,shortage,low
crude,empty,sc,fears,shit,fucking,kill,killed,infected,pressure,stop,idiots,serious,crash,crisis,panic,risk,arrested,no,demand,idiot,complaints,emergency,shortage,low
crude,empty,sc,fears,shit,fucking,kill,killed,infected,pressure,stop,idiots,serious,crash,crisis,panic,risk,arrested,no,demand,idiot,complaints,emergency,shortage,low
crude,empty,sc,fears,shit,fucking,kill,killed,infected,pressure,stop,idiots,serious,crash,crisis,panic,risk,arrested,no,demand,idiot,complaints,emergency,shortage,low
crude,empty,sc,fears,shit,fucking,kill,killed,infected,pressure,stop,idiots,serious,crash,crisis,panic,risk,arrested,no,demand,idiot,complaints,emergency,shortage,low
crude,empty,sc,fears,shit,fucking,kill,killed,infected,pressure,stop,idiots,serious,crash,crisis,panic,risk,arrested,no,demand,idiot,complaints,emergency,shortage,low
crude,empty,sc,fears,shit,fucking,kill,killed,infected,pressure,stop,idiots,serious,crash,crisis,panic,risk,arrested,no,demand,idiot,complaints,emergency,shortage,low
crude,empty,sc,fears,shit,fucking,kill,killed,infected,pressure,stop,idiots,serious,crash,crisis,panic,risk,arrested,no,demand,idiot,complaints,emergency,shortage,low
crude,empty,sc,fears,shit,fucking,kill,killed,infected,pressure,stop,idiots,serious,crash,crisis,panic,risk,arrested,no,demand,idiot,complaints,emergency,shortage,low
crude,empty,sc,fears,shit,fucking,kill,killed,infected,pressure,stop,idiots,serious,crash,crisis,panic,risk,arrested,no,demand,idiot,complaints,emergency,shortage,low
crude,empty,sc,fears,shit,fucking,kill,killed,infected,pressure,stop,idiots,serious,crash,crisis,panic,risk,arrested,no,demand,idiot,complaints,emergency,shortage,low
crude,empty,sc,fears,shit,fucking,kill,killed,infected,pressure,stop,idiots,serious,crash,crisis,panic,collapse,risk,arrested,no,demand,idiot,emergency,shortage,low
crude,empty,sc,fears,shit,fucking,kill,killed,infected,pressure,stop,idiots,serious,crash,crisis,panic,collapse,risk,arrested,no,demand,idiot,emergency,shortage,low
crude,empty,sc,fears,shit,fucking,kill,killed,infected,pressure,stop,idiots,serious,crash,crisis,panic,collapse,risk,arrested,no,demand,idiot,emergency,shortage,low
crude,empty,sc,fears,shit,fucking,kill,killed,infected,pressure,stop,idiots,serious,crash,crisis,panic,collapse,risk,arrested,no,demand,idiot,emergency,shortage,low
crude,empty,sc,fears,shit,fucking,kill,killed,infected,pressure,stop,idiots,serious,crash,crisis,panic,collapse,risk,arrested,no,demand,idiot,emergency,shortage,low
crude,empty,sc,fears,shit,fucking,kill,killed,infected,pressure,stop,idiots,serious,crash,crisis,panic,collapse,risk,arrested,no,demand,idiot,emergency,shortage,low
crude,empty,sc,fears,shit,fucking,kill,killed,infected,pressure,stop,idiots,serious,crash,crisis,panic,collapse,risk,arrested,no,demand,idiot,emergency,shortage,low
crude,empty,sc,fears,shit,fucking,kill,killed,infected,pressure,stop,idiots,serious,crash,crisis,panic,collapse,risk,arrested,no,demand,idiot,emergency,shortage,low
crude,empty,sc,fears,shit,fucking,kill,killed,infected,pressure,stop,idiots,serious,crash,crisis,panic,collapse,risk,arrested,no,demand,idiot,emergency,shortage,low
crude,empty,sc,fears,shit,fucking,kill,killed,infected,pressure,stop,idiots,serious,crash,crisis,panic,collapse,risk,arrested,no,demand,idiot,emergency,shortage,low
crude,empty,sc,fears,shit,fucking,kill,killed,infected,pressure,stop,idiots,serious,crash,crisis,panic,collapse,risk,arrested,no,demand,idiot,emergency,shortage,low
crude,empty,sc,fears,shit,fucking,kill,killed,infected,pressure,stop,idiots,serious,crash,crisis,panic,collapse,risk,arrested,no,demand,idiot,emergency,shortage,low
crude,empty,sc,fears,shit,fucking,kill,killed,infected,pressure,stop,idiots,serious,crash,crisis,panic,collapse,risk,arrested,no,demand,idiot,emergency,shortage,low
crude,empty,sc,fears,shit,fucking,kill,killed,infected,pressure,stop,idiots,serious,crash,crisis,panic,collapse,risk,arrested,no,demand,idiot,emergency,shortage,low
crude,empty,sc,fears,shit,fucking,kill,killed,infected,pressure,stop,idiots,serious,crash,crisis,panic,collapse,risk,arrested,no,demand,idiot,emergency,shortage,low
crude,empty,sc,fears,shit,fucking,kill,killed,infected,pressure,stop,idiots,serious,crash,crisis,panic,collapse,risk,arrested,no,demand,idiot,emergency,shortage,low
crude,empty,sc,fears,shit,fucking,kill,killed,infected,pressure,stop,idiots,serious,crash,crisis,panic,collapse,risk,arrested,no,demand,idiot,emergency,shortage,low
crude,empty,sc,fears,shit,fucking,kill,killed,infected,pressure,stop,idiots,serious,crash,crisis,panic,collapse,risk,arrested,no,demand,idiot,emergency,shortage,low
crude,empty,sc,fears,shit,fucking,kill,killed,infected,pressure,stop,idiots,serious,crash,crisis,panic,collapse,risk,arrested,no,demand,idiot,emergency,shortage,low
crude,empty,sc,fears,shit,fucking,kill,killed,infected,pressure,stop,idiots,serious,crash,crisis,panic,collapse,risk,arrested,no,demand,idiot,emergency,shortage,low
crude,empty,sc,fears,shit,fucking,kill,killed,infected,pressure,stop,idiots,serious,crash,crisis,panic,collapse,risk,arrested,no,demand,idiot,emergency,shortage,low
crude,empty,sc,fears,shit,fucking,kill,killed,infected,pressure,stop,idiots,serious,crash,crisis,panic,collapse,risk,arrested,no,demand,idiot,emergency,shortage,low
crude,empty,sc,fears,shit,fucking,kill,killed,infected,pressure,stop,idiots,serious,crash,crisis,panic,collapse,risk,arrested,no,demand,idiot,emergency,shortage,low
crude,empty,sc,fears,shit,fucking,kill,killed,infected,pressure,stop,idiots,serious,crash,crisis,panic,collapse,risk,arrested,no,demand,idiot,emergency,shortage,low
crude,empty,sc,fears,shit,fucking,kill,killed,infected,pressure,stop,idiots,serious,crash,crisis,panic,collapse,risk,arrested,no,demand,idiot,emergency,shortage,low
crude,empty,sc,fears,shit,fucking,kill,killed,infected,pressure,stop,idiots,serious,crash,crisis,panic,collapse,risk,arrested,no,demand,idiot,emergency,shortage,low
crude,empty,sc,fears,shit,fucking,kill,killed,infected,pressure,stop,idiots,serious,crash,crisis,panic,collapse,risk,arrested,no,demand,idiot,emergency,shortage,low
crude,empty,sc,fears,shit,fucking,kill,killed,infected,pressure,stop,idiots,serious,crash,crisis,panic,collapse,risk,arrested,no,demand,idiot,emergency,shortage,low
crude,empty,sc,fears,shit,fucking,kill,killed,infected,pressure,stop,idiots,serious,crash,crisis,panic,collapse,risk,arrested,no,demand,idiot,emergency,shortage,low
crude,empty,sc,fears,shit,fucking,kill,killed,infected,pressure,stop,idiots,serious,crash,crisis,panic,collapse,risk,arrested,no,demand,idiot,emergency,shortage,low
crude,empty,sc,fears,fucking,kill,killed,infected,pressure,stop,idiots,serious,crash,crisis,panic,collapse,risk,arrested,no,demand,idiot,emergency,shortage,low,war
crude,empty,sc,fears,fucking,kill,killed,infected,pressure,stop,idiots,serious,crash,crisis,panic,collapse,risk,arrested,no,demand,idiot,emergency,shortage,low,war
crude,empty,sc,fears,fucking,kill,killed,infected,pressure,stop,idiots,serious,crash,crisis,panic,collapse,risk,arrested,no,demand,idiot,emergency,shortage,low,war
crude,empty,sc,fears,fucking,kill,killed,infected,pressure,stop,idiots,serious,crash,crisis,panic,collapse,risk,arrested,no,demand,idiot,emergency,shortage,low,war
crude,empty,sc,fears,fucking,kill,killed,infected,pressure,stop,idiots,serious,crash,crisis,panic,collapse,risk,arrested,no,demand,idiot,emergency,shortage,low,war
crude,empty,sc,fears,fucking,kill,killed,infected,pressure,stop,idiots,serious,crash,crisis,panic,collapse,risk,arrested,no,demand,idiot,emergency,shortage,low,war
crude,empty,sc,fears,fucking,kill,killed,infected,pressure,stop,idiots,serious,crash,crisis,panic,collapse,risk,arrested,no,demand,idiot,emergency,shortage,low,war
crude,empty,sc,fears,fucking,kill,killed,infected,pressure,stop,idiots,serious,crash,crisis,panic,collapse,risk,arrested,no,demand,idiot,emergency,shortage,low,war
crude,empty,sc,fears,fucking,kill,killed,infected,pressure,stop,idiots,serious,crash,crisis,panic,collapse,risk,arrested,no,demand,idiot,emergency,shortage,low,war
crude,empty,sc,fears,fucking,kill,killed,infected,pressure,stop,idiots,serious,crash,crisis,panic,collapse,risk,arrested,no,demand,idiot,emergency,shortage,low,war
crude,empty,sc,fears,fucking,kill,killed,infected,pressure,stop,idiots,serious,crash,crisis,panic,collapse,risk,arrested,no,demand,idiot,emergency,shortage,low,war
crude,empty,sc,fears,fucking,kill,killed,infected,pressure,stop,idiots,serious,crash,crisis,panic,collapse,risk,arrested,no,demand,idiot,emergency,shortage,low,war
crude,empty,sc,fears,fucking,kill,killed,infected,pressure,stop,idiots,serious,crash,crisis,panic,collapse,risk,arrested,no,demand,idiot,emergency,shortage,low,war
crude,empty,sc,fears,fucking,kill,killed,infected,pressure,stop,idiots,serious,crash,crisis,panic,collapse,risk,arrested,no,demand,idiot,emergency,shortage,low,war
crude,empty,sc,fears,fucking,kill,killed,infected,pressure,stop,idiots,serious,crash,crisis,panic,collapse,risk,arrested,no,demand,idiot,emergency,shortage,low,war
crude,empty,sc,fears,fucking,kill,killed,infected,pressure,stop,idiots,serious,crash,crisis,panic,collapse,risk,arrested,no,demand,idiot,emergency,shortage,low,war
crude,empty,sc,fears,fucking,kill,killed,infected,pressure,stop,idiots,serious,crash,crisis,panic,collapse,risk,arrested,no,demand,idiot,emergency,shortage,low,war
crude,empty,sc,fears,fucking,kill,killed,infected,pressure,stop,idiots,serious,crash,crisis,panic,collapse,risk,arrested,no,demand,idiot,emergency,shortage,low,war
crude,empty,sc,fears,fucking,kill,killed,infected,pressure,stop,idiots,serious,crash,crisis,panic,collapse,risk,arrested,no,demand,idiot,emergency,shortage,low,war
crude,empty,sc,fears,fucking,kill,killed,infected,pressure,stop,idiots,serious,crash,crisis,panic,collapse,risk,arrested,no,demand,idiot,emergency,shortage,low,war
crude,empty,sc,fears,fucking,kill,killed,infected,pressure,stop,idiots,serious,crash,crisis,panic,collapse,risk,arrested,no,demand,idiot,emergency,shortage,low,war
crude,empty,sc,fears,fucking,kill,killed,infected,pressure,stop,idiots,serious,crash,crisis,panic,collapse,risk,arrested,no,demand,idiot,emergency,shortage,low,war
crude,empty,sc,fears,fucking,kill,killed,infected,pressure,stop,idiots,serious,crash,crisis,panic,collapse,risk,arrested,no,demand,idiot,emergency,shortage,low,war
crude,empty,sc,fears,fucking,kill,killed,infected,pressure,stop,idiots,serious,crash,crisis,panic,collapse,risk,arrested,no,demand,idiot,emergency,shortage,low,war
crude,empty,sc,fears,fucking,kill,killed,infected,pressure,stop,idiots,serious,crash,crisis,panic,collapse,risk,arrested,no,demand,idiot,emergency,shortage,low,war
crude,empty,sc,fears,fucking,kill,killed,infected,pressure,stop,idiots,serious,crash,crisis,panic,collapse,risk,arrested,no,demand,idiot,emergency,shortage,low,war
crude,empty,sc,fears,fucking,kill,killed,infected,pressure,stop,idiots,serious,crash,crisis,panic,collapse,risk,arrested,no,demand,idiot,emergency,shortage,low,war
crude,empty,sc,fears,fucking,kill,killed,infected,pressure,stop,idiots,serious,crash,crisis,panic,collapse,risk,arrested,no,demand,idiot,emergency,shortage,low,war
crude,empty,sc,fears,fucking,kill,killed,infected,pressure,stop,idiots,serious,crash,crisis,panic,collapse,risk,arrested,no,demand,idiot,emergency,shortage,low,war
crude,empty,sc,fears,fucking,kill,killed,infected,pressure,stop,idiots,serious,crash,crisis,panic,collapse,risk,arrested,no,demand,idiot,emergency,shortage,low,war
crude,empty,sc,fears,fucking,kill,killed,infected,pressure,stop,idiots,serious,crash,crisis,panic,collapse,risk,arrested,no,demand,idiot,emergency,shortage,low,war
crude,empty,sc,fears,fucking,kill,killed,infected,pressure,stop,idiots,serious,crash,crisis,panic,collapse,risk,arrested,no,demand,idiot,emergency,shortage,low,war
crude,empty,sc,fears,fucking,kill,killed,infected,pressure,stop,idiots,serious,crash,crisis,panic,collapse,risk,arrested,no,demand,idiot,emergency,shortage,low,war
crude,empty,sc,fears,fucking,kill,killed,infected,pressure,stop,idiots,serious,crash,crisis,panic,collapse,risk,arrested,no,demand,idiot,emergency,shortage,low,war
crude,empty,sc,fears,fucking,kill,killed,infected,pressure,stop,idiots,serious,crash,crisis,panic,collapse,risk,arrested,no,demand,idiot,emergency,shortage,low,war
crude,empty,sc,fears,fucking,kill,killed,infected,pressure,stop,idiots,serious,crash,crisis,panic,collapse,risk,arrested,no,demand,idiot,emergency,shortage,low,war
crude,empty,sc,fears,fucking,kill,killed,infected,pressure,stop,idiots,serious,crash,crisis,panic,collapse,risk,arrested,no,demand,idiot,emergency,shortage,low,war
crude,empty,sc,fears,fucking,kill,killed,infected,pressure,stop,idiots,crash,crisis,panic,collapse,risk,arrested,no,demand,idiot,complaints,emergency,shortage,low,war
crude,empty,sc,fears,fucking,kill,killed,infected,pressure,stop,idiots,crash,crisis,panic,collapse,risk,arrested,no,demand,idiot,complaints,emergency,shortage,low,war
crude,empty,sc,fears,fucking,kill,killed,infected,pressure,stop,idiots,crash,crisis,panic,collapse,risk,arrested,no,demand,idiot,complaints,emergency,shortage,low,war
crude,empty,sc,fears,fucking,kill,killed,infected,pressure,stop,idiots,crash,crisis,panic,collapse,risk,arrested,no,demand,idiot,complaints,emergency,shortage,low,war
crude,empty,sc,fears,fucking,kill,killed,infected,pressure,stop,idiots,crash,crisis,panic,collapse,risk,arrested,no,demand,idiot,complaints,emergency,shortage,low,war
crude,empty,sc,fears,fucking,kill,killed,infected,pressure,stop,idiots,crash,crisis,panic,collapse,risk,arrested,no,demand,idiot,complaints,emergency,shortage,low,war
crude,empty,sc,fears,fucking,kill,killed,infected,pressure,stop,idiots,crash,crisis,panic,collapse,risk,arrested,no,demand,idiot,complaints,emergency,shortage,low,war
crude,empty,sc,fears,fucking,kill,killed,infected,pressure,stop,idiots,crash,crisis,panic,collapse,risk,arrested,no,demand,idiot,complaints,emergency,shortage,low,war
crude,empty,sc,fears,fucking,kill,killed,infected,pressure,stop,idiots,crash,crisis,panic,collapse,risk,arrested,no,demand,idiot,complaints,emergency,shortage,low,war
crude,empty,sc,fears,fucking,kill,killed,infected,pressure,stop,idiots,crash,crisis,panic,collapse,risk,arrested,no,demand,idiot,complaints,emergency,shortage,low,war
crude,empty,sc,fears,fucking,kill,killed,infected,pressure,stop,idiots,crash,crisis,panic,collapse,risk,arrested,no,demand,idiot,complaints,emergency,shortage,low,war
crude,empty,sc,fears,fucking,kill,killed,infected,pressure,stop,idiots,crash,crisis,panic,collapse,risk,arrested,no,demand,idiot,complaints,emergency,shortage,low,war
crude,empty,sc,fears,fucking,kill,killed,infected,pressure,stop,idiots,crash,crisis,panic,collapse,risk,arrested,no,demand,idiot,complaints,emergency,shortage,low,war
crude,empty,sc,fears,fucking,kill,killed,infected,pressure,stop,idiots,crash,crisis,panic,collapse,risk,arrested,no,demand,idiot,complaints,emergency,shortage,low,war
crude,empty,sc,fears,fucking,kill,killed,infected,pressure,stop,idiots,crash,crisis,panic,collapse,risk,arrested,no,demand,idiot,complaints,emergency,shortage,low,war
crude,empty,sc,fears,fucking,kill,killed,infected,pressure,stop,idiots,crash,crisis,panic,collapse,risk,arrested,no,demand,idiot,complaints,emergency,shortage,low,war
crude,empty,sc,fears,fucking,kill,killed,infected,pressure,stop,idiots,crash,crisis,panic,collapse,risk,arrested,no,demand,idiot,complaints,emergency,shortage,low,war
crude,empty,sc,fears,fucking,kill,killed,infected,pressure,stop,idiots,crash,crisis,panic,collapse,risk,arrested,no,demand,idiot,complaints,emergency,shortage,low,war
crude,empty,sc,fears,fucking,kill,killed,infected,pressure,stop,idiots,crash,crisis,panic,collapse,risk,arrested,no,demand,idiot,complaints,emergency,shortage,low,war
crude,empty,sc,fears,fucking,kill,killed,infected,pressure,stop,idiots,crash,crisis,panic,collapse,risk,arrested,no,demand,idiot,complaints,emergency,shortage,low,war
crude,empty,sc,fears,fucking,kill,killed,infected,pressure,stop,idiots,crash,crisis,panic,collapse,risk,arrested,no,demand,idiot,complaints,emergency,shortage,low,war
crude,empty,sc,fears,fucking,kill,killed,infected,pressure,stop,idiots,crash,crisis,panic,collapse,risk,arrested,no,demand,idiot,complaints,emergency,shortage,low,war
crude,empty,sc,fears,fucking,kill,killed,infected,pressure,stop,idiots,crash,crisis,panic,collapse,risk,arrested,no,demand,idiot,complaints,emergency,shortage,low,war
crude,empty,sc,fears,fucking,kill,killed,infected,pressure,stop,idiots,crash,crisis,panic,collapse,risk,arrested,no,demand,idiot,complaints,emergency,shortage,low,war
crude,empty,sc,fears,fucking,kill,killed,infected,pressure,stop,idiots,crash,crisis,panic,collapse,risk,arrested,no,demand,idiot,complaints,emergency,shortage,low,war
crude,empty,sc,fears,fucking,kill,killed,infected,pressure,stop,idiots,crash,crisis,panic,collapse,risk,arrested,no,demand,idiot,complaints,emergency,shortage,low,war
crude,empty,sc,fears,fucking,kill,killed,infected,pressure,stop,idiots,crash,crisis,panic,collapse,risk,arrested,no,demand,idiot,complaints,emergency,shortage,low,war
crude,empty,sc,fears,fucking,kill,killed,infected,pressure,stop,idiots,crash,crisis,panic,collapse,risk,arrested,no,demand,idiot,complaints,emergency,shortage,low,war
crude,empty,sc,fears,fucking,kill,killed,infected,pressure,stop,idiots,crash,crisis,panic,collapse,risk,arrested,no,demand,idiot,complaints,emergency,shortage,low,war
crude,empty,sc,fears,fucking,kill,killed,infected,pressure,stop,idiots,crash,crisis,panic,collapse,risk,arrested,no,demand,idiot,complaints,emergency,shortage,low,war
crude,empty,threat,sc,fears,fucking,kill,killed,infected,pressure,stop,idiots,crash,crisis,panic,collapse,risk,arrested,no,demand,idiot,emergency,shortage,low,war
crude,empty,threat,sc,fears,fucking,kill,killed,infected,pressure,stop,idiots,crash,crisis,panic,collapse,risk,arrested,no,demand,idiot,emergency,shortage,low,war
crude,empty,threat,sc,fears,fucking,kill,killed,infected,pressure,stop,idiots,crash,crisis,panic,collapse,risk,arrested,no,demand,idiot,emergency,shortage,low,war
crude,empty,threat,sc,fears,fucking,kill,killed,infected,pressure,stop,idiots,crash,crisis,panic,collapse,risk,arrested,no,demand,idiot,emergency,shortage,low,war
crude,empty,threat,sc,fears,fucking,kill,killed,infected,pressure,stop,idiots,crash,crisis,panic,collapse,risk,arrested,no,demand,idiot,emergency,shortage,low,war
crude,empty,threat,sc,fears,fucking,kill,killed,infected,pressure,stop,idiots,crash,crisis,panic,collapse,risk,arrested,no,demand,idiot,emergency,shortage,low,war
crude,empty,threat,sc,fears,fucking,kill,killed,infected,pressure,stop,idiots,crash,crisis,panic,collapse,risk,arrested,no,demand,idiot,emergency,shortage,low,war
crude,empty,threat,sc,fears,fucking,kill,killed,infected,pressure,stop,idiots,crash,crisis,panic,collapse,risk,arrested,no,demand,idiot,emergency,shortage,low,war
crude,empty,threat,sc,fears,fucking,kill,killed,infected,pressure,stop,idiots,crash,crisis,panic,collapse,risk,arrested,no,demand,idiot,emergency,shortage,low,war
crude,empty,threat,sc,fears,fucking,kill,killed,infected,pressure,stop,idiots,crash,crisis,panic,collapse,risk,arrested,no,demand,idiot,emergency,shortage,low,war
crude,empty,threat,sc,fears,fucking,kill,killed,infected,pressure,stop,idiots,crash,crisis,panic,collapse,risk,arrested,no,demand,idiot,emergency,shortage,low,war
crude,empty,threat,sc,fears,fucking,kill,killed,infected,pressure,stop,idiots,crash,crisis,panic,collapse,risk,arrested,no,demand,idiot,emergency,shortage,low,war
crude,empty,threat,sc,fears,fucking,kill,killed,infected,pressure,stop,idiots,crash,crisis,panic,collapse,risk,arrested,no,demand,idiot,emergency,shortage,low,war
crude,empty,threat,sc,fears,fucking,kill,killed,infected,pressure,stop,idiots,crash,crisis,panic,collapse,risk,arrested,no,demand,idiot,emergency,shortage,low,war
crude,empty,threat,sc,fears,fucking,kill,killed,infected,pressure,stop,idiots,crash,crisis,panic,collapse,risk,arrested,no,demand,idiot,emergency,shortage,low,war
crude,empty,threat,sc,fears,fucking,kill,killed,infected,pressure,stop,idiots,crash,crisis,panic,collapse,risk,arrested,no,demand,idiot,emergency,shortage,low,war
crude,empty,threat,sc,fears,fucking,kill,killed,infected,pressure,stop,idiots,crash,crisis,panic,collapse,risk,arrested,no,demand,idiot,emergency,shortage,low,war
crude,empty,threat,sc,fears,fucking,kill,killed,infected,pressure,stop,idiots,crash,crisis,panic,collapse,risk,arrested,no,demand,idiot,emergency,shortage,low,war
crude,empty,threat,sc,fears,fucking,kill,killed,infected,pressure,stop,idiots,crash,crisis,panic,collapse,risk,arrested,no,demand,idiot,emergency,shortage,low,war
crude,empty,threat,sc,fears,fucking,kill,killed,infected,pressure,stop,idiots,fight,crisis,panic,collapse,risk,arrested,no,demand,idiot,emergency,shortage,low,war
crude,empty,threat,sc,fears,fucking,kill,killed,infected,pressure,stop,idiots,fight,crisis,panic,collapse,risk,arrested,no,demand,idiot,emergency,shortage,low,war
crude,empty,threat,sc,fears,fucking,kill,killed,infected,pressure,stop,idiots,fight,crisis,panic,collapse,risk,arrested,no,demand,idiot,emergency,shortage,low,war
crude,empty,threat,sc,fears,fucking,kill,killed,infected,pressure,stop,idiots,fight,crisis,panic,collapse,risk,arrested,no,demand,idiot,emergency,shortage,low,war
crude,empty,threat,sc,fears,fucking,kill,killed,infected,pressure,stop,idiots,fight,crisis,panic,collapse,risk,arrested,no,demand,idiot,emergency,shortage,low,war
crude,empty,threat,sc,fears,fucking,kill,killed,infected,pressure,stop,idiots,fight,crisis,panic,collapse,risk,arrested,no,demand,idiot,emergency,shortage,low,war
crude,empty,threat,sc,fears,fucking,kill,killed,infected,pressure,stop,idiots,fight,crisis,panic,collapse,risk,arrested,no,demand,idiot,emergency,shortage,low,war
crude,empty,threat,sc,fears,fucking,kill,killed,infected,pressure,stop,idiots,fight,crisis,panic,collapse,risk,arrested,no,demand,idiot,emergency,shortage,low,war
crude,empty,threat,sc,fears,fucking,kill,killed,infected,pressure,stop,idiots,fight,crisis,panic,collapse,risk,arrested,no,demand,idiot,emergency,shortage,low,war
crude,empty,threat,sc,fears,fucking,kill,killed,infected,pressure,stop,idiots,fight,crisis,panic,collapse,risk,arrested,no,demand,idiot,emergency,shortage,low,war
crude,empty,threat,sc,fears,fucking,kill,killed,infected,pressure,stop,idiots,fight,crisis,panic,collapse,risk,arrested,no,demand,idiot,emergency,shortage,low,war
crude,empty,threat,sc,fears,fucking,kill,killed,infected,pressure,stop,idiots,fight,crisis,panic,collapse,risk,arrested,no,demand,idiot,emergency,shortage,low,war
crude,empty,threat,sc,fears,fucking,kill,killed,infected,pressure,stop,idiots,fight,crisis,panic,collapse,risk,arrested,no,demand,idiot,emergency,shortage,low,war
crude,empty,threat,sc,fears,fucking,kill,killed,infected,pressure,stop,idiots,fight,crisis,panic,collapse,risk,arrested,no,demand,idiot,emergency,shortage,low,war
crude,empty,threat,sc,fears,fucking,kill,killed,infected,pressure,stop,idiots,fight,crisis,panic,collapse,risk,arrested,no,demand,idiot,emergency,shortage,low,war
crude,empty,threat,sc,fears,fucking,kill,killed,infected,pressure,stop,idiots,fight,crisis,panic,collapse,risk,arrested,no,demand,idiot,emergency,shortage,low,war
crude,empty,threat,sc,fears,fucking,kill,killed,infected,pressure,stop,idiots,fight,crisis,panic,collapse,risk,arrested,no,demand,idiot,emergency,shortage,low,war
crude,empty,threat,sc,fears,fucking,kill,killed,infected,pressure,stop,idiots,fight,crisis,panic,collapse,risk,arrested,no,demand,idiot,emergency,shortage,low,war
crude,empty,threat,sc,fears,fucking,kill,killed,infected,pressure,stop,idiots,fight,crisis,panic,collapse,risk,arrested,no,demand,idiot,emergency,shortage,low,war
crude,empty,threat,sc,fears,fucking,kill,killed,infected,pressure,stop,idiots,fight,crisis,panic,collapse,risk,arrested,no,demand,idiot,emergency,shortage,low,war
crude,empty,threat,sc,fears,fucking,kill,killed,infected,pressure,stop,idiots,fight,crisis,panic,collapse,risk,arrested,no,demand,idiot,emergency,shortage,low,war
crude,empty,threat,sc,fears,fucking,kill,killed,infected,pressure,stop,idiots,fight,crisis,panic,collapse,risk,arrested,no,demand,idiot,emergency,shortage,low,war
crude,empty,threat,sc,fears,fucking,kill,killed,infected,pressure,stop,idiots,fight,crisis,panic,collapse,risk,arrested,no,demand,idiot,emergency,shortage,low,war
crude,empty,threat,sc,fears,fucking,kill,killed,infected,pressure,stop,idiots,fight,crisis,panic,collapse,risk,arrested,no,demand,idiot,emergency,shortage,low,war
crude,empty,threat,sc,fears,fucking,kill,killed,infected,pressure,stop,idiots,fight,crisis,panic,collapse,risk,arrested,no,demand,idiot,emergency,shortage,low,war
crude,empty,threat,sc,fears,fucking,kill,killed,infected,pressure,stop,idiots,fight,crisis,panic,collapse,risk,arrested,no,demand,idiot,emergency,shortage,low,war
crude,empty,threat,sc,fears,fucking,kill,killed,infected,pressure,stop,idiots,fight,crisis,panic,collapse,risk,arrested,no,demand,idiot,emergency,shortage,low,war
crude,empty,threat,sc,fears,fucking,kill,killed,infected,pressure,stop,idiots,fight,crisis,panic,collapse,risk,arrested,no,demand,idiot,emergency,shortage,low,war
crude,empty,threat,sc,fears,fucking,kill,killed,infected,pressure,stop,idiots,fight,crisis,panic,collapse,risk,arrested,no,demand,idiot,emergency,shortage,low,war
crude,empty,threat,sc,fears,fucking,kill,killed,infected,pressure,stop,idiots,fight,crisis,panic,collapse,risk,arrested,no,demand,idiot,emergency,shortage,low,war
crude,empty,threat,sc,fears,fucking,kill,killed,infected,pressure,stop,idiots,fight,crisis,panic,collapse,risk,arrested,no,demand,idiot,emergency,shortage,low,war
crude,empty,threat,sc,fears,fucking,kill,killed,infected,pressure,stop,idiots,fight,crisis,panic,collapse,risk,arrested,no,demand,idiot,emergency,shortage,low,war
crude,empty,threat,sc,fears,fucking,kill,killed,infected,pressure,stop,idiots,fight,crisis,panic,collapse,risk,arrested,no,demand,idiot,emergency,shortage,low,war
crude,empty,threat,sc,fears,fucking,kill,killed,infected,pressure,stop,idiots,fight,crisis,panic,collapse,risk,arrested,no,demand,idiot,emergency,shortage,low,war
crude,empty,threat,sc,fears,fucking,kill,killed,infected,pressure,stop,idiots,fight,crisis,panic,collapse,risk,arrested,no,demand,idiot,emergency,shortage,low,war
crude,empty,threat,sc,fears,fucking,kill,killed,infected,pressure,stop,idiots,fight,crisis,panic,collapse,risk,arrested,no,demand,idiot,emergency,shortage,low,war
crude,empty,threat,sc,fears,fucking,kill,killed,infected,pressure,stop,idiots,fight,crisis,panic,collapse,risk,arrested,no,demand,idiot,emergency,shortage,low,war
crude,empty,threat,sc,fears,fucking,kill,killed,infected,pressure,stop,idiots,fight,crisis,panic,collapse,risk,arrested,no,demand,idiot,emergency,shortage,low,war
crude,empty,threat,sc,fears,fucking,kill,killed,infected,pressure,stop,idiots,fight,crisis,panic,collapse,risk,arrested,no,demand,idiot,emergency,shortage,low,war
crude,empty,threat,sc,fears,fucking,kill,killed,infected,pressure,stop,idiots,fight,crisis,panic,collapse,risk,arrested,no,demand,idiot,emergency,shortage,low,war
crude,empty,threat,sc,fears,fucking,kill,killed,infected,pressure,stop,idiots,fight,crisis,panic,collapse,risk,arrested,no,demand,idiot,emergency,shortage,low,war
crude,empty,threat,sc,fears,fucking,kill,killed,infected,pressure,stop,idiots,fight,crisis,panic,collapse,risk,arrested,no,demand,idiot,emergency,shortage,low,war
crude,empty,threat,sc,fears,fucking,kill,killed,infected,pressure,stop,idiots,fight,crisis,panic,collapse,risk,arrested,no,demand,idiot,emergency,shortage,low,war
crude,empty,threat,sc,fears,fucking,kill,killed,infected,pressure,stop,idiots,fight,crisis,panic,collapse,risk,arrested,no,demand,idiot,emergency,shortage,low,war
crude,empty,threat,sc,fears,fucking,kill,killed,infected,pressure,stop,idiots,fight,crisis,panic,collapse,risk,arrested,no,demand,idiot,emergency,shortage,low,war
crude,empty,threat,sc,fears,fucking,kill,killed,infected,pressure,stop,idiots,fight,crisis,panic,collapse,risk,arrested,no,demand,idiot,emergency,shortage,low,war
crude,empty,threat,sc,fears,fucking,kill,killed,infected,pressure,stop,idiots,fight,crisis,panic,collapse,risk,arrested,no,demand,idiot,emergency,shortage,low,war
crude,empty,threat,sc,fears,fucking,kill,killed,infected,pressure,stop,idiots,fight,crisis,panic,collapse,risk,arrested,no,demand,idiot,emergency,shortage,low,war
crude,empty,threat,sc,fears,fucking,kill,killed,infected,pressure,stop,idiots,fight,crisis,panic,collapse,risk,arrested,no,demand,idiot,emergency,shortage,low,war
crude,empty,threat,sc,fears,fucking,kill,killed,infected,pressure,stop,idiots,fight,crisis,panic,collapse,risk,arrested,no,demand,idiot,emergency,shortage,low,war
crude,empty,threat,sc,fears,fucking,kill,killed,infected,pressure,stop,idiots,fight,crisis,panic,collapse,risk,arrested,no,demand,idiot,emergency,shortage,low,war
crude,empty,threat,sc,fears,fucking,kill,killed,infected,pressure,stop,idiots,fight,crisis,panic,collapse,risk,arrested,no,demand,idiot,emergency,shortage,low,war
crude,empty,threat,sc,fears,fucking,kill,killed,infected,pressure,stop,idiots,fight,crisis,panic,collapse,risk,arrested,no,demand,idiot,emergency,shortage,low,war
crude,empty,threat,sc,fears,fucking,kill,killed,infected,pressure,stop,idiots,fight,crisis,panic,collapse,risk,arrested,no,demand,idiot,emergency,shortage,low,war
crude,empty,threat,sc,fears,fucking,kill,killed,infected,pressure,stop,idiots,fight,crisis,panic,collapse,risk,arrested,no,demand,idiot,emergency,shortage,low,war
crude,empty,threat,sc,fears,fucking,kill,killed,infected,pressure,stop,idiots,fight,crisis,panic,collapse,risk,arrested,no,demand,idiot,emergency,shortage,low,war
crude,empty,threat,sc,fears,fucking,kill,killed,infected,pressure,stop,idiots,fight,crisis,panic,collapse,risk,arrested,no,demand,idiot,emergency,shortage,low,war
crude,empty,recession,sc,fears,fucking,kill,killed,infected,pressure,stop,idiots,fight,crisis,panic,collapse,risk,arrested,no,demand,idiot,emergency,shortage,low,war
crude,empty,recession,sc,fears,fucking,kill,killed,infected,pressure,stop,idiots,fight,crisis,panic,collapse,risk,arrested,no,demand,idiot,emergency,shortage,low,war
crude,empty,recession,sc,fears,fucking,kill,killed,infected,pressure,stop,idiots,fight,crisis,panic,collapse,risk,arrested,no,demand,idiot,emergency,shortage,low,war
crude,empty,recession,sc,fears,fucking,kill,killed,infected,pressure,stop,idiots,fight,crisis,panic,collapse,risk,arrested,no,demand,idiot,emergency,shortage,low,war
crude,empty,recession,sc,fears,fucking,kill,killed,infected,pressure,stop,idiots,fight,crisis,panic,collapse,risk,arrested,no,demand,idiot,emergency,shortage,low,war
crude,empty,recession,sc,fears,fucking,kill,killed,infected,pressure,stop,idiots,fight,crisis,panic,collapse,risk,arrested,no,demand,idiot,emergency,shortage,low,war
crude,empty,recession,sc,fears,fucking,kill,killed,infected,pressure,stop,idiots,fight,crisis,panic,collapse,risk,arrested,no,demand,idiot,emergency,shortage,low,war
crude,empty,recession,sc,fears,fucking,kill,killed,infected,pressure,stop,idiots,fight,crisis,panic,collapse,risk,arrested,no,demand,idiot,emergency,shortage,low,war
crude,empty,recession,sc,fears,fucking,kill,killed,infected,pressure,stop,idiots,fight,crisis,panic,collapse,risk,arrested,no,demand,idiot,emergency,shortage,low,war
crude,empty,recession,sc,fears,fucking,kill,killed,infected,pressure,stop,idiots,fight,crisis,panic,collapse,risk,arrested,no,demand,idiot,emergency,shortage,low,war
crude,empty,recession,sc,fears,fucking,kill,killed,infected,pressure,stop,idiots,fight,crisis,panic,collapse,risk,arrested,no,demand,idiot,emergency,shortage,low,war
crude,empty,recession,sc,fears,fucking,kill,killed,infected,pressure,stop,idiots,fight,crisis,panic,collapse,risk,arrested,no,demand,idiot,emergency,shortage,low,war
crude,empty,recession,sc,fears,fucking,kill,killed,infected,pressure,stop,idiots,fight,crisis,panic,collapse,risk,arrested,no,demand,idiot,emergency,shortage,low,war
crude,empty,recession,sc,fears,fucking,kill,killed,infected,pressure,stop,idiots,fight,crisis,panic,collapse,risk,arrested,no,demand,idiot,emergency,shortage,low,war
crude,empty,recession,sc,fears,fucking,kill,killed,infected,pressure,stop,idiots,fight,crisis,panic,collapse,risk,arrested,no,demand,idiot,emergency,shortage,low,war
crude,empty,recession,sc,fears,fucking,kill,killed,infected,pressure,stop,idiots,fight,crisis,panic,collapse,risk,arrested,no,demand,idiot,emergency,shortage,low,war
crude,empty,recession,sc,fears,fucking,kill,killed,infected,pressure,stop,idiots,fight,crisis,panic,collapse,risk,arrested,no,demand,idiot,emergency,shortage,low,war
crude,empty,recession,sc,fears,fucking,kill,killed,infected,pressure,stop,idiots,fight,crisis,panic,collapse,risk,arrested,no,demand,idiot,emergency,shortage,low,war
crude,empty,recession,sc,fears,fucking,kill,killed,infected,pressure,stop,idiots,fight,crisis,panic,collapse,risk,arrested,no,demand,idiot,emergency,shortage,low,war
crude,empty,recession,sc,fears,fucking,kill,killed,infected,pressure,stop,idiots,fight,crisis,panic,collapse,risk,arrested,no,demand,idiot,emergency,shortage,low,war
crude,empty,recession,sc,fears,fucking,kill,killed,infected,pressure,stop,idiots,fight,crisis,panic,collapse,risk,arrested,no,demand,idiot,emergency,shortage,low,war
crude,empty,recession,sc,fears,shit,fucking,kill,killed,pressure,stop,idiots,fight,crisis,panic,collapse,risk,arrested,no,demand,idiot,emergency,shortage,low,war
crude,empty,recession,sc,fears,shit,fucking,kill,killed,pressure,stop,idiots,fight,crisis,panic,collapse,risk,arrested,no,demand,idiot,emergency,shortage,low,war
crude,empty,recession,sc,fears,shit,fucking,kill,killed,pressure,stop,idiots,fight,crisis,panic,collapse,risk,arrested,no,demand,idiot,emergency,shortage,low,war
crude,empty,recession,sc,fears,shit,fucking,kill,killed,pressure,stop,idiots,fight,crisis,panic,collapse,risk,arrested,no,demand,idiot,emergency,shortage,low,war
crude,empty,recession,sc,fears,shit,fucking,kill,killed,pressure,stop,idiots,fight,crisis,panic,collapse,risk,arrested,no,demand,idiot,emergency,shortage,low,war
crude,empty,recession,sc,fears,shit,fucking,kill,killed,pressure,stop,idiots,fight,crisis,panic,collapse,risk,arrested,no,demand,idiot,emergency,shortage,low,war
crude,empty,recession,sc,fears,shit,fucking,kill,killed,pressure,stop,idiots,fight,crisis,panic,collapse,risk,arrested,no,demand,idiot,emergency,shortage,low,war
crude,empty,recession,sc,fears,shit,fucking,kill,killed,pressure,stop,idiots,fight,crisis,panic,collapse,risk,arrested,no,demand,idiot,emergency,shortage,low,war
crude,empty,recession,sc,fears,shit,fucking,kill,killed,pressure,stop,idiots,fight,crisis,panic,collapse,risk,arrested,no,demand,idiot,emergency,shortage,low,war
crude,empty,recession,sc,fears,shit,fucking,kill,killed,pressure,stop,idiots,fight,crisis,panic,collapse,risk,arrested,no,demand,idiot,emergency,shortage,low,war
crude,empty,recession,sc,fears,shit,fucking,kill,killed,pressure,stop,idiots,fight,crisis,panic,collapse,risk,arrested,no,demand,idiot,emergency,shortage,low,war
crude,empty,recession,sc,fears,shit,fucking,kill,killed,pressure,stop,idiots,fight,crisis,panic,collapse,risk,arrested,no,demand,idiot,emergency,shortage,low,war
crude,empty,recession,sc,fears,shit,fucking,kill,killed,pressure,stop,idiots,fight,crisis,panic,collapse,risk,arrested,no,demand,idiot,emergency,shortage,low,war
crude,empty,recession,sc,fears,shit,fucking,kill,killed,pressure,stop,idiots,fight,crisis,panic,collapse,risk,arrested,no,demand,idiot,emergency,shortage,low,war
crude,empty,recession,sc,fears,shit,fucking,kill,killed,pressure,stop,idiots,fight,crisis,panic,collapse,risk,arrested,no,demand,idiot,emergency,shortage,low,war
crude,empty,recession,sc,fears,shit,fucking,kill,killed,pressure,stop,idiots,fight,crisis,panic,collapse,risk,arrested,no,demand,idiot,emergency,shortage,low,war
crude,empty,recession,sc,fears,shit,fucking,kill,killed,pressure,stop,idiots,fight,crisis,panic,collapse,risk,arrested,no,demand,idiot,emergency,shortage,low,war
crude,empty,recession,sc,fears,shit,fucking,kill,killed,pressure,stop,idiots,fight,crisis,panic,collapse,risk,arrested,no,demand,idiot,emergency,shortage,low,war
crude,empty,recession,sc,fears,shit,fucking,kill,killed,pressure,stop,idiots,fight,crisis,panic,collapse,risk,arrested,no,demand,idiot,emergency,shortage,low,war
crude,empty,recession,sc,fears,shit,fucking,kill,killed,pressure,stop,idiots,fight,crisis,panic,collapse,risk,arrested,no,demand,idiot,emergency,shortage,low,war
crude,empty,recession,sc,fears,shit,fucking,kill,killed,pressure,stop,idiots,fight,crisis,panic,collapse,risk,arrested,no,demand,idiot,emergency,shortage,low,war
crude,empty,recession,sc,fears,shit,fucking,kill,killed,pressure,stop,idiots,fight,crisis,panic,collapse,risk,arrested,no,demand,idiot,emergency,shortage,low,war
crude,empty,recession,sc,fears,shit,fucking,kill,killed,pressure,stop,idiots,fight,crisis,panic,collapse,risk,arrested,no,demand,idiot,emergency,shortage,low,war
crude,empty,recession,sc,fears,shit,fucking,kill,killed,pressure,stop,idiots,fight,crisis,panic,collapse,risk,arrested,no,demand,idiot,emergency,shortage,low,war
crude,empty,recession,sc,fears,shit,fucking,kill,killed,pressure,stop,idiots,fight,crisis,panic,collapse,risk,arrested,no,demand,idiot,emergency,shortage,low,war
crude,empty,recession,sc,fears,shit,fucking,kill,killed,pressure,stop,idiots,fight,crisis,panic,collapse,risk,arrested,no,demand,idiot,emergency,shortage,low,war
crude,empty,recession,sc,fears,shit,fucking,kill,killed,pressure,stop,idiots,fight,crisis,panic,collapse,risk,arrested,no,demand,idiot,emergency,shortage,low,war
crude,empty,recession,sc,fears,shit,fucking,kill,killed,pressure,stop,idiots,fight,crisis,panic,collapse,risk,arrested,no,demand,idiot,emergency,shortage,low,war
crude,empty,recession,sc,fears,shit,fucking,kill,killed,pressure,stop,idiots,fight,crisis,panic,collapse,risk,arrested,no,demand,idiot,emergency,shortage,low,war
crude,empty,recession,sc,fears,shit,fucking,kill,killed,pressure,stop,idiots,fight,crisis,panic,collapse,risk,arrested,no,demand,idiot,emergency,shortage,low,war
crude,empty,recession,sc,fears,shit,fucking,kill,killed,pressure,stop,idiots,fight,crisis,panic,collapse,risk,arrested,no,demand,idiot,emergency,shortage,low,war
crude,empty,recession,sc,fears,shit,fucking,kill,killed,pressure,stop,idiots,fight,crisis,panic,collapse,risk,arrested,no,demand,idiot,emergency,shortage,low,war
crude,empty,recession,sc,fears,shit,fucking,kill,killed,pressure,stop,idiots,fight,crisis,panic,collapse,risk,arrested,no,demand,idiot,emergency,shortage,low,war
crude,empty,recession,sc,fears,shit,fucking,kill,killed,pressure,stop,idiots,fight,crisis,panic,collapse,risk,arrested,no,demand,idiot,emergency,shortage,low,war
crude,empty,recession,sc,fears,shit,fucking,kill,killed,pressure,stop,idiots,fight,crisis,panic,collapse,risk,arrested,no,demand,idiot,emergency,shortage,low,war
crude,empty,recession,sc,fears,shit,fucking,kill,killed,pressure,stop,idiots,fight,crisis,panic,collapse,risk,arrested,no,demand,idiot,emergency,shortage,low,war
crude,empty,recession,sc,fears,shit,fucking,kill,killed,pressure,stop,idiots,fight,crisis,panic,collapse,risk,arrested,no,demand,idiot,emergency,shortage,low,war
crude,empty,recession,sc,fears,shit,fucking,kill,killed,pressure,stop,idiots,fight,crisis,panic,collapse,risk,arrested,no,demand,idiot,emergency,shortage,low,war
crude,empty,recession,sc,fears,shit,fucking,kill,killed,pressure,stop,idiots,fight,crisis,panic,collapse,risk,arrested,no,demand,idiot,emergency,shortage,low,war
crude,empty,recession,sc,fears,shit,fucking,kill,killed,pressure,stop,idiots,fight,crisis,panic,collapse,risk,arrested,no,demand,idiot,emergency,shortage,low,war
crude,empty,recession,sc,fears,shit,fucking,kill,killed,pressure,stop,idiots,fight,crisis,panic,collapse,risk,arrested,no,demand,idiot,emergency,shortage,low,war
crude,empty,recession,sc,fears,shit,fucking,kill,killed,pressure,stop,idiots,fight,crisis,panic,collapse,risk,arrested,no,demand,idiot,emergency,shortage,low,war
crude,empty,recession,sc,fears,shit,fucking,kill,killed,pressure,stop,idiots,fight,crisis,panic,collapse,risk,arrested,no,demand,idiot,emergency,shortage,low,war
crude,empty,recession,sc,fears,shit,fucking,kill,killed,pressure,stop,idiots,fight,crisis,panic,collapse,risk,arrested,no,demand,idiot,emergency,shortage,low,war
crude,empty,recession,sc,fears,shit,fucking,kill,killed,pressure,stop,idiots,fight,crisis,panic,collapse,risk,arrested,no,demand,idiot,emergency,shortage,low,war
crude,empty,recession,sc,fears,shit,fucking,kill,killed,pressure,stop,idiots,fight,crisis,panic,collapse,risk,arrested,no,demand,idiot,emergency,shortage,low,war
crude,empty,recession,sc,fears,shit,fucking,kill,killed,pressure,stop,idiots,fight,crisis,panic,collapse,risk,arrested,no,demand,idiot,emergency,shortage,low,war
crude,empty,recession,sc,fears,shit,fucking,kill,killed,pressure,stop,idiots,fight,crisis,panic,collapse,risk,arrested,no,demand,idiot,emergency,shortage,low,war
crude,empty,recession,sc,fears,shit,fucking,kill,killed,pressure,stop,idiots,fight,crisis,panic,collapse,risk,arrested,no,demand,idiot,emergency,shortage,low,war
crude,empty,recession,sc,fears,shit,fucking,kill,killed,pressure,stop,fight,crisis,panic,collapse,risk,arrested,no,demand,idiot,emergency,police,shortage,low,war
crude,empty,recession,sc,fears,shit,fucking,kill,killed,pressure,stop,fight,crisis,panic,collapse,risk,arrested,no,demand,idiot,emergency,police,shortage,low,war
crude,empty,recession,sc,fears,shit,fucking,kill,killed,pressure,stop,fight,crisis,panic,collapse,risk,arrested,no,demand,idiot,emergency,police,shortage,low,war
crude,empty,recession,sc,fears,shit,fucking,kill,killed,pressure,stop,fight,crisis,panic,collapse,risk,arrested,no,demand,idiot,emergency,police,shortage,low,war
crude,empty,recession,sc,fears,shit,fucking,kill,killed,pressure,stop,fight,crisis,panic,collapse,risk,arrested,no,demand,idiot,emergency,police,shortage,low,war
crude,empty,recession,sc,fears,shit,fucking,kill,killed,pressure,stop,fight,crisis,panic,collapse,risk,arrested,no,demand,idiot,emergency,police,shortage,low,war
crude,empty,recession,sc,fears,shit,fucking,kill,killed,pressure,stop,fight,crisis,panic,collapse,risk,arrested,no,demand,idiot,emergency,police,shortage,low,war
crude,empty,recession,sc,fears,shit,fucking,kill,killed,pressure,stop,fight,crisis,panic,collapse,risk,arrested,no,demand,idiot,emergency,police,shortage,low,war
crude,empty,recession,sc,fears,shit,fucking,kill,killed,pressure,stop,fight,crisis,panic,collapse,risk,arrested,no,demand,idiot,emergency,police,shortage,low,war
crude,empty,recession,sc,fears,shit,fucking,kill,killed,pressure,stop,fight,crisis,panic,collapse,risk,arrested,no,demand,idiot,emergency,police,shortage,low,war
crude,empty,recession,sc,fears,shit,fucking,kill,killed,pressure,stop,fight,crisis,panic,collapse,risk,arrested,no,demand,idiot,emergency,police,shortage,low,war
crude,empty,recession,sc,fears,shit,fucking,kill,killed,pressure,stop,fight,crisis,panic,collapse,risk,arrested,no,demand,idiot,emergency,police,shortage,low,war
crude,empty,recession,sc,fears,shit,fucking,kill,killed,pressure,stop,fight,crisis,panic,collapse,risk,arrested,no,demand,idiot,emergency,police,shortage,low,war
crude,empty,recession,sc,fears,shit,fucking,kill,killed,pressure,stop,fight,crisis,panic,collapse,risk,arrested,no,demand,idiot,emergency,police,shortage,low,war
crude,empty,recession,sc,fears,shit,fucking,kill,killed,pressure,stop,fight,crisis,panic,collapse,risk,arrested,no,demand,idiot,emergency,police,shortage,low,war
crude,empty,recession,sc,fears,shit,fucking,kill,killed,pressure,stop,fight,crisis,panic,collapse,risk,arrested,no,demand,idiot,emergency,police,shortage,low,war
crude,empty,recession,sc,fears,shit,fucking,kill,killed,pressure,stop,fight,crisis,panic,collapse,risk,arrested,no,demand,idiot,emergency,police,shortage,low,war
crude,empty,recession,sc,fears,shit,fucking,kill,killed,pressure,stop,fight,crisis,panic,collapse,risk,arrested,no,demand,idiot,emergency,police,shortage,low,war
crude,empty,recession,sc,fears,shit,fucking,kill,killed,pressure,stop,fight,crisis,panic,collapse,risk,arrested,no,demand,idiot,emergency,police,shortage,low,war
crude,empty,recession,sc,fears,shit,fucking,kill,killed,pressure,stop,fight,crisis,panic,collapse,risk,arrested,no,demand,idiot,emergency,police,shortage,low,war
crude,empty,recession,sc,fears,shit,fucking,kill,killed,pressure,stop,fight,crisis,panic,collapse,risk,arrested,no,demand,idiot,emergency,police,shortage,low,war
crude,empty,recession,sc,fears,shit,fucking,kill,killed,pressure,stop,fight,crisis,panic,collapse,risk,arrested,no,demand,idiot,emergency,police,shortage,low,war
crude,empty,recession,sc,fears,shit,fucking,kill,killed,pressure,stop,fight,crisis,panic,collapse,risk,arrested,no,demand,idiot,emergency,police,shortage,low,war
crude,empty,recession,sc,fears,shit,fucking,kill,killed,pressure,stop,fight,crisis,panic,collapse,risk,arrested,no,demand,idiot,emergency,police,shortage,low,war
crude,empty,recession,sc,fears,shit,fucking,kill,killed,pressure,stop,fight,crisis,panic,collapse,risk,arrested,no,demand,idiot,emergency,police,shortage,low,war
crude,empty,recession,sc,fears,shit,fucking,kill,killed,pressure,stop,fight,crisis,panic,collapse,risk,arrested,no,demand,idiot,emergency,police,shortage,low,war
crude,empty,recession,sc,fears,shit,fucking,kill,killed,pressure,stop,fight,crisis,panic,collapse,risk,arrested,no,demand,idiot,emergency,police,shortage,low,war
crude,empty,recession,sc,fears,shit,fucking,kill,killed,pressure,stop,fight,crisis,panic,collapse,risk,arrested,no,demand,idiot,emergency,police,shortage,low,war
crude,empty,recession,sc,fears,shit,fucking,kill,killed,pressure,stop,fight,crisis,panic,collapse,risk,arrested,no,demand,idiot,emergency,police,shortage,low,war
crude,empty,recession,sc,fears,shit,fucking,kill,killed,pressure,stop,fight,crisis,panic,collapse,risk,arrested,no,demand,idiot,emergency,police,shortage,low,war
crude,empty,recession,sc,fears,shit,fucking,kill,killed,pressure,stop,fight,crisis,panic,collapse,risk,arrested,no,demand,idiot,emergency,police,shortage,low,war
crude,empty,recession,sc,fears,shit,fucking,kill,killed,pressure,stop,fight,crisis,panic,collapse,risk,arrested,no,demand,idiot,emergency,police,shortage,low,war
crude,empty,recession,sc,fears,shit,fucking,kill,killed,pressure,stop,fight,crisis,panic,collapse,risk,arrested,no,demand,idiot,emergency,police,shortage,low,war
crude,empty,recession,sc,fears,shit,fucking,kill,killed,pressure,stop,fight,crisis,panic,collapse,risk,arrested,no,demand,idiot,emergency,police,shortage,low,war
crude,empty,recession,sc,fears,shit,fucking,kill,killed,pressure,stop,fight,crisis,panic,collapse,risk,arrested,no,demand,idiot,emergency,police,shortage,low,war
crude,empty,recession,sc,fears,shit,fucking,kill,killed,pressure,stop,fight,crisis,panic,collapse,risk,arrested,no,demand,idiot,emergency,police,shortage,low,war
crude,empty,recession,sc,fears,shit,fucking,kill,killed,pressure,stop,fight,crisis,panic,collapse,risk,arrested,no,demand,idiot,emergency,police,shortage,low,war
crude,empty,recession,sc,fears,shit,fucking,kill,killed,pressure,stop,fight,crisis,panic,collapse,risk,arrested,no,demand,idiot,emergency,police,shortage,low,war
crude,empty,recession,sc,fears,shit,fucking,kill,killed,pressure,stop,fight,crisis,panic,collapse,risk,arrested,no,demand,idiot,emergency,police,shortage,low,war
crude,empty,recession,sc,fears,shit,fucking,kill,killed,pressure,stop,fight,crisis,panic,collapse,risk,arrested,no,demand,idiot,emergency,police,shortage,low,war
crude,empty,recession,sc,fears,shit,fucking,kill,killed,pressure,stop,fight,crisis,panic,collapse,risk,arrested,no,demand,idiot,emergency,police,shortage,low,war
crude,empty,recession,sc,fears,shit,fucking,kill,killed,pressure,stop,fight,crisis,panic,collapse,risk,arrested,no,demand,idiot,emergency,police,shortage,low,war
crude,empty,recession,sc,fears,fucking,kill,killed,pressure,stop,warning,fight,crisis,panic,collapse,risk,arrested,no,demand,idiot,emergency,police,shortage,low,war
crude,empty,recession,sc,fears,fucking,kill,killed,pressure,stop,warning,fight,crisis,panic,collapse,risk,arrested,no,demand,idiot,emergency,police,shortage,low,war
crude,empty,recession,sc,fears,fucking,kill,killed,pressure,stop,warning,fight,crisis,panic,collapse,risk,arrested,no,demand,idiot,emergency,police,shortage,low,war
crude,empty,recession,sc,fears,fucking,kill,killed,pressure,stop,warning,fight,crisis,panic,collapse,risk,arrested,no,demand,idiot,emergency,police,shortage,low,war
crude,empty,recession,sc,fears,fucking,kill,killed,pressure,stop,warning,fight,crisis,panic,collapse,risk,arrested,no,demand,idiot,emergency,police,shortage,low,war
crude,empty,recession,sc,fears,fucking,kill,killed,pressure,stop,warning,fight,crisis,panic,collapse,risk,arrested,no,demand,idiot,emergency,police,shortage,low,war
crude,empty,recession,sc,fears,fucking,kill,killed,pressure,stop,warning,fight,crisis,panic,collapse,risk,arrested,no,demand,idiot,emergency,police,shortage,low,war
crude,empty,recession,sc,fears,fucking,kill,killed,pressure,stop,warning,fight,crisis,panic,collapse,risk,arrested,no,demand,idiot,emergency,police,shortage,low,war
crude,empty,recession,sc,fears,fucking,kill,killed,pressure,stop,warning,fight,crisis,panic,collapse,risk,arrested,no,demand,idiot,emergency,police,shortage,low,war
crude,empty,recession,sc,fears,fucking,kill,killed,pressure,stop,warning,fight,crisis,panic,collapse,risk,arrested,no,demand,idiot,emergency,police,shortage,low,war
crude,empty,recession,sc,fears,fucking,kill,killed,pressure,stop,warning,fight,crisis,panic,collapse,risk,arrested,no,demand,idiot,emergency,police,shortage,low,war
crude,empty,recession,sc,fears,fucking,kill,killed,pressure,stop,warning,fight,crisis,panic,collapse,risk,arrested,no,demand,idiot,emergency,police,shortage,low,war
crude,empty,recession,sc,fears,fucking,kill,killed,pressure,stop,warning,fight,crisis,panic,collapse,risk,arrested,no,demand,idiot,emergency,police,shortage,low,war
crude,empty,recession,sc,fears,fucking,kill,killed,pressure,stop,warning,fight,crisis,panic,collapse,risk,arrested,no,demand,idiot,emergency,police,shortage,low,war
crude,empty,recession,sc,fears,fucking,kill,killed,pressure,stop,warning,fight,crisis,panic,collapse,risk,arrested,no,demand,idiot,emergency,police,shortage,low,war
crude,empty,recession,sc,fears,fucking,kill,killed,pressure,stop,warning,fight,crisis,panic,collapse,risk,arrested,no,demand,idiot,emergency,police,shortage,low,war
crude,empty,recession,sc,fears,fucking,kill,killed,pressure,stop,warning,fight,crisis,panic,collapse,risk,arrested,no,demand,idiot,emergency,police,shortage,low,war
crude,empty,recession,sc,fears,fucking,kill,killed,pressure,stop,warning,fight,crisis,panic,collapse,risk,arrested,no,demand,idiot,emergency,police,shortage,low,war
crude,empty,recession,sc,fears,fucking,kill,killed,pressure,stop,warning,fight,crisis,panic,collapse,risk,arrested,no,demand,idiot,emergency,police,shortage,low,war
crude,empty,recession,sc,fears,fucking,kill,killed,pressure,stop,warning,fight,crisis,panic,collapse,risk,arrested,no,demand,idiot,emergency,police,shortage,low,war
crude,empty,recession,sc,fears,fucking,kill,killed,pressure,stop,warning,fight,crisis,panic,collapse,risk,arrested,no,demand,idiot,emergency,police,shortage,low,war
crude,empty,recession,sc,fears,fucking,kill,killed,pressure,stop,warning,fight,crisis,panic,collapse,risk,arrested,no,demand,idiot,emergency,police,shortage,low,war
crude,empty,recession,sc,fears,fucking,kill,killed,pressure,stop,warning,fight,crisis,panic,collapse,risk,arrested,no,demand,idiot,emergency,police,shortage,low,war
crude,empty,recession,sc,fears,fucking,kill,killed,pressure,stop,warning,fight,crisis,panic,collapse,risk,arrested,no,demand,idiot,emergency,police,shortage,low,war
crude,empty,recession,sc,fears,fucking,kill,killed,pressure,stop,warning,fight,crisis,panic,collapse,risk,arrested,no,demand,idiot,emergency,police,shortage,low,war
crude,empty,recession,sc,fears,fucking,kill,killed,pressure,stop,warning,fight,crisis,panic,collapse,risk,arrested,no,demand,idiot,emergency,police,shortage,low,war
crude,empty,recession,sc,fears,fucking,kill,killed,pressure,stop,warning,fight,crisis,panic,collapse,risk,arrested,no,demand,idiot,emergency,police,shortage,low,war
crude,empty,recession,sc,fears,fucking,kill,killed,pressure,stop,warning,fight,crisis,panic,collapse,risk,arrested,no,demand,idiot,emergency,police,shortage,low,war
crude,empty,recession,sc,fears,fucking,kill,killed,pressure,stop,warning,fight,crisis,panic,collapse,risk,arrested,no,demand,idiot,emergency,police,shortage,low,war
crude,empty,recession,sc,fears,fucking,kill,killed,pressure,stop,warning,fight,crisis,panic,collapse,risk,arrested,no,demand,idiot,emergency,police,shortage,low,war
crude,empty,recession,sc,fears,fucking,kill,killed,pressure,stop,warning,fight,crisis,panic,collapse,risk,arrested,no,demand,idiot,emergency,police,shortage,low,war
crude,empty,recession,sc,shit,fucking,kill,killed,pressure,stop,warning,fight,crisis,panic,collapse,risk,arrested,no,demand,idiot,emergency,police,shortage,low,war
crude,empty,recession,sc,shit,fucking,kill,killed,pressure,stop,warning,fight,crisis,panic,collapse,risk,arrested,no,demand,idiot,emergency,police,shortage,low,war
crude,empty,recession,sc,shit,fucking,kill,killed,pressure,stop,warning,fight,crisis,panic,collapse,risk,arrested,no,demand,idiot,emergency,police,shortage,low,war
crude,empty,recession,sc,shit,fucking,kill,killed,pressure,stop,warning,fight,crisis,panic,collapse,risk,arrested,no,demand,idiot,emergency,police,shortage,low,war
crude,empty,recession,sc,shit,fucking,kill,killed,pressure,stop,warning,fight,crisis,panic,collapse,risk,arrested,no,demand,idiot,emergency,police,shortage,low,war
crude,empty,recession,sc,shit,fucking,kill,killed,pressure,stop,warning,fight,crisis,panic,collapse,risk,arrested,no,demand,idiot,emergency,police,shortage,low,war
crude,empty,recession,sc,shit,fucking,kill,killed,pressure,stop,warning,fight,crisis,panic,collapse,risk,arrested,no,demand,idiot,emergency,police,shortage,low,war
crude,empty,recession,sc,shit,fucking,kill,killed,pressure,stop,warning,fight,crisis,panic,collapse,risk,arrested,no,demand,idiot,emergency,police,shortage,low,war
crude,empty,recession,sc,shit,fucking,kill,killed,pressure,stop,warning,fight,crisis,panic,collapse,risk,arrested,no,demand,idiot,emergency,police,shortage,low,war
crude,empty,recession,sc,shit,fucking,kill,killed,pressure,stop,warning,fight,crisis,panic,collapse,risk,arrested,no,demand,idiot,emergency,police,shortage,low,war
crude,empty,recession,sc,shit,fucking,kill,killed,pressure,stop,warning,fight,crisis,panic,collapse,risk,arrested,no,demand,idiot,emergency,police,shortage,low,war
crude,empty,recession,sc,shit,fucking,kill,killed,pressure,stop,warning,fight,crisis,panic,collapse,risk,arrested,no,demand,idiot,emergency,police,shortage,low,war
crude,empty,recession,sc,shit,fucking,kill,killed,pressure,stop,warning,fight,crisis,panic,collapse,risk,arrested,no,demand,idiot,emergency,police,shortage,low,war
crude,empty,recession,sc,shit,fucking,kill,killed,pressure,stop,warning,fight,crisis,panic,collapse,risk,arrested,no,demand,idiot,emergency,police,shortage,low,war
crude,empty,recession,sc,shit,fucking,kill,killed,pressure,stop,warning,fight,crisis,panic,collapse,risk,arrested,no,demand,idiot,emergency,police,shortage,low,war
crude,empty,recession,sc,shit,fucking,kill,killed,pressure,stop,warning,fight,crisis,panic,collapse,risk,arrested,no,demand,idiot,emergency,police,shortage,low,war
crude,empty,recession,sc,shit,fucking,kill,killed,pressure,stop,warning,fight,crisis,panic,collapse,risk,arrested,no,demand,idiot,emergency,police,shortage,low,war
crude,empty,recession,sc,shit,fucking,kill,killed,pressure,stop,warning,fight,crisis,panic,collapse,risk,arrested,no,demand,idiot,emergency,police,shortage,low,war
crude,empty,recession,sc,shit,fucking,kill,killed,pressure,stop,warning,fight,crisis,panic,collapse,risk,arrested,no,demand,idiot,emergency,police,shortage,low,war
crude,empty,recession,sc,shit,fucking,kill,killed,pressure,stop,warning,fight,crisis,panic,collapse,risk,arrested,no,demand,idiot,emergency,police,shortage,low,war
crude,empty,recession,sc,shit,fucking,kill,killed,pressure,stop,warning,fight,crisis,panic,collapse,risk,arrested,no,demand,idiot,emergency,police,shortage,low,war
crude,empty,recession,sc,shit,fucking,kill,killed,pressure,stop,warning,fight,crisis,panic,collapse,risk,arrested,no,demand,idiot,emergency,police,shortage,low,war
crude,empty,recession,sc,shit,fucking,kill,killed,pressure,stop,warning,fight,crisis,panic,collapse,risk,arrested,no,demand,idiot,emergency,police,shortage,low,war
crude,empty,recession,sc,shit,fucking,kill,killed,pressure,stop,warning,fight,crisis,panic,collapse,risk,arrested,no,demand,idiot,emergency,police,shortage,low,war
crude,empty,recession,sc,shit,fucking,kill,killed,pressure,stop,warning,fight,crisis,panic,collapse,risk,arrested,no,demand,idiot,emergency,police,shortage,low,war
crude,empty,recession,sc,shit,fucking,kill,killed,pressure,stop,warning,fight,crisis,panic,collapse,risk,arrested,no,demand,idiot,emergency,police,shortage,low,war
crude,empty,recession,sc,shit,fucking,kill,killed,pressure,stop,warning,fight,crisis,panic,collapse,risk,arrested,no,demand,idiot,emergency,police,shortage,low,war
crude,empty,recession,sc,shit,fucking,kill,killed,pressure,stop,warning,fight,crisis,panic,collapse,risk,arrested,no,demand,idiot,emergency,police,shortage,low,war
crude,empty,recession,sc,shit,fucking,kill,killed,pressure,stop,warning,fight,crisis,panic,collapse,risk,arrested,no,demand,idiot,emergency,police,shortage,low,war
crude,empty,recession,sc,shit,fucking,kill,killed,pressure,stop,warning,fight,crisis,panic,collapse,risk,arrested,no,demand,idiot,emergency,police,shortage,low,war
crude,empty,recession,sc,shit,fucking,kill,killed,pressure,stop,warning,fight,crisis,panic,collapse,risk,arrested,no,demand,idiot,emergency,police,shortage,low,war
crude,empty,recession,sc,shit,fucking,kill,killed,pressure,stop,warning,fight,crisis,panic,collapse,risk,arrested,no,demand,idiot,emergency,police,shortage,low,war
crude,empty,recession,sc,shit,fucking,kill,killed,pressure,stop,warning,fight,crisis,panic,collapse,risk,arrested,no,demand,idiot,emergency,police,shortage,low,war
crude,empty,recession,sc,shit,fucking,kill,killed,pressure,stop,warning,fight,crisis,panic,collapse,risk,arrested,no,demand,idiot,emergency,police,shortage,low,war
crude,empty,recession,sc,shit,fucking,kill,killed,pressure,stop,warning,fight,crisis,panic,collapse,risk,arrested,no,demand,idiot,emergency,police,shortage,low,war
crude,empty,recession,sc,shit,fucking,kill,killed,pressure,stop,warning,fight,crisis,panic,collapse,risk,arrested,no,demand,idiot,emergency,police,shortage,low,war
crude,empty,recession,sc,shit,fucking,kill,killed,pressure,stop,warning,fight,crisis,panic,collapse,risk,arrested,no,demand,idiot,emergency,police,shortage,low,war
crude,empty,recession,sc,shit,fucking,kill,killed,pressure,stop,warning,fight,crisis,panic,collapse,risk,arrested,no,demand,idiot,emergency,police,shortage,low,war
crude,empty,recession,sc,shit,fucking,kill,killed,pressure,stop,warning,fight,crisis,panic,collapse,risk,arrested,no,demand,idiot,emergency,police,shortage,low,war
crude,empty,recession,sc,shit,fucking,kill,killed,pressure,stop,warning,fight,crisis,panic,collapse,risk,arrested,no,demand,idiot,emergency,police,shortage,low,war
crude,empty,recession,sc,shit,fucking,kill,killed,pressure,stop,warning,fight,crisis,panic,collapse,risk,arrested,no,demand,idiot,emergency,police,shortage,low,war
crude,empty,recession,sc,shit,fucking,kill,killed,pressure,stop,warning,fight,crisis,panic,collapse,risk,arrested,no,demand,idiot,emergency,police,shortage,low,war
crude,empty,recession,sc,shit,fucking,kill,killed,pressure,stop,warning,fight,crisis,panic,collapse,risk,arrested,no,demand,idiot,emergency,police,shortage,low,war
crude,empty,recession,sc,shit,fucking,kill,killed,pressure,stop,warning,fight,crisis,panic,collapse,risk,arrested,no,demand,idiot,emergency,police,shortage,low,war
crude,empty,recession,sc,shit,fucking,kill,killed,pressure,stop,warning,fight,crisis,panic,collapse,risk,arrested,no,demand,idiot,emergency,police,shortage,low,war
crude,empty,recession,sc,shit,fucking,kill,killed,pressure,stop,warning,fight,crisis,panic,collapse,risk,arrested,no,demand,idiot,emergency,police,shortage,low,war
crude,empty,recession,sc,shit,fucking,kill,killed,pressure,stop,warning,fight,crisis,panic,collapse,risk,arrested,no,demand,idiot,emergency,police,shortage,low,war
crude,empty,recession,sc,shit,fucking,kill,killed,pressure,stop,warning,fight,crisis,panic,collapse,risk,arrested,no,demand,idiot,emergency,police,shortage,low,war
crude,empty,recession,sc,shit,fucking,kill,killed,pressure,stop,warning,fight,crisis,panic,collapse,risk,arrested,no,demand,idiot,emergency,police,shortage,low,war
crude,empty,recession,sc,shit,fucking,kill,killed,pressure,stop,warning,fight,crisis,panic,collapse,risk,arrested,no,demand,idiot,emergency,police,shortage,low,war
crude,empty,recession,sc,shit,fucking,kill,killed,pressure,stop,warning,fight,crisis,panic,collapse,risk,arrested,no,demand,idiot,emergency,police,shortage,low,war
crude,empty,recession,sc,shit,fucking,kill,killed,pressure,stop,warning,fight,crisis,panic,collapse,risk,arrested,no,demand,idiot,emergency,police,shortage,low,war
crude,empty,recession,sc,shit,fucking,kill,killed,pressure,stop,warning,fight,crisis,panic,collapse,risk,arrested,no,demand,idiot,emergency,police,shortage,low,war
crude,empty,recession,sc,shit,fucking,kill,killed,pressure,stop,warning,fight,crisis,panic,collapse,risk,arrested,no,demand,idiot,emergency,police,shortage,low,war
crude,empty,recession,sc,shit,fucking,kill,killed,pressure,stop,warning,fight,crisis,panic,collapse,risk,arrested,no,demand,idiot,emergency,police,shortage,low,war
crude,empty,recession,sc,shit,fucking,kill,killed,pressure,stop,warning,fight,crisis,panic,collapse,risk,arrested,no,demand,idiot,emergency,police,shortage,low,war
crude,empty,recession,sc,shit,fucking,kill,killed,pressure,stop,warning,fight,crisis,panic,collapse,risk,arrested,no,demand,idiot,emergency,police,shortage,low,war
crude,empty,recession,sc,shit,fucking,kill,killed,pressure,stop,warning,fight,crisis,panic,collapse,risk,arrested,no,demand,idiot,emergency,police,shortage,low,war
crude,empty,recession,sc,shit,fucking,kill,killed,pressure,stop,warning,fight,crisis,panic,collapse,risk,arrested,no,demand,idiot,emergency,police,shortage,low,war
crude,empty,recession,sc,shit,fucking,kill,killed,pressure,stop,warning,fight,crisis,panic,collapse,risk,arrested,no,demand,idiot,emergency,police,shortage,low,war
crude,empty,recession,sc,shit,fucking,kill,killed,pressure,stop,warning,fight,crisis,panic,collapse,risk,arrested,no,demand,idiot,emergency,police,shortage,low,war
crude,empty,recession,sc,shit,fucking,kill,killed,pressure,stop,warning,fight,crisis,panic,collapse,risk,arrested,no,demand,idiot,emergency,police,shortage,low,war
crude,empty,recession,sc,shit,fucking,kill,killed,pressure,stop,warning,fight,crisis,panic,collapse,risk,arrested,no,demand,idiot,emergency,police,shortage,low,war
crude,empty,recession,sc,shit,fucking,kill,killed,pressure,stop,warning,fight,crisis,panic,collapse,risk,arrested,no,demand,idiot,emergency,police,shortage,low,war
crude,empty,recession,sc,shit,fucking,kill,killed,pressure,stop,warning,fight,crisis,panic,collapse,risk,arrested,no,demand,idiot,emergency,police,shortage,low,war
crude,empty,recession,sc,shit,fucking,kill,killed,pressure,stop,warning,fight,crisis,panic,collapse,risk,arrested,no,demand,idiot,emergency,police,shortage,low,war
crude,empty,recession,sc,shit,fucking,kill,killed,pressure,stop,warning,fight,crisis,panic,collapse,risk,arrested,no,demand,idiot,emergency,police,shortage,low,war
crude,empty,recession,sc,shit,fucking,kill,killed,pressure,stop,warning,fight,crisis,panic,collapse,risk,arrested,no,demand,idiot,emergency,police,shortage,low,war
crude,empty,recession,sc,shit,fucking,kill,killed,pressure,stop,warning,fight,crisis,panic,collapse,risk,arrested,no,demand,idiot,emergency,police,shortage,low,war
crude,empty,recession,sc,shit,fucking,kill,killed,pressure,stop,warning,fight,crisis,panic,collapse,risk,arrested,no,demand,idiot,emergency,police,shortage,low,war
crude,empty,recession,sc,shit,fucking,kill,killed,pressure,stop,warning,fight,crisis,panic,collapse,risk,arrested,no,demand,idiot,emergency,police,shortage,low,war
crude,empty,recession,sc,shit,fucking,kill,killed,pressure,stop,warning,fight,crisis,panic,collapse,risk,arrested,no,demand,idiot,emergency,police,shortage,low,war
crude,empty,recession,sc,shit,fucking,kill,killed,pressure,stop,warning,fight,crisis,panic,collapse,risk,arrested,no,demand,idiot,emergency,police,shortage,low,war
crude,empty,recession,sc,shit,fucking,kill,killed,pressure,stop,warning,fight,crisis,panic,collapse,risk,arrested,no,demand,idiot,emergency,police,shortage,low,war
crude,empty,recession,sc,shit,fucking,kill,killed,infected,pressure,stop,warning,fight,crisis,panic,collapse,risk,arrested,no,demand,idiot,emergency,shortage,low,war
crude,empty,recession,sc,shit,fucking,kill,killed,infected,pressure,stop,warning,fight,crisis,panic,collapse,risk,arrested,no,demand,idiot,emergency,shortage,low,war
crude,empty,recession,sc,shit,fucking,kill,killed,infected,pressure,stop,warning,fight,crisis,panic,collapse,risk,arrested,no,demand,idiot,emergency,shortage,low,war
crude,empty,recession,sc,shit,fucking,kill,killed,infected,pressure,stop,warning,fight,crisis,panic,collapse,risk,arrested,no,demand,idiot,emergency,shortage,low,war
crude,empty,recession,sc,shit,fucking,kill,killed,infected,pressure,stop,warning,fight,crisis,panic,collapse,risk,arrested,no,demand,idiot,emergency,shortage,low,war
crude,empty,recession,sc,shit,fucking,kill,killed,infected,pressure,stop,warning,fight,crisis,panic,collapse,risk,arrested,no,demand,idiot,emergency,shortage,low,war
crude,empty,recession,sc,shit,fucking,kill,killed,infected,pressure,stop,warning,fight,crisis,panic,collapse,risk,arrested,no,demand,idiot,emergency,shortage,low,war
crude,empty,recession,sc,shit,fucking,kill,killed,infected,pressure,stop,warning,fight,crisis,panic,collapse,risk,arrested,no,demand,idiot,emergency,shortage,low,war
crude,empty,recession,sc,shit,fucking,kill,killed,infected,pressure,stop,warning,fight,crisis,panic,collapse,risk,arrested,no,demand,idiot,emergency,shortage,low,war
crude,empty,recession,sc,shit,fucking,kill,killed,infected,pressure,stop,warning,fight,crisis,panic,collapse,risk,arrested,no,demand,idiot,emergency,shortage,low,war
crude,empty,recession,sc,shit,fucking,kill,killed,infected,pressure,stop,warning,fight,crisis,panic,collapse,risk,arrested,no,demand,idiot,emergency,shortage,low,war
crude,empty,recession,sc,shit,fucking,kill,killed,infected,pressure,stop,warning,fight,crisis,panic,collapse,risk,arrested,no,demand,idiot,emergency,shortage,low,war
crude,empty,recession,sc,shit,fucking,kill,killed,infected,pressure,stop,warning,fight,crisis,panic,collapse,risk,arrested,no,demand,idiot,emergency,shortage,low,war
crude,empty,recession,sc,shit,fucking,kill,killed,infected,pressure,stop,warning,fight,crisis,panic,collapse,risk,arrested,no,demand,idiot,emergency,shortage,low,war
crude,empty,recession,sc,shit,fucking,kill,killed,infected,pressure,stop,warning,fight,crisis,panic,collapse,risk,arrested,no,demand,idiot,emergency,shortage,low,war
crude,empty,recession,sc,shit,fucking,kill,killed,infected,pressure,stop,warning,fight,crisis,panic,collapse,risk,arrested,no,demand,idiot,emergency,shortage,low,war
crude,empty,recession,sc,shit,fucking,kill,killed,infected,pressure,stop,warning,fight,crisis,panic,collapse,risk,arrested,no,demand,idiot,emergency,shortage,low,war
crude,empty,recession,sc,shit,fucking,kill,killed,infected,pressure,stop,warning,fight,crisis,panic,collapse,risk,arrested,no,demand,idiot,emergency,shortage,low,war
crude,empty,recession,sc,shit,fucking,kill,killed,infected,pressure,stop,warning,fight,crisis,panic,collapse,risk,arrested,no,demand,idiot,emergency,shortage,low,war
crude,empty,recession,sc,shit,fucking,kill,killed,infected,pressure,stop,warning,fight,crisis,panic,collapse,risk,arrested,no,demand,idiot,emergency,shortage,low,war
crude,empty,recession,sc,shit,fucking,kill,killed,infected,pressure,stop,warning,fight,crisis,panic,collapse,risk,arrested,no,demand,idiot,emergency,shortage,low,war
crude,empty,recession,sc,shit,fucking,kill,killed,infected,pressure,stop,warning,fight,crisis,panic,collapse,risk,arrested,no,demand,idiot,emergency,shortage,low,war
crude,empty,recession,sc,shit,fucking,kill,killed,infected,pressure,stop,warning,fight,crisis,panic,collapse,risk,arrested,no,demand,idiot,emergency,shortage,low,war
crude,empty,recession,sc,shit,fucking,kill,killed,infected,pressure,stop,warning,fight,crisis,panic,collapse,risk,arrested,no,demand,idiot,emergency,shortage,low,war
crude,empty,recession,sc,shit,fucking,kill,killed,infected,pressure,stop,warning,fight,crisis,panic,collapse,risk,arrested,no,demand,idiot,emergency,shortage,low,war
crude,empty,recession,sc,shit,fucking,kill,killed,infected,pressure,stop,warning,fight,crisis,panic,collapse,risk,arrested,no,demand,idiot,emergency,shortage,low,war
crude,empty,recession,sc,shit,fucking,kill,killed,infected,pressure,stop,warning,fight,crisis,panic,collapse,risk,arrested,no,demand,idiot,emergency,shortage,low,war
crude,empty,recession,sc,shit,fucking,kill,killed,infected,pressure,stop,warning,fight,crisis,panic,collapse,risk,arrested,no,demand,idiot,emergency,shortage,low,war
crude,empty,recession,sc,shit,fucking,kill,killed,infected,pressure,stop,warning,fight,crisis,panic,collapse,risk,arrested,no,demand,idiot,emergency,shortage,low,war
crude,empty,recession,sc,shit,fucking,kill,killed,infected,pressure,stop,warning,fight,crisis,panic,collapse,risk,arrested,no,demand,idiot,emergency,shortage,low,war
crude,empty,recession,sc,shit,fucking,kill,killed,infected,pressure,stop,warning,fight,crisis,panic,collapse,risk,arrested,no,demand,idiot,emergency,shortage,low,war
crude,empty,recession,sc,shit,fucking,kill,killed,infected,pressure,stop,warning,fight,crisis,panic,collapse,risk,arrested,no,demand,idiot,emergency,shortage,low,war
crude,empty,recession,sc,shit,fucking,kill,killed,infected,pressure,stop,warning,fight,crisis,panic,collapse,risk,arrested,no,demand,idiot,emergency,shortage,low,war
crude,empty,recession,sc,shit,fucking,kill,killed,infected,pressure,stop,warning,fight,crisis,panic,collapse,risk,arrested,no,demand,idiot,emergency,shortage,low,war
crude,empty,recession,sc,shit,fucking,kill,killed,infected,pressure,stop,warning,fight,crisis,panic,collapse,risk,arrested,no,demand,idiot,emergency,shortage,low,war
crude,empty,recession,sc,shit,fucking,kill,killed,infected,pressure,stop,warning,fight,crisis,panic,collapse,risk,arrested,no,demand,idiot,emergency,shortage,low,war
crude,empty,recession,sc,shit,fucking,kill,killed,infected,pressure,stop,warning,fight,crisis,panic,collapse,risk,arrested,no,demand,idiot,emergency,shortage,low,war
crude,empty,recession,sc,shit,fucking,kill,killed,infected,pressure,stop,warning,fight,crisis,panic,collapse,risk,arrested,no,demand,idiot,emergency,shortage,low,war
crude,empty,recession,sc,shit,fucking,kill,killed,infected,pressure,stop,warning,fight,crisis,panic,collapse,risk,arrested,no,demand,idiot,emergency,shortage,low,war
crude,empty,recession,sc,shit,fucking,kill,killed,infected,pressure,stop,warning,fight,crisis,panic,collapse,risk,arrested,no,demand,idiot,emergency,shortage,low,war
crude,empty,recession,sc,shit,fucking,kill,killed,infected,pressure,stop,warning,fight,crisis,panic,collapse,risk,arrested,no,demand,idiot,emergency,shortage,low,war
crude,empty,recession,sc,shit,fucking,kill,killed,infected,pressure,stop,warning,fight,crisis,panic,collapse,risk,arrested,no,demand,idiot,emergency,shortage,low,war
crude,empty,recession,sc,shit,fucking,kill,killed,infected,pressure,stop,warning,fight,crisis,panic,collapse,risk,arrested,no,demand,idiot,emergency,shortage,low,war
crude,empty,recession,sc,shit,fucking,kill,killed,infected,pressure,stop,warning,fight,crisis,panic,collapse,risk,arrested,no,demand,idiot,emergency,shortage,low,war
crude,empty,recession,sc,shit,fucking,kill,killed,infected,pressure,stop,warning,fight,crisis,panic,collapse,risk,arrested,no,demand,idiot,emergency,shortage,low,war
crude,empty,recession,sc,shit,fucking,kill,killed,infected,pressure,stop,warning,fight,crisis,panic,collapse,risk,arrested,no,demand,idiot,emergency,shortage,low,war
crude,empty,recession,sc,shit,fucking,kill,killed,infected,pressure,stop,warning,fight,crisis,panic,collapse,risk,arrested,no,demand,idiot,emergency,shortage,low,war
crude,empty,recession,sc,shit,fucking,kill,killed,infected,pressure,stop,warning,fight,crisis,panic,collapse,risk,arrested,no,demand,idiot,emergency,shortage,low,war
crude,empty,recession,sc,shit,fucking,kill,killed,infected,pressure,stop,warning,fight,crisis,panic,collapse,risk,arrested,no,demand,idiot,emergency,shortage,low,war
crude,empty,recession,sc,shit,fucking,kill,killed,infected,pressure,stop,warning,fight,crisis,panic,collapse,risk,arrested,no,demand,idiot,emergency,shortage,low,war
crude,empty,recession,sc,shit,fucking,kill,killed,infected,pressure,stop,warning,fight,crisis,panic,collapse,risk,arrested,no,demand,idiot,emergency,shortage,low,war
crude,empty,recession,sc,shit,fucking,kill,killed,infected,pressure,stop,warning,fight,crisis,panic,collapse,risk,arrested,no,demand,idiot,emergency,shortage,low,war
crude,empty,recession,sc,shit,fucking,kill,killed,infected,pressure,stop,warning,fight,crisis,panic,collapse,risk,arrested,no,demand,idiot,emergency,shortage,low,war
crude,empty,recession,sc,shit,fucking,kill,killed,infected,pressure,stop,warning,fight,crisis,panic,collapse,risk,arrested,no,demand,idiot,emergency,shortage,low,war
crude,empty,recession,sc,shit,fucking,kill,killed,infected,pressure,stop,warning,fight,crisis,panic,collapse,risk,arrested,no,demand,idiot,emergency,shortage,low,war
crude,empty,recession,sc,shit,fucking,kill,killed,infected,pressure,stop,warning,fight,crisis,panic,collapse,risk,arrested,no,demand,idiot,emergency,shame,shortage,low
crude,empty,recession,sc,shit,fucking,kill,killed,infected,pressure,stop,warning,fight,crisis,panic,collapse,risk,arrested,no,demand,idiot,emergency,shame,shortage,low
crude,empty,recession,sc,shit,fucking,kill,killed,infected,pressure,stop,warning,fight,crisis,panic,collapse,risk,arrested,no,demand,idiot,emergency,shame,shortage,low
crude,empty,recession,sc,shit,fucking,kill,killed,infected,pressure,stop,warning,fight,crisis,panic,collapse,risk,arrested,no,demand,idiot,emergency,shame,shortage,low
crude,empty,recession,sc,shit,fucking,kill,killed,infected,pressure,stop,warning,fight,crisis,panic,collapse,risk,arrested,no,demand,idiot,emergency,shame,shortage,low
crude,empty,recession,sc,shit,fucking,kill,killed,infected,pressure,stop,warning,fight,crisis,panic,collapse,risk,arrested,no,demand,idiot,emergency,shame,shortage,low
crude,empty,recession,sc,shit,fucking,kill,killed,infected,pressure,stop,warning,fight,crisis,panic,collapse,risk,arrested,no,demand,idiot,emergency,shame,shortage,low
crude,empty,recession,sc,shit,fucking,kill,killed,infected,pressure,stop,warning,fight,crisis,panic,collapse,risk,arrested,no,demand,idiot,emergency,shame,shortage,low
crude,empty,recession,sc,shit,fucking,kill,killed,infected,pressure,stop,warning,fight,crisis,panic,collapse,risk,arrested,no,demand,idiot,emergency,shame,shortage,low
crude,empty,recession,sc,shit,fucking,kill,killed,infected,pressure,stop,warning,fight,crisis,panic,collapse,risk,arrested,no,demand,idiot,emergency,shame,shortage,low
crude,empty,recession,sc,shit,fucking,kill,killed,infected,pressure,stop,warning,fight,crisis,panic,collapse,risk,arrested,no,demand,idiot,emergency,shame,shortage,low
crude,empty,recession,sc,shit,fucking,kill,infected,pressure,stop,warning,fight,crisis,panic,collapse,risk,arrested,no,demand,idiot,complaints,emergency,shame,shortage,low
crude,empty,recession,sc,shit,fucking,kill,infected,pressure,stop,warning,fight,crisis,panic,collapse,risk,arrested,no,demand,idiot,complaints,emergency,shame,shortage,low
crude,empty,recession,sc,shit,fucking,kill,infected,pressure,stop,warning,fight,crisis,panic,collapse,risk,arrested,no,demand,idiot,complaints,emergency,shame,shortage,low
crude,empty,recession,sc,shit,fucking,kill,infected,pressure,stop,warning,fight,crisis,panic,collapse,risk,arrested,no,demand,idiot,complaints,emergency,shame,shortage,low
crude,empty,recession,sc,shit,fucking,kill,infected,pressure,stop,warning,fight,crisis,panic,collapse,risk,arrested,no,demand,idiot,complaints,emergency,shame,shortage,low
crude,empty,recession,sc,shit,fucking,kill,infected,pressure,stop,warning,fight,crisis,panic,collapse,risk,arrested,no,demand,idiot,complaints,emergency,shame,shortage,low
crude,empty,recession,sc,shit,fucking,kill,infected,pressure,stop,warning,fight,crisis,panic,collapse,risk,arrested,no,demand,idiot,complaints,emergency,shame,shortage,low
crude,empty,recession,sc,shit,fucking,kill,infected,pressure,stop,warning,fight,crisis,panic,collapse,risk,arrested,no,demand,idiot,complaints,emergency,shame,shortage,low
crude,empty,recession,sc,shit,fucking,kill,infected,pressure,stop,warning,fight,crisis,panic,collapse,risk,arrested,no,demand,idiot,complaints,emergency,shame,shortage,low
crude,empty,recession,sc,shit,fucking,kill,infected,pressure,stop,warning,fight,crisis,panic,collapse,risk,arrested,no,demand,idiot,complaints,emergency,shame,shortage,low
crude,empty,recession,sc,shit,fucking,kill,infected,pressure,stop,warning,fight,crisis,panic,collapse,risk,arrested,no,demand,idiot,complaints,emergency,shame,shortage,low
crude,empty,recession,sc,shit,fucking,kill,infected,pressure,stop,warning,fight,crisis,panic,collapse,risk,arrested,no,demand,idiot,complaints,emergency,shame,shortage,low
crude,empty,recession,sc,shit,fucking,kill,infected,pressure,stop,warning,fight,crisis,panic,collapse,risk,arrested,no,demand,idiot,complaints,emergency,shame,shortage,low
crude,empty,recession,sc,shit,fucking,kill,infected,pressure,stop,warning,fight,crisis,panic,collapse,risk,arrested,no,demand,idiot,complaints,emergency,shame,shortage,low
crude,empty,recession,sc,shit,fucking,kill,infected,pressure,stop,warning,fight,crisis,panic,collapse,risk,arrested,no,demand,idiot,complaints,emergency,shame,shortage,low
crude,empty,recession,sc,shit,fucking,kill,infected,pressure,stop,warning,fight,crisis,panic,collapse,risk,arrested,no,demand,idiot,complaints,emergency,shame,shortage,low
crude,empty,recession,sc,shit,fucking,kill,infected,pressure,stop,warning,fight,crisis,panic,collapse,risk,arrested,no,demand,idiot,complaints,emergency,shame,shortage,low
crude,empty,recession,sc,shit,fucking,kill,infected,pressure,stop,warning,fight,crisis,panic,collapse,risk,arrested,no,demand,idiot,complaints,emergency,shame,shortage,low
crude,empty,recession,sc,shit,fucking,kill,infected,pressure,stop,warning,fight,crisis,panic,collapse,risk,arrested,no,demand,idiot,complaints,emergency,shame,shortage,low
crude,empty,recession,sc,shit,fucking,kill,pressure,stop,warning,fight,crisis,panic,collapse,risk,arrested,no,demand,idiot,complaints,emergency,police,shame,shortage,low
crude,empty,recession,sc,shit,fucking,kill,pressure,stop,warning,fight,crisis,panic,collapse,risk,arrested,no,demand,idiot,complaints,emergency,police,shame,shortage,low
crude,empty,recession,sc,shit,fucking,kill,pressure,stop,warning,fight,crisis,panic,collapse,risk,arrested,no,demand,idiot,complaints,emergency,police,shame,shortage,low
crude,empty,recession,sc,shit,fucking,kill,pressure,stop,warning,fight,crisis,panic,collapse,risk,arrested,no,demand,idiot,complaints,emergency,police,shame,shortage,low
crude,empty,recession,sc,shit,fucking,kill,pressure,stop,warning,fight,crisis,panic,collapse,risk,arrested,no,demand,idiot,complaints,emergency,police,shame,shortage,low
crude,empty,recession,sc,shit,fucking,kill,pressure,stop,warning,fight,crisis,panic,collapse,risk,arrested,no,demand,idiot,complaints,emergency,police,shame,shortage,low
crude,empty,recession,sc,shit,fucking,kill,pressure,stop,warning,fight,crisis,panic,collapse,risk,arrested,no,demand,idiot,complaints,emergency,police,shame,shortage,low
crude,empty,recession,sc,shit,fucking,kill,pressure,stop,warning,fight,crisis,panic,collapse,risk,arrested,no,demand,idiot,complaints,emergency,police,shame,shortage,low
crude,empty,recession,sc,shit,fucking,kill,pressure,stop,warning,fight,crisis,panic,collapse,risk,arrested,no,demand,idiot,complaints,emergency,police,shame,shortage,low
crude,empty,recession,sc,shit,fucking,kill,pressure,stop,warning,fight,crisis,panic,collapse,risk,arrested,no,demand,idiot,complaints,emergency,police,shame,shortage,low
crude,empty,recession,sc,shit,fucking,kill,pressure,stop,warning,fight,crisis,panic,collapse,risk,arrested,no,demand,idiot,complaints,emergency,police,shame,shortage,low
crude,empty,recession,sc,shit,fucking,kill,pressure,stop,warning,fight,crisis,panic,collapse,risk,arrested,no,demand,complaints,emergency,police,shame,shortage,low,war
crude,empty,recession,sc,shit,fucking,kill,pressure,stop,warning,fight,crisis,panic,collapse,risk,arrested,no,demand,complaints,emergency,police,shame,shortage,low,war
crude,empty,recession,sc,shit,fucking,kill,pressure,stop,warning,fight,crisis,panic,collapse,risk,arrested,no,demand,complaints,emergency,police,shame,shortage,low,war
crude,empty,recession,sc,shit,fucking,kill,pressure,stop,warning,fight,crisis,panic,collapse,risk,arrested,no,demand,complaints,emergency,police,shame,shortage,low,war
crude,empty,recession,sc,shit,fucking,kill,pressure,stop,warning,fight,crisis,panic,collapse,risk,arrested,no,demand,complaints,emergency,police,shame,shortage,low,war
crude,empty,recession,sc,shit,fucking,kill,pressure,stop,warning,fight,crisis,panic,collapse,risk,arrested,no,demand,complaints,emergency,police,shame,shortage,low,war
crude,empty,recession,sc,shit,fucking,kill,pressure,stop,warning,fight,crisis,panic,collapse,risk,arrested,no,demand,complaints,emergency,police,shame,shortage,low,war
crude,empty,recession,sc,shit,fucking,kill,pressure,stop,warning,fight,crisis,panic,collapse,risk,arrested,no,demand,complaints,emergency,police,shame,shortage,low,war
crude,empty,recession,sc,shit,fucking,kill,pressure,stop,warning,fight,crisis,panic,collapse,risk,arrested,no,demand,complaints,emergency,police,shame,shortage,low,war
crude,empty,recession,sc,shit,fucking,kill,pressure,stop,warning,fight,crisis,panic,collapse,risk,arrested,no,demand,complaints,emergency,police,shame,shortage,low,war
crude,empty,recession,sc,shit,fucking,kill,pressure,stop,warning,fight,crisis,panic,collapse,risk,arrested,no,demand,complaints,emergency,police,shame,shortage,low,war
crude,empty,recession,sc,shit,fucking,kill,pressure,stop,warning,fight,crisis,panic,collapse,risk,arrested,no,demand,complaints,emergency,police,shame,shortage,low,war
crude,empty,recession,sc,shit,fucking,kill,pressure,stop,warning,fight,crisis,panic,collapse,risk,arrested,no,demand,complaints,emergency,police,shame,shortage,low,war
crude,empty,recession,sc,shit,fucking,kill,pressure,stop,warning,fight,crisis,panic,collapse,risk,arrested,no,demand,complaints,emergency,police,shame,shortage,low,war
crude,empty,recession,sc,shit,fucking,kill,pressure,stop,warning,fight,crisis,panic,collapse,risk,arrested,no,demand,complaints,emergency,police,shame,shortage,low,war
crude,empty,recession,sc,shit,fucking,kill,pressure,stop,warning,fight,crisis,panic,collapse,risk,arrested,no,demand,complaints,emergency,police,shame,shortage,low,war
crude,empty,recession,sc,shit,fucking,kill,pressure,stop,warning,fight,crisis,panic,collapse,risk,arrested,no,demand,complaints,emergency,police,shame,shortage,low,war
crude,empty,recession,sc,shit,fucking,kill,pressure,stop,warning,fight,crisis,panic,collapse,risk,arrested,no,demand,complaints,emergency,police,shame,shortage,low,war
crude,empty,recession,sc,shit,fucking,kill,pressure,stop,warning,fight,crisis,panic,collapse,risk,arrested,no,demand,complaints,emergency,police,shame,shortage,low,war
crude,empty,recession,sc,shit,fucking,kill,pressure,stop,warning,fight,crisis,panic,collapse,risk,arrested,no,demand,complaints,emergency,police,shame,shortage,low,war
crude,empty,recession,sc,shit,fucking,kill,pressure,stop,warning,fight,crisis,panic,collapse,risk,arrested,no,demand,complaints,emergency,police,shame,shortage,low,war
crude,empty,recession,sc,shit,fucking,kill,pressure,stop,warning,fight,crisis,panic,collapse,risk,arrested,no,demand,complaints,emergency,police,shame,shortage,low,war
crude,empty,recession,sc,shit,fucking,kill,pressure,stop,warning,fight,crisis,panic,collapse,risk,arrested,no,demand,complaints,emergency,police,shame,shortage,low,war
crude,empty,recession,sc,shit,fucking,kill,pressure,stop,warning,fight,crisis,panic,collapse,risk,arrested,no,demand,complaints,emergency,police,shame,shortage,low,war
crude,empty,recession,sc,shit,fucking,kill,pressure,stop,warning,fight,crisis,panic,collapse,risk,arrested,no,demand,complaints,emergency,police,shame,shortage,low,war
crude,empty,recession,sc,shit,fucking,kill,pressure,stop,warning,fight,crisis,panic,collapse,risk,arrested,no,demand,complaints,emergency,police,shame,shortage,low,war
crude,empty,recession,sc,shit,fucking,kill,pressure,stop,warning,fight,crisis,panic,collapse,risk,arrested,no,demand,complaints,emergency,police,shame,shortage,low,war
crude,empty,recession,sc,shit,fucking,kill,pressure,stop,warning,fight,crisis,panic,collapse,risk,arrested,no,demand,complaints,emergency,police,shame,shortage,low,war
crude,empty,recession,sc,shit,fucking,kill,pressure,stop,warning,fight,crisis,panic,collapse,risk,arrested,no,demand,complaints,emergency,police,shame,shortage,low,war
crude,empty,recession,sc,shit,fucking,kill,pressure,stop,warning,fight,crisis,panic,collapse,risk,arrested,no,demand,complaints,emergency,police,shame,shortage,low,war
crude,empty,recession,sc,shit,fucking,kill,pressure,stop,warning,fight,crisis,panic,collapse,risk,arrested,no,demand,complaints,emergency,police,shame,shortage,low,war
crude,empty,recession,sc,shit,fucking,kill,pressure,stop,warning,fight,crisis,panic,collapse,risk,arrested,no,demand,complaints,emergency,police,shame,shortage,low,war
crude,empty,recession,sc,shit,fucking,kill,pressure,stop,warning,fight,crisis,panic,collapse,risk,arrested,no,demand,complaints,emergency,police,shame,shortage,low,war
crude,empty,recession,sc,shit,fucking,kill,pressure,stop,warning,fight,crisis,panic,collapse,risk,arrested,no,demand,complaints,emergency,police,shame,shortage,low,war
crude,empty,recession,sc,shit,fucking,kill,pressure,stop,warning,fight,crisis,panic,collapse,risk,arrested,no,demand,complaints,emergency,police,shame,shortage,low,war
crude,empty,recession,sc,shit,fucking,kill,pressure,stop,warning,fight,crisis,panic,collapse,risk,arrested,no,demand,complaints,emergency,police,shame,shortage,low,war
crude,empty,recession,sc,shit,fucking,kill,pressure,stop,warning,fight,crisis,panic,collapse,risk,arrested,no,demand,complaints,emergency,police,shame,shortage,low,war
crude,empty,recession,sc,shit,fucking,kill,pressure,stop,warning,fight,crisis,panic,collapse,risk,arrested,no,demand,complaints,emergency,police,shame,shortage,low,war
crude,empty,recession,sc,shit,fucking,kill,pressure,stop,warning,fight,crisis,panic,collapse,risk,arrested,no,demand,complaints,emergency,police,shame,shortage,low,war
crude,empty,recession,sc,shit,fucking,kill,stop,warning,fight,crisis,panic,collapse,risk,arrested,no,demand,idiot,complaints,emergency,police,shame,shortage,low,war
crude,empty,recession,sc,shit,fucking,kill,stop,warning,fight,crisis,panic,collapse,risk,arrested,no,demand,idiot,complaints,emergency,police,shame,shortage,low,war
crude,empty,recession,sc,shit,fucking,kill,stop,warning,fight,crisis,panic,collapse,risk,arrested,no,demand,idiot,complaints,emergency,police,shame,shortage,low,war
crude,empty,recession,sc,shit,fucking,kill,stop,warning,fight,crisis,panic,collapse,risk,arrested,no,demand,idiot,complaints,emergency,police,shame,shortage,low,war
crude,empty,recession,sc,shit,fucking,kill,stop,warning,fight,crisis,panic,collapse,risk,arrested,no,demand,idiot,complaints,emergency,police,shame,shortage,low,war
crude,empty,recession,sc,shit,fucking,kill,stop,warning,fight,crisis,panic,collapse,risk,arrested,no,demand,idiot,complaints,emergency,police,shame,shortage,low,war
crude,empty,recession,sc,shit,fucking,kill,stop,warning,fight,crisis,panic,collapse,risk,arrested,no,demand,idiot,complaints,emergency,police,shame,shortage,low,war
crude,empty,recession,sc,shit,fucking,kill,stop,warning,fight,crisis,panic,collapse,risk,arrested,no,demand,idiot,complaints,emergency,police,shame,shortage,low,war
crude,empty,recession,sc,shit,fucking,kill,stop,warning,fight,crisis,panic,collapse,risk,arrested,no,demand,idiot,complaints,emergency,police,shame,shortage,low,war
crude,empty,recession,sc,shit,fucking,kill,stop,warning,fight,crisis,panic,collapse,risk,arrested,no,demand,idiot,complaints,emergency,police,shame,shortage,low,war
crude,empty,recession,sc,shit,fucking,kill,stop,warning,fight,crisis,panic,collapse,risk,arrested,no,demand,idiot,complaints,emergency,police,shame,shortage,low,war
crude,empty,recession,sc,shit,fucking,kill,stop,warning,fight,crisis,panic,collapse,risk,arrested,no,demand,idiot,complaints,emergency,police,shame,shortage,low,war
crude,empty,recession,sc,shit,fucking,kill,stop,warning,fight,crisis,panic,collapse,risk,arrested,no,demand,idiot,complaints,emergency,police,shame,shortage,low,war
crude,empty,recession,sc,shit,fucking,kill,stop,warning,fight,crisis,panic,collapse,risk,arrested,no,demand,idiot,complaints,emergency,police,shame,shortage,low,war
crude,empty,recession,sc,shit,fucking,kill,stop,warning,fight,crisis,panic,collapse,risk,arrested,no,demand,idiot,complaints,emergency,police,shame,shortage,low,war
crude,empty,recession,sc,shit,fucking,kill,stop,warning,fight,crisis,panic,collapse,risk,arrested,no,demand,idiot,complaints,emergency,police,shame,shortage,low,war
crude,empty,recession,sc,shit,fucking,kill,stop,warning,fight,crisis,panic,collapse,risk,arrested,no,demand,idiot,complaints,emergency,police,shame,shortage,low,war
crude,empty,recession,sc,shit,fucking,kill,stop,warning,fight,crisis,panic,collapse,risk,arrested,no,demand,idiot,complaints,emergency,police,shame,shortage,low,war
crude,empty,recession,sc,shit,fucking,kill,stop,warning,fight,crisis,panic,collapse,risk,arrested,no,demand,idiot,complaints,emergency,police,shame,shortage,low,war
crude,empty,recession,sc,shit,fucking,kill,stop,warning,fight,crisis,panic,collapse,risk,arrested,no,demand,idiot,complaints,emergency,police,shame,shortage,low,war
crude,empty,recession,sc,shit,fucking,kill,stop,warning,fight,crisis,panic,collapse,risk,arrested,no,demand,idiot,complaints,emergency,police,shame,shortage,low,war
crude,empty,recession,sc,shit,fucking,kill,stop,warning,fight,crisis,panic,collapse,risk,arrested,no,demand,idiot,complaints,emergency,police,shame,shortage,low,war
crude,empty,recession,sc,shit,anxiety,fucking,kill,stop,warning,fight,crisis,panic,collapse,risk,arrested,no,demand,idiot,complaints,emergency,shame,shortage,low,war
crude,empty,recession,sc,shit,anxiety,fucking,kill,stop,warning,fight,crisis,panic,collapse,risk,arrested,no,demand,idiot,complaints,emergency,shame,shortage,low,war
crude,empty,recession,sc,shit,anxiety,fucking,kill,stop,warning,fight,crisis,panic,collapse,risk,arrested,no,demand,idiot,complaints,emergency,shame,shortage,low,war
crude,empty,recession,sc,shit,anxiety,fucking,kill,stop,warning,fight,crisis,panic,collapse,risk,arrested,no,demand,idiot,complaints,emergency,shame,shortage,low,war
crude,empty,recession,sc,shit,anxiety,fucking,kill,stop,warning,fight,crisis,panic,collapse,risk,arrested,no,demand,idiot,complaints,emergency,shame,shortage,low,war
crude,empty,recession,sc,shit,anxiety,fucking,kill,stop,warning,fight,crisis,panic,collapse,risk,arrested,no,demand,idiot,complaints,emergency,shame,shortage,low,war
crude,empty,recession,sc,shit,anxiety,fucking,kill,stop,warning,fight,crisis,panic,collapse,risk,arrested,no,demand,idiot,complaints,emergency,shame,shortage,low,war
crude,empty,recession,sc,shit,anxiety,fucking,kill,stop,warning,fight,crisis,panic,collapse,risk,arrested,no,demand,idiot,complaints,emergency,shame,shortage,low,war
crude,empty,recession,sc,shit,anxiety,fucking,kill,stop,warning,fight,crisis,panic,collapse,risk,arrested,no,demand,idiot,complaints,emergency,shame,shortage,low,war
crude,empty,recession,sc,shit,anxiety,fucking,kill,stop,warning,fight,crisis,panic,collapse,risk,arrested,no,demand,idiot,complaints,emergency,shame,shortage,low,war
crude,empty,recession,sc,shit,anxiety,fucking,kill,stop,warning,fight,crisis,panic,collapse,risk,arrested,no,demand,idiot,complaints,emergency,shame,shortage,low,war
crude,empty,recession,sc,shit,anxiety,fucking,kill,stop,warning,fight,crisis,panic,collapse,risk,arrested,no,demand,idiot,complaints,emergency,shame,shortage,low,war
crude,empty,recession,sc,shit,anxiety,fucking,kill,stop,warning,fight,crisis,panic,collapse,risk,arrested,no,demand,idiot,complaints,emergency,shame,shortage,low,war
crude,empty,recession,sc,shit,anxiety,fucking,kill,stop,warning,fight,crisis,panic,collapse,risk,arrested,no,demand,idiot,complaints,emergency,shame,shortage,low,war
crude,empty,recession,sc,shit,anxiety,fucking,kill,stop,warning,fight,crisis,panic,collapse,risk,arrested,no,demand,idiot,complaints,emergency,shame,shortage,low,war
crude,empty,recession,sc,shit,anxiety,fucking,kill,stop,warning,fight,crisis,panic,collapse,risk,arrested,no,demand,idiot,complaints,emergency,shame,shortage,low,war
crude,empty,recession,sc,shit,anxiety,fucking,kill,stop,warning,fight,crisis,panic,collapse,risk,arrested,no,demand,idiot,complaints,emergency,shame,shortage,low,war
crude,empty,recession,sc,shit,anxiety,fucking,kill,stop,warning,fight,crisis,panic,collapse,risk,arrested,no,demand,idiot,complaints,emergency,shame,shortage,low,war
crude,empty,recession,sc,shit,anxiety,fucking,kill,stop,warning,fight,crisis,panic,collapse,risk,arrested,no,demand,idiot,complaints,emergency,shame,shortage,low,war
crude,empty,recession,sc,shit,anxiety,fucking,kill,stop,warning,fight,crisis,panic,collapse,risk,arrested,no,demand,idiot,complaints,emergency,shame,shortage,low,war
crude,empty,recession,sc,shit,anxiety,fucking,kill,stop,warning,fight,crisis,panic,collapse,risk,arrested,no,demand,idiot,complaints,emergency,shame,shortage,low,war
crude,empty,recession,sc,shit,anxiety,fucking,kill,stop,warning,fight,crisis,panic,collapse,risk,arrested,no,demand,idiot,complaints,emergency,shame,shortage,low,war
crude,empty,recession,sc,shit,anxiety,fucking,kill,stop,warning,fight,crisis,panic,collapse,risk,arrested,no,demand,idiot,complaints,emergency,shame,shortage,low,war
crude,empty,recession,sc,shit,anxiety,fucking,kill,stop,warning,fight,crisis,panic,collapse,risk,arrested,no,demand,idiot,complaints,emergency,shame,shortage,low,war
crude,empty,recession,sc,shit,anxiety,fucking,kill,stop,warning,fight,crisis,panic,collapse,risk,arrested,no,demand,idiot,complaints,emergency,shame,shortage,low,war
crude,empty,recession,sc,shit,anxiety,fucking,kill,stop,warning,fight,crisis,panic,collapse,risk,arrested,no,demand,idiot,complaints,emergency,shame,shortage,low,war
crude,empty,recession,sc,shit,anxiety,fucking,kill,stop,warning,fight,crisis,panic,collapse,risk,arrested,no,demand,idiot,complaints,emergency,shame,shortage,low,war
crude,empty,recession,sc,shit,anxiety,fucking,kill,stop,warning,fight,crisis,panic,collapse,risk,arrested,no,demand,idiot,complaints,emergency,shame,shortage,low,war
crude,empty,recession,sc,shit,anxiety,fucking,kill,stop,warning,fight,crisis,panic,collapse,risk,arrested,no,demand,idiot,complaints,emergency,shame,shortage,low,war
crude,empty,recession,sc,shit,anxiety,fucking,kill,stop,warning,fight,crisis,panic,collapse,risk,arrested,no,demand,idiot,complaints,emergency,shame,shortage,low,war
crude,empty,recession,sc,shit,anxiety,fucking,kill,stop,warning,fight,crisis,panic,collapse,risk,arrested,no,demand,idiot,complaints,emergency,shame,shortage,low,war
crude,empty,recession,sc,shit,anxiety,fucking,kill,stop,warning,fight,crisis,panic,collapse,risk,arrested,no,demand,idiot,complaints,emergency,shame,shortage,low,war
crude,empty,recession,sc,shit,anxiety,fucking,kill,stop,warning,fight,crisis,panic,collapse,risk,arrested,no,demand,idiot,complaints,emergency,shame,shortage,low,war
crude,empty,recession,sc,shit,anxiety,fucking,kill,stop,warning,fight,crisis,panic,collapse,risk,arrested,no,demand,idiot,complaints,emergency,shame,shortage,low,war
crude,empty,recession,sc,shit,anxiety,fucking,kill,stop,warning,fight,crisis,panic,collapse,risk,arrested,no,demand,idiot,complaints,emergency,shame,shortage,low,war
crude,empty,recession,sc,shit,anxiety,fucking,kill,stop,warning,fight,crisis,panic,collapse,risk,arrested,no,demand,idiot,complaints,emergency,shame,shortage,low,war
crude,empty,recession,sc,shit,anxiety,fucking,kill,stop,warning,fight,crisis,panic,collapse,risk,arrested,no,demand,idiot,complaints,emergency,shame,shortage,low,war
crude,empty,recession,sc,shit,anxiety,fucking,kill,stop,warning,fight,crisis,panic,collapse,risk,arrested,no,demand,idiot,complaints,emergency,shame,shortage,low,war
crude,empty,recession,sc,shit,anxiety,fucking,kill,stop,warning,fight,crisis,panic,collapse,risk,arrested,no,demand,idiot,complaints,emergency,shame,shortage,low,war
crude,empty,recession,sc,shit,anxiety,fucking,kill,stop,warning,fight,crisis,panic,collapse,risk,arrested,no,demand,idiot,complaints,emergency,shame,shortage,low,war
crude,empty,recession,sc,shit,anxiety,fucking,kill,stop,warning,fight,crisis,panic,collapse,risk,arrested,no,demand,idiot,complaints,emergency,shame,shortage,low,war
crude,empty,recession,sc,shit,anxiety,fucking,kill,stop,warning,fight,crisis,panic,collapse,risk,arrested,no,demand,idiot,complaints,emergency,shame,shortage,low,war
crude,empty,recession,sc,shit,anxiety,fucking,kill,stop,warning,fight,crisis,panic,collapse,risk,arrested,no,demand,idiot,complaints,emergency,shame,shortage,low,war
crude,empty,recession,sc,shit,anxiety,fucking,kill,stop,warning,fight,crisis,panic,collapse,risk,arrested,no,demand,idiot,complaints,emergency,shame,shortage,low,war
crude,empty,recession,sc,shit,anxiety,fucking,kill,stop,warning,fight,crisis,panic,collapse,risk,arrested,no,demand,idiot,complaints,emergency,shame,shortage,low,war
crude,empty,recession,sc,shit,anxiety,fucking,kill,stop,warning,fight,crisis,panic,collapse,risk,arrested,no,demand,idiot,complaints,emergency,shame,shortage,low,war
crude,empty,recession,sc,shit,anxiety,fucking,kill,stop,warning,fight,crisis,panic,collapse,risk,arrested,no,demand,idiot,complaints,emergency,shame,shortage,low,war
crude,empty,recession,sc,shit,anxiety,fucking,kill,stop,warning,fight,crisis,panic,collapse,risk,arrested,no,demand,idiot,complaints,emergency,shame,shortage,low,war
crude,empty,recession,sc,shit,anxiety,fucking,kill,stop,warning,fight,crisis,panic,collapse,risk,arrested,no,demand,idiot,complaints,emergency,shame,shortage,low,war
crude,empty,recession,sc,shit,anxiety,fucking,kill,stop,warning,fight,crisis,panic,collapse,risk,arrested,no,demand,idiot,complaints,emergency,shame,shortage,low,war
crude,empty,recession,sc,shit,anxiety,fucking,kill,stop,warning,fight,crisis,panic,collapse,risk,arrested,no,demand,idiot,complaints,emergency,shame,shortage,low,war
crude,empty,recession,sc,shit,anxiety,fucking,kill,stop,warning,fight,crisis,panic,collapse,risk,arrested,no,demand,idiot,complaints,emergency,shame,shortage,low,war
crude,empty,recession,sc,shit,anxiety,fucking,kill,stop,warning,fight,crisis,panic,collapse,risk,arrested,no,demand,idiot,complaints,emergency,shame,shortage,low,war
crude,empty,recession,sc,shit,anxiety,fucking,kill,stop,warning,fight,crisis,panic,collapse,risk,arrested,no,demand,idiot,complaints,emergency,shame,shortage,low,war
crude,empty,recession,sc,shit,anxiety,fucking,kill,stop,warning,fight,crisis,panic,collapse,risk,arrested,no,demand,idiot,complaints,emergency,shame,shortage,low,war
crude,empty,recession,sc,shit,anxiety,fucking,kill,stop,warning,fight,crisis,panic,collapse,risk,arrested,no,demand,idiot,complaints,emergency,shame,shortage,low,war
crude,empty,recession,sc,shit,anxiety,fucking,kill,stop,warning,fight,crisis,panic,collapse,risk,arrested,no,demand,idiot,complaints,emergency,shame,shortage,low,war
crude,empty,recession,sc,shit,anxiety,fucking,kill,stop,warning,fight,crisis,panic,collapse,risk,arrested,no,demand,idiot,complaints,emergency,shame,shortage,low,war
crude,empty,recession,sc,shit,anxiety,fucking,kill,stop,warning,fight,crisis,panic,collapse,risk,arrested,no,demand,idiot,complaints,emergency,shame,shortage,low,war
crude,empty,recession,sc,shit,anxiety,fucking,kill,stop,warning,fight,crisis,panic,collapse,risk,arrested,no,demand,idiot,complaints,emergency,shame,shortage,low,war
crude,empty,recession,sc,shit,anxiety,fucking,kill,stop,warning,fight,crisis,panic,collapse,risk,arrested,no,demand,idiot,complaints,emergency,shame,shortage,low,war
crude,empty,recession,sc,shit,anxiety,fucking,kill,stop,warning,fight,crisis,panic,collapse,risk,arrested,no,demand,idiot,complaints,emergency,shame,shortage,low,war
crude,empty,recession,sc,shit,anxiety,fucking,kill,stop,warning,fight,crisis,panic,collapse,risk,arrested,no,demand,idiot,complaints,emergency,shame,shortage,low,war
crude,empty,recession,sc,shit,anxiety,fucking,kill,stop,warning,fight,crisis,panic,collapse,risk,arrested,no,demand,idiot,complaints,emergency,shame,shortage,low,war
crude,empty,recession,sc,shit,anxiety,fucking,kill,stop,warning,fight,crisis,panic,collapse,risk,arrested,no,demand,idiot,complaints,emergency,shame,shortage,low,war
crude,empty,recession,sc,shit,anxiety,fucking,kill,stop,warning,fight,crisis,panic,collapse,risk,arrested,no,demand,idiot,complaints,emergency,shame,shortage,low,war
crude,empty,recession,sc,shit,anxiety,fucking,kill,stop,warning,fight,crisis,panic,collapse,risk,arrested,no,demand,idiot,complaints,emergency,shame,shortage,low,war
crude,empty,recession,sc,shit,anxiety,fucking,kill,stop,warning,fight,crisis,panic,collapse,risk,arrested,no,demand,idiot,complaints,emergency,shame,shortage,low,war
crude,empty,recession,sc,shit,anxiety,fucking,kill,stop,warning,fight,crisis,panic,collapse,risk,arrested,no,demand,idiot,complaints,emergency,shame,shortage,low,war
crude,empty,recession,sc,shit,anxiety,fucking,kill,stop,warning,fight,crisis,panic,collapse,risk,arrested,no,demand,idiot,complaints,emergency,shame,shortage,low,war
crude,empty,recession,sc,shit,anxiety,fucking,kill,stop,warning,fight,crisis,panic,collapse,risk,arrested,no,demand,idiot,complaints,emergency,shame,shortage,low,war
crude,empty,recession,sc,shit,anxiety,fucking,kill,stop,warning,fight,crisis,panic,collapse,risk,arrested,no,demand,idiot,complaints,emergency,shame,shortage,low,war
crude,empty,recession,sc,shit,anxiety,fucking,kill,stop,warning,fight,crisis,panic,collapse,risk,arrested,no,demand,idiot,complaints,emergency,shame,shortage,low,war
crude,empty,recession,sc,shit,anxiety,fucking,kill,stop,warning,fight,crisis,panic,collapse,risk,arrested,no,demand,idiot,complaints,emergency,shame,shortage,low,war
crude,empty,recession,sc,shit,anxiety,fucking,kill,stop,warning,fight,crisis,panic,collapse,risk,arrested,no,demand,idiot,complaints,emergency,shame,shortage,low,war
crude,empty,recession,sc,shit,anxiety,fucking,kill,stop,warning,fight,crisis,panic,collapse,risk,arrested,no,demand,idiot,complaints,emergency,shame,shortage,low,war
crude,empty,recession,sc,shit,anxiety,fucking,kill,stop,warning,fight,crisis,panic,collapse,risk,arrested,no,demand,idiot,complaints,emergency,shame,shortage,low,war
crude,empty,recession,sc,shit,anxiety,fucking,kill,stop,warning,fight,crisis,panic,collapse,risk,arrested,no,demand,idiot,complaints,emergency,shame,shortage,low,war
crude,empty,recession,sc,shit,anxiety,fucking,kill,stop,warning,fight,crisis,panic,collapse,risk,arrested,no,demand,idiot,complaints,emergency,shame,shortage,low,war
crude,empty,recession,sc,shit,anxiety,fucking,kill,stop,warning,fight,crisis,panic,collapse,risk,arrested,no,demand,idiot,complaints,emergency,shame,shortage,low,war
crude,empty,recession,sc,fears,shit,anxiety,fucking,kill,stop,warning,fight,crisis,panic,collapse,risk,arrested,no,demand,idiot,complaints,emergency,shortage,low,war
crude,empty,recession,sc,fears,shit,anxiety,fucking,kill,stop,warning,fight,crisis,panic,collapse,risk,arrested,no,demand,idiot,complaints,emergency,shortage,low,war
crude,empty,recession,sc,fears,shit,anxiety,fucking,kill,stop,warning,fight,crisis,panic,collapse,risk,arrested,no,demand,idiot,complaints,emergency,shortage,low,war
crude,empty,recession,sc,fears,shit,anxiety,fucking,kill,stop,warning,fight,crisis,panic,collapse,risk,arrested,no,demand,idiot,complaints,emergency,shortage,low,war
crude,empty,recession,sc,fears,shit,anxiety,fucking,kill,stop,warning,fight,crisis,panic,collapse,risk,arrested,no,demand,idiot,complaints,emergency,shortage,low,war
crude,empty,recession,sc,fears,shit,anxiety,fucking,kill,stop,warning,fight,crisis,panic,collapse,risk,arrested,no,demand,idiot,complaints,emergency,shortage,low,war
crude,empty,recession,sc,fears,shit,anxiety,fucking,kill,stop,warning,fight,crisis,panic,collapse,risk,arrested,no,demand,idiot,complaints,emergency,shortage,low,war
crude,empty,recession,sc,fears,shit,anxiety,fucking,kill,stop,warning,fight,crisis,panic,collapse,risk,arrested,no,demand,idiot,complaints,emergency,shortage,low,war
crude,empty,recession,sc,fears,shit,anxiety,fucking,kill,stop,warning,fight,crisis,panic,collapse,risk,arrested,no,demand,idiot,complaints,emergency,shortage,low,war
crude,empty,recession,sc,fears,shit,anxiety,fucking,kill,stop,warning,fight,crisis,panic,collapse,risk,arrested,no,demand,idiot,complaints,emergency,shortage,low,war
crude,empty,recession,sc,fears,shit,anxiety,fucking,kill,stop,warning,fight,crisis,panic,collapse,risk,arrested,no,demand,idiot,complaints,emergency,shortage,low,war
crude,empty,recession,sc,fears,shit,anxiety,fucking,kill,stop,warning,fight,crisis,panic,collapse,risk,arrested,no,demand,idiot,complaints,emergency,shortage,low,war
crude,empty,recession,sc,fears,shit,anxiety,fucking,kill,stop,warning,fight,crisis,panic,collapse,risk,arrested,no,demand,idiot,complaints,emergency,shortage,low,war
crude,empty,recession,sc,fears,shit,anxiety,fucking,kill,stop,warning,fight,crisis,panic,collapse,risk,arrested,no,demand,idiot,complaints,emergency,shortage,low,war
crude,empty,recession,sc,fears,shit,anxiety,fucking,kill,stop,warning,fight,crisis,panic,collapse,risk,arrested,no,demand,idiot,complaints,emergency,shortage,low,war
crude,empty,recession,sc,fears,shit,anxiety,fucking,kill,stop,warning,fight,crisis,panic,collapse,risk,arrested,no,demand,idiot,complaints,emergency,shortage,low,war
crude,empty,recession,sc,fears,shit,anxiety,fucking,kill,stop,warning,fight,crisis,panic,collapse,risk,arrested,no,demand,idiot,complaints,emergency,shortage,low,war
crude,empty,recession,sc,fears,shit,anxiety,fucking,kill,stop,warning,fight,crisis,panic,collapse,risk,arrested,no,demand,idiot,complaints,emergency,shortage,low,war
crude,empty,recession,sc,fears,shit,anxiety,fucking,kill,stop,warning,fight,crisis,panic,collapse,risk,arrested,no,demand,idiot,complaints,emergency,shortage,low,war
crude,empty,recession,sc,fears,shit,anxiety,fucking,kill,stop,warning,fight,crisis,panic,collapse,risk,arrested,no,demand,idiot,complaints,emergency,shortage,low,war
crude,empty,recession,sc,fears,shit,anxiety,fucking,kill,stop,warning,fight,crisis,panic,collapse,risk,arrested,no,demand,idiot,complaints,emergency,shortage,low,war
crude,empty,recession,sc,fears,shit,anxiety,fucking,kill,stop,warning,fight,crisis,panic,collapse,risk,arrested,no,demand,idiot,complaints,emergency,shortage,low,war
crude,empty,recession,sc,fears,shit,anxiety,fucking,kill,stop,warning,fight,crisis,panic,collapse,risk,arrested,no,demand,idiot,complaints,emergency,shortage,low,war
crude,empty,recession,sc,fears,shit,anxiety,fucking,kill,stop,warning,fight,crisis,panic,collapse,risk,arrested,no,demand,idiot,complaints,emergency,shortage,low,war
crude,empty,recession,sc,fears,shit,anxiety,fucking,kill,stop,warning,fight,crisis,panic,collapse,risk,arrested,no,demand,idiot,complaints,emergency,shortage,low,war
crude,empty,recession,sc,fears,shit,anxiety,fucking,kill,stop,warning,fight,crisis,panic,collapse,risk,arrested,no,demand,idiot,complaints,emergency,shortage,low,war
crude,empty,recession,sc,fears,shit,anxiety,fucking,kill,stop,warning,fight,crisis,panic,collapse,risk,arrested,no,demand,idiot,complaints,emergency,shortage,low,war
crude,empty,recession,sc,fears,shit,anxiety,fucking,kill,stop,warning,fight,crisis,panic,collapse,risk,arrested,no,demand,idiot,complaints,emergency,shortage,low,war
crude,empty,recession,sc,fears,shit,anxiety,fucking,kill,stop,warning,fight,crisis,panic,collapse,risk,arrested,no,demand,idiot,complaints,emergency,shortage,low,war
crude,empty,recession,sc,fears,shit,anxiety,fucking,kill,stop,warning,fight,crisis,panic,collapse,risk,arrested,no,demand,idiot,complaints,emergency,shortage,low,war
crude,empty,recession,sc,fears,shit,anxiety,fucking,kill,stop,warning,fight,crisis,panic,collapse,risk,arrested,no,demand,idiot,complaints,emergency,shortage,low,war
crude,empty,recession,sc,fears,shit,anxiety,fucking,kill,stop,warning,fight,crisis,panic,collapse,risk,arrested,no,demand,idiot,complaints,emergency,shortage,low,war
crude,empty,recession,sc,fears,shit,anxiety,fucking,kill,stop,warning,fight,crisis,panic,collapse,risk,arrested,no,demand,idiot,complaints,emergency,shortage,low,war
crude,empty,recession,sc,fears,shit,anxiety,fucking,kill,stop,warning,fight,crisis,panic,collapse,risk,arrested,no,demand,idiot,complaints,emergency,shortage,low,war
crude,empty,recession,sc,fears,shit,anxiety,fucking,kill,stop,warning,fight,crisis,panic,collapse,risk,arrested,no,demand,idiot,complaints,emergency,shortage,low,war
crude,empty,recession,sc,fears,shit,anxiety,fucking,kill,stop,warning,fight,crisis,panic,collapse,risk,arrested,no,demand,idiot,complaints,emergency,shortage,low,war
crude,empty,recession,sc,fears,shit,anxiety,fucking,kill,stop,warning,fight,crisis,panic,collapse,risk,arrested,no,demand,idiot,complaints,emergency,shortage,low,war
crude,empty,recession,sc,fears,shit,anxiety,fucking,kill,stop,warning,fight,crisis,panic,collapse,risk,arrested,no,demand,idiot,complaints,emergency,shortage,low,war
crude,empty,recession,sc,fears,shit,anxiety,fucking,kill,stop,warning,fight,crisis,panic,collapse,risk,arrested,no,demand,idiot,complaints,emergency,shortage,low,war
crude,empty,recession,sc,fears,shit,anxiety,fucking,kill,stop,warning,fight,crisis,panic,collapse,risk,arrested,no,demand,idiot,complaints,emergency,shortage,low,war
crude,empty,recession,sc,fears,shit,anxiety,fucking,kill,stop,warning,fight,crisis,panic,collapse,risk,arrested,no,demand,idiot,complaints,emergency,shortage,low,war
crude,empty,recession,sc,fears,shit,anxiety,fucking,kill,stop,warning,fight,crisis,panic,collapse,risk,arrested,no,demand,idiot,complaints,emergency,shortage,low,war
crude,empty,recession,sc,fears,shit,anxiety,fucking,kill,stop,warning,fight,crisis,panic,collapse,risk,arrested,no,demand,idiot,complaints,emergency,shortage,low,war
crude,empty,recession,sc,fears,shit,anxiety,fucking,kill,stop,warning,fight,crisis,panic,collapse,risk,arrested,no,demand,idiot,complaints,emergency,shortage,low,war
crude,empty,recession,sc,fears,shit,anxiety,fucking,kill,stop,warning,fight,crisis,panic,collapse,risk,arrested,no,demand,idiot,complaints,emergency,shortage,low,war
crude,empty,recession,sc,fears,shit,anxiety,fucking,kill,stop,warning,fight,crisis,panic,collapse,risk,arrested,no,demand,idiot,complaints,emergency,shortage,low,war
crude,empty,recession,sc,fears,shit,anxiety,fucking,kill,stop,warning,fight,crisis,panic,collapse,risk,arrested,no,demand,idiot,complaints,emergency,shortage,low,war
crude,empty,recession,sc,fears,shit,anxiety,fucking,kill,stop,warning,fight,crisis,panic,collapse,risk,arrested,no,demand,idiot,complaints,emergency,shortage,low,war
crude,empty,recession,sc,fears,shit,anxiety,fucking,kill,stop,warning,fight,crisis,panic,collapse,risk,arrested,no,demand,idiot,complaints,emergency,shortage,low,war
crude,empty,recession,sc,fears,shit,anxiety,fucking,kill,stop,warning,fight,crisis,panic,collapse,risk,arrested,no,demand,idiot,complaints,emergency,shortage,low,war
crude,empty,recession,sc,fears,shit,anxiety,fucking,kill,stop,warning,fight,crisis,panic,collapse,risk,arrested,no,demand,idiot,complaints,emergency,shortage,low,war
crude,empty,recession,sc,fears,shit,anxiety,fucking,kill,stop,warning,fight,crisis,panic,collapse,risk,arrested,no,demand,idiot,complaints,emergency,shortage,low,war
crude,empty,recession,sc,fears,shit,anxiety,fucking,kill,stop,warning,fight,crisis,panic,collapse,risk,arrested,no,demand,idiot,complaints,emergency,shortage,low,war
crude,empty,recession,sc,fears,shit,anxiety,fucking,kill,stop,warning,fight,crisis,panic,collapse,risk,arrested,no,demand,idiot,complaints,emergency,shortage,low,war
crude,empty,recession,sc,fears,shit,anxiety,fucking,kill,stop,warning,fight,crisis,panic,collapse,risk,arrested,no,demand,idiot,complaints,emergency,shortage,low,war
crude,empty,recession,sc,fears,shit,anxiety,fucking,kill,stop,warning,fight,crisis,panic,collapse,risk,arrested,no,demand,idiot,complaints,emergency,shortage,low,war
crude,empty,recession,sc,fears,shit,anxiety,fucking,kill,stop,warning,fight,crisis,panic,collapse,risk,arrested,no,demand,idiot,complaints,emergency,shortage,low,war
crude,empty,recession,sc,fears,shit,anxiety,fucking,kill,stop,warning,fight,crisis,panic,collapse,risk,arrested,no,demand,idiot,complaints,emergency,shortage,low,war
crude,empty,recession,sc,fears,shit,anxiety,fucking,kill,stop,warning,fight,crisis,panic,collapse,risk,arrested,no,demand,idiot,complaints,emergency,shortage,low,war
crude,empty,recession,sc,fears,shit,anxiety,fucking,kill,stop,warning,fight,crisis,panic,collapse,risk,arrested,no,demand,idiot,complaints,emergency,shortage,low,war
crude,empty,recession,sc,fears,shit,anxiety,fucking,kill,stop,warning,fight,crisis,panic,collapse,risk,arrested,no,demand,idiot,complaints,emergency,shortage,low,war
crude,empty,recession,sc,fears,shit,anxiety,fucking,kill,stop,warning,fight,crisis,panic,collapse,risk,arrested,no,demand,idiot,complaints,emergency,shortage,low,war
crude,empty,recession,sc,fears,shit,anxiety,fucking,kill,stop,warning,fight,crisis,panic,collapse,risk,arrested,no,demand,idiot,complaints,emergency,shortage,low,war
crude,empty,recession,sc,fears,shit,anxiety,fucking,kill,stop,warning,fight,crisis,panic,collapse,risk,arrested,no,demand,idiot,complaints,emergency,shortage,low,war
crude,empty,recession,sc,fears,shit,anxiety,fucking,kill,stop,warning,fight,crisis,panic,collapse,risk,arrested,no,demand,idiot,complaints,emergency,shortage,low,war
crude,empty,recession,sc,fears,shit,anxiety,fucking,kill,stop,warning,fight,crisis,panic,collapse,risk,arrested,no,demand,idiot,complaints,emergency,shortage,low,war
crude,empty,recession,sc,fears,shit,anxiety,fucking,kill,stop,warning,fight,crisis,panic,collapse,risk,arrested,no,demand,idiot,complaints,emergency,shortage,low,war
crude,empty,recession,sc,fears,shit,anxiety,fucking,kill,stop,warning,fight,crisis,panic,collapse,risk,arrested,no,demand,idiot,complaints,emergency,shortage,low,war
crude,empty,recession,sc,fears,shit,anxiety,fucking,kill,stop,warning,fight,crisis,panic,collapse,risk,arrested,no,demand,idiot,complaints,emergency,shortage,low,war
crude,empty,recession,sc,fears,shit,anxiety,fucking,killed,stop,warning,fight,crisis,panic,collapse,risk,arrested,no,demand,idiot,complaints,emergency,shortage,low,war
crude,empty,recession,sc,fears,shit,anxiety,fucking,killed,stop,warning,fight,crisis,panic,collapse,risk,arrested,no,demand,idiot,complaints,emergency,shortage,low,war
crude,empty,recession,sc,fears,shit,anxiety,fucking,killed,stop,warning,fight,crisis,panic,collapse,risk,arrested,no,demand,idiot,complaints,emergency,shortage,low,war
crude,empty,recession,sc,fears,shit,anxiety,fucking,killed,stop,warning,fight,crisis,panic,collapse,risk,arrested,no,demand,idiot,complaints,emergency,shortage,low,war
crude,empty,recession,sc,fears,shit,anxiety,fucking,killed,stop,warning,fight,crisis,panic,collapse,risk,arrested,no,demand,idiot,complaints,emergency,shortage,low,war
crude,empty,recession,sc,fears,shit,anxiety,fucking,killed,stop,warning,fight,crisis,panic,collapse,risk,arrested,no,demand,idiot,complaints,emergency,shortage,low,war
crude,empty,recession,sc,fears,shit,anxiety,fucking,killed,stop,warning,fight,crisis,panic,collapse,risk,arrested,no,demand,idiot,complaints,emergency,shortage,low,war
crude,empty,recession,sc,fears,shit,anxiety,fucking,killed,stop,warning,fight,crisis,panic,collapse,risk,arrested,no,demand,idiot,complaints,emergency,shortage,low,war
crude,empty,recession,sc,fears,shit,anxiety,fucking,killed,stop,warning,fight,crisis,panic,collapse,risk,arrested,no,demand,idiot,complaints,emergency,shortage,low,war
crude,empty,recession,sc,fears,shit,anxiety,fucking,killed,stop,warning,fight,crisis,panic,collapse,risk,arrested,no,demand,idiot,complaints,emergency,shortage,low,war
crude,empty,recession,sc,fears,shit,anxiety,fucking,killed,stop,warning,fight,crisis,panic,collapse,risk,arrested,no,demand,idiot,complaints,emergency,shortage,low,war
crude,empty,recession,sc,fears,shit,anxiety,fucking,killed,stop,warning,fight,crisis,panic,collapse,risk,arrested,no,demand,idiot,complaints,emergency,shortage,low,war
crude,empty,recession,sc,fears,shit,anxiety,fucking,killed,stop,warning,fight,crisis,panic,collapse,risk,arrested,no,demand,idiot,complaints,emergency,shortage,low,war
crude,empty,recession,sc,fears,shit,anxiety,fucking,killed,stop,warning,fight,crisis,panic,collapse,risk,arrested,no,demand,idiot,complaints,emergency,shortage,low,war
crude,empty,recession,sc,fears,shit,anxiety,fucking,killed,stop,warning,fight,crisis,panic,collapse,risk,arrested,no,demand,idiot,complaints,emergency,shortage,low,war
crude,empty,recession,sc,fears,shit,anxiety,fucking,killed,stop,warning,fight,crisis,panic,collapse,risk,arrested,no,demand,idiot,complaints,emergency,shortage,low,war
crude,empty,recession,sc,fears,shit,anxiety,fucking,killed,stop,warning,fight,crisis,panic,collapse,risk,arrested,no,demand,idiot,complaints,emergency,shortage,low,war
crude,empty,recession,sc,fears,shit,anxiety,fucking,killed,stop,warning,fight,crisis,panic,collapse,risk,arrested,no,demand,idiot,complaints,emergency,shortage,low,war
crude,empty,recession,sc,fears,shit,anxiety,fucking,killed,stop,warning,fight,crisis,panic,collapse,risk,arrested,no,demand,idiot,complaints,emergency,shortage,low,war
crude,empty,recession,sc,fears,shit,anxiety,fucking,killed,stop,warning,fight,crisis,panic,collapse,risk,arrested,no,demand,idiot,complaints,emergency,shortage,low,war
crude,empty,recession,sc,fears,shit,anxiety,fucking,killed,stop,warning,fight,crisis,panic,collapse,risk,arrested,no,demand,idiot,complaints,emergency,shortage,low,war
crude,empty,recession,sc,fears,shit,anxiety,fucking,killed,stop,warning,fight,crisis,panic,collapse,risk,arrested,no,demand,idiot,complaints,emergency,shortage,low,war
fake,crude,empty,recession,sc,fears,shit,anxiety,fucking,killed,stop,warning,fight,crisis,panic,collapse,risk,arrested,no,demand,idiot,complaints,emergency,shortage,low
fake,crude,empty,recession,sc,fears,shit,anxiety,fucking,killed,stop,warning,fight,crisis,panic,collapse,risk,arrested,no,demand,idiot,complaints,emergency,shortage,low
fake,crude,empty,recession,sc,fears,shit,anxiety,fucking,killed,stop,warning,fight,crisis,panic,collapse,risk,arrested,no,demand,idiot,complaints,emergency,shortage,low
fake,crude,empty,recession,sc,fears,shit,anxiety,fucking,killed,stop,warning,fight,crisis,panic,collapse,risk,arrested,no,demand,idiot,complaints,emergency,shortage,low
fake,crude,empty,recession,sc,fears,shit,anxiety,fucking,killed,stop,warning,fight,crisis,panic,collapse,risk,arrested,no,demand,idiot,complaints,emergency,shortage,low
fake,crude,empty,recession,sc,fears,shit,anxiety,fucking,killed,stop,warning,fight,crisis,panic,collapse,risk,arrested,no,demand,idiot,complaints,emergency,shortage,low
fake,crude,empty,recession,sc,fears,shit,anxiety,fucking,killed,stop,warning,fight,crisis,panic,collapse,risk,arrested,no,demand,idiot,complaints,emergency,shortage,low
fake,crude,empty,recession,sc,fears,shit,anxiety,fucking,killed,stop,warning,fight,crisis,panic,collapse,risk,arrested,no,demand,idiot,complaints,emergency,shortage,low
fake,crude,empty,recession,sc,fears,shit,anxiety,fucking,killed,stop,warning,fight,crisis,panic,collapse,risk,arrested,no,demand,idiot,complaints,emergency,shortage,low
fake,crude,empty,recession,sc,fears,shit,anxiety,fucking,killed,stop,warning,fight,crisis,panic,collapse,risk,arrested,no,demand,idiot,complaints,emergency,shortage,low
fake,crude,empty,recession,sc,fears,shit,anxiety,fucking,killed,stop,warning,fight,crisis,panic,collapse,risk,arrested,no,demand,idiot,complaints,emergency,shortage,low
fake,crude,empty,recession,sc,fears,shit,anxiety,fucking,killed,stop,warning,fight,crisis,panic,collapse,risk,arrested,no,demand,idiot,complaints,emergency,shortage,low
fake,crude,empty,recession,sc,fears,shit,anxiety,fucking,killed,stop,warning,fight,crisis,panic,collapse,risk,arrested,no,demand,idiot,complaints,emergency,shortage,low
fake,crude,empty,recession,sc,fears,shit,anxiety,fucking,killed,stop,warning,fight,crisis,panic,collapse,risk,arrested,no,demand,idiot,complaints,emergency,shortage,low
fake,crude,empty,recession,sc,fears,shit,anxiety,fucking,killed,stop,warning,fight,crisis,panic,collapse,risk,arrested,no,demand,idiot,complaints,emergency,shortage,low
fake,crude,empty,recession,sc,fears,shit,anxiety,fucking,killed,stop,warning,fight,crisis,panic,collapse,risk,arrested,no,demand,idiot,complaints,emergency,shortage,low
fake,crude,empty,recession,sc,fears,shit,anxiety,fucking,killed,stop,warning,fight,crisis,panic,collapse,risk,arrested,no,demand,idiot,complaints,emergency,shortage,low
fake,crude,empty,recession,sc,fears,shit,anxiety,fucking,killed,stop,warning,fight,crisis,panic,collapse,risk,arrested,no,demand,idiot,complaints,emergency,shortage,low
fake,crude,empty,recession,sc,fears,shit,anxiety,fucking,killed,stop,warning,fight,crisis,panic,collapse,risk,arrested,no,demand,idiot,complaints,emergency,shortage,low
fake,crude,empty,recession,sc,fears,shit,anxiety,fucking,killed,stop,warning,fight,crisis,panic,collapse,risk,arrested,no,demand,idiot,complaints,emergency,shortage,low
fake,crude,empty,recession,sc,fears,shit,anxiety,fucking,killed,stop,warning,fight,crisis,panic,collapse,risk,arrested,no,demand,idiot,complaints,emergency,shortage,low
fake,crude,empty,recession,sc,fears,shit,anxiety,fucking,killed,stop,warning,fight,crisis,panic,collapse,risk,arrested,no,demand,idiot,complaints,emergency,shortage,low
fake,crude,empty,recession,sc,fears,shit,anxiety,fucking,killed,stop,warning,fight,crisis,panic,collapse,risk,arrested,no,demand,idiot,complaints,emergency,shortage,low
fake,crude,empty,recession,sc,fears,shit,anxiety,fucking,killed,stop,warning,fight,crisis,panic,collapse,risk,arrested,no,demand,idiot,complaints,emergency,shortage,low
fake,crude,empty,recession,sc,fears,shit,anxiety,fucking,killed,stop,warning,fight,crisis,panic,collapse,risk,arrested,no,demand,idiot,complaints,emergency,shortage,low
fake,crude,empty,recession,sc,fears,shit,anxiety,fucking,killed,stop,warning,fight,crisis,panic,collapse,risk,arrested,no,demand,idiot,complaints,emergency,shortage,low
fake,crude,empty,recession,sc,fears,shit,anxiety,fucking,killed,stop,warning,fight,crisis,panic,collapse,risk,arrested,no,demand,idiot,complaints,emergency,shortage,low
fake,crude,empty,recession,sc,fears,shit,anxiety,fucking,killed,stop,warning,fight,crisis,panic,collapse,risk,arrested,no,demand,idiot,complaints,emergency,shortage,low
fake,crude,empty,recession,sc,fears,shit,anxiety,fucking,killed,stop,warning,fight,crisis,panic,collapse,risk,arrested,no,demand,idiot,complaints,emergency,shortage,low
fake,crude,empty,recession,sc,fears,shit,anxiety,fucking,killed,stop,warning,fight,crisis,panic,collapse,risk,arrested,no,demand,idiot,complaints,emergency,shortage,low
fake,crude,empty,recession,sc,fears,shit,anxiety,fucking,killed,stop,warning,fight,crisis,panic,collapse,risk,arrested,no,demand,idiot,complaints,emergency,shortage,low
fake,crude,empty,recession,sc,fears,shit,anxiety,fucking,killed,stop,warning,fight,crisis,panic,collapse,risk,arrested,no,demand,idiot,complaints,emergency,shortage,low
fake,crude,empty,recession,sc,fears,shit,anxiety,fucking,killed,stop,warning,fight,crisis,panic,collapse,risk,arrested,no,demand,idiot,complaints,emergency,shortage,low
fake,crude,empty,recession,sc,fears,shit,anxiety,fucking,killed,stop,warning,fight,crisis,panic,collapse,risk,arrested,no,demand,idiot,complaints,emergency,shortage,low
fake,crude,empty,recession,sc,fears,shit,anxiety,fucking,killed,stop,warning,fight,crisis,panic,collapse,risk,arrested,no,demand,idiot,complaints,emergency,shortage,low
fake,crude,empty,recession,sc,fears,shit,anxiety,fucking,killed,stop,warning,fight,crisis,panic,collapse,risk,arrested,no,demand,idiot,complaints,emergency,shortage,low
fake,crude,empty,recession,sc,fears,shit,anxiety,fucking,killed,stop,warning,fight,crisis,panic,collapse,risk,arrested,no,demand,idiot,complaints,emergency,shortage,low
fake,crude,empty,recession,sc,fears,shit,anxiety,fucking,killed,stop,warning,fight,crisis,panic,collapse,risk,arrested,no,demand,idiot,complaints,emergency,shortage,low
fake,crude,empty,recession,sc,fears,shit,anxiety,fucking,killed,stop,warning,fight,crisis,panic,collapse,risk,arrested,no,demand,idiot,complaints,emergency,shortage,low
fake,crude,empty,recession,sc,fears,shit,anxiety,fucking,killed,stop,warning,fight,crisis,panic,collapse,risk,arrested,no,demand,idiot,complaints,emergency,shortage,low
fake,crude,empty,recession,sc,fears,shit,anxiety,fucking,killed,stop,warning,fight,crisis,panic,collapse,risk,arrested,no,demand,idiot,complaints,emergency,shortage,low
fake,crude,empty,recession,sc,fears,shit,anxiety,fucking,killed,stop,warning,fight,crisis,panic,collapse,risk,arrested,no,demand,idiot,complaints,emergency,shortage,low
fake,crude,empty,recession,sc,fears,shit,anxiety,fucking,killed,stop,warning,fight,crisis,panic,collapse,risk,arrested,no,demand,idiot,complaints,emergency,shortage,low
fake,crude,empty,recession,sc,fears,shit,anxiety,fucking,killed,stop,warning,fight,crisis,panic,collapse,risk,arrested,no,demand,idiot,complaints,emergency,shortage,low
fake,crude,empty,recession,sc,fears,shit,anxiety,fucking,killed,stop,warning,fight,crisis,panic,collapse,risk,arrested,no,demand,idiot,complaints,emergency,shortage,low
fake,crude,empty,recession,sc,fears,shit,anxiety,fucking,killed,stop,warning,fight,crisis,panic,collapse,risk,arrested,no,demand,idiot,complaints,emergency,shortage,low
fake,crude,empty,recession,sc,fears,shit,anxiety,fucking,killed,stop,warning,fight,crisis,panic,collapse,risk,arrested,no,demand,idiot,complaints,emergency,shortage,low
fake,crude,empty,recession,sc,fears,shit,anxiety,fucking,killed,stop,warning,fight,crisis,panic,collapse,risk,arrested,no,demand,idiot,complaints,emergency,shortage,low
fake,crude,empty,recession,sc,fears,shit,anxiety,fucking,killed,stop,warning,fight,crisis,panic,collapse,risk,arrested,no,demand,idiot,complaints,emergency,shortage,low
fake,crude,empty,recession,sc,fears,shit,anxiety,fucking,killed,stop,warning,fight,crisis,panic,collapse,risk,arrested,no,demand,idiot,complaints,emergency,shortage,low
fake,crude,empty,recession,sc,fears,shit,anxiety,fucking,killed,stop,warning,fight,crisis,panic,collapse,risk,arrested,no,demand,idiot,complaints,emergency,shortage,low
fake,crude,empty,recession,sc,fears,shit,anxiety,fucking,killed,stop,warning,fight,crisis,panic,collapse,risk,arrested,no,demand,idiot,complaints,emergency,shortage,low
fake,crude,empty,recession,sc,fears,shit,anxiety,fucking,killed,stop,warning,fight,crisis,panic,collapse,risk,arrested,no,demand,idiot,complaints,emergency,shortage,low
fake,crude,empty,recession,sc,fears,shit,anxiety,fucking,killed,stop,warning,fight,crisis,panic,collapse,risk,arrested,no,demand,idiot,complaints,emergency,shortage,low
fake,crude,empty,recession,sc,fears,shit,anxiety,fucking,killed,stop,warning,fight,crisis,panic,collapse,risk,arrested,no,demand,idiot,complaints,emergency,shortage,low
fake,crude,empty,recession,sc,fears,shit,anxiety,fucking,killed,stop,warning,fight,crisis,panic,collapse,risk,arrested,no,demand,idiot,complaints,emergency,shortage,low
fake,crude,empty,recession,sc,fears,shit,anxiety,fucking,killed,stop,warning,fight,crisis,panic,collapse,risk,arrested,no,demand,idiot,complaints,emergency,shortage,low
fake,crude,empty,recession,sc,fears,shit,anxiety,fucking,killed,stop,warning,fight,crisis,panic,collapse,risk,arrested,no,demand,idiot,complaints,emergency,shortage,low
fake,crude,empty,recession,sc,fears,shit,anxiety,fucking,killed,stop,warning,fight,crisis,panic,collapse,risk,arrested,no,demand,idiot,complaints,emergency,shortage,low
fake,crude,empty,recession,sc,fears,shit,anxiety,fucking,killed,stop,warning,fight,crisis,panic,collapse,risk,arrested,no,demand,idiot,complaints,emergency,shortage,low
fake,crude,empty,recession,sc,fears,shit,anxiety,fucking,killed,stop,warning,fight,crisis,panic,collapse,risk,arrested,no,demand,idiot,complaints,emergency,shortage,low
fake,crude,empty,recession,sc,fears,shit,anxiety,fucking,killed,stop,warning,fight,crisis,panic,collapse,risk,arrested,no,demand,idiot,complaints,emergency,shortage,low
fake,crude,empty,recession,sc,fears,shit,anxiety,fucking,killed,stop,warning,fight,crisis,panic,collapse,risk,arrested,no,demand,idiot,complaints,emergency,shortage,low
fake,crude,empty,recession,sc,fears,shit,anxiety,fucking,killed,stop,warning,fight,crisis,panic,collapse,risk,arrested,no,demand,idiot,complaints,emergency,shortage,low
fake,crude,empty,recession,sc,fears,shit,anxiety,fucking,killed,stop,warning,fight,crisis,panic,collapse,risk,arrested,no,demand,idiot,complaints,emergency,shortage,low
fake,crude,empty,recession,sc,fears,shit,anxiety,fucking,killed,stop,warning,fight,crisis,panic,collapse,risk,arrested,no,demand,idiot,complaints,emergency,shortage,low
fake,crude,empty,recession,sc,fears,shit,anxiety,fucking,killed,stop,warning,fight,crisis,panic,collapse,risk,arrested,no,demand,idiot,complaints,emergency,shortage,low
fake,crude,empty,recession,sc,fears,shit,anxiety,fucking,killed,stop,warning,fight,crisis,panic,collapse,risk,arrested,no,demand,idiot,complaints,emergency,shortage,low
fake,crude,empty,recession,sc,fears,shit,anxiety,fucking,killed,stop,warning,fight,crisis,panic,collapse,risk,arrested,no,demand,idiot,complaints,emergency,shortage,low
fake,crude,empty,recession,sc,fears,shit,anxiety,fucking,killed,stop,warning,fight,crisis,panic,collapse,risk,arrested,no,demand,idiot,complaints,emergency,shortage,low
fake,crude,empty,recession,sc,fears,shit,anxiety,fucking,killed,stop,warning,fight,crisis,panic,collapse,risk,arrested,no,demand,idiot,complaints,emergency,shortage,low
fake,crude,empty,recession,sc,fears,shit,anxiety,fucking,killed,stop,warning,fight,crisis,panic,collapse,risk,arrested,no,demand,idiot,complaints,emergency,shortage,low
fake,crude,empty,recession,sc,fears,shit,anxiety,fucking,killed,stop,warning,fight,crisis,panic,collapse,risk,arrested,no,demand,idiot,complaints,emergency,shortage,low
fake,crude,empty,recession,sc,fears,shit,anxiety,fucking,killed,stop,warning,fight,crisis,panic,collapse,risk,arrested,no,demand,idiot,complaints,emergency,shortage,low
fake,crude,empty,recession,sc,fears,shit,anxiety,fucking,killed,stop,warning,fight,crisis,panic,collapse,risk,arrested,no,demand,idiot,complaints,emergency,shortage,low
fake,crude,empty,recession,sc,fears,shit,anxiety,fucking,killed,stop,warning,fight,crisis,panic,collapse,risk,arrested,no,demand,idiot,complaints,emergency,shortage,low
fake,crude,empty,recession,sc,fears,shit,anxiety,fucking,killed,stop,warning,fight,crisis,panic,collapse,risk,arrested,no,demand,idiot,complaints,emergency,shortage,low
fake,crude,empty,recession,sc,fears,shit,anxiety,fucking,killed,stop,warning,fight,crisis,panic,collapse,risk,arrested,no,demand,idiot,complaints,emergency,shortage,low
fake,crude,empty,recession,sc,fears,shit,anxiety,fucking,killed,stop,warning,fight,crisis,panic,collapse,risk,arrested,no,demand,idiot,complaints,emergency,shortage,low
fake,crude,empty,recession,sc,fears,shit,anxiety,fucking,killed,stop,warning,fight,crisis,panic,collapse,risk,arrested,no,demand,idiot,complaints,emergency,shortage,low
fake,crude,empty,recession,sc,fears,shit,anxiety,fucking,killed,stop,warning,fight,crisis,panic,collapse,risk,arrested,no,demand,idiot,complaints,emergency,shortage,low
fake,crude,empty,recession,sc,fears,shit,anxiety,fucking,killed,stop,warning,fight,crisis,panic,collapse,risk,arrested,no,demand,idiot,complaints,emergency,shortage,low
fake,crude,empty,recession,sc,fears,shit,anxiety,fucking,killed,stop,warning,fight,crisis,panic,collapse,risk,arrested,no,demand,idiot,complaints,emergency,shortage,low
fake,crude,empty,recession,sc,fears,shit,anxiety,fucking,killed,stop,warning,fight,crisis,panic,collapse,risk,arrested,no,demand,idiot,complaints,emergency,shortage,low
fake,crude,empty,recession,sc,fears,shit,anxiety,fucking,killed,stop,warning,fight,crisis,panic,collapse,risk,arrested,no,demand,idiot,complaints,emergency,shortage,low
fake,crude,empty,recession,sc,fears,shit,anxiety,fucking,killed,stop,warning,fight,crisis,panic,collapse,risk,arrested,no,demand,idiot,complaints,emergency,shortage,low
fake,crude,empty,recession,sc,fears,shit,anxiety,fucking,killed,stop,warning,fight,crisis,panic,collapse,risk,arrested,no,demand,idiot,complaints,emergency,shortage,low
fake,crude,empty,recession,sc,fears,shit,anxiety,fucking,killed,stop,warning,fight,crisis,panic,collapse,risk,arrested,no,demand,idiot,complaints,emergency,shortage,low
fake,crude,empty,recession,sc,fears,shit,anxiety,fucking,killed,stop,warning,fight,crisis,panic,collapse,risk,arrested,no,demand,idiot,complaints,emergency,shortage,low
fake,crude,empty,recession,sc,fears,shit,anxiety,fucking,killed,stop,warning,fight,crisis,panic,collapse,risk,arrested,no,demand,idiot,complaints,emergency,shortage,low
fake,crude,empty,recession,sc,fears,shit,anxiety,fucking,killed,stop,warning,fight,crisis,panic,collapse,risk,arrested,no,demand,idiot,complaints,emergency,shortage,low
fake,crude,empty,recession,sc,fears,shit,anxiety,fucking,killed,stop,warning,fight,crisis,panic,collapse,risk,arrested,no,demand,idiot,complaints,emergency,shortage,low
fake,crude,empty,recession,sc,fears,shit,anxiety,fucking,killed,stop,warning,fight,crisis,panic,collapse,risk,arrested,no,demand,idiot,complaints,emergency,shortage,low
fake,crude,empty,recession,sc,fears,shit,anxiety,fucking,killed,stop,warning,fight,crisis,panic,collapse,risk,arrested,no,demand,idiot,complaints,emergency,shortage,low
fake,crude,empty,recession,sc,fears,shit,anxiety,fucking,killed,stop,warning,fight,crisis,panic,collapse,risk,arrested,no,demand,idiot,complaints,emergency,shortage,low
fake,crude,empty,recession,sc,fears,shit,anxiety,fucking,killed,stop,warning,fight,crisis,panic,collapse,risk,arrested,no,demand,idiot,complaints,emergency,shortage,low
fake,crude,empty,recession,sc,fears,shit,anxiety,fucking,killed,stop,warning,fight,crisis,panic,collapse,risk,arrested,no,demand,idiot,complaints,emergency,shortage,low
fake,crude,empty,recession,sc,fears,shit,anxiety,fucking,killed,stop,warning,fight,crisis,panic,collapse,risk,arrested,no,demand,idiot,complaints,emergency,shortage,low
fake,crude,empty,recession,sc,fears,shit,anxiety,fucking,killed,stop,warning,fight,crisis,panic,collapse,risk,arrested,no,demand,idiot,complaints,emergency,shortage,low
fake,crude,empty,recession,sc,fears,shit,anxiety,fucking,killed,stop,warning,fight,crisis,panic,collapse,risk,arrested,no,demand,idiot,complaints,emergency,shortage,low
fake,crude,empty,recession,sc,fears,shit,anxiety,fucking,killed,stop,warning,fight,crisis,panic,collapse,risk,arrested,no,demand,idiot,complaints,emergency,shortage,low
fake,crude,empty,recession,sc,fears,shit,anxiety,fucking,killed,stop,warning,fight,crisis,panic,collapse,risk,arrested,no,demand,idiot,complaints,emergency,shortage,low
fake,crude,empty,recession,sc,fears,shit,anxiety,fucking,killed,stop,warning,fight,crisis,panic,collapse,risk,arrested,no,demand,idiot,complaints,emergency,shortage,low
fake,crude,empty,recession,sc,fears,shit,anxiety,fucking,killed,stop,warning,fight,crisis,panic,collapse,risk,arrested,no,demand,idiot,complaints,emergency,shortage,low
fake,crude,empty,recession,sc,fears,shit,anxiety,fucking,killed,stop,warning,fight,crisis,panic,collapse,risk,arrested,no,demand,idiot,complaints,emergency,shortage,low
fake,crude,empty,recession,sc,fears,shit,anxiety,fucking,killed,stop,warning,fight,crisis,panic,collapse,risk,arrested,no,demand,idiot,complaints,emergency,shortage,low
fake,crude,empty,recession,sc,fears,shit,anxiety,fucking,killed,stop,warning,fight,crisis,panic,collapse,risk,arrested,no,demand,idiot,complaints,emergency,shortage,low
fake,crude,empty,recession,sc,fears,shit,anxiety,fucking,killed,stop,warning,fight,crisis,panic,collapse,risk,arrested,no,demand,idiot,complaints,emergency,shortage,low
fake,crude,empty,recession,sc,fears,shit,anxiety,fucking,killed,stop,warning,fight,crisis,panic,collapse,risk,arrested,no,demand,idiot,complaints,emergency,shortage,low
fake,crude,empty,recession,sc,fears,shit,anxiety,fucking,killed,stop,warning,fight,crisis,panic,collapse,risk,arrested,no,demand,idiot,complaints,emergency,shortage,low
fake,crude,empty,recession,sc,fears,shit,anxiety,fucking,killed,stop,warning,fight,crisis,panic,collapse,risk,arrested,no,demand,idiot,complaints,emergency,shortage,low
fake,crude,empty,recession,sc,fears,shit,anxiety,fucking,killed,stop,warning,fight,crisis,panic,collapse,risk,arrested,no,demand,idiot,complaints,emergency,shortage,low
fake,crude,empty,recession,sc,fears,shit,anxiety,fucking,killed,stop,warning,fight,crisis,panic,collapse,risk,arrested,no,demand,idiot,complaints,emergency,shortage,low
fake,crude,empty,recession,sc,fears,shit,anxiety,fucking,killed,stop,warning,fight,crisis,panic,collapse,risk,arrested,no,demand,idiot,complaints,emergency,shortage,low
fake,crude,empty,recession,sc,fears,shit,anxiety,fucking,killed,stop,warning,fight,crisis,panic,collapse,risk,arrested,no,demand,idiot,complaints,emergency,shortage,low
fake,crude,empty,recession,sc,fears,shit,anxiety,fucking,killed,stop,warning,fight,crisis,panic,collapse,risk,arrested,no,demand,idiot,complaints,emergency,shortage,low
fake,crude,empty,recession,sc,fears,shit,anxiety,fucking,killed,stop,warning,fight,crisis,panic,collapse,risk,arrested,no,demand,idiot,complaints,emergency,shortage,low
fake,crude,empty,recession,sc,fears,shit,anxiety,fucking,killed,stop,warning,fight,crisis,panic,collapse,risk,arrested,no,demand,idiot,complaints,emergency,shortage,low
fake,crude,empty,recession,sc,fears,shit,anxiety,fucking,killed,stop,warning,fight,crisis,panic,collapse,risk,arrested,no,demand,idiot,complaints,emergency,shortage,low
fake,crude,empty,recession,sc,fears,shit,anxiety,fucking,killed,stop,warning,fight,crisis,panic,collapse,risk,arrested,no,demand,idiot,complaints,emergency,shortage,low
fake,crude,empty,recession,sc,fears,shit,anxiety,fucking,killed,stop,warning,fight,crisis,panic,collapse,risk,arrested,no,demand,idiot,complaints,emergency,shortage,low
fake,crude,empty,recession,sc,fears,shit,anxiety,fucking,killed,stop,warning,fight,crisis,panic,collapse,risk,arrested,no,demand,idiot,complaints,emergency,shortage,low
fake,crude,empty,recession,sc,fears,shit,anxiety,fucking,killed,stop,warning,fight,crisis,panic,collapse,risk,arrested,no,demand,idiot,complaints,emergency,shortage,low
fake,crude,empty,recession,sc,fears,shit,anxiety,fucking,killed,stop,warning,fight,crisis,panic,collapse,risk,arrested,no,demand,idiot,complaints,emergency,shortage,low
fake,crude,empty,recession,sc,fears,shit,anxiety,fucking,killed,stop,warning,fight,crisis,panic,collapse,risk,arrested,no,demand,idiot,complaints,emergency,shortage,low
fake,crude,empty,recession,sc,fears,shit,anxiety,fucking,killed,stop,warning,fight,crisis,panic,collapse,risk,arrested,no,demand,idiot,complaints,emergency,shortage,low
fake,crude,empty,recession,sc,fears,shit,anxiety,fucking,killed,stop,warning,fight,crisis,panic,collapse,risk,arrested,no,demand,idiot,complaints,emergency,shortage,low
fake,crude,empty,recession,sc,fears,shit,anxiety,fucking,killed,stop,warning,fight,crisis,panic,collapse,risk,arrested,no,demand,idiot,complaints,emergency,shortage,low
fake,crude,empty,recession,sc,fears,shit,anxiety,fucking,killed,stop,warning,fight,crisis,panic,collapse,risk,arrested,no,demand,idiot,complaints,emergency,shortage,low
fake,crude,empty,recession,sc,fears,shit,anxiety,fucking,killed,stop,warning,fight,crisis,panic,collapse,risk,arrested,no,demand,idiot,complaints,emergency,shortage,low
fake,crude,empty,recession,sc,fears,shit,anxiety,fucking,killed,stop,warning,fight,crisis,panic,collapse,risk,arrested,no,demand,idiot,complaints,emergency,shortage,low
fake,crude,empty,recession,sc,fears,shit,anxiety,fucking,killed,stop,warning,fight,crisis,panic,collapse,risk,arrested,no,demand,idiot,complaints,emergency,shortage,low
fake,crude,empty,recession,sc,fears,shit,anxiety,fucking,killed,stop,warning,fight,crisis,panic,collapse,risk,arrested,no,demand,idiot,complaints,emergency,shortage,low
fake,crude,empty,recession,sc,fears,shit,anxiety,fucking,killed,stop,warning,fight,crisis,panic,collapse,risk,arrested,no,demand,idiot,complaints,emergency,shortage,low
fake,crude,empty,recession,sc,fears,shit,anxiety,fucking,killed,stop,warning,fight,crisis,panic,collapse,risk,arrested,no,demand,idiot,complaints,emergency,shortage,low
fake,crude,empty,recession,sc,fears,shit,anxiety,fucking,killed,stop,warning,fight,crisis,panic,collapse,risk,arrested,no,demand,idiot,complaints,emergency,shortage,low
fake,crude,empty,recession,sc,fears,shit,anxiety,fucking,killed,stop,warning,fight,crisis,panic,collapse,risk,arrested,no,demand,idiot,complaints,emergency,shortage,low
fake,crude,empty,recession,sc,fears,shit,anxiety,fucking,killed,stop,warning,fight,crisis,panic,collapse,risk,arrested,no,demand,idiot,complaints,emergency,shortage,low
fake,crude,empty,recession,sc,fears,shit,anxiety,fucking,killed,stop,warning,fight,crisis,panic,collapse,risk,arrested,no,demand,idiot,complaints,emergency,shortage,low
fake,crude,empty,recession,sc,fears,shit,anxiety,fucking,killed,stop,warning,fight,crisis,panic,collapse,risk,arrested,no,demand,idiot,complaints,emergency,shortage,low
fake,crude,empty,recession,sc,fears,shit,anxiety,fucking,killed,stop,warning,fight,crisis,panic,collapse,risk,arrested,no,demand,idiot,complaints,emergency,shortage,low
fake,crude,empty,recession,sc,fears,shit,anxiety,fucking,killed,stop,warning,fight,crisis,panic,collapse,risk,arrested,no,demand,idiot,complaints,emergency,shortage,low
fake,crude,empty,recession,sc,fears,shit,anxiety,fucking,killed,stop,warning,fight,crisis,panic,collapse,risk,arrested,no,demand,idiot,complaints,emergency,shortage,low
fake,crude,empty,recession,sc,fears,shit,anxiety,fucking,killed,stop,warning,fight,crisis,panic,collapse,risk,arrested,no,demand,idiot,complaints,emergency,shortage,low
fake,crude,empty,recession,sc,fears,shit,anxiety,fucking,killed,stop,warning,fight,crisis,panic,collapse,risk,arrested,no,demand,idiot,complaints,emergency,shortage,low
fake,crude,empty,recession,sc,fears,shit,anxiety,fucking,killed,stop,warning,fight,crisis,panic,collapse,risk,arrested,no,demand,idiot,complaints,emergency,shortage,low
fake,crude,empty,recession,sc,fears,shit,anxiety,fucking,killed,stop,warning,fight,crisis,panic,collapse,risk,arrested,no,demand,idiot,complaints,emergency,shortage,low
fake,crude,empty,recession,sc,fears,shit,anxiety,fucking,killed,stop,warning,fight,crisis,panic,collapse,risk,arrested,no,demand,idiot,complaints,emergency,shortage,low
fake,crude,empty,recession,sc,fears,shit,anxiety,fucking,killed,stop,warning,fight,crisis,panic,collapse,risk,arrested,no,demand,idiot,complaints,emergency,shortage,low
fake,crude,empty,recession,sc,fears,shit,anxiety,fucking,killed,stop,warning,fight,crisis,panic,collapse,risk,arrested,no,demand,idiot,complaints,emergency,shortage,low
fake,crude,empty,recession,sc,fears,shit,anxiety,fucking,killed,stop,warning,fight,crisis,panic,collapse,risk,arrested,no,demand,idiot,complaints,emergency,shortage,low
fake,crude,empty,recession,sc,fears,shit,anxiety,fucking,killed,stop,warning,fight,crisis,panic,collapse,risk,arrested,no,demand,idiot,complaints,emergency,shortage,low
fake,crude,empty,recession,sc,fears,shit,anxiety,fucking,killed,stop,warning,fight,crisis,panic,collapse,risk,arrested,no,demand,idiot,complaints,emergency,shortage,low
fake,crude,empty,recession,sc,fears,shit,anxiety,fucking,killed,stop,warning,fight,crisis,panic,collapse,risk,arrested,no,demand,idiot,complaints,emergency,shortage,low
fake,crude,empty,recession,sc,fears,shit,anxiety,fucking,killed,stop,warning,fight,crisis,panic,collapse,risk,arrested,no,demand,idiot,complaints,emergency,shortage,low
fake,crude,empty,recession,sc,fears,shit,anxiety,fucking,killed,stop,warning,fight,crisis,panic,collapse,risk,arrested,no,demand,idiot,complaints,emergency,shortage,low
fake,crude,empty,recession,sc,fears,shit,anxiety,fucking,killed,stop,warning,fight,crisis,panic,collapse,risk,arrested,no,demand,idiot,complaints,emergency,shortage,low
fake,crude,empty,recession,sc,fears,shit,anxiety,fucking,killed,stop,warning,fight,crisis,panic,collapse,risk,arrested,no,demand,idiot,complaints,emergency,shortage,low
fake,crude,empty,recession,sc,fears,shit,anxiety,fucking,killed,stop,warning,fight,crisis,panic,collapse,risk,arrested,no,demand,idiot,complaints,emergency,shortage,low
fake,crude,empty,recession,sc,fears,shit,anxiety,fucking,killed,stop,warning,fight,crisis,panic,collapse,risk,arrested,no,demand,idiot,complaints,emergency,shortage,low
fake,crude,empty,recession,sc,fears,shit,anxiety,fucking,killed,stop,warning,fight,crisis,panic,collapse,risk,arrested,no,demand,idiot,complaints,emergency,shortage,low
fake,crude,empty,recession,sc,fears,shit,anxiety,fucking,killed,stop,warning,fight,crisis,panic,collapse,risk,arrested,no,demand,idiot,complaints,emergency,shortage,low
fake,crude,empty,recession,sc,fears,shit,anxiety,fucking,killed,stop,warning,fight,crisis,panic,collapse,risk,arrested,no,demand,idiot,complaints,emergency,shortage,low
fake,crude,empty,recession,sc,fears,shit,anxiety,fucking,killed,stop,warning,fight,crisis,panic,collapse,risk,arrested,no,demand,idiot,complaints,emergency,shortage,low
fake,crude,empty,recession,sc,fears,shit,anxiety,fucking,killed,stop,warning,fight,crisis,panic,collapse,risk,arrested,no,demand,idiot,complaints,emergency,shortage,low
fake,crude,empty,recession,sc,fears,shit,anxiety,fucking,killed,stop,warning,fight,crisis,panic,collapse,risk,arrested,no,demand,idiot,complaints,emergency,shortage,low
fake,crude,empty,recession,sc,fears,shit,anxiety,fucking,killed,stop,warning,fight,crisis,panic,collapse,risk,arrested,no,demand,idiot,complaints,emergency,shortage,low
fake,crude,empty,recession,sc,fears,shit,anxiety,fucking,killed,stop,warning,fight,crisis,panic,collapse,risk,arrested,no,demand,idiot,complaints,emergency,shortage,low
fake,crude,empty,recession,sc,fears,shit,anxiety,fucking,killed,stop,warning,fight,crisis,panic,collapse,risk,arrested,no,demand,idiot,complaints,emergency,shortage,low
fake,crude,empty,recession,sc,fears,shit,anxiety,fucking,killed,stop,warning,fight,crisis,panic,collapse,risk,arrested,no,demand,idiot,complaints,emergency,shortage,low
fake,crude,empty,recession,sc,fears,shit,anxiety,fucking,killed,stop,warning,fight,crisis,panic,collapse,risk,arrested,no,demand,idiot,complaints,emergency,shortage,low
fake,crude,empty,recession,sc,fears,shit,anxiety,fucking,killed,stop,warning,fight,crisis,panic,collapse,risk,arrested,no,demand,idiot,complaints,emergency,shortage,low
fake,crude,empty,recession,sc,fears,shit,anxiety,fucking,killed,stop,warning,fight,crisis,panic,collapse,risk,arrested,no,demand,idiot,complaints,emergency,shortage,low
fake,crude,empty,recession,sc,fears,shit,anxiety,fucking,killed,stop,warning,fight,crisis,panic,collapse,risk,arrested,no,demand,idiot,complaints,emergency,shortage,low
fake,crude,empty,recession,sc,fears,shit,anxiety,fucking,killed,stop,warning,fight,crisis,panic,collapse,risk,arrested,no,demand,idiot,complaints,emergency,shortage,low
fake,crude,empty,recession,sc,fears,shit,anxiety,fucking,killed,stop,warning,fight,crisis,panic,collapse,risk,arrested,no,demand,idiot,complaints,emergency,shortage,low
fake,crude,empty,recession,sc,fears,shit,anxiety,fucking,killed,stop,warning,fight,crisis,panic,collapse,risk,arrested,no,demand,idiot,complaints,emergency,shortage,low
fake,crude,empty,recession,sc,fears,shit,anxiety,fucking,killed,stop,warning,fight,crisis,panic,collapse,risk,arrested,no,demand,idiot,complaints,emergency,shortage,low
fake,crude,empty,recession,sc,fears,shit,anxiety,fucking,killed,stop,warning,fight,crisis,panic,collapse,risk,arrested,no,demand,idiot,complaints,emergency,shortage,low
fake,crude,empty,recession,sc,fears,shit,anxiety,fucking,killed,stop,warning,fight,crisis,panic,collapse,risk,arrested,no,demand,idiot,complaints,emergency,shortage,low
fake,crude,empty,recession,sc,fears,shit,anxiety,fucking,killed,stop,warning,fight,crisis,panic,collapse,risk,arrested,no,demand,idiot,complaints,emergency,shortage,low
fake,crude,empty,recession,sc,fears,shit,anxiety,fucking,killed,stop,warning,fight,crisis,panic,collapse,risk,arrested,no,demand,idiot,complaints,emergency,shortage,low
fake,crude,empty,recession,sc,fears,shit,anxiety,fucking,killed,stop,warning,fight,crisis,panic,collapse,risk,arrested,no,demand,idiot,complaints,emergency,shortage,low
fake,crude,empty,recession,sc,fears,shit,anxiety,fucking,killed,stop,warning,fight,crisis,panic,collapse,risk,arrested,no,demand,idiot,complaints,emergency,shortage,low
fake,crude,empty,recession,sc,fears,shit,anxiety,fucking,killed,stop,warning,fight,crisis,panic,collapse,risk,arrested,no,demand,idiot,complaints,emergency,shortage,low
fake,crude,empty,recession,sc,fears,shit,anxiety,fucking,killed,stop,warning,fight,crisis,panic,collapse,risk,arrested,no,demand,idiot,complaints,emergency,shortage,low
fake,crude,empty,recession,sc,fears,shit,anxiety,fucking,killed,stop,warning,fight,crisis,panic,collapse,risk,arrested,no,demand,idiot,complaints,emergency,shortage,low
fake,crude,empty,recession,sc,fears,shit,anxiety,fucking,killed,stop,warning,fight,crisis,panic,collapse,risk,arrested,no,demand,idiot,complaints,emergency,shortage,low
fake,crude,empty,recession,sc,fears,shit,anxiety,killed,stop,warning,fight,crisis,panic,collapse,risk,arrested,no,demand,idiot,complaints,emergency,shortage,low,war
fake,crude,empty,recession,sc,fears,shit,anxiety,killed,stop,warning,fight,crisis,panic,collapse,risk,arrested,no,demand,idiot,complaints,emergency,shortage,low,war
fake,crude,empty,recession,sc,fears,shit,anxiety,killed,stop,warning,fight,crisis,panic,collapse,risk,arrested,no,demand,idiot,complaints,emergency,shortage,low,war
fake,crude,empty,recession,sc,fears,shit,anxiety,killed,stop,warning,fight,crisis,panic,collapse,risk,arrested,no,demand,idiot,complaints,emergency,shortage,low,war
fake,crude,empty,recession,sc,fears,shit,anxiety,killed,stop,warning,fight,crisis,panic,collapse,risk,arrested,no,demand,idiot,complaints,emergency,shortage,low,war
fake,crude,empty,recession,sc,fears,shit,anxiety,killed,stop,warning,fight,crisis,panic,collapse,risk,arrested,no,demand,idiot,complaints,emergency,shortage,low,war
fake,crude,empty,recession,sc,fears,shit,anxiety,killed,stop,warning,fight,crisis,panic,collapse,risk,arrested,no,demand,idiot,complaints,emergency,shortage,low,war
fake,crude,empty,recession,sc,fears,shit,anxiety,killed,stop,warning,fight,crisis,panic,collapse,risk,arrested,no,demand,idiot,complaints,emergency,shortage,low,war
fake,crude,empty,recession,sc,fears,shit,anxiety,killed,stop,warning,fight,crisis,panic,collapse,risk,arrested,no,demand,idiot,complaints,emergency,shortage,low,war
fake,crude,empty,recession,sc,fears,shit,anxiety,killed,stop,warning,fight,crisis,panic,collapse,risk,arrested,no,demand,idiot,complaints,emergency,shortage,low,war
fake,crude,empty,recession,sc,fears,shit,anxiety,killed,stop,warning,fight,crisis,panic,collapse,risk,arrested,no,demand,idiot,complaints,emergency,shortage,low,war
fake,crude,empty,recession,sc,fears,shit,anxiety,killed,stop,warning,fight,crisis,panic,collapse,risk,arrested,no,demand,idiot,complaints,emergency,shortage,low,war
fake,crude,empty,recession,sc,fears,shit,anxiety,killed,stop,warning,fight,crisis,panic,collapse,risk,arrested,no,demand,idiot,complaints,emergency,shortage,low,war
fake,crude,empty,recession,sc,fears,shit,anxiety,killed,stop,warning,fight,crisis,panic,collapse,risk,arrested,no,demand,idiot,complaints,emergency,shortage,low,war
fake,crude,empty,recession,sc,fears,shit,anxiety,killed,stop,warning,fight,crisis,panic,collapse,risk,arrested,no,demand,idiot,complaints,emergency,shortage,low,war
fake,crude,empty,recession,sc,fears,shit,anxiety,killed,stop,warning,fight,crisis,panic,collapse,risk,arrested,no,demand,idiot,complaints,emergency,shortage,low,war
fake,crude,empty,recession,sc,fears,shit,anxiety,killed,stop,warning,fight,crisis,panic,collapse,risk,arrested,no,demand,idiot,complaints,emergency,shortage,low,war
fake,crude,empty,recession,sc,fears,shit,anxiety,killed,stop,warning,fight,crisis,panic,collapse,risk,arrested,no,demand,idiot,complaints,emergency,shortage,low,war
fake,crude,empty,recession,sc,fears,shit,anxiety,killed,stop,warning,fight,crisis,panic,collapse,risk,arrested,no,demand,idiot,complaints,emergency,shortage,low,war
fake,crude,empty,recession,sc,fears,shit,anxiety,killed,stop,warning,fight,crisis,panic,collapse,risk,arrested,no,demand,idiot,complaints,emergency,shortage,low,war
fake,crude,empty,recession,sc,fears,shit,anxiety,killed,stop,warning,fight,crisis,panic,collapse,risk,arrested,no,demand,idiot,complaints,emergency,shortage,low,war
fake,crude,empty,recession,sc,fears,shit,anxiety,killed,stop,warning,fight,crisis,panic,collapse,risk,arrested,no,demand,idiot,complaints,emergency,shortage,low,war
fake,crude,empty,recession,sc,fears,shit,anxiety,killed,stop,warning,fight,crisis,panic,collapse,risk,arrested,no,demand,idiot,complaints,emergency,shortage,low,war
fake,crude,empty,recession,sc,fears,shit,anxiety,killed,stop,warning,fight,crisis,panic,collapse,risk,arrested,no,demand,idiot,complaints,emergency,shortage,low,war
fake,crude,empty,recession,sc,fears,shit,anxiety,killed,stop,warning,fight,crisis,panic,collapse,risk,arrested,no,demand,idiot,complaints,emergency,shortage,low,war
fake,crude,empty,recession,sc,fears,shit,anxiety,killed,stop,warning,fight,crisis,panic,collapse,risk,arrested,no,demand,idiot,complaints,emergency,shortage,low,war
fake,crude,empty,recession,sc,fears,shit,anxiety,killed,stop,warning,fight,crisis,panic,collapse,risk,arrested,no,demand,idiot,complaints,emergency,shortage,low,war
fake,crude,empty,recession,sc,fears,shit,anxiety,killed,stop,warning,fight,crisis,panic,collapse,risk,arrested,no,demand,idiot,complaints,emergency,shortage,low,war
fake,crude,empty,recession,sc,fears,shit,anxiety,killed,stop,warning,fight,crisis,panic,collapse,risk,arrested,no,demand,idiot,complaints,emergency,shortage,low,war
fake,crude,empty,recession,sc,fears,shit,anxiety,killed,stop,warning,fight,crisis,panic,collapse,risk,arrested,no,demand,idiot,complaints,emergency,shortage,low,war
fake,crude,empty,recession,sc,fears,shit,anxiety,killed,stop,warning,fight,crisis,panic,collapse,risk,arrested,no,demand,idiot,complaints,emergency,shortage,low,war
fake,crude,empty,recession,sc,fears,shit,anxiety,killed,stop,warning,fight,crisis,panic,collapse,risk,arrested,no,demand,idiot,complaints,emergency,shortage,low,war
fake,crude,empty,recession,sc,fears,shit,anxiety,killed,stop,warning,fight,crisis,panic,collapse,risk,arrested,no,demand,idiot,complaints,emergency,shortage,low,war
fake,crude,empty,recession,sc,fears,shit,anxiety,killed,stop,warning,fight,crisis,panic,collapse,risk,arrested,no,demand,idiot,complaints,emergency,shortage,low,war
fake,crude,empty,recession,sc,fears,shit,anxiety,killed,stop,warning,fight,crisis,panic,collapse,risk,arrested,no,demand,idiot,complaints,emergency,shortage,low,war
fake,crude,empty,recession,sc,fears,shit,anxiety,killed,stop,warning,crisis,panic,collapse,risk,fraud,arrested,no,demand,idiot,complaints,emergency,shortage,low,war
fake,crude,empty,recession,sc,fears,shit,anxiety,killed,stop,warning,crisis,panic,collapse,risk,fraud,arrested,no,demand,idiot,complaints,emergency,shortage,low,war
fake,crude,empty,recession,sc,fears,shit,anxiety,killed,stop,warning,crisis,panic,collapse,risk,fraud,arrested,no,demand,idiot,complaints,emergency,shortage,low,war
fake,crude,empty,recession,sc,fears,shit,anxiety,killed,stop,warning,crisis,panic,collapse,risk,fraud,arrested,no,demand,idiot,complaints,emergency,shortage,low,war
fake,crude,empty,recession,sc,fears,shit,anxiety,killed,stop,warning,crisis,panic,collapse,risk,fraud,arrested,no,demand,idiot,complaints,emergency,shortage,low,war
fake,crude,empty,recession,sc,fears,shit,anxiety,killed,stop,warning,crisis,panic,collapse,risk,fraud,arrested,no,demand,idiot,complaints,emergency,shortage,low,war
crude,empty,recession,sc,fears,shit,anxiety,killed,stop,warning,fight,crisis,panic,collapse,risk,fraud,arrested,no,demand,idiot,complaints,emergency,shortage,low,war
crude,empty,recession,sc,fears,shit,anxiety,killed,stop,warning,fight,crisis,panic,collapse,risk,fraud,arrested,no,demand,idiot,complaints,emergency,shortage,low,war
crude,empty,recession,sc,fears,shit,anxiety,killed,stop,warning,fight,crisis,panic,collapse,risk,fraud,arrested,no,demand,idiot,complaints,emergency,shortage,low,war
crude,empty,recession,sc,fears,shit,anxiety,killed,stop,warning,fight,crisis,panic,collapse,risk,fraud,arrested,no,demand,idiot,complaints,emergency,shortage,low,war
crude,empty,recession,sc,fears,shit,anxiety,killed,stop,warning,fight,crisis,panic,collapse,risk,fraud,arrested,no,demand,idiot,complaints,emergency,shortage,low,war
crude,empty,recession,sc,fears,shit,anxiety,killed,stop,warning,fight,crisis,panic,collapse,risk,fraud,arrested,no,demand,idiot,complaints,emergency,shortage,low,war
crude,empty,recession,sc,fears,shit,anxiety,killed,stop,warning,fight,crisis,panic,collapse,risk,fraud,arrested,no,demand,idiot,complaints,emergency,shortage,low,war
crude,empty,recession,sc,fears,shit,anxiety,killed,stop,warning,fight,crisis,panic,collapse,risk,fraud,arrested,no,demand,idiot,complaints,emergency,shortage,low,war
crude,empty,recession,sc,fears,shit,anxiety,killed,stop,warning,fight,crisis,panic,collapse,risk,fraud,arrested,no,demand,idiot,complaints,emergency,shortage,low,war
crude,empty,recession,sc,fears,shit,anxiety,killed,stop,warning,fight,crisis,panic,collapse,risk,fraud,arrested,no,demand,idiot,complaints,emergency,shortage,low,war
crude,empty,recession,sc,fears,shit,anxiety,killed,stop,warning,fight,crisis,panic,collapse,risk,fraud,arrested,no,demand,idiot,complaints,emergency,shortage,low,war
crude,empty,recession,sc,fears,shit,anxiety,killed,stop,warning,fight,crisis,panic,collapse,risk,fraud,arrested,no,demand,idiot,complaints,emergency,shortage,low,war
crude,empty,recession,sc,fears,shit,anxiety,killed,stop,warning,fight,crisis,panic,collapse,risk,fraud,arrested,no,demand,idiot,complaints,emergency,shortage,low,war
crude,empty,recession,sc,fears,shit,anxiety,killed,stop,warning,fight,crisis,panic,collapse,risk,fraud,arrested,no,demand,complaints,emergency,shame,shortage,low,war
crude,empty,recession,sc,fears,shit,anxiety,killed,stop,warning,fight,crisis,panic,collapse,risk,fraud,arrested,no,demand,complaints,emergency,shame,shortage,low,war
fake,crude,empty,recession,sc,fears,shit,anxiety,killed,stop,warning,fight,crisis,panic,collapse,risk,fraud,arrested,no,demand,complaints,emergency,shortage,low,war
fake,crude,empty,recession,sc,fears,shit,anxiety,killed,stop,warning,fight,crisis,panic,collapse,risk,fraud,arrested,no,demand,complaints,emergency,shortage,low,war
fake,crude,empty,recession,sc,fears,shit,anxiety,killed,stop,warning,fight,crisis,panic,collapse,risk,fraud,arrested,no,demand,complaints,emergency,shortage,low,war
fake,crude,empty,recession,sc,fears,shit,anxiety,killed,stop,warning,fight,crisis,panic,collapse,risk,fraud,arrested,no,demand,complaints,emergency,shortage,low,war
fake,crude,empty,recession,sc,fears,shit,anxiety,killed,stop,warning,fight,crisis,panic,collapse,risk,fraud,arrested,no,demand,complaints,emergency,shortage,low,war
fake,crude,empty,recession,sc,fears,shit,anxiety,killed,stop,warning,fight,crisis,panic,collapse,risk,fraud,arrested,no,demand,complaints,emergency,shortage,low,war
fake,crude,empty,recession,sc,fears,shit,anxiety,killed,stop,warning,fight,crisis,panic,collapse,risk,fraud,arrested,no,demand,complaints,emergency,shortage,low,war
fake,crude,empty,recession,sc,fears,shit,anxiety,killed,stop,warning,fight,crisis,panic,collapse,risk,fraud,arrested,no,demand,complaints,emergency,shortage,low,war
fake,crude,empty,recession,sc,fears,shit,anxiety,killed,stop,warning,fight,crisis,panic,collapse,risk,fraud,arrested,no,demand,complaints,emergency,shortage,low,war
fake,crude,empty,recession,sc,fears,shit,anxiety,killed,stop,warning,fight,crisis,panic,collapse,risk,fraud,arrested,no,demand,complaints,emergency,shortage,low,war
fake,crude,empty,recession,sc,fears,shit,anxiety,killed,stop,warning,fight,crisis,panic,collapse,risk,fraud,arrested,no,demand,complaints,emergency,shortage,low,war
fake,crude,empty,recession,sc,fears,shit,anxiety,killed,stop,warning,fight,crisis,panic,collapse,risk,fraud,arrested,no,demand,complaints,emergency,shortage,low,war
fake,crude,empty,recession,sc,fears,shit,anxiety,killed,stop,warning,fight,crisis,panic,collapse,risk,fraud,arrested,no,demand,complaints,emergency,shortage,low,war
fake,crude,empty,recession,sc,fears,shit,anxiety,killed,stop,warning,fight,crisis,panic,collapse,risk,fraud,arrested,no,demand,complaints,emergency,shortage,low,war
fake,crude,empty,recession,sc,fears,shit,anxiety,killed,stop,warning,fight,crisis,panic,collapse,risk,fraud,arrested,no,demand,complaints,emergency,shortage,low,war
fake,crude,empty,recession,sc,fears,shit,anxiety,killed,stop,warning,fight,crisis,panic,collapse,risk,fraud,arrested,no,demand,complaints,emergency,shortage,low,war
fake,crude,empty,recession,sc,fears,shit,anxiety,killed,stop,warning,fight,crisis,panic,collapse,risk,fraud,arrested,no,demand,complaints,emergency,shortage,low,war
fake,crude,empty,recession,sc,fears,shit,anxiety,killed,stop,warning,fight,crisis,panic,collapse,risk,fraud,arrested,no,demand,complaints,emergency,shortage,low,war
fake,crude,empty,recession,sc,fears,shit,anxiety,killed,stop,warning,fight,crisis,panic,collapse,risk,fraud,arrested,no,demand,complaints,emergency,shortage,low,war
fake,crude,empty,recession,sc,fears,shit,anxiety,killed,stop,warning,fight,crisis,panic,collapse,risk,fraud,arrested,no,demand,complaints,emergency,shortage,low,war
fake,crude,empty,recession,sc,fears,shit,anxiety,killed,stop,warning,fight,crisis,panic,collapse,risk,fraud,arrested,no,demand,complaints,emergency,shortage,low,war
fake,crude,empty,recession,sc,fears,shit,anxiety,killed,stop,warning,fight,crisis,panic,collapse,risk,fraud,arrested,no,demand,complaints,emergency,shortage,low,war
fake,crude,empty,recession,sc,fears,shit,anxiety,killed,stop,warning,fight,crisis,panic,collapse,risk,fraud,arrested,no,demand,complaints,emergency,shortage,low,war
fake,crude,empty,recession,sc,fears,shit,anxiety,killed,stop,warning,fight,crisis,panic,collapse,risk,fraud,arrested,no,demand,complaints,emergency,shortage,low,war
fake,crude,empty,recession,sc,fears,shit,anxiety,killed,stop,warning,fight,crisis,panic,collapse,risk,fraud,arrested,no,demand,complaints,emergency,shortage,low,war
fake,crude,empty,recession,sc,fears,shit,anxiety,killed,stop,warning,fight,crisis,panic,collapse,risk,fraud,arrested,no,demand,complaints,emergency,shortage,low,war
fake,crude,empty,recession,sc,fears,shit,anxiety,fucking,killed,stop,warning,fight,crisis,panic,collapse,risk,arrested,no,demand,complaints,emergency,shortage,low,war
fake,crude,empty,recession,sc,fears,shit,anxiety,fucking,killed,stop,warning,fight,crisis,panic,collapse,risk,arrested,no,demand,complaints,emergency,shortage,low,war
fake,crude,empty,recession,sc,fears,shit,anxiety,fucking,killed,stop,warning,fight,crisis,panic,collapse,risk,arrested,no,demand,complaints,emergency,shortage,low,war
fake,crude,empty,recession,sc,fears,shit,anxiety,fucking,killed,stop,warning,fight,crisis,panic,collapse,risk,arrested,no,demand,complaints,emergency,shortage,low,war
fake,crude,empty,recession,sc,fears,shit,anxiety,fucking,killed,stop,warning,fight,crisis,panic,collapse,risk,arrested,no,demand,complaints,emergency,shortage,low,war
fake,crude,empty,recession,sc,fears,shit,anxiety,fucking,killed,stop,warning,fight,crisis,panic,collapse,risk,arrested,no,demand,complaints,emergency,shortage,low,war
fake,crude,empty,recession,sc,fears,shit,anxiety,fucking,killed,stop,warning,fight,crisis,panic,collapse,risk,arrested,no,demand,complaints,emergency,shortage,low,war
fake,crude,empty,recession,sc,fears,shit,anxiety,fucking,killed,stop,warning,fight,crisis,panic,collapse,risk,arrested,no,demand,complaints,emergency,shortage,low,war
fake,crude,empty,recession,sc,fears,shit,anxiety,fucking,killed,stop,warning,fight,crisis,panic,collapse,risk,arrested,no,demand,complaints,emergency,shortage,low,war
fake,crude,empty,recession,sc,fears,shit,anxiety,fucking,killed,stop,warning,fight,crisis,panic,collapse,risk,arrested,no,demand,complaints,emergency,shortage,low,war
fake,crude,empty,recession,sc,fears,shit,anxiety,fucking,killed,stop,warning,fight,crisis,panic,collapse,risk,arrested,no,demand,complaints,emergency,shortage,low,war
fake,crude,empty,recession,sc,fears,shit,anxiety,fucking,killed,stop,warning,fight,crisis,panic,collapse,risk,arrested,no,demand,complaints,emergency,shortage,low,war
fake,crude,empty,recession,sc,fears,shit,anxiety,fucking,killed,stop,warning,fight,crisis,panic,collapse,risk,arrested,no,demand,complaints,emergency,shortage,low,war
fake,crude,empty,recession,sc,fears,shit,anxiety,fucking,killed,stop,warning,fight,crisis,panic,collapse,risk,arrested,no,demand,complaints,emergency,shortage,low,war
fake,crude,empty,recession,sc,fears,shit,anxiety,fucking,killed,stop,warning,fight,crisis,panic,collapse,risk,arrested,no,demand,complaints,emergency,shortage,low,war
fake,crude,empty,recession,sc,fears,shit,anxiety,fucking,killed,stop,warning,fight,crisis,panic,collapse,risk,arrested,no,demand,complaints,emergency,shortage,low,war
fake,crude,empty,recession,sc,fears,shit,anxiety,fucking,killed,stop,warning,fight,crisis,panic,collapse,risk,arrested,no,demand,complaints,emergency,shortage,low,war
fake,crude,empty,recession,sc,fears,shit,anxiety,fucking,killed,stop,warning,fight,crisis,panic,collapse,risk,arrested,no,demand,complaints,emergency,shortage,low,war
fake,crude,empty,recession,sc,fears,shit,anxiety,fucking,killed,stop,warning,fight,crisis,panic,collapse,risk,arrested,no,demand,complaints,emergency,shortage,low,war
fake,crude,empty,recession,sc,fears,shit,anxiety,fucking,killed,stop,warning,fight,crisis,panic,collapse,risk,arrested,no,demand,complaints,emergency,shortage,low,war
fake,crude,empty,recession,sc,fears,shit,anxiety,fucking,killed,stop,warning,fight,crisis,panic,collapse,risk,arrested,no,demand,complaints,emergency,shortage,low,war
fake,crude,empty,recession,sc,fears,shit,anxiety,fucking,killed,stop,warning,fight,crisis,panic,collapse,risk,arrested,no,demand,complaints,emergency,shortage,low,war
fake,crude,empty,recession,sc,fears,shit,anxiety,fucking,killed,stop,warning,fight,crisis,panic,collapse,risk,arrested,no,demand,complaints,emergency,shortage,low,war
fake,crude,empty,recession,sc,fears,shit,anxiety,fucking,killed,stop,warning,fight,crisis,panic,collapse,risk,arrested,no,demand,complaints,emergency,shortage,low,war
fake,crude,empty,recession,sc,fears,shit,anxiety,fucking,killed,stop,warning,fight,crisis,panic,collapse,risk,arrested,no,demand,complaints,emergency,shortage,low,war
fake,crude,empty,recession,sc,fears,shit,anxiety,fucking,killed,stop,warning,fight,crisis,panic,collapse,risk,arrested,no,demand,complaints,emergency,shortage,low,war
fake,crude,empty,recession,sc,fears,shit,anxiety,fucking,killed,stop,warning,fight,crisis,panic,collapse,risk,arrested,no,demand,complaints,emergency,shortage,low,war
fake,crude,empty,recession,sc,fears,shit,anxiety,fucking,killed,stop,warning,fight,crisis,panic,collapse,risk,arrested,no,demand,complaints,emergency,shortage,low,war
fake,crude,empty,recession,sc,fears,shit,anxiety,fucking,killed,stop,warning,fight,crisis,panic,collapse,risk,arrested,no,demand,complaints,emergency,shortage,low,war
fake,crude,empty,recession,sc,fears,shit,anxiety,fucking,killed,stop,warning,fight,crisis,panic,collapse,risk,arrested,no,demand,complaints,emergency,shortage,low,war
fake,crude,empty,recession,sc,fears,shit,anxiety,fucking,killed,stop,warning,fight,crisis,panic,collapse,risk,arrested,no,demand,complaints,emergency,shortage,low,war
fake,crude,empty,recession,sc,fears,shit,anxiety,fucking,killed,stop,warning,fight,crisis,panic,collapse,risk,arrested,no,demand,complaints,emergency,shortage,low,war
fake,crude,empty,recession,sc,fears,shit,anxiety,fucking,killed,stop,warning,fight,crisis,panic,collapse,risk,arrested,no,demand,complaints,emergency,shortage,low,war
fake,crude,empty,recession,sc,fears,shit,anxiety,fucking,killed,stop,warning,fight,crisis,panic,collapse,risk,arrested,no,demand,complaints,emergency,shortage,low,war
fake,crude,empty,recession,sc,fears,shit,anxiety,fucking,killed,stop,warning,fight,crisis,panic,collapse,risk,arrested,no,demand,complaints,emergency,shortage,low,war
fake,crude,empty,recession,sc,fears,shit,anxiety,fucking,killed,stop,warning,fight,crisis,panic,collapse,risk,arrested,no,demand,complaints,emergency,shortage,low,war
fake,crude,empty,recession,sc,fears,shit,anxiety,fucking,killed,stop,warning,fight,crisis,panic,collapse,risk,arrested,no,demand,complaints,emergency,shortage,low,war
fake,crude,empty,recession,sc,fears,shit,anxiety,fucking,killed,stop,warning,fight,crisis,panic,collapse,risk,arrested,no,demand,complaints,emergency,shortage,low,war
fake,crude,empty,recession,sc,fears,shit,anxiety,fucking,killed,stop,warning,fight,crisis,panic,collapse,risk,arrested,no,demand,complaints,emergency,shortage,low,war
fake,crude,empty,recession,sc,fears,shit,anxiety,fucking,killed,stop,warning,fight,crisis,panic,collapse,risk,arrested,no,demand,complaints,emergency,shortage,low,war
fake,crude,empty,recession,sc,fears,shit,anxiety,fucking,killed,stop,warning,fight,crisis,panic,collapse,risk,arrested,no,demand,complaints,emergency,shortage,low,war
fake,crude,empty,recession,sc,fears,shit,anxiety,fucking,killed,stop,warning,fight,crisis,panic,collapse,risk,arrested,no,demand,complaints,emergency,shortage,low,war
fake,crude,empty,recession,sc,fears,shit,anxiety,fucking,killed,stop,warning,fight,crisis,panic,collapse,risk,arrested,no,demand,complaints,emergency,shortage,low,war
fake,crude,empty,recession,sc,fears,shit,anxiety,fucking,killed,stop,warning,fight,crisis,panic,collapse,risk,arrested,no,demand,complaints,emergency,shortage,low,war
fake,crude,empty,recession,sc,fears,shit,anxiety,fucking,killed,stop,warning,fight,crisis,panic,collapse,risk,arrested,no,demand,complaints,emergency,shortage,low,war
fake,crude,empty,recession,sc,fears,shit,anxiety,fucking,killed,stop,warning,fight,crisis,panic,collapse,risk,arrested,no,demand,complaints,emergency,shortage,low,war
fake,crude,empty,recession,sc,fears,shit,anxiety,fucking,killed,stop,warning,fight,crisis,panic,collapse,risk,arrested,no,demand,complaints,emergency,shortage,low,war
fake,crude,empty,recession,sc,fears,shit,anxiety,fucking,killed,stop,warning,fight,crisis,panic,collapse,risk,arrested,no,demand,complaints,emergency,shortage,low,war
fake,crude,empty,recession,sc,fears,shit,anxiety,fucking,killed,stop,warning,fight,crisis,panic,collapse,risk,arrested,no,demand,complaints,emergency,shortage,low,war
fake,crude,empty,recession,sc,fears,shit,anxiety,fucking,killed,stop,warning,fight,crisis,panic,collapse,risk,arrested,no,demand,complaints,emergency,shortage,low,war
fake,crude,empty,recession,sc,fears,shit,anxiety,fucking,killed,stop,warning,fight,crisis,panic,collapse,risk,arrested,no,demand,complaints,emergency,shortage,low,war
fake,crude,empty,recession,sc,fears,shit,anxiety,fucking,killed,stop,warning,fight,crisis,panic,collapse,risk,arrested,no,demand,complaints,emergency,shortage,low,war
fake,crude,empty,recession,sc,fears,shit,anxiety,fucking,killed,stop,warning,fight,crisis,panic,collapse,risk,arrested,no,demand,complaints,emergency,shortage,low,war
fake,crude,empty,recession,sc,fears,shit,anxiety,fucking,killed,stop,warning,fight,crisis,panic,collapse,risk,arrested,no,demand,complaints,emergency,shortage,low,war
fake,crude,empty,recession,sc,fears,shit,anxiety,fucking,killed,stop,warning,fight,crisis,panic,collapse,risk,arrested,no,demand,complaints,emergency,shortage,low,war
fake,crude,empty,recession,sc,fears,shit,anxiety,fucking,killed,stop,warning,fight,crisis,panic,collapse,risk,arrested,no,demand,complaints,emergency,shortage,low,war
fake,crude,empty,recession,sc,fears,shit,anxiety,fucking,killed,stop,warning,fight,crisis,panic,collapse,risk,arrested,no,demand,complaints,emergency,shortage,low,war
fake,crude,empty,recession,sc,fears,shit,anxiety,fucking,killed,stop,warning,fight,crisis,panic,collapse,risk,arrested,no,demand,complaints,emergency,shortage,low,war
fake,crude,empty,recession,sc,fears,shit,anxiety,fucking,killed,stop,warning,fight,crisis,panic,collapse,risk,arrested,no,demand,complaints,emergency,shortage,low,war
fake,crude,empty,recession,sc,fears,shit,anxiety,fucking,killed,stop,warning,fight,crisis,panic,collapse,risk,arrested,no,demand,complaints,emergency,shortage,low,war
fake,crude,empty,recession,sc,fears,shit,anxiety,fucking,killed,stop,warning,fight,crisis,panic,collapse,risk,arrested,no,demand,complaints,emergency,shortage,low,war
fake,crude,empty,recession,sc,fears,shit,anxiety,fucking,killed,stop,warning,fight,crisis,panic,collapse,risk,arrested,no,demand,complaints,emergency,shortage,low,war
fake,crude,empty,recession,sc,fears,shit,anxiety,fucking,killed,stop,warning,fight,crisis,panic,collapse,risk,arrested,no,demand,complaints,emergency,shortage,low,war
fake,crude,empty,recession,sc,fears,shit,anxiety,fucking,killed,stop,warning,fight,crisis,panic,collapse,risk,arrested,no,demand,complaints,emergency,shortage,low,war
fake,crude,empty,recession,sc,fears,shit,anxiety,fucking,killed,stop,warning,fight,crisis,panic,collapse,risk,arrested,no,demand,complaints,emergency,shortage,low,war
fake,crude,empty,recession,sc,fears,shit,anxiety,fucking,killed,stop,warning,fight,crisis,panic,collapse,risk,arrested,no,demand,complaints,emergency,shortage,low,war
fake,crude,empty,recession,sc,fears,shit,anxiety,fucking,killed,stop,warning,fight,crisis,panic,collapse,risk,arrested,no,demand,complaints,emergency,shortage,low,war
fake,crude,empty,recession,sc,fears,shit,anxiety,fucking,killed,stop,warning,fight,crisis,panic,collapse,risk,arrested,no,demand,complaints,emergency,shortage,low,war
fake,crude,empty,recession,sc,fears,shit,anxiety,fucking,killed,stop,warning,fight,crisis,panic,collapse,risk,arrested,no,demand,complaints,emergency,shortage,low,war
fake,crude,empty,recession,sc,fears,shit,anxiety,fucking,killed,stop,warning,fight,crisis,panic,collapse,risk,arrested,no,demand,complaints,emergency,shortage,low,war
fake,crude,empty,recession,sc,fears,shit,anxiety,fucking,killed,stop,warning,fight,crisis,panic,collapse,risk,arrested,no,demand,complaints,emergency,shortage,low,war
fake,crude,empty,recession,sc,fears,shit,anxiety,fucking,killed,stop,warning,fight,crisis,panic,collapse,risk,arrested,no,demand,complaints,emergency,shortage,low,war
fake,crude,empty,recession,sc,fears,shit,anxiety,fucking,killed,stop,warning,fight,crisis,panic,collapse,risk,arrested,no,demand,complaints,emergency,shortage,low,war
fake,crude,empty,recession,sc,fears,shit,anxiety,fucking,killed,stop,warning,fight,crisis,panic,collapse,risk,arrested,no,demand,complaints,emergency,shortage,low,war
fake,crude,empty,recession,sc,fears,shit,anxiety,fucking,killed,stop,warning,fight,crisis,panic,collapse,risk,arrested,no,demand,complaints,emergency,shortage,low,war
fake,crude,empty,recession,sc,fears,shit,anxiety,fucking,killed,stop,warning,fight,crisis,panic,collapse,risk,arrested,no,demand,complaints,emergency,shortage,low,war
fake,crude,empty,recession,sc,fears,shit,anxiety,fucking,killed,stop,warning,fight,crisis,panic,collapse,risk,arrested,no,demand,complaints,emergency,shortage,low,war
fake,crude,empty,recession,sc,fears,shit,anxiety,fucking,killed,stop,warning,fight,crisis,panic,collapse,risk,arrested,no,demand,complaints,emergency,shortage,low,war
fake,crude,empty,recession,sc,fears,shit,anxiety,fucking,killed,stop,warning,fight,crisis,panic,collapse,risk,arrested,no,demand,complaints,emergency,shortage,low,war
fake,crude,empty,recession,sc,fears,shit,anxiety,fucking,killed,stop,warning,fight,crisis,panic,collapse,risk,arrested,no,demand,complaints,emergency,shortage,low,war
fake,crude,empty,recession,sc,fears,shit,anxiety,fucking,killed,stop,warning,fight,crisis,panic,collapse,risk,arrested,no,demand,complaints,emergency,shortage,low,war
fake,crude,empty,recession,sc,fears,shit,anxiety,fucking,killed,stop,warning,fight,crisis,panic,collapse,risk,arrested,no,demand,complaints,emergency,shortage,low,war
fake,crude,empty,recession,sc,fears,shit,anxiety,fucking,killed,stop,warning,fight,crisis,panic,collapse,risk,arrested,no,demand,complaints,emergency,shortage,low,war
fake,crude,empty,recession,sc,fears,shit,anxiety,fucking,killed,stop,warning,fight,crisis,panic,collapse,risk,arrested,no,demand,complaints,emergency,shortage,low,war
fake,crude,empty,recession,sc,fears,shit,anxiety,fucking,killed,stop,warning,fight,crisis,panic,collapse,risk,arrested,no,demand,complaints,emergency,shortage,low,war
fake,crude,empty,recession,sc,fears,shit,anxiety,fucking,killed,stop,warning,fight,crisis,panic,collapse,risk,arrested,no,demand,complaints,emergency,shortage,low,war
fake,crude,empty,recession,sc,fears,shit,anxiety,fucking,killed,stop,warning,fight,crisis,panic,collapse,risk,arrested,no,demand,complaints,emergency,shortage,low,war
fake,crude,empty,recession,sc,fears,shit,anxiety,fucking,killed,stop,warning,fight,crisis,panic,collapse,risk,arrested,no,demand,complaints,emergency,shortage,low,war
fake,crude,empty,recession,sc,fears,shit,anxiety,fucking,killed,stop,warning,fight,crisis,panic,collapse,risk,arrested,no,demand,complaints,emergency,shortage,low,war
fake,crude,empty,recession,sc,fears,shit,anxiety,fucking,killed,stop,warning,fight,crisis,panic,collapse,risk,arrested,no,demand,complaints,emergency,shortage,low,war
fake,crude,empty,recession,sc,fears,shit,anxiety,fucking,killed,stop,warning,fight,crisis,panic,collapse,risk,arrested,no,demand,complaints,emergency,shortage,low,war
fake,crude,empty,recession,sc,fears,shit,anxiety,fucking,killed,stop,warning,fight,crisis,panic,collapse,risk,arrested,no,demand,complaints,emergency,shortage,low,war
fake,crude,empty,recession,sc,fears,shit,anxiety,fucking,killed,stop,warning,fight,crisis,panic,collapse,risk,arrested,no,demand,complaints,emergency,shortage,low,war
fake,crude,empty,recession,sc,fears,shit,anxiety,fucking,killed,stop,warning,fight,crisis,panic,collapse,risk,arrested,no,demand,complaints,emergency,shortage,low,war
fake,crude,empty,recession,sc,fears,shit,anxiety,fucking,killed,stop,warning,fight,crisis,panic,collapse,risk,arrested,no,demand,complaints,emergency,shortage,low,war
fake,crude,empty,recession,sc,fears,shit,anxiety,fucking,killed,stop,warning,fight,crisis,panic,collapse,risk,arrested,no,demand,complaints,emergency,shortage,low,war
fake,crude,empty,recession,sc,fears,shit,anxiety,fucking,killed,stop,warning,fight,crisis,panic,collapse,risk,arrested,no,demand,complaints,emergency,shortage,low,war
fake,crude,empty,recession,sc,fears,shit,anxiety,fucking,killed,stop,warning,fight,crisis,panic,collapse,risk,arrested,no,demand,complaints,emergency,shortage,low,war
fake,crude,empty,recession,sc,fears,shit,anxiety,fucking,killed,stop,warning,fight,crisis,panic,collapse,risk,arrested,no,demand,complaints,emergency,shortage,low,war
fake,crude,empty,recession,sc,fears,shit,anxiety,fucking,killed,stop,warning,fight,crisis,panic,collapse,risk,arrested,no,demand,complaints,emergency,shortage,low,war
fake,crude,empty,recession,sc,fears,shit,anxiety,fucking,killed,stop,warning,fight,crisis,panic,collapse,risk,arrested,no,demand,complaints,emergency,shortage,low,war
fake,crude,empty,recession,sc,fears,shit,anxiety,fucking,killed,stop,warning,fight,crisis,panic,collapse,risk,arrested,no,demand,complaints,emergency,shortage,low,war
fake,crude,empty,recession,sc,fears,shit,anxiety,fucking,killed,stop,warning,fight,crisis,panic,collapse,risk,arrested,no,demand,complaints,emergency,shortage,low,war
fake,crude,empty,recession,sc,fears,shit,anxiety,fucking,killed,stop,warning,fight,crisis,panic,collapse,risk,arrested,no,demand,complaints,emergency,shortage,low,war
fake,crude,empty,recession,sc,fears,shit,anxiety,fucking,killed,stop,warning,fight,crisis,panic,collapse,risk,arrested,no,demand,complaints,emergency,shortage,low,war
fake,crude,empty,recession,sc,fears,shit,anxiety,fucking,killed,stop,warning,fight,crisis,panic,collapse,risk,arrested,no,demand,complaints,emergency,shortage,low,war
fake,crude,empty,recession,sc,fears,shit,anxiety,fucking,killed,stop,warning,fight,crisis,panic,collapse,risk,arrested,no,demand,complaints,emergency,shortage,low,war
fake,crude,empty,recession,sc,fears,shit,anxiety,fucking,killed,stop,warning,fight,crisis,panic,collapse,risk,arrested,no,demand,complaints,emergency,shortage,low,war
fake,crude,empty,recession,sc,fears,shit,anxiety,fucking,killed,stop,warning,fight,crisis,panic,collapse,risk,arrested,no,demand,complaints,emergency,shortage,low,war
fake,crude,empty,recession,sc,fears,shit,anxiety,fucking,killed,stop,warning,fight,crisis,panic,collapse,risk,arrested,no,demand,complaints,emergency,shortage,low,war
fake,crude,empty,recession,sc,fears,shit,anxiety,fucking,killed,stop,warning,fight,crisis,panic,collapse,risk,arrested,no,demand,complaints,emergency,shortage,low,war
fake,crude,empty,recession,sc,fears,shit,anxiety,fucking,killed,stop,warning,fight,crisis,panic,collapse,risk,arrested,no,demand,complaints,emergency,shortage,low,war
fake,crude,empty,recession,sc,fears,shit,anxiety,fucking,killed,stop,warning,fight,crisis,panic,collapse,risk,arrested,no,demand,complaints,emergency,shortage,low,war
fake,crude,empty,recession,sc,fears,shit,anxiety,fucking,killed,stop,warning,fight,crisis,panic,collapse,risk,arrested,no,demand,complaints,emergency,shortage,low,war
fake,crude,empty,recession,sc,fears,shit,anxiety,fucking,killed,stop,warning,fight,crisis,panic,collapse,risk,arrested,no,demand,complaints,emergency,shortage,low,war
fake,crude,empty,recession,sc,fears,shit,anxiety,fucking,killed,stop,warning,fight,crisis,panic,collapse,risk,arrested,no,demand,complaints,emergency,shortage,low,war
fake,crude,empty,recession,sc,fears,shit,anxiety,fucking,killed,stop,warning,fight,crisis,panic,collapse,risk,arrested,no,demand,complaints,emergency,shortage,low,war
fake,crude,empty,recession,sc,fears,shit,anxiety,fucking,killed,stop,warning,fight,crisis,panic,collapse,risk,arrested,no,demand,complaints,emergency,shortage,low,war
fake,crude,empty,recession,sc,fears,shit,anxiety,fucking,killed,stop,warning,fight,crisis,panic,collapse,risk,arrested,no,demand,complaints,emergency,shortage,low,war
fake,crude,empty,recession,sc,fears,shit,anxiety,fucking,killed,stop,warning,fight,crisis,panic,collapse,risk,fraud,arrested,no,demand,complaints,emergency,shortage,low
fake,crude,empty,recession,sc,fears,shit,anxiety,fucking,killed,stop,warning,fight,crisis,panic,collapse,risk,fraud,arrested,no,demand,complaints,emergency,shortage,low
fake,crude,empty,recession,sc,fears,shit,anxiety,fucking,killed,stop,warning,fight,crisis,panic,collapse,risk,fraud,arrested,no,demand,complaints,emergency,shortage,low
fake,crude,empty,recession,sc,fears,shit,anxiety,fucking,killed,stop,warning,fight,crisis,panic,collapse,risk,fraud,arrested,no,demand,complaints,emergency,shortage,low
fake,crude,empty,recession,sc,fears,shit,anxiety,fucking,killed,stop,warning,fight,crisis,panic,collapse,risk,fraud,arrested,no,demand,complaints,emergency,shortage,low
fake,crude,empty,recession,sc,fears,shit,anxiety,fucking,killed,stop,warning,fight,crisis,panic,collapse,risk,fraud,arrested,no,demand,complaints,emergency,shortage,low
fake,crude,empty,recession,sc,fears,shit,anxiety,fucking,killed,stop,warning,fight,crisis,panic,collapse,risk,fraud,arrested,no,demand,complaints,emergency,shortage,low
fake,crude,empty,recession,sc,fears,shit,anxiety,fucking,killed,stop,warning,fight,crisis,panic,collapse,risk,fraud,arrested,no,demand,complaints,emergency,shortage,low
fake,crude,empty,recession,sc,fears,shit,anxiety,fucking,killed,stop,warning,fight,crisis,panic,collapse,risk,fraud,arrested,no,demand,complaints,emergency,shortage,low
fake,crude,empty,recession,sc,fears,shit,anxiety,fucking,killed,stop,warning,fight,crisis,panic,collapse,risk,fraud,arrested,no,demand,complaints,emergency,shortage,low
fake,crude,empty,recession,sc,fears,shit,anxiety,fucking,killed,stop,warning,fight,crisis,panic,collapse,risk,fraud,arrested,no,demand,complaints,emergency,shortage,low
fake,crude,empty,recession,sc,fears,shit,anxiety,fucking,killed,stop,warning,fight,crisis,panic,collapse,risk,fraud,arrested,no,demand,complaints,emergency,shortage,low
fake,crude,empty,recession,sc,fears,shit,anxiety,fucking,killed,stop,warning,fight,crisis,panic,collapse,risk,fraud,arrested,no,demand,complaints,emergency,shortage,low
fake,crude,empty,recession,sc,fears,shit,anxiety,fucking,killed,stop,warning,fight,crisis,panic,collapse,risk,fraud,arrested,no,demand,complaints,emergency,shortage,low
fake,crude,empty,recession,sc,fears,shit,anxiety,fucking,killed,stop,warning,fight,crisis,panic,collapse,risk,fraud,arrested,no,demand,complaints,emergency,shortage,low
fake,crude,empty,recession,sc,fears,shit,anxiety,fucking,killed,stop,warning,fight,crisis,panic,collapse,risk,fraud,arrested,no,demand,complaints,emergency,shortage,low
fake,crude,empty,recession,sc,fears,shit,anxiety,fucking,killed,stop,warning,fight,crisis,panic,collapse,risk,fraud,arrested,no,demand,complaints,emergency,shortage,low
fake,crude,empty,recession,sc,fears,shit,anxiety,fucking,killed,stop,warning,fight,crisis,panic,collapse,risk,fraud,arrested,no,demand,complaints,emergency,shortage,low
fake,crude,empty,recession,sc,fears,shit,anxiety,fucking,killed,stop,warning,fight,crisis,panic,collapse,risk,fraud,arrested,no,demand,complaints,emergency,shortage,low
fake,crude,empty,recession,sc,fears,shit,anxiety,fucking,killed,stop,warning,fight,crisis,panic,collapse,risk,fraud,arrested,no,demand,complaints,emergency,shortage,low
fake,crude,empty,recession,sc,fears,shit,anxiety,fucking,killed,stop,warning,fight,crisis,panic,collapse,risk,fraud,arrested,no,demand,complaints,emergency,shortage,low
fake,crude,empty,recession,sc,fears,shit,anxiety,fucking,killed,stop,warning,fight,crisis,panic,collapse,risk,fraud,arrested,no,demand,complaints,emergency,shortage,low
fake,crude,empty,recession,sc,fears,shit,anxiety,fucking,killed,stop,warning,fight,crisis,panic,collapse,risk,fraud,arrested,no,demand,complaints,emergency,shortage,low
fake,crude,empty,recession,sc,fears,shit,anxiety,fucking,killed,stop,warning,fight,crisis,panic,collapse,risk,fraud,arrested,no,demand,complaints,emergency,shortage,low
fake,crude,empty,recession,sc,fears,shit,anxiety,fucking,killed,stop,warning,fight,crisis,panic,collapse,risk,fraud,arrested,no,demand,complaints,emergency,shortage,low
fake,crude,empty,recession,sc,fears,shit,anxiety,fucking,killed,stop,warning,fight,crisis,panic,collapse,risk,fraud,arrested,no,demand,complaints,emergency,shortage,low
fake,crude,empty,recession,sc,fears,shit,anxiety,fucking,killed,stop,warning,fight,crisis,panic,collapse,risk,fraud,arrested,no,demand,complaints,emergency,shortage,low
fake,crude,empty,recession,sc,fears,shit,anxiety,fucking,killed,stop,warning,fight,crisis,panic,collapse,risk,fraud,arrested,no,demand,complaints,emergency,shortage,low
fake,crude,empty,recession,sc,fears,shit,anxiety,fucking,killed,stop,warning,fight,crisis,panic,collapse,risk,fraud,arrested,no,demand,complaints,emergency,shortage,low
fake,crude,empty,recession,sc,fears,shit,anxiety,fucking,killed,stop,warning,fight,crisis,panic,collapse,risk,fraud,arrested,no,demand,complaints,emergency,shortage,low
fake,crude,empty,recession,sc,fears,shit,anxiety,fucking,killed,stop,warning,fight,crisis,panic,collapse,risk,fraud,arrested,no,demand,complaints,emergency,shortage,low
fake,crude,empty,recession,sc,fears,shit,anxiety,fucking,killed,stop,warning,fight,crisis,panic,collapse,risk,fraud,arrested,no,demand,complaints,emergency,shortage,low
fake,crude,empty,recession,sc,fears,shit,anxiety,fucking,killed,stop,warning,fight,crisis,panic,collapse,risk,fraud,arrested,no,demand,complaints,emergency,shortage,low
fake,crude,empty,recession,sc,fears,shit,anxiety,fucking,killed,stop,warning,fight,crisis,panic,collapse,risk,fraud,arrested,no,demand,complaints,emergency,shortage,low
fake,crude,empty,recession,sc,fears,shit,anxiety,fucking,killed,stop,warning,fight,crisis,panic,collapse,risk,fraud,arrested,no,demand,complaints,emergency,shortage,low
fake,crude,empty,recession,sc,fears,shit,anxiety,fucking,killed,stop,warning,fight,crisis,panic,collapse,risk,fraud,arrested,no,demand,complaints,emergency,shortage,low
fake,crude,empty,recession,sc,fears,shit,anxiety,fucking,killed,stop,warning,fight,crisis,panic,collapse,risk,fraud,arrested,no,demand,complaints,emergency,shortage,low
fake,crude,empty,recession,sc,fears,shit,anxiety,fucking,killed,stop,warning,fight,crisis,panic,collapse,risk,fraud,arrested,no,demand,complaints,emergency,shortage,low
fake,crude,empty,recession,sc,fears,shit,anxiety,fucking,killed,stop,warning,fight,crisis,panic,collapse,risk,fraud,arrested,no,demand,complaints,emergency,shortage,low
fake,crude,empty,recession,sc,fears,shit,anxiety,fucking,killed,stop,warning,fight,crisis,panic,collapse,risk,fraud,arrested,no,demand,complaints,emergency,shortage,low
fake,crude,empty,recession,sc,fears,shit,anxiety,fucking,killed,stop,warning,fight,crisis,panic,collapse,risk,fraud,arrested,no,demand,complaints,emergency,shortage,low
fake,crude,empty,recession,sc,fears,shit,anxiety,fucking,killed,stop,warning,fight,crisis,panic,collapse,risk,fraud,arrested,no,demand,complaints,emergency,shortage,low
fake,crude,empty,recession,sc,fears,shit,anxiety,fucking,killed,stop,warning,fight,crisis,panic,collapse,risk,fraud,arrested,no,demand,complaints,emergency,shortage,low
fake,crude,empty,recession,sc,fears,shit,anxiety,fucking,killed,stop,warning,fight,crisis,panic,collapse,risk,fraud,arrested,no,demand,complaints,emergency,shortage,low
fake,crude,empty,recession,sc,fears,shit,anxiety,fucking,killed,stop,warning,fight,crisis,panic,collapse,risk,fraud,arrested,no,demand,complaints,emergency,shortage,low
fake,crude,empty,recession,sc,fears,shit,anxiety,fucking,killed,stop,warning,fight,crisis,panic,collapse,risk,fraud,arrested,no,demand,complaints,emergency,shortage,low
fake,crude,empty,recession,sc,fears,shit,anxiety,fucking,killed,stop,warning,fight,crisis,panic,collapse,risk,fraud,arrested,no,demand,complaints,emergency,shortage,low
fake,crude,empty,recession,sc,fears,shit,anxiety,fucking,killed,stop,warning,fight,crisis,panic,collapse,risk,fraud,arrested,no,demand,complaints,emergency,shortage,low
fake,crude,empty,recession,sc,fears,shit,anxiety,fucking,killed,stop,warning,fight,crisis,panic,collapse,risk,fraud,arrested,no,demand,complaints,emergency,shortage,low
fake,crude,empty,recession,sc,fears,shit,anxiety,fucking,killed,stop,warning,fight,crisis,panic,collapse,risk,fraud,arrested,no,demand,complaints,emergency,shortage,low
fake,crude,empty,recession,sc,fears,shit,anxiety,fucking,killed,stop,warning,fight,crisis,panic,collapse,risk,fraud,arrested,no,demand,complaints,emergency,shortage,low
fake,crude,empty,recession,sc,fears,shit,anxiety,fucking,killed,stop,warning,fight,crisis,panic,collapse,risk,fraud,arrested,no,demand,complaints,emergency,shortage,low
fake,crude,empty,recession,sc,fears,shit,anxiety,fucking,killed,stop,warning,fight,crisis,panic,collapse,risk,fraud,arrested,no,demand,complaints,emergency,shortage,low
fake,crude,empty,recession,sc,fears,shit,anxiety,fucking,killed,stop,warning,fight,crisis,panic,collapse,risk,fraud,arrested,no,demand,complaints,emergency,shortage,low
fake,crude,empty,recession,sc,fears,shit,anxiety,fucking,killed,stop,warning,fight,crisis,panic,collapse,risk,fraud,arrested,no,demand,complaints,emergency,shortage,low
fake,crude,empty,recession,sc,fears,shit,anxiety,fucking,killed,stop,warning,fight,crisis,panic,collapse,risk,fraud,arrested,no,demand,complaints,emergency,shortage,low
fake,crude,empty,recession,sc,fears,shit,anxiety,fucking,killed,stop,warning,fight,crisis,panic,collapse,risk,fraud,arrested,no,demand,complaints,emergency,shortage,low
fake,crude,empty,recession,sc,fears,shit,anxiety,fucking,killed,stop,warning,fight,crisis,panic,collapse,risk,fraud,arrested,no,demand,complaints,emergency,shortage,low
fake,crude,empty,recession,sc,fears,shit,anxiety,fucking,killed,stop,warning,fight,crisis,panic,collapse,risk,fraud,arrested,no,demand,complaints,emergency,shortage,low
fake,crude,empty,recession,sc,fears,shit,anxiety,fucking,killed,stop,warning,fight,crisis,panic,collapse,risk,fraud,arrested,no,demand,complaints,emergency,shortage,low
fake,crude,empty,recession,sc,fears,shit,anxiety,fucking,killed,stop,warning,fight,crisis,panic,collapse,risk,fraud,arrested,no,demand,complaints,emergency,shortage,low
fake,crude,empty,recession,sc,fears,shit,anxiety,fucking,killed,stop,warning,fight,crisis,panic,collapse,risk,fraud,arrested,no,demand,complaints,emergency,shortage,low
fake,crude,empty,recession,sc,fears,shit,anxiety,fucking,killed,stop,warning,fight,crisis,panic,collapse,risk,fraud,arrested,no,demand,complaints,emergency,shortage,low
fake,crude,empty,recession,sc,fears,shit,anxiety,fucking,killed,stop,warning,fight,crisis,panic,collapse,risk,fraud,arrested,no,demand,complaints,emergency,shortage,low
fake,crude,empty,recession,sc,fears,shit,anxiety,fucking,killed,stop,warning,fight,crisis,panic,collapse,risk,fraud,arrested,no,demand,complaints,emergency,shortage,low
fake,crude,empty,recession,sc,fears,shit,anxiety,fucking,killed,stop,warning,fight,crisis,panic,collapse,risk,fraud,arrested,no,demand,complaints,emergency,shortage,low
fake,crude,empty,recession,sc,fears,shit,anxiety,fucking,killed,stop,warning,fight,crisis,panic,collapse,risk,fraud,arrested,no,demand,complaints,emergency,shortage,low
fake,crude,empty,recession,sc,fears,shit,anxiety,fucking,killed,stop,warning,fight,crisis,panic,collapse,risk,fraud,arrested,no,demand,complaints,emergency,shortage,low
fake,crude,empty,recession,sc,fears,shit,anxiety,fucking,killed,stop,warning,fight,crisis,panic,collapse,risk,fraud,arrested,no,demand,complaints,emergency,shortage,low
fake,crude,empty,recession,sc,fears,shit,anxiety,fucking,killed,stop,warning,fight,crisis,panic,collapse,risk,fraud,arrested,no,demand,complaints,emergency,shortage,low
fake,crude,empty,recession,sc,fears,shit,anxiety,fucking,killed,stop,warning,fight,crisis,panic,collapse,risk,fraud,arrested,no,demand,complaints,emergency,shortage,low
crude,empty,recession,sc,fears,shit,anxiety,fucking,killed,stop,warning,fight,crisis,panic,collapse,risk,fraud,arrested,no,demand,complaints,emergency,shortage,low,war
crude,empty,recession,sc,fears,shit,anxiety,fucking,killed,stop,warning,fight,crisis,panic,collapse,risk,fraud,arrested,no,demand,complaints,emergency,shortage,low,war
crude,empty,recession,sc,fears,shit,anxiety,fucking,killed,stop,warning,fight,crisis,panic,collapse,risk,fraud,arrested,no,demand,complaints,emergency,shortage,low,war
crude,empty,recession,sc,fears,shit,anxiety,fucking,killed,stop,warning,fight,crisis,panic,collapse,risk,fraud,arrested,no,demand,complaints,emergency,shortage,low,war
crude,empty,recession,sc,fears,shit,anxiety,fucking,killed,stop,warning,fight,crisis,panic,collapse,risk,fraud,arrested,no,demand,complaints,emergency,shortage,low,war
crude,empty,recession,sc,fears,shit,anxiety,killed,stop,warning,drop,fight,crisis,panic,collapse,risk,fraud,arrested,no,demand,complaints,emergency,shortage,low,war
crude,empty,recession,sc,fears,shit,anxiety,killed,stop,warning,drop,fight,crisis,panic,collapse,risk,fraud,arrested,no,demand,complaints,emergency,shortage,low,war
crude,empty,recession,sc,fears,shit,anxiety,killed,stop,warning,drop,fight,crisis,panic,collapse,risk,fraud,arrested,no,demand,complaints,emergency,shortage,low,war
crude,empty,recession,sc,fears,shit,anxiety,killed,stop,warning,drop,fight,crisis,panic,collapse,risk,fraud,arrested,no,demand,complaints,emergency,shortage,low,war
crude,empty,recession,sc,fears,shit,anxiety,killed,stop,warning,drop,fight,crisis,panic,collapse,risk,fraud,arrested,no,demand,complaints,emergency,shortage,low,war
crude,empty,recession,sc,fears,shit,anxiety,killed,stop,warning,drop,fight,crisis,panic,collapse,risk,fraud,arrested,no,demand,complaints,emergency,shortage,low,war
crude,empty,recession,sc,fears,shit,anxiety,killed,stop,warning,drop,fight,crisis,panic,collapse,risk,fraud,arrested,no,demand,complaints,emergency,shortage,low,war
crude,empty,recession,sc,fears,shit,anxiety,killed,stop,warning,drop,fight,crisis,panic,collapse,risk,fraud,arrested,no,demand,complaints,emergency,shortage,low,war
crude,empty,recession,sc,fears,shit,anxiety,killed,stop,warning,drop,fight,crisis,panic,collapse,risk,fraud,arrested,no,demand,complaints,emergency,shortage,low,war
crude,empty,recession,sc,fears,shit,anxiety,killed,stop,warning,drop,fight,crisis,panic,collapse,risk,fraud,arrested,no,demand,complaints,emergency,shortage,low,war
crude,empty,recession,sc,fears,shit,anxiety,killed,stop,warning,drop,fight,crisis,panic,collapse,risk,fraud,arrested,no,demand,complaints,emergency,shortage,low,war
crude,empty,recession,sc,fears,shit,anxiety,killed,stop,warning,drop,fight,crisis,panic,collapse,risk,fraud,arrested,no,demand,complaints,emergency,shortage,low,war
crude,empty,recession,sc,fears,shit,anxiety,killed,stop,warning,drop,fight,crisis,panic,collapse,risk,fraud,arrested,no,demand,complaints,emergency,shortage,low,war
crude,empty,recession,sc,fears,shit,anxiety,killed,stop,warning,drop,fight,crisis,panic,collapse,risk,fraud,arrested,no,demand,complaints,emergency,shortage,low,war
crude,empty,recession,sc,fears,shit,anxiety,killed,stop,warning,drop,fight,crisis,panic,collapse,risk,fraud,arrested,no,demand,complaints,emergency,shortage,low,war
crude,empty,recession,sc,fears,shit,anxiety,killed,stop,warning,drop,fight,crisis,panic,collapse,risk,fraud,arrested,no,demand,complaints,emergency,shortage,low,war
crude,empty,recession,sc,fears,shit,anxiety,killed,stop,warning,drop,fight,crisis,panic,collapse,risk,fraud,arrested,no,demand,complaints,emergency,shortage,low,war
crude,empty,recession,sc,fears,shit,anxiety,killed,stop,warning,drop,fight,crisis,panic,collapse,risk,fraud,no,demand,complaints,emergency,shortage,low,war,forced
crude,empty,recession,sc,fears,shit,anxiety,killed,stop,warning,drop,fight,crisis,panic,collapse,risk,fraud,no,demand,complaints,emergency,shortage,low,war,forced
crude,empty,recession,sc,fears,shit,anxiety,killed,stop,warning,drop,fight,crisis,panic,collapse,risk,fraud,no,demand,complaints,emergency,shortage,low,war,forced
crude,empty,recession,sc,fears,shit,anxiety,killed,stop,warning,drop,fight,crisis,panic,collapse,risk,fraud,no,demand,complaints,emergency,shortage,low,war,forced
crude,empty,recession,sc,fears,shit,anxiety,killed,stop,warning,drop,fight,crisis,panic,collapse,risk,fraud,no,demand,complaints,emergency,shortage,low,war,forced
crude,empty,sc,fears,shit,anxiety,killed,pressure,stop,warning,drop,fight,crisis,panic,collapse,risk,fraud,no,demand,complaints,emergency,shortage,low,war,forced
crude,empty,sc,fears,shit,anxiety,killed,pressure,stop,warning,drop,fight,crisis,panic,collapse,risk,fraud,no,demand,complaints,emergency,shortage,low,war,forced
crude,empty,sc,fears,shit,anxiety,killed,pressure,stop,warning,drop,fight,crisis,panic,collapse,risk,fraud,no,demand,complaints,emergency,shortage,low,war,forced
crude,empty,sc,fears,shit,anxiety,killed,pressure,stop,warning,drop,fight,crisis,panic,collapse,risk,fraud,no,demand,complaints,emergency,shortage,low,war,forced
crude,empty,sc,fears,shit,anxiety,killed,pressure,stop,warning,drop,fight,crisis,panic,collapse,risk,fraud,no,demand,complaints,emergency,shortage,low,war,forced
fake,crude,empty,sc,fears,shit,anxiety,killed,stop,warning,drop,fight,crisis,panic,collapse,risk,fraud,no,demand,complaints,emergency,shortage,low,war,forced
fake,crude,empty,sc,fears,shit,anxiety,killed,stop,warning,drop,fight,crisis,panic,collapse,risk,fraud,no,demand,complaints,emergency,shortage,low,war,forced
fake,crude,empty,sc,fears,shit,anxiety,killed,stop,warning,drop,fight,crisis,panic,collapse,risk,fraud,no,demand,complaints,emergency,shortage,low,war,forced
fake,crude,empty,sc,fears,shit,anxiety,killed,stop,warning,drop,fight,crisis,panic,collapse,risk,fraud,no,demand,complaints,emergency,shortage,low,war,forced
fake,crude,empty,sc,fears,shit,anxiety,killed,stop,warning,drop,fight,crisis,panic,collapse,risk,fraud,no,demand,complaints,emergency,shortage,low,war,forced
fake,crude,empty,sc,fears,shit,anxiety,killed,stop,warning,drop,fight,crisis,panic,collapse,risk,fraud,no,demand,complaints,emergency,shortage,low,war,forced
fake,crude,empty,sc,fears,shit,anxiety,killed,stop,warning,drop,fight,crisis,panic,collapse,risk,fraud,no,demand,complaints,emergency,shortage,low,war,forced
fake,crude,empty,sc,fears,shit,anxiety,killed,stop,warning,drop,fight,crisis,panic,collapse,risk,fraud,no,demand,complaints,emergency,shortage,low,war,forced
fake,crude,empty,sc,fears,shit,anxiety,killed,stop,warning,drop,fight,crisis,panic,collapse,risk,fraud,no,demand,complaints,emergency,shortage,low,war,forced
fake,crude,empty,sc,fears,shit,anxiety,killed,stop,warning,drop,fight,crisis,panic,collapse,risk,fraud,no,demand,complaints,emergency,shortage,low,war,forced
fake,crude,empty,sc,fears,shit,anxiety,killed,stop,warning,drop,fight,crisis,panic,collapse,risk,fraud,no,demand,complaints,emergency,shortage,low,war,forced
fake,crude,empty,sc,fears,shit,anxiety,killed,stop,warning,drop,fight,crisis,panic,collapse,risk,fraud,no,demand,complaints,emergency,shortage,low,war,forced
fake,crude,empty,sc,fears,shit,anxiety,killed,stop,warning,drop,fight,crisis,panic,collapse,risk,fraud,no,demand,complaints,emergency,shortage,low,war,forced
fake,crude,empty,sc,fears,shit,anxiety,killed,stop,warning,drop,fight,crisis,panic,collapse,risk,fraud,no,demand,complaints,emergency,shortage,low,war,forced
fake,crude,empty,sc,fears,shit,anxiety,killed,stop,warning,drop,fight,crisis,panic,collapse,risk,fraud,no,demand,complaints,emergency,shortage,low,war,forced
fake,crude,empty,sc,fears,shit,anxiety,killed,stop,warning,drop,fight,crisis,panic,collapse,risk,fraud,no,demand,complaints,emergency,shortage,low,war,forced
fake,crude,empty,sc,fears,shit,anxiety,killed,stop,warning,drop,fight,crisis,panic,collapse,risk,fraud,no,demand,complaints,emergency,shortage,low,war,forced
fake,crude,empty,sc,fears,shit,anxiety,killed,stop,warning,drop,fight,crisis,panic,collapse,risk,fraud,no,demand,complaints,emergency,shortage,low,war,forced
fake,crude,empty,sc,fears,shit,anxiety,killed,stop,warning,drop,fight,crisis,panic,collapse,risk,fraud,no,demand,complaints,emergency,shortage,low,war,forced
fake,crude,empty,sc,fears,shit,anxiety,killed,stop,warning,drop,fight,crisis,panic,collapse,risk,fraud,no,demand,complaints,emergency,shortage,low,war,forced
fake,crude,empty,sc,fears,shit,anxiety,killed,stop,warning,drop,fight,crisis,panic,collapse,risk,fraud,no,demand,complaints,emergency,shortage,low,war,forced
fake,crude,empty,sc,fears,shit,anxiety,killed,stop,warning,drop,fight,crisis,panic,collapse,risk,fraud,no,demand,complaints,emergency,shortage,low,war,forced
fake,crude,empty,sc,fears,shit,anxiety,killed,stop,warning,drop,fight,crisis,panic,collapse,risk,fraud,no,demand,complaints,emergency,shortage,low,war,forced
fake,crude,empty,sc,fears,shit,anxiety,killed,stop,warning,drop,fight,crisis,panic,collapse,risk,fraud,no,demand,complaints,emergency,shortage,low,war,forced
fake,crude,empty,sc,fears,shit,anxiety,killed,stop,warning,drop,fight,crisis,panic,collapse,risk,fraud,no,demand,complaints,emergency,shortage,low,war,forced
fake,crude,empty,sc,fears,shit,anxiety,killed,stop,warning,drop,fight,crisis,panic,collapse,risk,fraud,no,demand,complaints,emergency,shortage,low,war,forced
fake,crude,empty,sc,fears,shit,anxiety,killed,stop,warning,drop,fight,crisis,panic,collapse,risk,fraud,no,demand,complaints,emergency,shortage,low,war,forced
fake,crude,empty,sc,fears,shit,anxiety,killed,stop,warning,drop,fight,crisis,panic,collapse,risk,fraud,no,demand,complaints,emergency,shortage,low,war,forced
fake,crude,empty,sc,fears,shit,anxiety,killed,stop,warning,drop,fight,crisis,panic,collapse,risk,fraud,no,demand,complaints,emergency,shortage,low,war,forced
fake,crude,empty,sc,fears,shit,anxiety,killed,stop,warning,drop,fight,crisis,panic,collapse,risk,fraud,no,demand,complaints,emergency,shortage,low,war,forced
fake,crude,empty,sc,fears,shit,anxiety,killed,stop,warning,drop,fight,crisis,panic,collapse,risk,fraud,no,demand,complaints,emergency,shortage,low,war,forced
fake,crude,empty,sc,fears,shit,anxiety,killed,stop,warning,drop,fight,crisis,panic,collapse,risk,fraud,no,demand,complaints,emergency,shortage,low,war,forced
fake,crude,empty,sc,fears,shit,anxiety,killed,stop,warning,drop,fight,crisis,panic,collapse,risk,fraud,no,demand,complaints,emergency,shortage,low,war,forced
fake,crude,empty,sc,fears,shit,anxiety,killed,stop,warning,drop,fight,crisis,panic,collapse,risk,fraud,no,demand,complaints,emergency,shortage,low,war,forced
fake,crude,empty,sc,fears,shit,anxiety,killed,stop,warning,drop,fight,crisis,panic,collapse,risk,fraud,no,demand,complaints,emergency,shortage,low,war,forced
fake,crude,empty,sc,fears,shit,anxiety,killed,stop,warning,drop,fight,crisis,panic,collapse,risk,fraud,no,demand,complaints,emergency,shortage,low,war,forced
fake,crude,empty,sc,fears,shit,anxiety,killed,stop,warning,drop,fight,crisis,panic,collapse,risk,fraud,no,demand,complaints,emergency,shortage,low,war,forced
fake,crude,empty,sc,fears,shit,anxiety,killed,stop,warning,drop,fight,crisis,panic,collapse,risk,fraud,no,demand,complaints,emergency,shortage,low,war,forced
fake,crude,empty,sc,fears,shit,anxiety,killed,stop,warning,drop,fight,crisis,panic,collapse,risk,fraud,no,demand,complaints,emergency,shortage,low,war,forced
fake,crude,empty,sc,fears,shit,anxiety,killed,stop,warning,drop,fight,crisis,panic,collapse,risk,fraud,no,demand,complaints,emergency,shortage,low,war,forced
fake,crude,empty,sc,fears,shit,anxiety,killed,stop,warning,drop,fight,crisis,panic,collapse,risk,fraud,no,demand,complaints,emergency,shortage,low,war,forced
fake,crude,empty,sc,fears,shit,anxiety,killed,stop,warning,drop,fight,crisis,panic,collapse,risk,fraud,no,demand,complaints,emergency,shortage,low,war,forced
fake,crude,empty,sc,fears,shit,anxiety,killed,stop,warning,drop,fight,crisis,panic,collapse,risk,fraud,no,demand,complaints,emergency,shortage,low,war,forced
fake,crude,empty,sc,fears,shit,anxiety,killed,stop,warning,drop,fight,crisis,panic,collapse,risk,fraud,no,demand,complaints,emergency,shortage,low,war,forced
fake,crude,empty,sc,fears,shit,anxiety,killed,stop,warning,drop,fight,crisis,panic,collapse,risk,fraud,no,demand,complaints,emergency,shortage,low,war,forced
fake,crude,empty,sc,fears,shit,anxiety,killed,stop,warning,drop,fight,crisis,panic,collapse,risk,fraud,no,demand,complaints,emergency,shortage,low,war,forced
fake,crude,empty,sc,fears,shit,anxiety,killed,stop,warning,drop,fight,crisis,panic,collapse,risk,fraud,no,demand,complaints,emergency,shortage,low,war,forced
fake,crude,empty,sc,fears,shit,anxiety,killed,stop,warning,drop,fight,crisis,panic,collapse,risk,fraud,no,demand,complaints,emergency,shortage,low,war,forced
fake,crude,empty,sc,fears,shit,anxiety,killed,stop,warning,drop,fight,crisis,panic,collapse,risk,fraud,no,demand,complaints,emergency,shortage,low,war,forced
fake,crude,empty,sc,fears,shit,anxiety,killed,stop,warning,drop,fight,crisis,panic,collapse,risk,fraud,no,demand,complaints,emergency,shortage,low,war,forced
fake,crude,empty,sc,fears,shit,anxiety,killed,stop,warning,drop,fight,crisis,panic,collapse,risk,fraud,no,demand,complaints,emergency,shortage,low,war,forced
fake,crude,empty,sc,fears,shit,anxiety,killed,stop,warning,drop,fight,crisis,panic,collapse,risk,fraud,no,demand,complaints,emergency,shortage,low,war,forced
fake,crude,empty,sc,fears,shit,anxiety,killed,stop,warning,drop,fight,crisis,panic,collapse,risk,fraud,no,demand,complaints,emergency,shortage,low,war,forced
fake,crude,empty,sc,fears,shit,anxiety,killed,stop,warning,drop,fight,crisis,panic,collapse,risk,fraud,no,demand,complaints,emergency,shortage,low,war,forced
fake,crude,empty,sc,fears,shit,anxiety,killed,stop,warning,drop,fight,crisis,panic,collapse,risk,fraud,no,demand,complaints,emergency,shortage,low,war,forced
fake,crude,empty,sc,fears,shit,anxiety,killed,stop,warning,drop,fight,crisis,panic,collapse,risk,fraud,no,demand,complaints,emergency,shortage,low,war,forced
fake,crude,empty,sc,fears,shit,anxiety,killed,stop,warning,drop,fight,crisis,panic,collapse,risk,fraud,no,demand,complaints,emergency,shortage,low,war,forced
fake,crude,empty,sc,fears,shit,anxiety,killed,stop,warning,drop,fight,crisis,panic,collapse,risk,fraud,no,demand,complaints,emergency,shortage,low,war,forced
fake,crude,empty,sc,fears,shit,anxiety,killed,stop,warning,drop,fight,crisis,panic,collapse,risk,fraud,no,demand,complaints,emergency,shortage,low,war,forced
fake,crude,empty,sc,fears,shit,anxiety,killed,stop,warning,drop,fight,crisis,panic,collapse,risk,fraud,no,demand,complaints,emergency,shortage,low,war,forced
fake,crude,empty,sc,fears,shit,anxiety,killed,stop,warning,drop,fight,crisis,panic,collapse,risk,fraud,no,demand,complaints,emergency,shortage,low,war,forced
fake,crude,empty,sc,fears,shit,anxiety,killed,stop,warning,drop,fight,crisis,panic,collapse,risk,fraud,no,demand,complaints,emergency,shortage,low,war,forced
fake,crude,empty,sc,fears,shit,anxiety,killed,stop,warning,drop,fight,crisis,panic,collapse,risk,fraud,no,demand,complaints,emergency,shortage,low,war,forced
fake,crude,empty,sc,fears,shit,anxiety,killed,stop,warning,drop,fight,crisis,panic,collapse,risk,fraud,no,demand,complaints,emergency,shortage,low,war,forced
fake,crude,empty,sc,fears,shit,anxiety,killed,stop,warning,drop,fight,crisis,panic,collapse,risk,fraud,no,demand,complaints,emergency,shortage,low,war,forced
fake,crude,empty,sc,fears,shit,anxiety,killed,stop,warning,drop,fight,crisis,panic,collapse,risk,fraud,no,demand,complaints,emergency,shortage,low,war,forced
fake,crude,empty,sc,fears,shit,anxiety,killed,stop,warning,drop,fight,crisis,panic,collapse,risk,fraud,no,demand,complaints,emergency,shortage,low,war,forced
fake,crude,empty,sc,fears,shit,anxiety,killed,stop,warning,drop,fight,crisis,panic,collapse,risk,fraud,no,demand,complaints,emergency,shortage,low,war,forced
fake,crude,empty,sc,fears,shit,anxiety,killed,stop,warning,drop,fight,crisis,panic,collapse,risk,fraud,no,demand,complaints,emergency,shortage,low,war,forced
fake,crude,empty,sc,fears,shit,anxiety,killed,stop,warning,drop,fight,crisis,panic,collapse,risk,fraud,no,demand,complaints,emergency,shortage,low,war,forced
fake,crude,empty,sc,fears,shit,anxiety,killed,stop,warning,drop,fight,crisis,panic,collapse,risk,fraud,no,demand,complaints,emergency,shortage,low,war,forced
fake,crude,empty,sc,fears,shit,anxiety,killed,stop,warning,drop,fight,crisis,panic,collapse,risk,fraud,no,demand,complaints,emergency,shortage,low,war,forced
fake,crude,empty,sc,fears,shit,anxiety,killed,stop,warning,drop,fight,crisis,panic,collapse,risk,fraud,no,demand,complaints,emergency,shortage,low,war,forced
fake,crude,empty,sc,fears,shit,anxiety,killed,stop,warning,drop,fight,crisis,panic,collapse,risk,fraud,no,demand,complaints,emergency,shortage,low,war,forced
fake,crude,empty,sc,fears,shit,anxiety,killed,stop,warning,drop,fight,crisis,panic,collapse,risk,fraud,no,demand,complaints,emergency,shortage,low,war,forced
fake,crude,empty,sc,fears,shit,anxiety,killed,stop,warning,drop,fight,crisis,panic,collapse,risk,fraud,no,demand,complaints,emergency,shortage,low,war,forced
fake,crude,empty,sc,fears,shit,anxiety,killed,stop,warning,drop,fight,crisis,panic,collapse,risk,fraud,no,demand,complaints,emergency,shortage,low,war,forced
fake,crude,empty,sc,fears,shit,anxiety,killed,stop,warning,drop,fight,crisis,panic,collapse,risk,fraud,no,demand,complaints,emergency,shortage,low,war,forced
fake,crude,empty,sc,fears,shit,anxiety,killed,stop,warning,drop,fight,crisis,panic,collapse,risk,fraud,no,demand,complaints,emergency,shortage,low,war,forced
fake,crude,empty,sc,fears,shit,anxiety,killed,stop,warning,drop,fight,crisis,panic,collapse,risk,fraud,no,demand,complaints,emergency,shortage,low,war,forced
fake,crude,empty,sc,fears,shit,anxiety,killed,stop,warning,drop,fight,crisis,panic,collapse,risk,fraud,no,demand,complaints,emergency,shortage,low,war,forced
fake,crude,empty,sc,fears,shit,anxiety,killed,stop,warning,drop,fight,crisis,panic,collapse,risk,fraud,no,demand,complaints,emergency,shortage,low,war,forced
fake,crude,empty,sc,fears,shit,anxiety,killed,stop,warning,drop,fight,crisis,panic,collapse,risk,fraud,no,demand,complaints,emergency,shortage,low,war,forced
fake,crude,empty,sc,fears,shit,anxiety,killed,stop,warning,drop,fight,crisis,panic,collapse,risk,fraud,no,demand,complaints,emergency,shortage,low,war,forced
fake,crude,empty,sc,fears,shit,anxiety,killed,stop,warning,drop,fight,crisis,panic,collapse,risk,fraud,no,demand,complaints,emergency,shortage,low,war,forced
fake,crude,empty,sc,fears,shit,anxiety,killed,stop,warning,drop,fight,crisis,panic,collapse,risk,fraud,no,demand,complaints,emergency,shortage,low,war,forced
fake,crude,empty,sc,fears,shit,anxiety,killed,stop,warning,drop,fight,crisis,panic,collapse,risk,fraud,no,demand,complaints,emergency,shortage,low,war,forced
fake,crude,empty,sc,fears,shit,anxiety,killed,stop,warning,drop,fight,crisis,panic,collapse,risk,fraud,no,demand,complaints,emergency,shortage,low,war,forced
fake,crude,empty,sc,fears,shit,anxiety,killed,stop,warning,drop,fight,crisis,panic,collapse,risk,fraud,no,demand,complaints,emergency,shortage,low,war,forced
fake,crude,empty,sc,fears,shit,anxiety,killed,stop,warning,drop,fight,crisis,panic,collapse,risk,fraud,no,demand,complaints,emergency,shortage,low,war,forced
fake,crude,empty,sc,fears,shit,anxiety,killed,stop,warning,drop,fight,crisis,panic,collapse,risk,fraud,no,demand,complaints,emergency,shortage,low,war,forced
fake,crude,empty,sc,fears,shit,anxiety,killed,stop,warning,drop,fight,crisis,panic,collapse,risk,fraud,no,demand,complaints,emergency,shortage,low,war,forced
fake,crude,empty,sc,fears,shit,anxiety,killed,stop,warning,drop,fight,crisis,panic,collapse,risk,fraud,no,demand,complaints,emergency,shortage,low,war,forced
fake,crude,empty,sc,fears,shit,anxiety,killed,stop,warning,drop,fight,crisis,panic,collapse,risk,fraud,no,demand,complaints,emergency,shortage,low,war,forced
fake,crude,empty,sc,fears,shit,anxiety,killed,stop,warning,drop,fight,crisis,panic,collapse,risk,fraud,no,demand,complaints,emergency,shortage,low,war,forced
fake,crude,empty,sc,fears,shit,anxiety,killed,stop,warning,drop,fight,crisis,panic,collapse,risk,fraud,no,demand,complaints,emergency,shortage,low,war,forced
fake,crude,empty,sc,fears,shit,anxiety,killed,stop,warning,drop,fight,crisis,panic,collapse,risk,fraud,no,demand,complaints,emergency,shortage,low,war,forced
fake,crude,empty,sc,fears,shit,anxiety,killed,stop,warning,drop,fight,crisis,panic,collapse,risk,fraud,no,demand,complaints,emergency,shortage,low,war,forced
fake,crude,empty,sc,fears,shit,anxiety,killed,stop,warning,drop,fight,crisis,panic,collapse,risk,fraud,no,demand,complaints,emergency,shortage,low,war,forced
fake,crude,empty,sc,fears,shit,anxiety,killed,stop,warning,drop,fight,crisis,panic,collapse,risk,fraud,no,demand,complaints,emergency,shortage,low,war,forced
fake,crude,empty,sc,fears,shit,anxiety,killed,stop,warning,drop,fight,crisis,panic,collapse,risk,fraud,no,demand,complaints,emergency,shortage,low,war,forced
fake,crude,empty,sc,fears,shit,anxiety,killed,stop,warning,drop,fight,crisis,panic,collapse,risk,fraud,no,demand,complaints,emergency,shortage,low,war,forced
fake,crude,empty,sc,fears,shit,anxiety,killed,stop,warning,drop,fight,crisis,panic,collapse,risk,fraud,no,demand,complaints,emergency,shortage,low,war,forced
fake,crude,empty,sc,fears,shit,anxiety,killed,stop,warning,drop,fight,crisis,panic,collapse,risk,fraud,no,demand,complaints,emergency,shortage,low,war,forced
fake,crude,empty,sc,fears,shit,anxiety,killed,stop,warning,drop,fight,crisis,panic,collapse,risk,fraud,no,demand,complaints,emergency,shortage,low,war,forced
fake,crude,empty,sc,fears,shit,anxiety,killed,stop,warning,drop,fight,crisis,panic,collapse,risk,fraud,no,demand,complaints,emergency,shortage,low,war,forced
fake,crude,empty,sc,fears,shit,anxiety,killed,stop,warning,drop,fight,crisis,panic,collapse,risk,fraud,no,demand,complaints,emergency,shortage,low,war,forced
fake,crude,empty,sc,fears,shit,anxiety,killed,stop,warning,drop,fight,crisis,panic,collapse,risk,fraud,no,demand,complaints,emergency,shortage,low,war,forced
fake,crude,empty,sc,fears,shit,anxiety,killed,stop,warning,drop,fight,crisis,panic,collapse,risk,fraud,no,demand,complaints,emergency,shortage,low,war,forced
fake,crude,empty,sc,fears,shit,anxiety,killed,stop,warning,drop,fight,crisis,panic,collapse,risk,fraud,no,demand,complaints,emergency,shortage,low,war,forced
fake,crude,empty,sc,fears,shit,anxiety,killed,stop,warning,drop,fight,crisis,panic,collapse,risk,fraud,no,demand,complaints,emergency,shortage,low,war,forced
fake,crude,empty,sc,fears,shit,anxiety,killed,stop,warning,drop,fight,crisis,panic,collapse,risk,fraud,no,demand,complaints,emergency,shortage,low,war,forced
fake,crude,empty,sc,fears,shit,anxiety,killed,stop,warning,drop,fight,crisis,panic,collapse,risk,fraud,no,demand,complaints,emergency,shortage,low,war,forced
fake,crude,empty,sc,fears,shit,anxiety,killed,stop,warning,drop,fight,crisis,panic,collapse,risk,fraud,no,demand,complaints,emergency,shortage,low,war,forced
fake,crude,empty,sc,fears,shit,anxiety,killed,stop,warning,drop,fight,crisis,panic,collapse,risk,fraud,no,demand,complaints,emergency,shortage,low,war,forced
fake,crude,empty,sc,fears,shit,anxiety,killed,stop,warning,drop,fight,crisis,panic,collapse,risk,fraud,no,demand,complaints,emergency,shortage,low,war,forced
fake,crude,empty,sc,fears,shit,anxiety,killed,stop,warning,drop,fight,crisis,panic,collapse,risk,fraud,no,demand,complaints,emergency,shortage,low,war,forced
fake,crude,empty,sc,fears,shit,anxiety,killed,stop,warning,drop,fight,crisis,panic,collapse,risk,fraud,no,demand,complaints,emergency,shortage,low,war,forced
fake,crude,empty,sc,fears,shit,anxiety,killed,stop,warning,drop,fight,crisis,panic,collapse,risk,fraud,no,demand,complaints,emergency,shortage,low,war,forced
fake,crude,empty,sc,fears,shit,anxiety,killed,stop,warning,drop,fight,crisis,panic,collapse,risk,fraud,no,demand,complaints,emergency,shortage,low,war,forced
fake,crude,empty,sc,fears,shit,anxiety,killed,stop,warning,drop,fight,crisis,panic,collapse,risk,fraud,no,demand,complaints,emergency,shortage,low,war,forced
fake,crude,empty,sc,fears,shit,anxiety,killed,stop,warning,drop,fight,crisis,panic,collapse,risk,fraud,no,demand,complaints,emergency,shortage,low,war,forced
fake,crude,empty,sc,fears,shit,anxiety,killed,stop,warning,drop,fight,crisis,panic,collapse,risk,fraud,no,demand,complaints,emergency,shortage,low,war,forced
fake,crude,empty,sc,fears,shit,anxiety,killed,stop,warning,drop,fight,crisis,panic,collapse,risk,fraud,no,demand,complaints,emergency,shortage,low,war,forced
fake,crude,empty,sc,fears,shit,anxiety,killed,stop,warning,drop,fight,crisis,panic,collapse,risk,fraud,no,demand,complaints,emergency,shortage,low,war,forced
fake,crude,empty,sc,fears,shit,anxiety,killed,stop,warning,drop,fight,crisis,panic,collapse,risk,fraud,no,demand,complaints,emergency,shortage,low,war,forced
fake,crude,empty,sc,fears,shit,anxiety,killed,stop,warning,drop,fight,crisis,panic,collapse,risk,fraud,no,demand,complaints,emergency,shortage,low,war,forced
fake,crude,empty,sc,fears,shit,anxiety,killed,stop,warning,drop,fight,crisis,panic,collapse,risk,fraud,no,demand,complaints,emergency,shortage,low,war,forced
fake,crude,empty,sc,fears,shit,anxiety,killed,stop,warning,drop,fight,crisis,panic,collapse,risk,fraud,no,demand,complaints,emergency,shortage,low,war,forced
fake,crude,empty,sc,fears,shit,anxiety,killed,stop,warning,drop,fight,crisis,panic,collapse,risk,fraud,no,demand,complaints,emergency,shortage,low,war,forced
fake,crude,empty,sc,fears,shit,anxiety,killed,stop,warning,drop,fight,crisis,panic,collapse,risk,fraud,no,demand,complaints,emergency,shortage,low,war,forced
fake,crude,empty,sc,fears,shit,anxiety,killed,stop,warning,drop,fight,crisis,panic,collapse,risk,fraud,no,demand,complaints,emergency,shortage,low,war,forced
fake,crude,empty,sc,fears,shit,anxiety,killed,stop,warning,drop,fight,crisis,panic,collapse,risk,fraud,no,demand,complaints,emergency,shortage,low,war,forced
fake,crude,empty,sc,fears,shit,anxiety,killed,stop,warning,drop,fight,crisis,panic,collapse,risk,fraud,no,demand,complaints,emergency,shortage,low,war,forced
fake,crude,empty,sc,fears,shit,anxiety,killed,stop,warning,drop,fight,crisis,panic,collapse,risk,fraud,no,demand,complaints,emergency,shortage,low,war,forced
fake,crude,empty,sc,fears,shit,anxiety,killed,stop,warning,drop,fight,crisis,panic,collapse,risk,fraud,no,demand,complaints,emergency,shortage,low,war,forced
fake,crude,empty,sc,fears,shit,anxiety,killed,stop,warning,drop,fight,crisis,panic,collapse,risk,fraud,no,demand,complaints,emergency,shortage,low,war,forced
fake,crude,empty,sc,fears,shit,anxiety,killed,stop,warning,drop,fight,crisis,panic,collapse,risk,fraud,no,demand,complaints,emergency,shortage,low,war,forced
fake,crude,empty,sc,fears,shit,anxiety,killed,stop,warning,drop,fight,crisis,panic,collapse,risk,fraud,no,demand,complaints,emergency,shortage,low,war,forced
fake,crude,empty,sc,fears,shit,anxiety,killed,stop,warning,drop,fight,crisis,panic,collapse,risk,fraud,no,demand,complaints,emergency,shortage,low,war,forced
fake,crude,empty,sc,fears,shit,anxiety,killed,stop,warning,drop,fight,crisis,panic,collapse,risk,fraud,no,demand,complaints,emergency,shortage,low,war,forced
fake,crude,empty,sc,fears,shit,anxiety,killed,stop,warning,drop,fight,crisis,panic,collapse,risk,fraud,no,demand,complaints,emergency,shortage,low,war,forced
fake,crude,empty,sc,fears,shit,anxiety,killed,stop,warning,drop,fight,crisis,panic,collapse,risk,fraud,no,demand,complaints,emergency,shortage,low,war,forced
fake,crude,empty,sc,fears,shit,anxiety,killed,stop,warning,drop,fight,crisis,panic,collapse,risk,fraud,no,demand,complaints,emergency,shortage,low,war,forced
fake,crude,empty,sc,fears,shit,anxiety,killed,stop,warning,drop,fight,crisis,panic,collapse,risk,fraud,no,demand,complaints,emergency,shortage,low,war,forced
fake,crude,empty,sc,fears,shit,anxiety,killed,stop,warning,drop,fight,crisis,panic,collapse,risk,fraud,no,demand,complaints,emergency,shortage,low,war,forced
fake,crude,empty,sc,fears,shit,anxiety,killed,stop,warning,drop,fight,crisis,panic,collapse,risk,fraud,no,demand,complaints,emergency,shortage,low,war,forced
fake,crude,empty,sc,fears,shit,anxiety,killed,stop,warning,drop,fight,crisis,panic,collapse,risk,fraud,no,demand,complaints,emergency,shortage,low,war,forced
fake,crude,empty,sc,fears,shit,anxiety,killed,stop,warning,drop,fight,crisis,panic,collapse,risk,fraud,no,demand,complaints,emergency,shortage,low,war,forced
fake,crude,empty,sc,fears,shit,anxiety,killed,stop,warning,drop,fight,crisis,panic,collapse,risk,fraud,no,demand,complaints,emergency,shortage,low,war,forced
fake,crude,empty,sc,fears,shit,anxiety,killed,stop,warning,drop,fight,crisis,panic,collapse,risk,fraud,no,demand,complaints,emergency,shortage,low,war,forced
fake,crude,empty,sc,fears,shit,anxiety,killed,stop,warning,drop,fight,crisis,panic,collapse,risk,fraud,no,demand,complaints,emergency,shortage,low,war,forced
fake,crude,empty,sc,fears,shit,anxiety,killed,stop,warning,drop,fight,crisis,panic,collapse,risk,fraud,no,demand,complaints,emergency,shortage,low,war,forced
fake,crude,empty,sc,fears,shit,anxiety,killed,stop,warning,drop,fight,crisis,panic,collapse,risk,fraud,no,demand,complaints,emergency,shortage,low,war,forced
fake,crude,empty,sc,fears,shit,anxiety,killed,stop,warning,drop,fight,crisis,panic,collapse,risk,fraud,no,demand,complaints,emergency,shortage,low,war,forced
fake,crude,empty,sc,fears,shit,anxiety,killed,stop,warning,drop,fight,crisis,panic,collapse,risk,fraud,no,demand,complaints,emergency,shortage,low,war,forced
fake,crude,empty,sc,fears,shit,anxiety,killed,stop,warning,drop,fight,crisis,panic,collapse,risk,fraud,no,demand,complaints,emergency,shortage,low,war,forced
fake,crude,empty,sc,fears,shit,anxiety,killed,stop,warning,drop,fight,crisis,panic,collapse,risk,fraud,no,demand,complaints,emergency,shortage,low,war,forced
fake,crude,empty,sc,fears,shit,anxiety,killed,stop,warning,drop,fight,crisis,panic,collapse,risk,fraud,no,demand,complaints,emergency,shortage,low,war,forced
fake,crude,empty,sc,fears,shit,anxiety,killed,stop,warning,drop,fight,crisis,panic,collapse,risk,fraud,no,demand,complaints,emergency,shortage,low,war,forced
fake,crude,empty,sc,fears,shit,anxiety,killed,stop,warning,drop,fight,crisis,panic,collapse,risk,fraud,no,demand,complaints,emergency,shortage,low,war,forced
fake,crude,empty,sc,fears,shit,anxiety,killed,stop,warning,drop,fight,crisis,panic,collapse,risk,fraud,no,demand,complaints,emergency,shortage,low,war,forced
fake,crude,empty,sc,fears,shit,anxiety,killed,stop,warning,drop,fight,crisis,panic,collapse,risk,fraud,no,demand,complaints,emergency,shortage,low,war,forced
fake,crude,empty,sc,fears,shit,anxiety,killed,stop,warning,drop,fight,crisis,panic,collapse,risk,fraud,no,demand,complaints,emergency,shortage,low,war,forced
fake,crude,empty,sc,fears,shit,anxiety,killed,stop,warning,drop,fight,crisis,panic,collapse,risk,fraud,no,demand,complaints,emergency,shortage,low,war,forced
fake,crude,empty,sc,fears,shit,anxiety,killed,stop,warning,drop,fight,crisis,panic,collapse,risk,fraud,no,demand,complaints,emergency,shortage,low,war,forced
fake,crude,empty,sc,fears,shit,anxiety,killed,stop,warning,drop,fight,crisis,panic,collapse,risk,fraud,no,demand,complaints,emergency,shortage,low,war,forced
fake,crude,empty,sc,fears,shit,anxiety,killed,stop,warning,drop,fight,crisis,panic,collapse,risk,fraud,no,demand,complaints,emergency,shortage,low,war,forced
fake,crude,empty,sc,fears,shit,anxiety,killed,stop,warning,drop,fight,crisis,panic,collapse,risk,fraud,no,demand,complaints,emergency,shortage,low,war,forced
fake,crude,empty,sc,fears,shit,anxiety,killed,stop,warning,drop,fight,crisis,panic,collapse,risk,fraud,no,demand,complaints,emergency,shortage,low,war,forced
fake,crude,empty,sc,fears,shit,anxiety,killed,stop,warning,drop,fight,crisis,panic,collapse,risk,fraud,no,demand,complaints,emergency,shortage,low,war,forced
fake,crude,empty,sc,fears,shit,anxiety,killed,stop,warning,drop,fight,crisis,panic,collapse,risk,fraud,no,demand,complaints,emergency,shortage,low,war,forced
fake,crude,empty,sc,fears,shit,anxiety,killed,stop,warning,drop,fight,crisis,panic,collapse,risk,fraud,no,demand,complaints,emergency,shortage,low,war,forced
fake,crude,empty,sc,fears,shit,anxiety,killed,stop,warning,drop,fight,crisis,panic,collapse,risk,fraud,no,demand,complaints,emergency,shortage,low,war,forced
fake,crude,empty,sc,fears,shit,anxiety,killed,stop,warning,drop,fight,crisis,panic,collapse,risk,fraud,no,demand,complaints,emergency,shortage,low,war,forced
fake,crude,empty,sc,fears,shit,anxiety,killed,stop,warning,drop,fight,crisis,panic,collapse,risk,fraud,no,demand,complaints,emergency,shortage,low,war,forced
fake,crude,empty,sc,fears,shit,anxiety,killed,stop,warning,drop,fight,crisis,panic,collapse,risk,fraud,no,demand,complaints,emergency,shortage,low,war,forced
fake,crude,empty,sc,fears,shit,anxiety,killed,stop,warning,drop,fight,crisis,panic,collapse,risk,fraud,no,demand,complaints,emergency,shortage,low,war,forced
fake,crude,empty,sc,fears,shit,anxiety,killed,stop,warning,drop,fight,crisis,panic,collapse,risk,fraud,no,demand,complaints,emergency,shortage,low,war,forced
fake,crude,empty,sc,fears,shit,anxiety,killed,stop,warning,drop,fight,crisis,panic,collapse,risk,fraud,no,demand,complaints,emergency,shortage,low,war,forced
fake,crude,empty,sc,fears,shit,anxiety,killed,stop,warning,drop,fight,crisis,panic,collapse,risk,fraud,no,demand,complaints,emergency,shortage,low,war,forced
fake,crude,empty,sc,fears,shit,anxiety,killed,stop,warning,drop,fight,crisis,panic,collapse,risk,fraud,no,demand,complaints,emergency,shortage,low,war,forced
fake,crude,empty,sc,fears,shit,anxiety,killed,stop,warning,drop,fight,crisis,panic,collapse,risk,fraud,no,demand,complaints,emergency,shortage,low,war,forced
fake,crude,empty,sc,fears,shit,anxiety,killed,stop,warning,drop,fight,crisis,panic,collapse,risk,fraud,no,demand,complaints,emergency,shortage,low,war,forced
fake,crude,empty,sc,fears,shit,anxiety,killed,stop,warning,drop,fight,crisis,panic,collapse,risk,fraud,no,demand,complaints,emergency,shortage,low,war,forced
fake,crude,empty,sc,fears,shit,anxiety,killed,stop,warning,drop,fight,crisis,panic,collapse,risk,fraud,no,demand,complaints,emergency,shortage,low,war,forced
fake,crude,empty,sc,fears,shit,anxiety,killed,stop,warning,drop,fight,crisis,panic,collapse,risk,fraud,no,demand,complaints,emergency,shortage,low,war,forced
fake,crude,empty,sc,fears,shit,anxiety,killed,stop,warning,drop,fight,crisis,panic,collapse,risk,fraud,no,demand,complaints,emergency,shortage,low,war,forced
fake,crude,empty,sc,fears,shit,anxiety,killed,stop,warning,drop,fight,crisis,panic,collapse,risk,fraud,no,demand,complaints,emergency,shortage,low,war,forced
fake,crude,empty,sc,fears,shit,anxiety,killed,stop,warning,drop,fight,crisis,panic,collapse,risk,fraud,no,demand,complaints,emergency,shortage,low,war,forced
fake,crude,empty,sc,fears,shit,anxiety,killed,stop,warning,drop,fight,crisis,panic,collapse,risk,fraud,no,demand,complaints,emergency,shortage,low,war,forced
fake,crude,empty,sc,fears,shit,anxiety,killed,stop,warning,drop,fight,crisis,panic,collapse,risk,fraud,no,demand,complaints,emergency,shortage,low,war,forced
fake,crude,empty,sc,fears,shit,anxiety,killed,stop,warning,drop,fight,crisis,panic,collapse,risk,fraud,no,demand,complaints,emergency,shortage,low,war,forced
fake,crude,empty,sc,fears,shit,anxiety,killed,stop,warning,drop,fight,crisis,panic,collapse,risk,fraud,no,demand,complaints,emergency,shortage,low,war,forced
fake,crude,empty,sc,fears,shit,anxiety,killed,stop,warning,drop,fight,crisis,panic,collapse,risk,fraud,no,demand,complaints,emergency,shortage,low,war,forced
fake,crude,empty,sc,fears,shit,anxiety,killed,stop,warning,drop,fight,crisis,panic,collapse,risk,fraud,no,demand,complaints,emergency,shortage,low,war,forced
fake,crude,empty,sc,fears,shit,anxiety,killed,stop,warning,drop,fight,crisis,panic,collapse,risk,fraud,no,demand,complaints,emergency,shortage,low,war,forced
fake,crude,empty,sc,fears,shit,anxiety,killed,stop,warning,drop,fight,crisis,panic,collapse,risk,fraud,no,demand,complaints,emergency,shortage,low,war,forced
fake,crude,empty,sc,fears,shit,anxiety,killed,stop,warning,drop,fight,crisis,panic,collapse,risk,fraud,no,demand,complaints,emergency,shortage,low,war,forced
fake,crude,empty,sc,fears,shit,anxiety,killed,stop,warning,drop,fight,crisis,panic,collapse,risk,fraud,no,demand,complaints,emergency,shortage,low,war,forced
fake,crude,empty,sc,fears,shit,anxiety,killed,stop,warning,drop,fight,crisis,panic,collapse,risk,fraud,no,demand,complaints,emergency,shortage,low,war,forced
fake,crude,empty,sc,fears,shit,anxiety,killed,stop,warning,drop,fight,crisis,panic,collapse,risk,fraud,no,demand,complaints,emergency,shortage,low,war,forced
fake,crude,empty,sc,fears,shit,anxiety,killed,stop,warning,drop,fight,crisis,panic,collapse,risk,fraud,no,demand,complaints,emergency,shortage,low,war,forced
fake,crude,empty,sc,fears,shit,anxiety,killed,stop,warning,drop,fight,crisis,panic,collapse,risk,fraud,no,demand,complaints,emergency,shortage,low,war,forced
fake,crude,empty,sc,fears,shit,anxiety,killed,stop,warning,drop,fight,crisis,panic,collapse,risk,fraud,no,demand,complaints,emergency,shortage,low,war,forced
fake,crude,empty,sc,fears,shit,anxiety,killed,stop,warning,drop,fight,crisis,panic,collapse,risk,fraud,no,demand,complaints,emergency,shortage,low,war,forced
fake,crude,empty,sc,fears,shit,anxiety,killed,stop,warning,drop,fight,crisis,panic,collapse,risk,fraud,no,demand,complaints,emergency,shortage,low,war,forced
fake,crude,empty,sc,fears,shit,anxiety,killed,stop,warning,drop,fight,crisis,panic,collapse,risk,fraud,no,demand,complaints,emergency,shortage,low,war,forced
fake,crude,empty,sc,fears,shit,anxiety,killed,stop,warning,drop,fight,crisis,panic,collapse,risk,fraud,no,demand,complaints,emergency,shortage,low,war,forced
fake,crude,empty,sc,fears,shit,anxiety,killed,stop,warning,drop,fight,crisis,panic,collapse,risk,fraud,no,demand,complaints,emergency,shortage,low,war,forced
fake,crude,empty,sc,fears,shit,anxiety,killed,stop,warning,drop,fight,crisis,panic,collapse,risk,fraud,no,demand,complaints,emergency,shortage,low,war,forced
fake,crude,empty,sc,fears,shit,anxiety,killed,stop,warning,drop,fight,crisis,panic,collapse,risk,fraud,no,demand,complaints,emergency,shortage,low,war,forced
fake,crude,empty,sc,fears,shit,anxiety,killed,stop,warning,drop,fight,crisis,panic,collapse,risk,fraud,no,demand,complaints,emergency,shortage,low,war,forced
fake,crude,empty,sc,fears,shit,anxiety,killed,stop,warning,drop,fight,crisis,panic,collapse,risk,fraud,no,demand,complaints,emergency,shortage,low,war,forced
fake,crude,empty,sc,fears,shit,anxiety,killed,stop,warning,drop,fight,crisis,panic,collapse,risk,fraud,no,demand,complaints,emergency,shortage,low,war,forced
fake,crude,empty,sc,fears,shit,anxiety,killed,stop,warning,drop,fight,crisis,panic,collapse,risk,fraud,no,demand,complaints,emergency,shortage,low,war,forced
fake,crude,empty,sc,fears,shit,anxiety,killed,stop,warning,drop,fight,crisis,panic,collapse,risk,fraud,no,demand,complaints,emergency,shortage,low,war,forced
fake,crude,empty,sc,fears,shit,anxiety,killed,stop,warning,drop,fight,crisis,panic,collapse,risk,fraud,no,demand,complaints,emergency,shortage,low,war,forced
fake,crude,empty,sc,fears,shit,anxiety,killed,stop,warning,drop,fight,crisis,panic,collapse,risk,fraud,no,demand,complaints,emergency,shortage,low,war,forced
fake,crude,empty,sc,fears,shit,anxiety,killed,stop,warning,drop,fight,crisis,panic,collapse,risk,fraud,no,demand,complaints,emergency,shortage,low,war,forced
fake,crude,empty,sc,fears,shit,anxiety,killed,stop,warning,drop,fight,crisis,panic,collapse,risk,fraud,no,demand,complaints,emergency,shortage,low,war,forced
fake,crude,empty,sc,fears,shit,anxiety,killed,stop,warning,drop,fight,crisis,panic,collapse,risk,fraud,no,demand,complaints,emergency,shortage,low,war,forced
fake,crude,empty,sc,fears,shit,anxiety,killed,stop,warning,drop,fight,crisis,panic,collapse,risk,fraud,no,demand,complaints,emergency,shortage,low,war,forced
fake,crude,empty,sc,fears,shit,anxiety,killed,stop,warning,drop,fight,crisis,panic,collapse,risk,fraud,no,demand,complaints,emergency,shortage,low,war,forced
fake,crude,empty,sc,fears,shit,anxiety,killed,stop,warning,drop,fight,crisis,panic,collapse,risk,fraud,no,demand,complaints,emergency,shortage,low,war,forced
fake,crude,empty,sc,fears,shit,anxiety,killed,stop,warning,drop,fight,crisis,panic,collapse,risk,fraud,no,demand,complaints,emergency,shortage,low,war,forced
fake,crude,empty,sc,fears,shit,anxiety,killed,stop,warning,drop,fight,crisis,panic,collapse,risk,fraud,no,demand,complaints,emergency,shortage,low,war,forced
fake,crude,empty,sc,fears,shit,anxiety,killed,stop,warning,drop,fight,crisis,panic,collapse,risk,fraud,no,demand,complaints,emergency,shortage,low,war,forced
fake,crude,empty,sc,fears,shit,anxiety,killed,stop,warning,drop,fight,crisis,panic,collapse,risk,fraud,no,demand,complaints,emergency,shortage,low,war,forced
fake,crude,empty,sc,fears,shit,anxiety,killed,stop,warning,drop,fight,crisis,panic,collapse,risk,fraud,no,demand,complaints,emergency,shortage,low,war,forced
fake,crude,empty,sc,fears,shit,anxiety,killed,stop,warning,drop,fight,crisis,panic,collapse,risk,fraud,no,demand,complaints,emergency,shortage,low,war,forced
fake,crude,empty,sc,fears,shit,anxiety,killed,stop,warning,drop,fight,crisis,panic,collapse,risk,fraud,no,demand,complaints,emergency,shortage,low,war,forced
fake,crude,empty,sc,fears,shit,anxiety,killed,stop,warning,drop,fight,crisis,panic,collapse,risk,fraud,no,demand,complaints,emergency,shortage,low,war,forced
fake,crude,empty,sc,fears,shit,anxiety,killed,stop,warning,drop,fight,crisis,panic,collapse,risk,fraud,no,demand,complaints,emergency,shortage,low,war,forced
fake,crude,empty,sc,fears,shit,anxiety,killed,stop,warning,drop,fight,crisis,panic,collapse,risk,fraud,no,demand,complaints,emergency,shortage,low,war,forced
fake,crude,empty,sc,fears,shit,anxiety,killed,stop,warning,drop,fight,crisis,panic,collapse,risk,fraud,no,demand,complaints,emergency,shortage,low,war,forced
fake,crude,empty,sc,fears,shit,anxiety,killed,stop,warning,drop,fight,crisis,panic,collapse,risk,fraud,no,demand,complaints,emergency,shortage,low,war,forced
fake,crude,empty,sc,fears,shit,anxiety,killed,stop,warning,drop,fight,crisis,panic,collapse,risk,fraud,no,demand,complaints,emergency,shortage,low,war,forced
fake,crude,empty,sc,fears,shit,anxiety,killed,stop,warning,drop,fight,crisis,panic,collapse,risk,fraud,no,demand,complaints,emergency,shortage,low,war,forced
fake,crude,empty,sc,fears,shit,anxiety,killed,stop,warning,drop,fight,crisis,panic,collapse,risk,fraud,no,demand,complaints,emergency,shortage,low,war,forced
fake,crude,empty,sc,fears,shit,anxiety,killed,fear,stop,warning,fight,crisis,panic,collapse,risk,fraud,no,demand,complaints,emergency,shortage,low,war,forced
fake,crude,empty,sc,fears,shit,anxiety,killed,fear,stop,warning,fight,crisis,panic,collapse,risk,fraud,no,demand,complaints,emergency,shortage,low,war,forced
fake,crude,empty,sc,fears,shit,anxiety,killed,fear,stop,warning,fight,crisis,panic,collapse,risk,fraud,no,demand,complaints,emergency,shortage,low,war,forced
fake,crude,empty,sc,fears,shit,anxiety,killed,fear,stop,warning,fight,crisis,panic,collapse,risk,fraud,no,demand,complaints,emergency,shortage,low,war,forced
fake,crude,empty,sc,fears,shit,anxiety,killed,fear,stop,warning,fight,crisis,panic,collapse,risk,fraud,no,demand,complaints,emergency,shortage,low,war,forced
fake,crude,empty,sc,fears,shit,anxiety,killed,fear,stop,warning,fight,crisis,panic,collapse,risk,fraud,no,demand,complaints,emergency,shortage,low,war,forced
fake,crude,empty,sc,fears,shit,anxiety,killed,fear,stop,warning,fight,crisis,panic,collapse,risk,fraud,no,demand,complaints,emergency,shortage,low,war,forced
fake,crude,empty,sc,fears,shit,anxiety,killed,fear,stop,warning,fight,crisis,panic,collapse,risk,fraud,no,demand,complaints,emergency,shortage,low,war,forced
fake,crude,empty,sc,fears,shit,anxiety,killed,fear,stop,warning,fight,crisis,panic,collapse,risk,fraud,no,demand,complaints,emergency,shortage,low,war,forced
fake,crude,empty,sc,fears,shit,anxiety,killed,fear,stop,warning,fight,crisis,panic,collapse,risk,fraud,no,demand,complaints,emergency,shortage,low,war,forced
fake,crude,empty,sc,fears,shit,anxiety,killed,fear,stop,warning,fight,crisis,panic,collapse,risk,fraud,no,demand,complaints,emergency,shortage,low,war,forced
fake,crude,empty,sc,fears,shit,anxiety,killed,fear,stop,warning,fight,crisis,panic,collapse,risk,fraud,no,demand,complaints,emergency,shortage,low,war,forced
fake,crude,empty,sc,fears,shit,anxiety,killed,fear,stop,warning,fight,crisis,panic,collapse,risk,fraud,no,demand,complaints,emergency,shortage,low,war,forced
fake,crude,empty,sc,fears,shit,anxiety,killed,fear,stop,warning,fight,crisis,panic,collapse,risk,fraud,no,demand,complaints,emergency,shortage,low,war,forced
fake,crude,empty,sc,fears,shit,anxiety,killed,fear,stop,warning,fight,crisis,panic,collapse,risk,fraud,no,demand,complaints,emergency,shortage,low,war,forced
fake,crude,empty,sc,fears,shit,anxiety,killed,fear,stop,warning,fight,crisis,panic,collapse,risk,fraud,no,demand,complaints,emergency,shortage,low,war,forced
fake,crude,empty,sc,fears,shit,anxiety,killed,fear,stop,warning,fight,crisis,panic,collapse,risk,fraud,no,demand,complaints,emergency,shortage,low,war,forced
fake,crude,empty,sc,fears,shit,anxiety,killed,fear,stop,warning,fight,crisis,panic,collapse,risk,fraud,no,demand,complaints,emergency,shortage,low,war,forced
fake,crude,empty,sc,fears,shit,anxiety,killed,fear,stop,warning,fight,crisis,panic,collapse,risk,fraud,no,demand,complaints,emergency,shortage,low,war,forced
fake,crude,empty,sc,fears,shit,anxiety,killed,fear,stop,warning,fight,crisis,panic,collapse,risk,fraud,no,demand,complaints,emergency,shortage,low,war,forced
fake,crude,empty,sc,fears,shit,anxiety,killed,fear,stop,warning,fight,crisis,panic,collapse,risk,fraud,no,demand,complaints,emergency,shortage,low,war,forced
fake,crude,empty,sc,fears,shit,anxiety,killed,fear,stop,warning,fight,crisis,panic,collapse,risk,fraud,no,demand,complaints,emergency,shortage,low,war,forced
fake,crude,empty,sc,fears,shit,anxiety,killed,fear,stop,warning,fight,crisis,panic,collapse,risk,fraud,no,demand,complaints,emergency,shortage,low,war,forced
fake,crude,empty,sc,fears,shit,anxiety,killed,fear,stop,warning,fight,crisis,panic,collapse,risk,fraud,no,demand,complaints,emergency,shortage,low,war,forced
fake,crude,empty,sc,fears,shit,anxiety,killed,fear,stop,warning,fight,crisis,panic,collapse,risk,fraud,no,demand,complaints,emergency,shortage,low,war,forced
fake,crude,empty,sc,fears,shit,anxiety,killed,fear,stop,warning,fight,crisis,panic,collapse,risk,fraud,no,demand,complaints,emergency,shortage,low,war,forced
fake,crude,empty,sc,fears,shit,anxiety,killed,fear,stop,warning,fight,crisis,panic,collapse,risk,fraud,no,demand,complaints,emergency,shortage,low,war,forced
fake,crude,empty,sc,fears,shit,anxiety,killed,fear,stop,warning,fight,crisis,panic,collapse,risk,fraud,no,demand,complaints,emergency,shortage,low,war,forced
fake,crude,empty,sc,fears,shit,anxiety,killed,fear,stop,warning,fight,crisis,panic,collapse,risk,fraud,no,demand,complaints,emergency,shortage,low,war,forced
crude,empty,recession,sc,fears,shit,anxiety,killed,fear,stop,warning,fight,crisis,panic,collapse,risk,fraud,no,demand,complaints,emergency,shortage,low,war,forced
crude,empty,recession,sc,fears,shit,anxiety,killed,fear,stop,warning,fight,crisis,panic,collapse,risk,fraud,no,demand,complaints,emergency,shortage,low,war,forced
crude,empty,recession,sc,fears,shit,anxiety,killed,fear,stop,warning,fight,crisis,panic,collapse,risk,fraud,no,demand,complaints,emergency,shortage,low,war,forced
crude,empty,recession,sc,fears,shit,anxiety,killed,fear,stop,warning,fight,crisis,panic,collapse,risk,fraud,no,demand,complaints,emergency,shortage,low,war,forced
crude,empty,recession,sc,fears,shit,anxiety,killed,fear,stop,warning,fight,crisis,panic,collapse,risk,fraud,no,demand,complaints,emergency,shortage,low,war,forced
crude,empty,recession,sc,fears,shit,anxiety,killed,fear,stop,warning,fight,crisis,panic,collapse,risk,fraud,no,demand,complaints,emergency,shortage,low,war,forced
crude,empty,recession,sc,fears,shit,anxiety,killed,fear,stop,warning,fight,crisis,panic,collapse,risk,fraud,no,demand,complaints,emergency,shortage,low,war,forced
crude,empty,recession,sc,fears,shit,anxiety,killed,fear,stop,warning,fight,crisis,panic,collapse,risk,fraud,no,demand,complaints,emergency,shortage,low,war,forced
crude,empty,recession,sc,fears,shit,anxiety,killed,fear,stop,warning,fight,crisis,panic,collapse,risk,fraud,no,demand,complaints,emergency,shortage,low,war,forced
crude,empty,recession,sc,fears,shit,anxiety,killed,fear,stop,warning,fight,crisis,panic,collapse,risk,fraud,no,demand,complaints,emergency,shortage,low,war,forced
crude,empty,recession,sc,fears,shit,anxiety,killed,fear,stop,warning,fight,crisis,panic,collapse,risk,fraud,no,demand,complaints,emergency,shortage,low,war,forced
crude,empty,recession,sc,fears,shit,anxiety,killed,fear,stop,warning,fight,crisis,panic,collapse,risk,fraud,no,demand,complaints,emergency,shortage,low,war,forced
crude,empty,recession,sc,fears,shit,anxiety,killed,fear,stop,warning,fight,crisis,panic,collapse,risk,fraud,no,demand,complaints,emergency,shortage,low,war,forced
crude,empty,recession,sc,fears,shit,anxiety,killed,fear,stop,warning,fight,crisis,panic,collapse,risk,fraud,no,demand,complaints,emergency,shortage,low,war,forced
crude,empty,recession,sc,fears,shit,anxiety,killed,fear,stop,warning,fight,crisis,panic,collapse,risk,fraud,no,demand,complaints,emergency,shortage,low,war,forced
crude,empty,recession,sc,fears,shit,anxiety,killed,fear,stop,warning,fight,crisis,panic,collapse,risk,fraud,no,demand,complaints,emergency,shortage,low,war,forced
crude,empty,recession,sc,fears,shit,anxiety,killed,fear,stop,warning,fight,crisis,panic,collapse,risk,fraud,no,demand,complaints,emergency,shortage,low,war,forced
crude,empty,recession,sc,fears,shit,anxiety,killed,fear,stop,warning,fight,crisis,panic,collapse,risk,fraud,no,demand,complaints,emergency,shortage,low,war,forced
crude,empty,recession,sc,fears,shit,anxiety,killed,fear,stop,warning,fight,crisis,panic,collapse,risk,fraud,no,demand,complaints,emergency,shortage,low,war,forced
crude,empty,recession,sc,fears,shit,anxiety,killed,fear,stop,warning,fight,crisis,panic,collapse,risk,fraud,no,demand,complaints,emergency,shortage,low,war,forced
crude,empty,recession,sc,fears,shit,anxiety,killed,fear,stop,warning,fight,crisis,panic,collapse,risk,fraud,no,demand,complaints,emergency,shortage,low,war,forced
crude,empty,recession,sc,fears,shit,anxiety,killed,fear,stop,warning,fight,crisis,panic,collapse,risk,fraud,no,demand,complaints,emergency,shortage,low,war,forced
crude,empty,recession,sc,fears,shit,anxiety,killed,fear,stop,warning,fight,crisis,panic,collapse,risk,fraud,no,demand,complaints,emergency,shortage,low,war,forced
crude,empty,recession,sc,fears,shit,anxiety,killed,fear,stop,warning,fight,crisis,panic,collapse,risk,fraud,no,demand,complaints,emergency,shortage,low,war,forced
crude,empty,recession,sc,fears,shit,anxiety,killed,fear,stop,warning,fight,crisis,panic,collapse,risk,fraud,no,demand,complaints,emergency,shortage,low,war,forced
crude,empty,recession,sc,fears,shit,anxiety,killed,fear,stop,warning,fight,crisis,panic,collapse,risk,fraud,no,demand,complaints,emergency,shortage,low,war,forced
crude,empty,recession,sc,fears,shit,anxiety,killed,fear,stop,warning,fight,crisis,panic,collapse,risk,fraud,no,demand,complaints,emergency,shortage,low,war,forced
crude,empty,recession,sc,fears,shit,anxiety,killed,fear,stop,warning,fight,crisis,panic,collapse,risk,fraud,no,demand,complaints,emergency,shortage,low,war,forced
crude,empty,recession,sc,fears,shit,anxiety,killed,fear,stop,warning,fight,crisis,panic,collapse,risk,fraud,no,demand,complaints,emergency,shortage,low,war,forced
crude,empty,recession,sc,fears,shit,anxiety,killed,fear,stop,warning,fight,crisis,panic,collapse,risk,fraud,no,demand,complaints,emergency,shortage,low,war,forced
crude,empty,recession,sc,fears,shit,anxiety,killed,fear,stop,warning,fight,crisis,panic,collapse,risk,fraud,no,demand,complaints,emergency,shortage,low,war,forced
crude,empty,recession,sc,fears,shit,anxiety,killed,fear,stop,warning,fight,crisis,panic,collapse,risk,fraud,no,demand,complaints,emergency,shortage,low,war,forced
crude,empty,recession,sc,fears,shit,anxiety,killed,fear,stop,warning,fight,crisis,panic,collapse,risk,fraud,no,demand,complaints,emergency,shortage,low,war,forced
crude,empty,recession,sc,fears,shit,anxiety,killed,fear,stop,warning,fight,crisis,panic,collapse,risk,fraud,no,demand,complaints,emergency,shortage,low,war,forced
crude,empty,recession,sc,fears,shit,anxiety,killed,fear,stop,warning,fight,crisis,panic,collapse,risk,fraud,no,demand,complaints,emergency,shortage,low,war,forced
crude,empty,recession,sc,fears,shit,anxiety,killed,fear,stop,warning,fight,crisis,panic,collapse,risk,fraud,no,demand,complaints,emergency,shortage,low,war,forced
crude,empty,recession,sc,fears,shit,anxiety,killed,fear,stop,warning,fight,crisis,panic,collapse,risk,fraud,no,demand,complaints,emergency,shortage,low,war,forced
crude,empty,recession,sc,fears,shit,anxiety,killed,fear,stop,warning,fight,crisis,panic,collapse,risk,fraud,no,demand,complaints,emergency,shortage,low,war,forced
crude,empty,recession,sc,fears,shit,anxiety,killed,fear,stop,warning,fight,crisis,panic,collapse,risk,fraud,no,demand,complaints,emergency,shortage,low,war,forced
crude,empty,recession,sc,fears,shit,anxiety,killed,fear,stop,warning,fight,crisis,panic,collapse,risk,fraud,no,demand,complaints,emergency,shortage,low,war,forced
crude,empty,recession,sc,fears,shit,anxiety,killed,fear,stop,warning,fight,crisis,panic,collapse,risk,fraud,no,demand,complaints,emergency,shortage,low,war,forced
crude,empty,recession,sc,fears,shit,anxiety,killed,fear,stop,warning,fight,crisis,panic,collapse,risk,fraud,no,demand,complaints,emergency,shortage,low,war,forced
crude,empty,recession,sc,fears,shit,anxiety,killed,fear,stop,warning,fight,crisis,panic,collapse,risk,fraud,no,demand,complaints,emergency,shortage,low,war,forced
crude,empty,recession,sc,fears,shit,anxiety,killed,fear,stop,warning,fight,crisis,panic,collapse,risk,fraud,no,demand,complaints,emergency,shortage,low,war,forced
crude,empty,recession,sc,fears,shit,anxiety,killed,fear,stop,warning,fight,crisis,panic,collapse,risk,fraud,no,demand,complaints,emergency,shortage,low,war,forced
crude,empty,recession,sc,fears,shit,anxiety,killed,fear,stop,warning,fight,crisis,panic,collapse,risk,fraud,no,demand,complaints,emergency,shortage,low,war,forced
crude,empty,recession,sc,fears,shit,anxiety,killed,fear,stop,warning,fight,crisis,panic,collapse,risk,fraud,no,demand,complaints,emergency,shortage,low,war,forced
crude,empty,recession,sc,fears,shit,anxiety,killed,fear,stop,warning,fight,crisis,panic,collapse,risk,fraud,no,demand,complaints,emergency,shortage,low,war,forced
crude,empty,recession,sc,fears,shit,anxiety,killed,fear,stop,warning,fight,crisis,panic,collapse,risk,fraud,no,demand,complaints,emergency,shortage,low,war,forced
crude,empty,recession,sc,fears,shit,anxiety,killed,fear,stop,warning,fight,crisis,panic,collapse,risk,fraud,no,demand,complaints,emergency,shortage,low,war,forced
crude,empty,recession,sc,fears,shit,anxiety,killed,fear,stop,warning,fight,crisis,panic,collapse,risk,fraud,no,demand,complaints,emergency,shortage,low,war,forced
crude,empty,recession,sc,fears,shit,anxiety,killed,fear,stop,warning,fight,crisis,panic,collapse,risk,fraud,no,demand,complaints,emergency,shortage,low,war,forced
crude,empty,recession,sc,fears,shit,anxiety,killed,fear,stop,warning,fight,crisis,panic,collapse,risk,fraud,no,demand,complaints,emergency,shortage,low,war,forced
crude,empty,recession,sc,fears,shit,anxiety,killed,fear,stop,warning,fight,crisis,panic,collapse,risk,fraud,no,demand,complaints,emergency,shortage,low,war,forced
crude,empty,recession,sc,fears,shit,anxiety,killed,fear,stop,warning,fight,crisis,panic,collapse,risk,fraud,no,demand,complaints,emergency,shortage,low,war,forced
crude,empty,recession,sc,fears,shit,anxiety,killed,fear,stop,warning,fight,crisis,panic,collapse,risk,fraud,no,demand,complaints,emergency,shortage,low,war,forced
crude,empty,recession,sc,fears,shit,anxiety,killed,fear,stop,warning,fight,crisis,panic,collapse,risk,fraud,no,demand,complaints,emergency,shortage,low,war,forced
crude,empty,recession,sc,fears,shit,anxiety,killed,fear,stop,warning,fight,crisis,panic,collapse,risk,fraud,no,demand,complaints,emergency,shortage,low,war,forced
crude,empty,recession,sc,fears,shit,anxiety,killed,fear,stop,warning,fight,crisis,panic,collapse,risk,fraud,no,demand,complaints,emergency,shortage,low,war,forced
crude,empty,recession,sc,fears,shit,anxiety,killed,fear,stop,warning,fight,crisis,panic,collapse,risk,fraud,no,demand,complaints,emergency,shortage,low,war,forced
crude,empty,recession,sc,fears,shit,anxiety,killed,fear,stop,warning,fight,crisis,panic,collapse,risk,fraud,no,demand,complaints,emergency,shortage,low,war,forced
crude,empty,recession,sc,fears,shit,anxiety,killed,fear,stop,warning,fight,crisis,panic,collapse,risk,fraud,no,demand,complaints,emergency,shortage,low,war,forced
crude,empty,recession,sc,fears,shit,anxiety,killed,fear,stop,warning,fight,crisis,panic,collapse,risk,fraud,no,demand,complaints,emergency,shortage,low,war,forced
crude,empty,recession,sc,fears,shit,anxiety,killed,fear,stop,warning,fight,crisis,panic,collapse,risk,fraud,no,demand,complaints,emergency,shortage,low,war,forced
crude,empty,recession,sc,fears,shit,anxiety,killed,fear,stop,warning,fight,crisis,panic,collapse,risk,fraud,no,demand,complaints,emergency,shortage,low,war,forced
crude,empty,recession,sc,fears,shit,anxiety,killed,fear,stop,warning,fight,crisis,panic,collapse,risk,fraud,no,demand,complaints,emergency,shortage,low,war,forced
crude,empty,recession,sc,fears,shit,anxiety,killed,fear,stop,warning,fight,crisis,panic,collapse,risk,fraud,no,demand,complaints,emergency,shortage,low,war,forced
crude,empty,recession,sc,fears,shit,anxiety,killed,fear,stop,warning,fight,crisis,panic,collapse,risk,fraud,no,demand,complaints,emergency,shortage,low,war,forced
crude,empty,recession,sc,fears,shit,anxiety,killed,fear,stop,warning,fight,crisis,panic,collapse,risk,fraud,no,demand,complaints,emergency,shortage,low,war,forced
crude,empty,recession,sc,fears,shit,anxiety,killed,fear,stop,warning,fight,crisis,panic,collapse,risk,fraud,no,demand,complaints,emergency,shortage,low,war,forced
crude,empty,recession,sc,fears,shit,anxiety,killed,fear,stop,warning,fight,crisis,panic,collapse,risk,fraud,no,demand,complaints,emergency,shortage,low,war,forced
crude,empty,recession,sc,fears,shit,anxiety,killed,fear,stop,warning,fight,crisis,panic,collapse,risk,fraud,no,demand,complaints,emergency,shortage,low,war,forced
crude,empty,recession,sc,fears,shit,anxiety,killed,fear,stop,warning,fight,crisis,panic,collapse,risk,fraud,no,demand,complaints,emergency,shortage,low,war,forced
crude,empty,recession,sc,fears,shit,anxiety,killed,fear,stop,warning,fight,crisis,panic,collapse,risk,fraud,no,demand,complaints,emergency,shortage,low,war,forced
crude,empty,recession,sc,fears,shit,anxiety,killed,fear,stop,warning,fight,crisis,panic,collapse,risk,fraud,no,demand,complaints,emergency,shortage,low,war,forced
crude,empty,recession,sc,fears,shit,anxiety,killed,fear,stop,warning,fight,crisis,panic,collapse,risk,fraud,no,demand,complaints,emergency,shortage,low,war,forced
crude,empty,recession,sc,fears,shit,anxiety,killed,fear,stop,warning,fight,crisis,panic,collapse,risk,fraud,no,demand,complaints,emergency,shortage,low,war,forced
crude,empty,recession,sc,fears,shit,anxiety,killed,fear,stop,warning,fight,crisis,panic,collapse,risk,fraud,no,demand,complaints,emergency,shortage,low,war,forced
crude,empty,recession,sc,fears,shit,anxiety,killed,fear,stop,warning,fight,crisis,panic,collapse,risk,fraud,no,demand,complaints,emergency,shortage,low,war,forced
crude,empty,recession,sc,fears,shit,anxiety,killed,fear,stop,warning,fight,crisis,panic,collapse,risk,fraud,no,demand,complaints,emergency,shortage,low,war,forced
crude,empty,recession,sc,fears,shit,anxiety,killed,fear,stop,warning,fight,crisis,panic,collapse,risk,fraud,no,demand,complaints,emergency,shortage,low,war,forced
crude,empty,recession,sc,fears,shit,anxiety,killed,fear,stop,warning,fight,crisis,panic,collapse,risk,fraud,no,demand,complaints,emergency,shortage,low,war,forced
crude,empty,recession,sc,fears,shit,anxiety,killed,fear,stop,warning,fight,crisis,panic,collapse,risk,fraud,no,demand,complaints,emergency,shortage,low,war,forced
crude,empty,recession,sc,fears,shit,anxiety,killed,fear,stop,warning,fight,crisis,panic,collapse,risk,fraud,no,demand,complaints,emergency,shortage,low,war,forced
crude,empty,recession,sc,fears,shit,anxiety,killed,fear,stop,warning,fight,crisis,panic,collapse,risk,fraud,no,demand,complaints,emergency,shortage,low,war,forced
crude,empty,recession,sc,fears,shit,anxiety,killed,fear,stop,warning,fight,crisis,panic,collapse,risk,fraud,no,demand,complaints,emergency,shortage,low,war,forced
crude,empty,recession,sc,fears,shit,anxiety,killed,fear,stop,warning,fight,crisis,panic,collapse,risk,fraud,no,demand,complaints,emergency,shortage,low,war,forced
crude,empty,recession,sc,fears,shit,anxiety,killed,fear,stop,warning,fight,crisis,panic,collapse,risk,fraud,no,demand,complaints,emergency,shortage,low,war,forced
crude,empty,recession,sc,fears,shit,anxiety,killed,fear,stop,warning,fight,crisis,panic,collapse,risk,fraud,no,demand,complaints,emergency,shortage,low,war,forced
crude,empty,recession,sc,fears,shit,anxiety,killed,fear,stop,warning,fight,crisis,panic,collapse,risk,fraud,no,demand,complaints,emergency,shortage,low,war,forced
crude,empty,recession,sc,fears,shit,anxiety,killed,fear,stop,warning,fight,crisis,panic,collapse,risk,fraud,no,demand,complaints,emergency,shortage,low,war,forced
crude,empty,recession,sc,fears,shit,anxiety,killed,fear,stop,warning,fight,crisis,panic,collapse,risk,fraud,no,demand,complaints,emergency,shortage,low,war,forced
crude,empty,recession,sc,fears,shit,anxiety,killed,fear,stop,warning,fight,crisis,panic,collapse,risk,fraud,no,demand,complaints,emergency,shortage,low,war,forced
crude,empty,recession,sc,fears,shit,anxiety,killed,fear,stop,warning,fight,crisis,panic,collapse,risk,fraud,no,demand,complaints,emergency,shortage,low,war,forced
crude,empty,recession,sc,fears,shit,anxiety,killed,fear,stop,warning,fight,crisis,panic,collapse,risk,fraud,no,demand,complaints,emergency,shortage,low,war,forced
crude,empty,recession,sc,fears,shit,anxiety,killed,fear,stop,warning,fight,crisis,panic,collapse,risk,fraud,no,demand,complaints,emergency,shortage,low,war,forced
crude,empty,recession,sc,fears,shit,anxiety,killed,fear,stop,warning,fight,crisis,panic,collapse,risk,fraud,no,demand,complaints,emergency,shortage,low,war,forced
crude,empty,recession,sc,fears,shit,anxiety,killed,fear,stop,warning,fight,crisis,panic,collapse,risk,fraud,no,demand,complaints,emergency,shortage,low,war,forced
crude,empty,recession,sc,fears,shit,anxiety,killed,fear,stop,warning,fight,crisis,panic,collapse,risk,fraud,no,demand,complaints,emergency,shortage,low,war,forced
crude,empty,recession,sc,fears,shit,anxiety,killed,fear,stop,warning,fight,crisis,panic,collapse,risk,fraud,no,demand,complaints,emergency,shortage,low,war,forced
crude,empty,recession,sc,fears,shit,anxiety,killed,fear,stop,warning,fight,crisis,panic,collapse,risk,fraud,no,demand,complaints,emergency,shortage,low,war,forced
crude,empty,recession,sc,fears,shit,anxiety,killed,fear,stop,warning,fight,crisis,panic,collapse,risk,fraud,no,demand,complaints,emergency,shortage,low,war,forced
crude,empty,recession,sc,fears,shit,anxiety,killed,fear,stop,warning,fight,crisis,panic,collapse,risk,fraud,no,demand,complaints,emergency,shortage,low,war,forced
crude,empty,recession,sc,fears,shit,anxiety,killed,fear,stop,warning,fight,crisis,panic,collapse,risk,fraud,no,demand,complaints,emergency,shortage,low,war,forced
crude,empty,recession,sc,fears,shit,anxiety,killed,fear,stop,warning,fight,crisis,panic,collapse,risk,fraud,no,demand,complaints,emergency,shortage,low,war,forced
crude,empty,recession,sc,fears,shit,anxiety,killed,fear,stop,warning,fight,crisis,panic,collapse,risk,fraud,no,demand,complaints,emergency,shortage,low,war,forced
crude,empty,recession,sc,fears,shit,anxiety,killed,fear,stop,warning,fight,crisis,panic,collapse,risk,fraud,no,demand,complaints,emergency,shortage,low,war,forced
crude,empty,recession,sc,fears,shit,anxiety,killed,fear,stop,warning,fight,crisis,panic,collapse,risk,fraud,no,demand,complaints,emergency,shortage,low,war,forced
crude,empty,recession,sc,fears,shit,anxiety,killed,fear,stop,warning,fight,crisis,panic,collapse,risk,fraud,no,demand,complaints,emergency,shortage,low,war,forced
crude,empty,recession,sc,fears,shit,anxiety,killed,fear,stop,warning,fight,crisis,panic,collapse,risk,fraud,no,demand,complaints,emergency,shortage,low,war,forced
crude,empty,recession,sc,fears,shit,anxiety,killed,fear,stop,warning,fight,crisis,panic,collapse,risk,fraud,no,demand,complaints,emergency,shortage,low,war,forced
crude,empty,recession,sc,fears,shit,anxiety,killed,fear,stop,warning,fight,crisis,panic,collapse,risk,fraud,no,demand,complaints,emergency,shortage,low,war,forced
crude,empty,recession,sc,fears,shit,anxiety,killed,fear,stop,warning,fight,crisis,panic,collapse,risk,fraud,no,demand,complaints,emergency,shortage,low,war,forced
crude,empty,recession,sc,fears,shit,anxiety,killed,fear,stop,warning,fight,crisis,panic,collapse,risk,fraud,no,demand,complaints,emergency,shortage,low,war,forced
crude,empty,recession,sc,fears,shit,anxiety,killed,fear,stop,warning,fight,crisis,panic,collapse,risk,fraud,no,demand,complaints,emergency,shortage,low,war,forced
crude,empty,recession,sc,fears,shit,anxiety,killed,fear,stop,warning,fight,crisis,panic,collapse,risk,fraud,no,demand,complaints,emergency,shortage,low,war,forced
crude,empty,recession,sc,fears,shit,anxiety,killed,fear,stop,warning,fight,crisis,panic,collapse,risk,fraud,no,demand,complaints,emergency,shortage,low,war,forced
crude,empty,recession,sc,fears,shit,anxiety,killed,fear,stop,warning,fight,crisis,panic,collapse,risk,fraud,no,demand,complaints,emergency,shortage,low,war,forced
crude,empty,recession,sc,fears,shit,anxiety,killed,fear,stop,warning,fight,crisis,panic,collapse,risk,fraud,no,demand,complaints,emergency,shortage,low,war,forced
crude,empty,recession,sc,fears,shit,anxiety,killed,fear,stop,warning,fight,crisis,panic,collapse,risk,fraud,no,demand,complaints,emergency,shortage,low,war,forced
crude,empty,recession,sc,fears,shit,anxiety,killed,fear,stop,warning,fight,crisis,panic,collapse,risk,fraud,no,demand,complaints,emergency,shortage,low,war,forced
crude,empty,recession,sc,fears,shit,anxiety,killed,fear,stop,warning,fight,crisis,panic,collapse,risk,fraud,no,demand,complaints,emergency,shortage,low,war,forced
crude,empty,recession,sc,fears,shit,anxiety,killed,fear,stop,warning,fight,crisis,panic,collapse,risk,fraud,no,demand,complaints,emergency,shortage,low,war,forced
crude,empty,recession,sc,fears,shit,anxiety,killed,fear,stop,warning,fight,crisis,panic,collapse,risk,fraud,no,demand,complaints,emergency,shortage,low,war,forced
crude,empty,recession,sc,fears,shit,anxiety,killed,fear,stop,warning,fight,crisis,panic,collapse,risk,fraud,no,demand,complaints,emergency,shortage,low,war,forced
crude,empty,recession,sc,fears,shit,anxiety,killed,fear,stop,warning,fight,crisis,panic,collapse,risk,fraud,no,demand,complaints,emergency,shortage,low,war,forced
crude,empty,recession,sc,fears,shit,anxiety,killed,fear,stop,warning,fight,crisis,panic,collapse,risk,fraud,no,demand,complaints,emergency,shortage,low,war,forced
crude,empty,recession,sc,fears,shit,anxiety,killed,fear,stop,warning,fight,crisis,panic,collapse,risk,fraud,no,demand,complaints,emergency,shortage,low,war,forced
crude,empty,recession,sc,fears,shit,anxiety,killed,fear,stop,warning,fight,crisis,panic,collapse,risk,fraud,no,demand,complaints,emergency,shortage,low,war,forced
crude,empty,recession,sc,fears,shit,anxiety,killed,fear,stop,warning,fight,crisis,panic,collapse,risk,fraud,no,demand,complaints,emergency,shortage,low,war,forced
crude,empty,recession,sc,fears,shit,anxiety,killed,fear,stop,warning,fight,crisis,panic,collapse,risk,fraud,no,demand,complaints,emergency,shortage,low,war,forced
crude,empty,recession,sc,fears,shit,anxiety,killed,fear,stop,warning,fight,crisis,panic,collapse,risk,fraud,no,demand,complaints,emergency,shortage,low,war,forced
crude,empty,recession,sc,fears,shit,anxiety,killed,fear,stop,warning,fight,crisis,panic,collapse,risk,fraud,no,demand,complaints,emergency,shortage,low,war,forced
crude,empty,recession,sc,fears,shit,anxiety,killed,fear,stop,warning,fight,crisis,panic,collapse,risk,fraud,no,demand,complaints,emergency,shortage,low,war,forced
crude,empty,recession,sc,fears,shit,anxiety,killed,fear,stop,warning,fight,crisis,panic,collapse,risk,fraud,no,demand,complaints,emergency,shortage,low,war,forced
crude,empty,recession,sc,fears,shit,anxiety,killed,fear,stop,warning,fight,crisis,panic,collapse,risk,fraud,no,demand,complaints,emergency,shortage,low,war,forced
crude,empty,recession,sc,fears,shit,anxiety,killed,fear,stop,warning,fight,crisis,panic,collapse,risk,fraud,no,demand,complaints,emergency,shortage,low,war,forced
crude,empty,recession,sc,fears,shit,anxiety,killed,fear,stop,warning,fight,crisis,panic,collapse,risk,fraud,no,demand,complaints,emergency,shortage,low,war,forced
crude,empty,recession,sc,fears,shit,anxiety,killed,fear,stop,warning,fight,crisis,panic,collapse,risk,fraud,no,demand,complaints,emergency,shortage,low,war,forced
crude,empty,recession,sc,fears,shit,anxiety,killed,fear,stop,warning,fight,crisis,panic,collapse,risk,fraud,no,demand,complaints,emergency,shortage,low,war,forced
crude,empty,recession,sc,fears,shit,anxiety,killed,fear,stop,warning,fight,crisis,panic,collapse,risk,fraud,no,demand,complaints,emergency,shortage,low,war,forced
crude,empty,recession,sc,fears,shit,anxiety,killed,fear,stop,warning,fight,crisis,panic,collapse,risk,fraud,no,demand,complaints,emergency,shortage,low,war,forced
crude,empty,recession,sc,fears,shit,anxiety,killed,fear,stop,warning,fight,crisis,panic,collapse,risk,fraud,no,demand,complaints,emergency,shortage,low,war,forced
crude,empty,recession,sc,fears,shit,anxiety,killed,fear,stop,warning,fight,crisis,panic,collapse,risk,fraud,no,demand,complaints,emergency,shortage,low,war,forced
crude,empty,recession,sc,fears,shit,anxiety,killed,fear,stop,warning,fight,crisis,panic,collapse,risk,fraud,no,demand,complaints,emergency,shortage,low,war,forced
crude,empty,recession,sc,fears,shit,anxiety,killed,fear,stop,warning,fight,crisis,panic,collapse,risk,fraud,no,demand,complaints,emergency,shortage,low,war,forced
crude,empty,recession,sc,fears,shit,anxiety,killed,fear,stop,warning,fight,crisis,panic,collapse,risk,fraud,no,demand,complaints,emergency,shortage,low,war,forced
crude,empty,recession,sc,fears,shit,anxiety,killed,fear,stop,warning,fight,crisis,panic,collapse,risk,fraud,no,demand,complaints,emergency,shortage,low,war,forced
crude,empty,recession,sc,fears,shit,anxiety,killed,fear,stop,warning,fight,crisis,panic,collapse,risk,fraud,no,demand,complaints,emergency,shortage,low,war,forced
crude,empty,recession,sc,fears,shit,anxiety,killed,fear,stop,warning,fight,crisis,panic,collapse,risk,fraud,no,demand,complaints,emergency,shortage,low,war,forced
crude,empty,recession,sc,fears,shit,anxiety,killed,fear,stop,warning,fight,crisis,panic,collapse,risk,fraud,no,demand,complaints,emergency,shortage,low,war,forced
crude,empty,recession,sc,fears,shit,anxiety,killed,fear,stop,warning,fight,crisis,panic,collapse,risk,fraud,no,demand,complaints,emergency,shortage,low,war,forced
crude,empty,recession,sc,fears,shit,anxiety,killed,fear,stop,warning,fight,crisis,panic,collapse,risk,fraud,no,demand,complaints,emergency,shortage,low,war,forced
crude,empty,recession,sc,fears,shit,anxiety,killed,fear,stop,warning,fight,crisis,panic,collapse,risk,fraud,no,demand,complaints,emergency,shortage,low,war,forced
crude,empty,recession,sc,fears,shit,anxiety,killed,fear,stop,warning,fight,crisis,panic,collapse,risk,fraud,no,demand,complaints,emergency,shortage,low,war,forced
crude,empty,recession,sc,fears,shit,anxiety,killed,fear,stop,warning,fight,crisis,panic,collapse,risk,fraud,no,demand,complaints,emergency,shortage,low,war,forced
crude,empty,recession,sc,fears,shit,anxiety,killed,fear,stop,warning,fight,crisis,panic,collapse,risk,fraud,no,demand,complaints,emergency,shortage,low,war,forced
crude,empty,recession,sc,fears,shit,anxiety,killed,fear,stop,warning,fight,crisis,panic,collapse,risk,fraud,no,demand,complaints,emergency,shortage,low,war,forced
crude,empty,recession,sc,fears,shit,anxiety,killed,fear,stop,warning,fight,crisis,panic,collapse,risk,fraud,no,demand,complaints,emergency,shortage,low,war,forced
crude,empty,recession,sc,fears,shit,anxiety,killed,fear,stop,warning,fight,crisis,panic,collapse,risk,fraud,no,demand,complaints,emergency,shortage,low,war,forced
crude,empty,recession,sc,fears,shit,anxiety,killed,fear,stop,warning,fight,crisis,panic,collapse,risk,fraud,no,demand,complaints,emergency,shortage,low,war,forced
crude,empty,recession,sc,fears,shit,anxiety,killed,fear,stop,warning,fight,crisis,panic,collapse,risk,fraud,no,demand,complaints,emergency,shortage,low,war,forced
crude,empty,recession,sc,fears,shit,anxiety,killed,fear,stop,warning,fight,crisis,panic,collapse,risk,fraud,no,demand,complaints,emergency,shortage,low,war,forced
crude,empty,recession,sc,fears,shit,anxiety,killed,fear,stop,warning,fight,crisis,panic,collapse,risk,fraud,no,demand,complaints,emergency,shortage,low,war,forced
crude,empty,recession,sc,fears,shit,anxiety,killed,fear,stop,warning,fight,crisis,panic,collapse,risk,fraud,no,demand,complaints,emergency,shortage,low,war,forced
crude,empty,recession,sc,fears,shit,anxiety,killed,fear,stop,warning,fight,crisis,panic,collapse,risk,fraud,no,demand,complaints,emergency,shortage,low,war,forced
crude,empty,recession,sc,fears,shit,anxiety,killed,fear,stop,warning,fight,crisis,panic,collapse,risk,fraud,no,demand,complaints,emergency,shortage,low,war,forced
crude,empty,recession,sc,fears,shit,anxiety,killed,fear,stop,warning,fight,crisis,panic,collapse,risk,fraud,no,demand,complaints,emergency,shortage,low,war,forced
crude,empty,sc,fears,shit,anxiety,killed,fear,stop,warning,fight,crisis,panic,collapse,risk,fraud,no,demand,complaints,emergency,shortage,low,war,forced,die
crude,empty,sc,fears,shit,anxiety,killed,fear,stop,warning,fight,crisis,panic,collapse,risk,fraud,no,demand,complaints,emergency,shortage,low,war,forced,die
crude,empty,sc,fears,shit,anxiety,killed,fear,stop,warning,fight,crisis,panic,collapse,risk,fraud,no,demand,complaints,emergency,shortage,low,war,forced,die
crude,empty,sc,fears,shit,anxiety,killed,fear,stop,warning,fight,crisis,panic,collapse,risk,fraud,no,demand,complaints,emergency,shortage,low,war,forced,die
crude,empty,sc,fears,shit,anxiety,killed,fear,stop,warning,fight,crisis,panic,collapse,risk,fraud,no,demand,complaints,emergency,shortage,low,war,forced,die
crude,empty,sc,fears,shit,anxiety,killed,fear,stop,warning,fight,crisis,panic,collapse,risk,fraud,no,demand,complaints,emergency,shortage,low,war,forced,die
crude,empty,sc,fears,shit,anxiety,killed,fear,stop,warning,fight,crisis,panic,collapse,risk,fraud,no,demand,complaints,emergency,shortage,low,war,forced,die
crude,empty,sc,fears,shit,anxiety,killed,fear,stop,warning,fight,crisis,panic,collapse,risk,fraud,no,demand,complaints,emergency,shortage,low,war,forced,die
crude,empty,sc,fears,shit,anxiety,killed,fear,stop,warning,fight,crisis,panic,collapse,risk,fraud,no,demand,complaints,emergency,shortage,low,war,forced,die
crude,empty,sc,fears,shit,anxiety,killed,fear,stop,warning,fight,crisis,panic,collapse,risk,fraud,no,demand,complaints,emergency,shortage,low,war,forced,die
crude,empty,sc,fears,shit,anxiety,killed,fear,stop,warning,fight,crisis,panic,collapse,risk,fraud,no,demand,complaints,emergency,shortage,low,war,forced,die
crude,empty,sc,fears,shit,anxiety,killed,fear,stop,warning,fight,crisis,panic,collapse,risk,fraud,no,demand,complaints,emergency,shortage,low,war,forced,die
crude,empty,sc,fears,shit,anxiety,killed,fear,stop,warning,fight,crisis,panic,collapse,risk,fraud,no,demand,complaints,emergency,shortage,low,war,forced,die
crude,empty,sc,fears,shit,anxiety,killed,fear,stop,warning,fight,crisis,panic,collapse,risk,fraud,no,demand,complaints,emergency,shortage,low,war,forced,die
crude,empty,sc,fears,shit,anxiety,killed,fear,stop,warning,fight,crisis,panic,collapse,risk,fraud,no,demand,complaints,emergency,shortage,low,war,forced,die
crude,empty,sc,fears,shit,anxiety,killed,fear,stop,warning,fight,crisis,panic,collapse,risk,fraud,no,demand,complaints,emergency,shortage,low,war,forced,die
crude,empty,sc,fears,shit,anxiety,killed,fear,stop,warning,fight,crisis,panic,collapse,risk,fraud,no,demand,complaints,emergency,shortage,low,war,forced,die
crude,empty,sc,fears,shit,anxiety,killed,fear,stop,warning,fight,crisis,panic,collapse,risk,fraud,no,demand,complaints,emergency,shortage,low,war,forced,die
crude,empty,sc,fears,shit,anxiety,killed,fear,stop,warning,fight,crisis,panic,collapse,risk,fraud,no,demand,complaints,emergency,shortage,low,war,forced,die
crude,empty,sc,fears,shit,anxiety,killed,fear,stop,warning,fight,crisis,panic,collapse,risk,fraud,no,demand,complaints,emergency,shortage,low,war,forced,die
crude,empty,sc,fears,shit,anxiety,killed,fear,stop,warning,fight,crisis,panic,collapse,risk,fraud,no,demand,complaints,emergency,shortage,low,war,forced,die
crude,empty,sc,fears,shit,anxiety,killed,fear,stop,warning,fight,crisis,panic,collapse,risk,fraud,no,demand,complaints,emergency,shortage,low,war,forced,die
crude,empty,sc,fears,shit,anxiety,killed,fear,stop,warning,fight,crisis,panic,collapse,risk,fraud,no,demand,complaints,emergency,shortage,low,war,forced,die
crude,empty,sc,fears,shit,anxiety,killed,fear,stop,warning,fight,crisis,panic,collapse,risk,fraud,no,demand,complaints,emergency,shortage,low,war,forced,die
crude,empty,sc,fears,shit,anxiety,killed,fear,stop,warning,fight,crisis,panic,collapse,risk,fraud,no,demand,complaints,emergency,shortage,low,war,forced,die
crude,empty,sc,fears,shit,anxiety,killed,fear,stop,warning,fight,crisis,panic,collapse,risk,fraud,no,demand,complaints,emergency,shortage,low,war,forced,die
crude,empty,sc,fears,shit,anxiety,killed,fear,stop,warning,fight,crisis,panic,collapse,risk,fraud,no,demand,complaints,emergency,shortage,low,war,forced,die
crude,empty,sc,fears,shit,anxiety,killed,fear,stop,warning,fight,crisis,panic,collapse,risk,fraud,no,demand,complaints,emergency,shortage,low,war,forced,die
crude,empty,sc,fears,shit,anxiety,killed,fear,stop,warning,fight,crisis,panic,collapse,risk,fraud,no,demand,complaints,emergency,shortage,low,war,forced,die
crude,empty,sc,fears,shit,anxiety,killed,fear,stop,warning,fight,crisis,panic,collapse,risk,no,demand,complaints,emergency,poor,shortage,low,war,forced,die
crude,empty,sc,fears,shit,anxiety,killed,fear,stop,warning,fight,crisis,panic,collapse,risk,no,demand,complaints,emergency,poor,shortage,low,war,forced,die
crude,empty,sc,fears,shit,anxiety,killed,fear,stop,warning,fight,crisis,panic,collapse,risk,no,demand,complaints,emergency,poor,shortage,low,war,forced,die
crude,empty,sc,fears,shit,anxiety,killed,fear,stop,warning,fight,crisis,panic,collapse,risk,no,demand,complaints,emergency,poor,shortage,low,war,forced,die
crude,empty,recession,sc,fears,shit,anxiety,killed,fear,stop,warning,fight,crisis,panic,collapse,risk,no,demand,complaints,emergency,shortage,low,war,forced,die
crude,empty,recession,sc,fears,shit,anxiety,killed,fear,stop,warning,fight,crisis,panic,collapse,risk,no,demand,complaints,emergency,shortage,low,war,forced,die
crude,empty,recession,sc,fears,shit,anxiety,killed,fear,stop,warning,fight,crisis,panic,collapse,risk,no,demand,complaints,emergency,shortage,low,war,forced,die
crude,empty,recession,sc,fears,shit,anxiety,killed,fear,stop,warning,fight,crisis,panic,collapse,risk,no,demand,complaints,emergency,shortage,low,war,forced,die
crude,empty,recession,sc,fears,shit,anxiety,killed,fear,stop,warning,fight,crisis,panic,collapse,risk,no,demand,complaints,emergency,shortage,low,war,forced,die
crude,empty,recession,sc,fears,shit,anxiety,killed,fear,stop,warning,fight,crisis,panic,collapse,risk,no,demand,complaints,emergency,shortage,low,war,forced,die
crude,empty,recession,sc,fears,shit,anxiety,killed,fear,stop,warning,fight,crisis,panic,collapse,risk,no,demand,complaints,emergency,shortage,low,war,forced,die
crude,empty,recession,sc,fears,shit,anxiety,killed,fear,stop,warning,fight,crisis,panic,collapse,risk,no,demand,complaints,emergency,shortage,low,war,forced,die
crude,empty,recession,sc,fears,shit,anxiety,killed,fear,stop,warning,fight,crisis,panic,collapse,risk,no,demand,complaints,emergency,shortage,low,war,forced,die
crude,empty,recession,sc,fears,shit,anxiety,killed,fear,stop,warning,fight,crisis,panic,collapse,risk,no,demand,complaints,emergency,shortage,low,war,forced,die
crude,empty,recession,sc,fears,shit,anxiety,killed,fear,stop,warning,fight,crisis,panic,collapse,risk,no,demand,complaints,emergency,shortage,low,war,forced,die
crude,empty,recession,sc,fears,shit,anxiety,killed,fear,stop,warning,fight,crisis,panic,collapse,risk,no,demand,complaints,emergency,shortage,low,war,forced,die
crude,empty,recession,sc,fears,shit,anxiety,killed,fear,stop,warning,fight,crisis,panic,collapse,risk,no,demand,complaints,emergency,shortage,low,war,forced,die
crude,empty,recession,sc,fears,shit,anxiety,killed,fear,stop,warning,fight,crisis,panic,collapse,risk,no,demand,complaints,emergency,shortage,low,war,forced,die
crude,empty,recession,sc,fears,shit,anxiety,killed,fear,stop,warning,fight,crisis,panic,collapse,risk,no,demand,complaints,emergency,shortage,low,war,forced,die
crude,empty,recession,sc,fears,shit,anxiety,killed,fear,stop,warning,fight,crisis,panic,collapse,risk,no,demand,complaints,emergency,shortage,low,war,forced,die
crude,empty,recession,sc,fears,shit,anxiety,killed,fear,stop,warning,fight,crisis,panic,collapse,risk,no,demand,complaints,emergency,shortage,low,war,forced,die
crude,empty,recession,sc,fears,shit,anxiety,killed,fear,stop,warning,fight,crisis,panic,collapse,risk,no,demand,complaints,emergency,shortage,low,war,forced,die
crude,empty,recession,sc,fears,shit,anxiety,killed,fear,stop,warning,fight,crisis,panic,collapse,risk,no,demand,complaints,emergency,shortage,low,war,forced,die
crude,empty,recession,sc,fears,shit,anxiety,killed,fear,stop,warning,fight,crisis,panic,collapse,risk,no,demand,complaints,emergency,shortage,low,war,forced,die
crude,empty,recession,sc,fears,shit,anxiety,killed,fear,stop,warning,fight,crisis,panic,collapse,risk,no,demand,complaints,emergency,shortage,low,war,forced,die
crude,empty,recession,sc,fears,shit,anxiety,killed,fear,stop,warning,fight,crisis,panic,collapse,risk,no,demand,complaints,emergency,shortage,low,war,forced,die
crude,empty,recession,sc,fears,shit,anxiety,killed,fear,stop,warning,fight,crisis,panic,collapse,risk,no,demand,complaints,emergency,shortage,low,war,forced,die
crude,empty,recession,sc,fears,shit,anxiety,killed,fear,stop,warning,fight,crisis,panic,collapse,risk,no,demand,complaints,emergency,shortage,low,war,forced,die
crude,empty,recession,sc,fears,shit,anxiety,killed,fear,stop,warning,fight,crisis,panic,collapse,risk,no,demand,complaints,emergency,shortage,low,war,forced,die
crude,empty,recession,sc,fears,shit,anxiety,killed,fear,stop,warning,fight,crisis,panic,collapse,risk,no,demand,complaints,emergency,shortage,low,war,forced,die
crude,empty,recession,sc,fears,shit,anxiety,killed,fear,stop,warning,fight,crisis,panic,collapse,risk,no,demand,complaints,emergency,shortage,low,war,forced,die
crude,empty,recession,sc,fears,shit,anxiety,killed,fear,stop,warning,fight,crisis,panic,collapse,risk,no,demand,complaints,emergency,shortage,low,war,forced,die
crude,empty,recession,sc,fears,shit,anxiety,killed,fear,stop,warning,fight,crisis,panic,collapse,risk,no,demand,complaints,emergency,shortage,low,war,forced,die
crude,empty,recession,sc,fears,shit,anxiety,killed,fear,stop,warning,fight,crisis,panic,collapse,risk,no,demand,complaints,emergency,shortage,low,war,forced,die
crude,empty,recession,sc,fears,shit,anxiety,killed,fear,stop,warning,fight,crisis,panic,collapse,risk,no,demand,complaints,emergency,shortage,low,war,forced,die
crude,empty,recession,sc,fears,shit,anxiety,killed,fear,stop,warning,fight,crisis,panic,collapse,risk,no,demand,complaints,emergency,shortage,low,war,forced,die
crude,empty,recession,sc,fears,shit,anxiety,killed,fear,stop,warning,fight,crisis,panic,collapse,risk,no,demand,complaints,emergency,shortage,low,war,forced,die
crude,empty,recession,sc,fears,shit,anxiety,killed,fear,stop,warning,fight,crisis,panic,collapse,risk,no,demand,complaints,emergency,shortage,low,war,forced,die
crude,empty,recession,sc,fears,shit,anxiety,killed,fear,stop,warning,fight,crisis,panic,collapse,risk,no,demand,complaints,emergency,shortage,low,war,forced,die
crude,empty,recession,sc,fears,shit,anxiety,killed,fear,stop,warning,fight,crisis,panic,collapse,risk,no,demand,complaints,emergency,shortage,low,war,forced,die
crude,empty,recession,sc,fears,shit,anxiety,killed,fear,stop,warning,fight,crisis,panic,collapse,risk,no,demand,complaints,emergency,shortage,low,war,forced,die
crude,empty,recession,sc,fears,shit,anxiety,killed,fear,stop,warning,fight,crisis,panic,collapse,risk,no,demand,complaints,emergency,shortage,low,war,forced,die
crude,empty,recession,sc,fears,shit,anxiety,killed,fear,stop,warning,fight,crisis,panic,collapse,risk,no,demand,complaints,emergency,shortage,low,war,forced,die
crude,empty,recession,sc,fears,shit,anxiety,killed,fear,stop,warning,fight,crisis,panic,collapse,risk,no,demand,complaints,emergency,shortage,low,war,forced,die
crude,empty,recession,sc,fears,shit,anxiety,killed,fear,stop,warning,fight,crisis,panic,collapse,risk,no,demand,complaints,emergency,shortage,low,war,forced,die
crude,empty,recession,sc,fears,shit,anxiety,killed,fear,stop,warning,fight,crisis,panic,collapse,risk,no,demand,complaints,emergency,shortage,low,war,forced,die
crude,empty,recession,sc,fears,shit,anxiety,killed,fear,stop,warning,fight,crisis,panic,collapse,risk,no,demand,complaints,emergency,shortage,low,war,forced,die
crude,empty,recession,sc,fears,shit,anxiety,killed,fear,stop,warning,fight,crisis,panic,collapse,risk,no,demand,complaints,emergency,shortage,low,war,forced,die
crude,empty,recession,sc,fears,shit,anxiety,killed,fear,stop,warning,fight,crisis,panic,collapse,risk,no,demand,complaints,emergency,shortage,low,war,forced,die
crude,empty,recession,sc,fears,shit,anxiety,killed,fear,stop,warning,fight,crisis,panic,collapse,risk,no,demand,complaints,emergency,shortage,low,war,forced,die
crude,empty,recession,sc,fears,shit,anxiety,killed,fear,stop,warning,fight,crisis,panic,collapse,risk,no,demand,complaints,emergency,shortage,low,war,forced,die
crude,empty,recession,sc,fears,shit,anxiety,killed,fear,stop,warning,fight,crisis,panic,collapse,risk,no,demand,complaints,emergency,shortage,low,war,forced,die
crude,empty,recession,sc,fears,shit,anxiety,killed,fear,stop,warning,fight,crisis,panic,collapse,risk,no,demand,complaints,emergency,shortage,low,war,forced,die
crude,empty,recession,sc,fears,shit,anxiety,killed,fear,stop,warning,fight,crisis,panic,collapse,risk,no,demand,complaints,emergency,shortage,low,war,forced,die
crude,empty,recession,sc,fears,shit,anxiety,killed,fear,stop,warning,fight,crisis,panic,collapse,risk,no,demand,complaints,emergency,shortage,low,war,forced,die
crude,empty,recession,sc,fears,shit,anxiety,killed,fear,stop,warning,fight,crisis,panic,collapse,risk,no,demand,complaints,emergency,shortage,low,war,forced,die
crude,empty,recession,sc,fears,shit,anxiety,killed,fear,stop,warning,fight,crisis,panic,collapse,risk,no,demand,complaints,emergency,shortage,low,war,forced,die
crude,empty,recession,sc,fears,shit,anxiety,killed,fear,stop,warning,fight,crisis,panic,collapse,risk,no,demand,complaints,emergency,shortage,low,war,forced,die
crude,empty,recession,sc,fears,shit,anxiety,killed,fear,stop,warning,fight,crisis,panic,collapse,risk,no,demand,complaints,emergency,shortage,low,war,forced,die
crude,empty,recession,sc,fears,shit,anxiety,killed,fear,stop,warning,fight,crisis,panic,collapse,risk,no,demand,complaints,emergency,shortage,low,war,forced,die
crude,empty,recession,sc,fears,shit,anxiety,killed,fear,stop,warning,fight,crisis,panic,collapse,risk,no,demand,complaints,emergency,shortage,low,war,forced,die
crude,empty,recession,sc,fears,shit,anxiety,killed,fear,stop,warning,fight,crisis,panic,collapse,risk,no,demand,complaints,emergency,shortage,low,war,forced,die
crude,empty,recession,sc,fears,shit,anxiety,killed,fear,stop,warning,fight,crisis,panic,collapse,risk,no,demand,complaints,emergency,shortage,low,war,forced,die
crude,empty,recession,sc,fears,shit,anxiety,killed,fear,stop,warning,fight,crisis,panic,collapse,risk,no,demand,complaints,emergency,shortage,low,war,forced,die
crude,empty,recession,sc,fears,shit,anxiety,killed,fear,stop,warning,fight,crisis,panic,collapse,risk,no,demand,complaints,emergency,shortage,low,war,forced,die
crude,empty,recession,sc,fears,shit,anxiety,killed,fear,stop,warning,fight,crisis,panic,collapse,risk,no,demand,complaints,emergency,shortage,low,war,forced,die
crude,empty,recession,sc,fears,shit,anxiety,killed,fear,stop,warning,fight,crisis,panic,collapse,risk,no,demand,complaints,emergency,shortage,low,war,forced,die
crude,empty,recession,sc,fears,shit,anxiety,killed,fear,stop,warning,fight,crisis,panic,collapse,risk,no,demand,complaints,emergency,shortage,low,war,forced,die
crude,empty,recession,sc,fears,shit,anxiety,killed,fear,stop,fight,crisis,panic,collapse,risk,no,demand,complaints,emergency,poor,shortage,low,war,forced,die
crude,empty,recession,sc,fears,shit,anxiety,killed,fear,stop,fight,crisis,panic,collapse,risk,no,demand,complaints,emergency,poor,shortage,low,war,forced,die
crude,empty,recession,sc,fears,shit,anxiety,killed,fear,stop,fight,crisis,panic,collapse,risk,no,demand,complaints,emergency,poor,shortage,low,war,forced,die
crude,empty,recession,sc,fears,shit,anxiety,killed,fear,stop,fight,crisis,panic,collapse,risk,no,demand,complaints,emergency,poor,shortage,low,war,forced,die
crude,empty,recession,sc,fears,shit,anxiety,killed,fear,stop,fight,crisis,panic,collapse,risk,no,demand,complaints,emergency,poor,shortage,low,war,forced,die
crude,empty,recession,sc,fears,shit,anxiety,killed,fear,stop,fight,crisis,panic,collapse,risk,no,demand,complaints,emergency,poor,shortage,low,war,forced,die
crude,empty,recession,sc,fears,shit,anxiety,killed,fear,stop,fight,crisis,panic,collapse,risk,no,demand,complaints,emergency,poor,shortage,low,war,forced,die
crude,empty,recession,sc,fears,shit,anxiety,killed,fear,stop,fight,crisis,panic,collapse,risk,no,demand,complaints,emergency,poor,shortage,low,war,forced,die
crude,empty,recession,sc,fears,shit,anxiety,killed,fear,stop,warning,crisis,panic,collapse,risk,no,demand,complaints,emergency,poor,shortage,low,war,forced,die
crude,empty,recession,sc,fears,shit,anxiety,killed,fear,stop,warning,crisis,panic,collapse,risk,no,demand,complaints,emergency,poor,shortage,low,war,forced,die
crude,empty,recession,sc,fears,shit,anxiety,killed,fear,stop,warning,crisis,panic,collapse,risk,no,demand,complaints,emergency,poor,shortage,low,war,forced,die
crude,empty,recession,sc,fears,shit,anxiety,killed,fear,stop,warning,crisis,panic,collapse,risk,no,demand,complaints,emergency,poor,shortage,low,war,forced,die
crude,empty,recession,sc,fears,shit,anxiety,killed,fear,stop,warning,crisis,panic,collapse,risk,no,demand,complaints,emergency,poor,shortage,low,war,forced,die
crude,empty,recession,sc,fears,shit,anxiety,killed,fear,stop,warning,crisis,panic,collapse,risk,no,demand,complaints,emergency,poor,shortage,low,war,forced,die
crude,empty,recession,sc,fears,shit,anxiety,killed,fear,stop,warning,crisis,panic,collapse,risk,no,demand,complaints,emergency,poor,shortage,low,war,forced,die
crude,empty,recession,sc,fears,shit,anxiety,killed,fear,stop,warning,crisis,panic,collapse,risk,no,demand,complaints,emergency,poor,shortage,low,war,forced,die
crude,empty,recession,sc,fears,shit,anxiety,killed,fear,stop,warning,crisis,panic,collapse,risk,no,demand,complaints,emergency,poor,shortage,low,war,forced,die
crude,empty,recession,sc,fears,shit,anxiety,killed,fear,stop,warning,crisis,panic,collapse,risk,no,demand,complaints,emergency,poor,shortage,low,war,forced,die
crude,empty,recession,sc,fears,shit,anxiety,killed,fear,stop,warning,crisis,panic,collapse,risk,no,demand,complaints,emergency,poor,shortage,low,war,forced,die
crude,empty,recession,sc,fears,shit,anxiety,killed,fear,stop,warning,crisis,panic,collapse,risk,no,demand,complaints,emergency,poor,shortage,low,war,forced,die
crude,empty,recession,sc,fears,shit,anxiety,killed,fear,stop,warning,crisis,panic,collapse,risk,no,demand,complaints,emergency,poor,shortage,low,war,forced,die
crude,empty,recession,sc,fears,shit,anxiety,killed,fear,stop,warning,crisis,panic,collapse,risk,no,demand,complaints,emergency,poor,shortage,low,war,forced,die
crude,empty,recession,sc,fears,shit,anxiety,killed,fear,stop,warning,crisis,panic,collapse,risk,no,demand,complaints,emergency,poor,shortage,low,war,forced,die
crude,empty,recession,sc,fears,shit,anxiety,killed,fear,stop,warning,crisis,panic,collapse,risk,fraud,no,complaints,emergency,poor,shortage,low,war,forced,die
crude,empty,recession,sc,fears,shit,anxiety,killed,fear,stop,warning,crisis,panic,collapse,risk,fraud,no,complaints,emergency,poor,shortage,low,war,forced,die
crude,empty,recession,sc,fears,shit,anxiety,killed,fear,stop,warning,crisis,panic,collapse,risk,fraud,no,complaints,emergency,poor,shortage,low,war,forced,die
crude,empty,recession,sc,fears,shit,anxiety,killed,fear,stop,warning,crisis,panic,collapse,risk,fraud,no,complaints,emergency,poor,shortage,low,war,forced,die
crude,empty,recession,sc,fears,shit,anxiety,killed,fear,stop,warning,crisis,panic,collapse,risk,fraud,no,complaints,emergency,poor,shortage,low,war,forced,die
crude,empty,recession,sc,fears,shit,anxiety,killed,fear,stop,warning,crisis,panic,collapse,risk,fraud,no,complaints,emergency,poor,shortage,low,war,forced,die
crude,empty,recession,sc,fears,shit,anxiety,killed,fear,stop,warning,crisis,panic,collapse,risk,fraud,no,complaints,emergency,poor,shortage,low,war,forced,die
crude,empty,recession,sc,fears,shit,anxiety,killed,fear,stop,warning,crisis,panic,collapse,risk,fraud,no,complaints,emergency,poor,shortage,low,war,forced,die
crude,empty,recession,sc,fears,shit,anxiety,killed,fear,stop,warning,crisis,panic,collapse,risk,fraud,no,complaints,emergency,poor,shortage,low,war,forced,die
crude,empty,recession,sc,fears,shit,anxiety,killed,fear,stop,warning,crisis,panic,collapse,risk,fraud,no,complaints,emergency,poor,shortage,low,war,forced,die
crude,empty,recession,sc,fears,shit,anxiety,killed,fear,stop,warning,crisis,panic,collapse,risk,fraud,no,complaints,emergency,poor,shortage,low,war,forced,die
crude,empty,recession,sc,fears,shit,anxiety,killed,fear,stop,warning,crisis,panic,collapse,risk,fraud,no,complaints,emergency,poor,shortage,low,war,forced,die
crude,empty,recession,sc,fears,shit,anxiety,killed,fear,stop,warning,crisis,panic,collapse,risk,fraud,no,complaints,emergency,poor,shortage,low,war,forced,die
crude,empty,recession,sc,fears,shit,anxiety,killed,fear,stop,warning,crisis,panic,collapse,risk,fraud,no,complaints,emergency,poor,shortage,low,war,forced,die
crude,empty,recession,sc,fears,shit,anxiety,killed,fear,stop,warning,crisis,panic,collapse,risk,fraud,no,complaints,emergency,poor,shortage,low,war,forced,die
crude,empty,recession,sc,fears,shit,anxiety,killed,fear,stop,warning,crisis,panic,collapse,risk,fraud,no,complaints,emergency,poor,shortage,low,war,forced,die
crude,empty,recession,sc,fears,shit,anxiety,killed,fear,stop,warning,crisis,panic,collapse,risk,fraud,no,complaints,emergency,poor,shortage,low,war,forced,die
crude,empty,recession,sc,fears,shit,anxiety,killed,fear,stop,warning,crisis,panic,collapse,risk,fraud,no,complaints,emergency,poor,shortage,low,war,forced,die
crude,empty,recession,sc,fears,shit,anxiety,killed,fear,stop,warning,crisis,panic,collapse,risk,fraud,no,complaints,emergency,poor,shortage,low,war,forced,die
crude,empty,recession,sc,fears,shit,anxiety,killed,fear,stop,warning,crisis,panic,collapse,risk,fraud,no,complaints,emergency,poor,shortage,low,war,forced,die
crude,empty,recession,sc,fears,shit,anxiety,killed,fear,stop,warning,crisis,panic,collapse,risk,fraud,no,complaints,emergency,poor,shortage,low,war,forced,die
crude,empty,recession,sc,fears,shit,anxiety,killed,fear,stop,warning,crisis,panic,collapse,risk,fraud,no,complaints,emergency,poor,shortage,low,war,forced,die
crude,empty,recession,sc,fears,shit,anxiety,killed,fear,stop,warning,crisis,panic,collapse,risk,fraud,no,complaints,emergency,poor,shortage,low,war,forced,die
crude,empty,recession,sc,fears,shit,anxiety,killed,fear,stop,warning,crisis,panic,collapse,risk,fraud,no,complaints,emergency,poor,shortage,low,war,forced,die
crude,empty,recession,sc,fears,shit,anxiety,killed,fear,stop,warning,crisis,panic,collapse,risk,fraud,no,complaints,emergency,poor,shortage,low,war,forced,die
crude,empty,recession,sc,fears,shit,anxiety,killed,fear,stop,warning,crisis,panic,collapse,risk,fraud,no,complaints,emergency,poor,shortage,low,war,forced,die
crude,empty,recession,sc,fears,shit,anxiety,killed,fear,stop,warning,crisis,panic,collapse,risk,fraud,no,complaints,emergency,poor,shortage,low,war,forced,die
crude,empty,recession,sc,fears,shit,anxiety,killed,fear,stop,warning,crisis,panic,collapse,risk,fraud,no,complaints,emergency,poor,shortage,low,war,forced,die
crude,empty,recession,sc,fears,shit,anxiety,killed,fear,stop,warning,crisis,panic,collapse,risk,fraud,no,complaints,emergency,poor,shortage,low,war,forced,die
crude,empty,recession,sc,fears,shit,anxiety,killed,fear,stop,warning,crisis,panic,collapse,risk,fraud,no,complaints,emergency,poor,shortage,low,war,forced,die
crude,empty,recession,sc,fears,shit,anxiety,killed,fear,stop,warning,crisis,panic,collapse,risk,fraud,no,complaints,emergency,poor,shortage,low,war,forced,die
crude,empty,recession,sc,fears,shit,anxiety,killed,fear,stop,warning,crisis,panic,collapse,risk,fraud,no,complaints,emergency,poor,shortage,low,war,forced,die
crude,empty,recession,sc,fears,shit,anxiety,killed,fear,stop,warning,crisis,panic,collapse,risk,fraud,no,complaints,emergency,poor,shortage,low,war,forced,die
crude,empty,recession,sc,fears,shit,anxiety,killed,fear,stop,warning,crisis,panic,collapse,risk,fraud,no,complaints,emergency,poor,shortage,low,war,forced,die
crude,empty,recession,sc,fears,shit,anxiety,killed,fear,stop,warning,crisis,panic,collapse,risk,fraud,no,complaints,emergency,poor,shortage,low,war,forced,die
crude,empty,recession,sc,fears,shit,anxiety,killed,fear,stop,warning,crisis,panic,collapse,risk,fraud,no,complaints,emergency,poor,shortage,low,war,forced,die
crude,empty,recession,sc,fears,shit,anxiety,killed,fear,stop,warning,crisis,panic,collapse,risk,fraud,arrested,no,complaints,emergency,poor,shortage,low,war,forced
crude,empty,recession,sc,fears,shit,anxiety,killed,fear,stop,warning,crisis,panic,collapse,risk,fraud,arrested,no,complaints,emergency,poor,shortage,low,war,forced
crude,empty,recession,sc,fears,shit,anxiety,killed,fear,stop,warning,crisis,panic,collapse,risk,fraud,arrested,no,complaints,emergency,poor,shortage,low,war,forced
crude,empty,recession,sc,fears,shit,anxiety,killed,fear,stop,warning,crisis,panic,collapse,risk,fraud,arrested,no,complaints,emergency,poor,shortage,low,war,forced
crude,empty,recession,sc,fears,shit,anxiety,killed,fear,stop,warning,crisis,panic,collapse,risk,fraud,arrested,no,complaints,emergency,poor,shortage,low,war,forced
crude,empty,recession,sc,fears,shit,anxiety,killed,fear,stop,warning,crisis,panic,collapse,risk,fraud,arrested,no,complaints,emergency,poor,shortage,low,war,forced
crude,empty,recession,sc,fears,shit,anxiety,killed,fear,stop,warning,crisis,panic,collapse,risk,fraud,arrested,no,complaints,emergency,poor,shortage,low,war,forced
crude,empty,recession,sc,fears,shit,anxiety,killed,fear,stop,warning,crisis,panic,collapse,risk,fraud,arrested,no,complaints,emergency,poor,shortage,low,war,forced
crude,empty,recession,sc,fears,shit,anxiety,killed,fear,stop,warning,crisis,panic,collapse,risk,fraud,arrested,no,complaints,emergency,poor,shortage,low,war,forced
crude,empty,recession,sc,fears,shit,anxiety,killed,fear,stop,warning,crisis,panic,collapse,risk,fraud,arrested,no,complaints,emergency,poor,shortage,low,war,forced
crude,empty,recession,sc,fears,shit,anxiety,killed,fear,stop,warning,crisis,panic,collapse,risk,fraud,arrested,no,complaints,emergency,poor,shortage,low,war,forced
crude,empty,recession,sc,fears,shit,anxiety,killed,fear,stop,warning,crisis,panic,collapse,risk,fraud,arrested,no,complaints,emergency,poor,shortage,low,war,forced
crude,empty,recession,sc,fears,shit,anxiety,killed,fear,stop,warning,crisis,panic,collapse,risk,fraud,arrested,no,complaints,emergency,poor,shortage,low,war,forced
crude,empty,recession,sc,fears,shit,anxiety,killed,fear,stop,warning,crisis,panic,collapse,risk,fraud,arrested,no,complaints,emergency,poor,shortage,low,war,forced
crude,empty,recession,sc,fears,shit,anxiety,killed,fear,stop,warning,crisis,panic,collapse,risk,fraud,arrested,no,complaints,emergency,poor,shortage,low,war,forced
crude,empty,recession,sc,fears,shit,anxiety,killed,fear,stop,warning,crisis,panic,collapse,risk,fraud,arrested,no,complaints,emergency,poor,shortage,low,war,forced
crude,empty,recession,sc,fears,shit,anxiety,killed,fear,stop,warning,crisis,panic,collapse,risk,fraud,arrested,no,complaints,emergency,poor,shortage,low,war,forced
crude,empty,recession,sc,fears,shit,anxiety,killed,fear,stop,warning,crisis,panic,collapse,risk,fraud,arrested,no,complaints,emergency,poor,shortage,low,war,forced
crude,empty,recession,sc,fears,shit,anxiety,killed,fear,stop,warning,crisis,panic,collapse,risk,fraud,arrested,no,complaints,emergency,poor,shortage,low,war,forced
crude,empty,recession,sc,fears,shit,anxiety,killed,fear,stop,warning,crisis,panic,collapse,risk,fraud,arrested,no,complaints,emergency,poor,shortage,low,war,forced
crude,empty,recession,sc,fears,shit,anxiety,killed,fear,stop,warning,crisis,panic,collapse,risk,fraud,arrested,no,complaints,emergency,poor,shortage,low,war,forced
crude,empty,recession,sc,fears,shit,anxiety,killed,fear,stop,warning,crisis,panic,collapse,risk,fraud,arrested,no,complaints,emergency,poor,shortage,low,war,forced
crude,empty,recession,sc,fears,shit,anxiety,killed,fear,stop,warning,crisis,panic,collapse,risk,fraud,arrested,no,complaints,emergency,poor,shortage,low,war,forced
crude,empty,recession,sc,fears,shit,anxiety,killed,fear,stop,warning,crisis,panic,collapse,risk,fraud,arrested,no,complaints,emergency,poor,shortage,low,war,forced
crude,empty,recession,sc,fears,shit,anxiety,killed,fear,stop,warning,crisis,panic,collapse,risk,fraud,arrested,no,complaints,emergency,poor,shortage,low,war,forced
crude,empty,recession,sc,fears,shit,anxiety,killed,fear,stop,warning,crisis,panic,collapse,risk,fraud,arrested,no,complaints,emergency,poor,shortage,low,war,forced
crude,empty,recession,sc,fears,shit,anxiety,killed,fear,stop,warning,crisis,panic,collapse,risk,fraud,arrested,no,complaints,emergency,poor,shortage,low,war,forced
crude,empty,recession,sc,fears,shit,anxiety,killed,fear,stop,warning,fight,crisis,panic,collapse,fraud,arrested,no,complaints,emergency,poor,shortage,low,war,forced
crude,empty,recession,sc,fears,shit,anxiety,killed,fear,stop,warning,fight,crisis,panic,collapse,fraud,arrested,no,complaints,emergency,poor,shortage,low,war,forced
crude,empty,recession,sc,fears,shit,anxiety,killed,fear,stop,warning,fight,crisis,panic,collapse,fraud,arrested,no,complaints,emergency,poor,shortage,low,war,forced
crude,empty,recession,sc,fears,shit,anxiety,killed,fear,stop,warning,fight,crisis,panic,collapse,fraud,arrested,no,complaints,emergency,poor,shortage,low,war,forced
crude,empty,recession,sc,fears,shit,anxiety,killed,fear,stop,warning,fight,crisis,panic,collapse,fraud,arrested,no,complaints,emergency,poor,shortage,low,war,forced
crude,empty,recession,sc,fears,shit,anxiety,killed,fear,stop,warning,fight,crisis,panic,collapse,fraud,arrested,no,complaints,emergency,poor,shortage,low,war,forced
crude,empty,recession,sc,fears,shit,anxiety,killed,fear,stop,warning,fight,crisis,panic,collapse,fraud,arrested,no,complaints,emergency,poor,shortage,low,war,forced
crude,empty,recession,sc,fears,shit,anxiety,killed,fear,stop,warning,fight,crisis,panic,collapse,fraud,arrested,no,complaints,emergency,poor,shortage,low,war,forced
crude,empty,recession,sc,fears,shit,anxiety,killed,fear,stop,warning,fight,crisis,panic,collapse,fraud,arrested,no,complaints,emergency,poor,shortage,low,war,forced
crude,empty,recession,sc,fears,shit,anxiety,killed,fear,stop,warning,fight,crisis,panic,collapse,fraud,arrested,no,complaints,emergency,poor,shortage,low,war,forced
crude,empty,recession,sc,fears,shit,anxiety,killed,fear,stop,warning,fight,crisis,panic,collapse,fraud,arrested,no,complaints,emergency,poor,shortage,low,war,forced
crude,empty,recession,sc,fears,shit,anxiety,killed,fear,stop,warning,fight,crisis,panic,collapse,fraud,arrested,no,complaints,emergency,poor,shortage,low,war,forced
crude,empty,recession,sc,fears,shit,anxiety,killed,fear,stop,warning,fight,crisis,panic,collapse,fraud,arrested,no,complaints,emergency,poor,shortage,low,war,forced
crude,empty,recession,sc,fears,shit,anxiety,killed,fear,stop,warning,fight,crisis,panic,collapse,fraud,arrested,no,complaints,emergency,poor,shortage,low,war,forced
crude,empty,recession,sc,fears,shit,anxiety,killed,fear,stop,warning,fight,crisis,panic,collapse,fraud,arrested,no,complaints,emergency,poor,shortage,low,war,forced
crude,empty,recession,sc,fears,shit,anxiety,killed,fear,stop,warning,fight,crisis,panic,collapse,fraud,arrested,no,complaints,emergency,poor,shortage,low,war,forced
crude,empty,recession,sc,fears,shit,anxiety,killed,fear,stop,warning,fight,crisis,panic,collapse,fraud,arrested,no,complaints,emergency,poor,shortage,low,war,forced
crude,empty,recession,sc,fears,shit,anxiety,killed,fear,stop,warning,fight,crisis,panic,collapse,fraud,arrested,no,complaints,emergency,poor,shortage,low,war,forced
crude,empty,recession,sc,fears,shit,anxiety,killed,fear,stop,warning,fight,crisis,panic,collapse,fraud,arrested,no,complaints,emergency,poor,shortage,low,war,forced
crude,empty,recession,sc,fears,shit,anxiety,killed,fear,stop,warning,fight,crisis,panic,collapse,fraud,arrested,no,complaints,emergency,poor,shortage,low,war,forced
crude,empty,recession,sc,fears,shit,anxiety,killed,fear,stop,warning,fight,crisis,panic,collapse,fraud,arrested,no,complaints,emergency,poor,shortage,low,war,forced
crude,empty,recession,sc,fears,shit,anxiety,killed,fear,stop,warning,fight,crisis,panic,collapse,fraud,arrested,no,complaints,emergency,poor,shortage,low,war,forced
crude,empty,recession,sc,fears,shit,anxiety,killed,fear,stop,warning,fight,crisis,panic,collapse,fraud,arrested,no,complaints,emergency,poor,shortage,low,war,forced
crude,empty,recession,sc,fears,shit,anxiety,killed,fear,stop,warning,fight,crisis,panic,collapse,fraud,arrested,no,complaints,emergency,poor,shortage,low,war,forced
crude,empty,recession,sc,fears,shit,anxiety,killed,fear,stop,warning,fight,crisis,panic,collapse,fraud,arrested,no,complaints,emergency,poor,shortage,low,war,forced
crude,empty,recession,sc,fears,shit,anxiety,killed,fear,stop,warning,fight,crisis,panic,collapse,fraud,arrested,no,complaints,emergency,poor,shortage,low,war,forced
crude,empty,recession,sc,fears,shit,anxiety,killed,fear,stop,warning,fight,crisis,panic,collapse,fraud,arrested,no,complaints,emergency,poor,shortage,low,war,forced
crude,empty,recession,sc,fears,shit,anxiety,killed,fear,stop,warning,fight,crisis,panic,collapse,fraud,arrested,no,complaints,emergency,poor,shortage,low,war,forced
crude,empty,recession,sc,fears,shit,anxiety,killed,fear,stop,warning,fight,crisis,panic,collapse,fraud,arrested,no,complaints,emergency,poor,shortage,low,war,forced
crude,empty,recession,sc,fears,shit,anxiety,killed,fear,stop,warning,fight,crisis,panic,collapse,fraud,arrested,no,complaints,emergency,poor,shortage,low,war,forced
crude,empty,recession,sc,fears,shit,anxiety,killed,fear,stop,warning,fight,crisis,panic,collapse,fraud,arrested,no,complaints,emergency,poor,shortage,low,war,forced
crude,empty,recession,sc,fears,shit,anxiety,killed,fear,stop,warning,fight,crisis,panic,collapse,fraud,arrested,no,complaints,emergency,poor,shortage,low,war,forced
crude,empty,recession,sc,fears,shit,anxiety,killed,fear,stop,warning,fight,crisis,panic,collapse,fraud,arrested,no,complaints,emergency,poor,shortage,low,war,forced
crude,empty,recession,sc,fears,shit,anxiety,killed,fear,stop,warning,fight,crisis,panic,collapse,fraud,arrested,no,complaints,emergency,poor,shortage,low,war,forced
crude,empty,recession,sc,fears,shit,anxiety,killed,fear,stop,warning,fight,crisis,panic,collapse,fraud,arrested,no,complaints,emergency,poor,shortage,low,war,forced
crude,empty,recession,sc,fears,shit,anxiety,killed,fear,stop,warning,fight,crisis,panic,collapse,fraud,arrested,no,complaints,emergency,poor,shortage,low,war,forced
crude,empty,recession,sc,fears,shit,anxiety,killed,fear,stop,warning,fight,crisis,panic,collapse,fraud,arrested,no,complaints,emergency,poor,shortage,low,war,forced
crude,empty,recession,sc,fears,shit,anxiety,killed,fear,stop,warning,fight,crisis,panic,collapse,fraud,arrested,no,complaints,emergency,poor,shortage,low,war,forced
crude,empty,recession,sc,fears,shit,anxiety,killed,fear,stop,warning,fight,crisis,panic,collapse,fraud,arrested,no,complaints,emergency,poor,shortage,low,war,forced
crude,empty,recession,sc,fears,shit,anxiety,killed,fear,stop,warning,fight,crisis,panic,collapse,fraud,arrested,no,complaints,emergency,poor,shortage,low,war,forced
crude,empty,recession,sc,fears,shit,anxiety,killed,fear,stop,warning,fight,crisis,panic,collapse,fraud,arrested,no,complaints,emergency,poor,shortage,low,war,forced
crude,empty,recession,sc,fears,shit,anxiety,killed,fear,stop,warning,fight,crisis,panic,collapse,fraud,arrested,no,complaints,emergency,poor,shortage,low,war,forced
crude,empty,recession,sc,fears,shit,anxiety,killed,fear,stop,warning,fight,crisis,panic,collapse,fraud,arrested,no,complaints,emergency,poor,shortage,low,war,forced
crude,empty,recession,sc,fears,shit,anxiety,killed,fear,stop,warning,fight,crisis,panic,collapse,fraud,arrested,no,complaints,emergency,poor,shortage,low,war,forced
crude,empty,recession,sc,fears,shit,anxiety,killed,fear,stop,warning,fight,crisis,panic,collapse,fraud,arrested,no,complaints,emergency,poor,shortage,low,war,forced
crude,empty,recession,sc,fears,shit,anxiety,killed,fear,stop,warning,fight,crisis,panic,collapse,fraud,arrested,no,complaints,emergency,poor,shortage,low,war,forced
crude,empty,recession,sc,fears,shit,anxiety,killed,fear,stop,warning,fight,crisis,panic,collapse,fraud,arrested,no,complaints,emergency,poor,shortage,low,war,forced
crude,empty,recession,sc,fears,shit,anxiety,killed,fear,stop,warning,fight,crisis,panic,collapse,fraud,arrested,no,complaints,emergency,poor,shortage,low,war,forced
crude,empty,recession,sc,fears,shit,anxiety,killed,fear,stop,warning,fight,crisis,panic,collapse,fraud,arrested,no,complaints,emergency,poor,shortage,low,war,forced
crude,empty,recession,sc,fears,shit,anxiety,killed,fear,stop,warning,fight,crisis,panic,collapse,fraud,arrested,no,complaints,emergency,poor,shortage,low,war,forced
crude,empty,recession,sc,fears,shit,anxiety,killed,fear,stop,warning,fight,crisis,panic,collapse,fraud,arrested,no,complaints,emergency,poor,shortage,low,war,forced
crude,empty,recession,sc,fears,shit,anxiety,killed,fear,stop,warning,fight,crisis,panic,collapse,fraud,arrested,no,complaints,emergency,poor,shortage,low,war,forced
crude,empty,recession,sc,fears,shit,anxiety,killed,fear,stop,warning,fight,crisis,panic,collapse,fraud,arrested,no,complaints,emergency,poor,shortage,low,war,forced
crude,empty,recession,sc,fears,shit,anxiety,killed,fear,stop,warning,fight,crisis,panic,collapse,fraud,arrested,no,complaints,emergency,poor,shortage,low,war,forced
crude,empty,recession,sc,fears,shit,anxiety,killed,fear,stop,warning,fight,crisis,panic,collapse,fraud,arrested,no,complaints,emergency,poor,shortage,low,war,forced
crude,empty,recession,sc,fears,shit,anxiety,killed,fear,stop,warning,fight,crisis,panic,collapse,fraud,arrested,no,complaints,emergency,poor,shortage,low,war,forced
crude,empty,recession,sc,fears,shit,anxiety,killed,fear,stop,warning,fight,crisis,panic,collapse,fraud,arrested,no,complaints,emergency,poor,shortage,low,war,forced
crude,empty,recession,sc,fears,shit,anxiety,killed,fear,stop,warning,fight,crisis,panic,collapse,fraud,arrested,no,complaints,emergency,poor,shortage,low,war,forced
crude,empty,recession,sc,fears,shit,anxiety,killed,fear,stop,warning,fight,crisis,panic,collapse,fraud,arrested,no,complaints,emergency,poor,shortage,low,war,forced
crude,empty,recession,sc,fears,shit,anxiety,killed,fear,stop,warning,fight,crisis,panic,collapse,fraud,arrested,no,complaints,emergency,poor,shortage,low,war,forced
crude,empty,recession,sc,fears,shit,anxiety,killed,fear,stop,warning,fight,crisis,panic,collapse,fraud,arrested,no,complaints,emergency,poor,shortage,low,war,forced
crude,empty,recession,sc,fears,shit,anxiety,killed,fear,stop,warning,fight,crisis,panic,collapse,fraud,arrested,no,complaints,emergency,poor,shortage,low,war,forced
crude,empty,recession,sc,fears,shit,anxiety,killed,fear,stop,warning,fight,crisis,panic,collapse,fraud,arrested,no,complaints,emergency,poor,shortage,low,war,forced
crude,empty,recession,sc,fears,shit,anxiety,killed,fear,stop,warning,fight,crisis,panic,collapse,fraud,arrested,no,complaints,emergency,poor,shortage,low,war,forced
crude,empty,recession,sc,fears,shit,anxiety,killed,fear,stop,warning,fight,crisis,panic,collapse,fraud,arrested,no,complaints,emergency,poor,shortage,low,war,forced
crude,empty,recession,sc,fears,shit,anxiety,killed,fear,stop,warning,fight,crisis,panic,collapse,fraud,arrested,no,complaints,emergency,poor,shortage,low,war,forced
crude,empty,recession,sc,fears,shit,anxiety,killed,fear,stop,warning,fight,crisis,panic,collapse,fraud,arrested,no,complaints,emergency,poor,shortage,low,war,forced
crude,empty,recession,sc,fears,shit,anxiety,killed,fear,stop,warning,fight,crisis,panic,collapse,fraud,arrested,no,complaints,emergency,poor,shortage,low,war,forced
crude,empty,recession,sc,fears,shit,anxiety,killed,fear,stop,warning,fight,crisis,panic,collapse,fraud,arrested,no,complaints,emergency,poor,shortage,low,war,forced
crude,empty,recession,sc,fears,shit,anxiety,killed,fear,stop,warning,fight,crisis,panic,collapse,fraud,arrested,no,complaints,emergency,poor,shortage,low,war,forced
crude,empty,recession,sc,fears,shit,anxiety,killed,fear,stop,warning,fight,crisis,panic,collapse,fraud,arrested,no,complaints,emergency,poor,shortage,low,war,forced
crude,empty,recession,sc,fears,shit,anxiety,killed,fear,stop,warning,fight,crisis,panic,collapse,fraud,arrested,no,complaints,emergency,poor,shortage,low,war,forced
crude,empty,recession,sc,fears,shit,anxiety,killed,fear,stop,warning,fight,crisis,panic,collapse,fraud,arrested,no,complaints,emergency,poor,shortage,low,war,forced
crude,empty,recession,sc,fears,shit,anxiety,killed,fear,stop,warning,fight,crisis,panic,collapse,fraud,arrested,no,complaints,emergency,poor,shortage,low,war,forced
crude,empty,recession,sc,fears,shit,anxiety,killed,fear,stop,warning,fight,crisis,panic,collapse,fraud,arrested,no,complaints,emergency,poor,shortage,low,war,forced
crude,empty,recession,sc,fears,shit,anxiety,killed,fear,stop,warning,fight,crisis,panic,collapse,fraud,arrested,no,complaints,emergency,poor,shortage,low,war,forced
crude,empty,recession,sc,fears,shit,anxiety,killed,fear,stop,warning,fight,crisis,panic,collapse,fraud,arrested,no,complaints,emergency,poor,shortage,low,war,forced
crude,empty,recession,sc,fears,shit,anxiety,killed,fear,stop,warning,fight,crisis,panic,collapse,fraud,arrested,no,complaints,emergency,poor,shortage,low,war,forced
crude,empty,recession,sc,fears,shit,anxiety,killed,fear,stop,warning,fight,crisis,panic,collapse,fraud,arrested,no,complaints,emergency,shame,shortage,low,war,forced
crude,empty,recession,sc,fears,shit,anxiety,killed,fear,stop,warning,fight,crisis,panic,collapse,fraud,arrested,no,complaints,emergency,shame,shortage,low,war,forced
crude,empty,recession,sc,fears,shit,anxiety,killed,fear,stop,warning,fight,crisis,panic,collapse,fraud,arrested,no,complaints,emergency,shame,shortage,low,war,forced
crude,empty,recession,sc,fears,shit,anxiety,killed,fear,stop,warning,fight,crisis,panic,collapse,fraud,arrested,no,complaints,emergency,shame,shortage,low,war,forced
crude,empty,recession,sc,fears,shit,anxiety,killed,fear,stop,warning,fight,crisis,panic,collapse,fraud,arrested,no,complaints,emergency,shame,shortage,low,war,forced
crude,empty,recession,sc,fears,shit,anxiety,killed,fear,stop,warning,fight,crisis,panic,collapse,fraud,arrested,no,complaints,emergency,shame,shortage,low,war,forced
crude,empty,recession,sc,fears,shit,anxiety,killed,fear,stop,warning,fight,crisis,panic,collapse,fraud,arrested,no,complaints,emergency,shame,shortage,low,war,forced
crude,empty,recession,sc,fears,shit,anxiety,killed,fear,stop,warning,fight,crisis,panic,collapse,fraud,arrested,no,complaints,emergency,shame,shortage,low,war,forced
crude,empty,recession,sc,fears,shit,anxiety,killed,fear,stop,warning,fight,crisis,panic,collapse,fraud,arrested,no,complaints,emergency,shame,shortage,low,war,forced
crude,empty,recession,sc,fears,shit,anxiety,killed,fear,stop,warning,fight,crisis,panic,collapse,fraud,arrested,no,complaints,emergency,shame,shortage,low,war,forced
crude,empty,recession,sc,fears,shit,anxiety,killed,fear,stop,warning,fight,crisis,panic,collapse,fraud,arrested,no,complaints,emergency,shame,shortage,low,war,forced
crude,empty,recession,sc,fears,shit,anxiety,killed,fear,stop,warning,fight,crisis,panic,collapse,fraud,arrested,no,complaints,emergency,shame,shortage,low,war,forced
crude,empty,recession,sc,fears,shit,anxiety,killed,fear,stop,warning,fight,crisis,panic,collapse,fraud,arrested,no,complaints,emergency,shame,shortage,low,war,forced
crude,empty,recession,sc,fears,shit,anxiety,killed,fear,stop,warning,fight,crisis,panic,collapse,fraud,arrested,no,complaints,emergency,shame,shortage,low,war,forced
crude,empty,recession,sc,fears,shit,anxiety,killed,fear,stop,warning,fight,crisis,panic,collapse,fraud,arrested,no,complaints,emergency,shame,shortage,low,war,forced
crude,empty,recession,sc,fears,shit,anxiety,killed,fear,stop,warning,fight,crisis,panic,collapse,fraud,arrested,no,complaints,emergency,shame,shortage,low,war,forced
crude,empty,recession,sc,fears,shit,anxiety,killed,fear,stop,warning,fight,crisis,panic,collapse,fraud,arrested,no,complaints,emergency,shame,shortage,low,war,forced
crude,empty,recession,sc,fears,shit,anxiety,killed,fear,stop,warning,fight,crisis,panic,collapse,fraud,arrested,no,complaints,emergency,shame,shortage,low,war,forced
crude,empty,recession,sc,fears,shit,anxiety,killed,fear,stop,warning,fight,crisis,panic,collapse,fraud,arrested,no,complaints,emergency,shame,shortage,low,war,forced
crude,empty,recession,sc,fears,shit,anxiety,killed,fear,stop,warning,fight,crisis,panic,collapse,fraud,arrested,no,complaints,emergency,shame,shortage,low,war,forced
crude,empty,recession,sc,fears,shit,anxiety,killed,fear,stop,warning,fight,crisis,panic,collapse,fraud,arrested,no,complaints,emergency,shame,shortage,low,war,forced
crude,empty,recession,sc,fears,shit,anxiety,killed,fear,stop,warning,fight,crisis,panic,collapse,fraud,arrested,no,complaints,emergency,shame,shortage,low,war,forced
crude,empty,recession,sc,fears,shit,anxiety,killed,fear,stop,warning,fight,crisis,panic,collapse,fraud,arrested,no,complaints,emergency,shame,shortage,low,war,forced
crude,empty,recession,sc,fears,shit,anxiety,killed,fear,stop,warning,fight,crisis,panic,collapse,fraud,arrested,no,complaints,emergency,shame,shortage,low,war,forced
crude,empty,recession,sc,fears,shit,anxiety,killed,fear,stop,warning,crisis,fuck,panic,collapse,fraud,arrested,no,complaints,emergency,shame,shortage,low,war,forced
crude,empty,recession,sc,fears,shit,anxiety,killed,fear,stop,warning,crisis,fuck,panic,collapse,fraud,arrested,no,complaints,emergency,shame,shortage,low,war,forced
crude,empty,recession,sc,fears,shit,anxiety,killed,fear,stop,warning,crisis,fuck,panic,collapse,fraud,arrested,no,complaints,emergency,shame,shortage,low,war,forced
crude,empty,recession,sc,fears,shit,anxiety,killed,fear,stop,warning,crisis,fuck,panic,collapse,fraud,arrested,no,complaints,emergency,shame,shortage,low,war,forced
crude,empty,recession,sc,fears,shit,anxiety,killed,fear,stop,warning,crisis,fuck,panic,collapse,fraud,arrested,no,complaints,emergency,shame,shortage,low,war,forced
crude,empty,recession,sc,fears,shit,anxiety,killed,fear,stop,warning,crisis,fuck,panic,collapse,fraud,arrested,no,complaints,emergency,shame,shortage,low,war,forced
crude,empty,recession,sc,fears,shit,anxiety,killed,fear,stop,warning,crisis,fuck,panic,collapse,fraud,arrested,no,complaints,emergency,shame,shortage,low,war,forced
crude,empty,recession,sc,fears,shit,anxiety,killed,fear,stop,warning,crisis,fuck,panic,collapse,fraud,arrested,no,complaints,emergency,shame,shortage,low,war,forced
crude,empty,recession,sc,fears,shit,anxiety,killed,fear,stop,warning,crisis,fuck,panic,collapse,fraud,arrested,no,complaints,emergency,shame,shortage,low,war,forced
crude,empty,recession,sc,fears,shit,anxiety,killed,fear,stop,warning,crisis,fuck,panic,collapse,fraud,arrested,no,complaints,emergency,shame,shortage,low,war,forced
crude,empty,recession,sc,fears,shit,anxiety,killed,fear,stop,warning,crisis,fuck,panic,collapse,fraud,arrested,no,complaints,emergency,shame,shortage,low,war,forced
crude,empty,recession,sc,fears,shit,anxiety,killed,fear,stop,warning,crisis,fuck,panic,collapse,fraud,arrested,no,complaints,emergency,shame,shortage,low,war,forced
crude,empty,recession,sc,fears,shit,anxiety,killed,fear,stop,warning,crisis,fuck,panic,collapse,fraud,arrested,no,complaints,emergency,shame,shortage,low,war,forced
crude,empty,recession,sc,fears,shit,anxiety,killed,fear,stop,warning,crisis,fuck,panic,collapse,fraud,arrested,no,complaints,emergency,shame,shortage,low,war,forced
crude,empty,recession,sc,fears,shit,anxiety,killed,fear,stop,warning,crisis,fuck,panic,collapse,fraud,arrested,no,complaints,emergency,shame,shortage,low,war,forced
crude,empty,recession,sc,fears,shit,anxiety,killed,fear,stop,warning,crisis,fuck,panic,collapse,fraud,arrested,no,complaints,emergency,shame,shortage,low,war,forced
crude,empty,recession,sc,fears,shit,anxiety,killed,fear,stop,warning,crisis,fuck,panic,collapse,fraud,arrested,no,complaints,emergency,shame,shortage,low,war,forced
crude,empty,recession,sc,fears,shit,anxiety,killed,fear,stop,warning,crisis,fuck,panic,collapse,fraud,arrested,no,complaints,emergency,shame,shortage,low,war,forced
crude,empty,recession,sc,fears,shit,anxiety,killed,fear,stop,warning,crisis,fuck,panic,collapse,fraud,arrested,no,complaints,emergency,shame,shortage,low,war,forced
crude,empty,recession,sc,fears,shit,anxiety,killed,fear,stop,warning,crisis,fuck,panic,collapse,fraud,arrested,no,complaints,emergency,shame,shortage,low,war,forced
crude,empty,recession,sc,fears,shit,anxiety,killed,fear,stop,warning,crisis,fuck,panic,collapse,fraud,arrested,no,complaints,emergency,shame,shortage,low,war,forced
crude,empty,recession,sc,fears,shit,anxiety,killed,fear,stop,warning,fight,crisis,panic,collapse,fraud,arrested,no,complaints,emergency,shame,shortage,low,war,forced
crude,empty,recession,sc,fears,shit,anxiety,killed,fear,stop,warning,fight,crisis,panic,collapse,fraud,arrested,no,complaints,emergency,shame,shortage,low,war,forced
crude,empty,recession,sc,fears,shit,anxiety,killed,fear,stop,warning,fight,crisis,panic,collapse,fraud,arrested,no,complaints,emergency,shame,shortage,low,war,forced
crude,empty,recession,sc,fears,shit,anxiety,killed,fear,stop,warning,fight,crisis,panic,collapse,fraud,no,complaints,emergency,shame,shortage,low,war,forced,die
crude,empty,recession,sc,fears,shit,anxiety,killed,fear,stop,warning,fight,crisis,panic,collapse,fraud,no,complaints,emergency,shame,shortage,low,war,forced,die
crude,empty,recession,sc,fears,shit,anxiety,killed,fear,stop,warning,fight,crisis,panic,collapse,fraud,no,complaints,emergency,shame,shortage,low,war,forced,die
crude,empty,recession,sc,fears,shit,anxiety,killed,fear,stop,warning,fight,crisis,panic,collapse,fraud,no,complaints,emergency,shame,shortage,low,war,forced,die
crude,empty,recession,sc,fears,shit,anxiety,killed,fear,stop,warning,fight,crisis,panic,collapse,fraud,no,complaints,emergency,shame,shortage,low,war,forced,die
crude,empty,recession,sc,fears,shit,anxiety,killed,fear,stop,warning,fight,crisis,panic,collapse,fraud,no,complaints,emergency,shame,shortage,low,war,forced,die
crude,empty,recession,sc,fears,shit,anxiety,killed,fear,stop,warning,fight,crisis,panic,collapse,fraud,no,complaints,emergency,shame,shortage,low,war,forced,die
crude,empty,recession,sc,fears,shit,anxiety,killed,fear,stop,warning,fight,crisis,panic,collapse,fraud,no,complaints,emergency,shame,shortage,low,war,forced,die
crude,empty,recession,sc,fears,shit,anxiety,killed,fear,stop,warning,fight,crisis,panic,collapse,fraud,no,complaints,emergency,shame,shortage,low,war,forced,die
crude,empty,recession,sc,fears,shit,anxiety,killed,fear,stop,warning,fight,crisis,panic,collapse,fraud,no,complaints,emergency,shame,shortage,low,war,forced,die
crude,empty,recession,sc,fears,shit,anxiety,killed,fear,stop,warning,fight,crisis,panic,collapse,fraud,no,complaints,emergency,shame,shortage,low,war,forced,die
crude,empty,recession,sc,fears,shit,anxiety,killed,fear,stop,warning,fight,crisis,panic,collapse,fraud,no,complaints,emergency,shame,shortage,low,war,forced,die
crude,empty,recession,sc,fears,shit,anxiety,killed,fear,stop,warning,fight,crisis,panic,collapse,fraud,no,complaints,emergency,shame,shortage,low,war,forced,die
crude,empty,recession,sc,fears,shit,anxiety,killed,fear,stop,warning,fight,crisis,panic,collapse,fraud,no,complaints,emergency,shame,shortage,low,war,forced,die
crude,empty,recession,sc,fears,shit,anxiety,killed,fear,stop,warning,fight,crisis,panic,collapse,fraud,no,complaints,emergency,shame,shortage,low,war,forced,die
crude,empty,recession,sc,fears,shit,anxiety,killed,fear,stop,warning,fight,crisis,panic,collapse,fraud,no,complaints,emergency,shame,shortage,low,war,forced,die
crude,empty,recession,sc,fears,shit,anxiety,killed,fear,stop,warning,fight,crisis,panic,collapse,fraud,no,complaints,emergency,shame,shortage,low,war,forced,die
crude,empty,recession,sc,fears,shit,anxiety,killed,fear,stop,warning,fight,crisis,panic,collapse,fraud,no,complaints,emergency,shame,shortage,low,war,forced,die
crude,empty,recession,sc,fears,shit,anxiety,killed,fear,stop,warning,fight,crisis,panic,collapse,fraud,no,complaints,emergency,shame,shortage,low,war,forced,die
crude,empty,recession,sc,fears,shit,anxiety,killed,fear,stop,warning,fight,crisis,panic,collapse,fraud,no,complaints,emergency,shame,shortage,low,war,forced,die
crude,empty,recession,sc,fears,shit,anxiety,killed,fear,stop,warning,fight,crisis,panic,collapse,fraud,no,complaints,emergency,shame,shortage,low,war,forced,die
crude,empty,recession,sc,fears,shit,anxiety,killed,fear,stop,warning,fight,crisis,panic,collapse,fraud,no,complaints,emergency,shame,shortage,low,war,forced,die
crude,empty,recession,sc,fears,shit,anxiety,killed,fear,stop,warning,fight,crisis,panic,collapse,fraud,no,complaints,emergency,shame,shortage,low,war,forced,die
crude,empty,recession,sc,fears,shit,anxiety,killed,fear,stop,warning,fight,crisis,panic,collapse,fraud,no,complaints,emergency,shame,shortage,low,war,forced,die
crude,empty,recession,sc,fears,shit,anxiety,killed,fear,stop,warning,fight,crisis,panic,collapse,fraud,no,complaints,emergency,shame,shortage,low,war,forced,die
crude,empty,recession,sc,fears,shit,anxiety,killed,fear,stop,warning,fight,crisis,panic,collapse,fraud,no,complaints,emergency,shame,shortage,low,war,forced,die
crude,empty,recession,sc,fears,shit,anxiety,killed,fear,stop,warning,fight,crisis,panic,collapse,fraud,no,complaints,emergency,shame,shortage,low,war,forced,die
crude,empty,recession,sc,fears,shit,anxiety,killed,fear,stop,warning,fight,crisis,panic,collapse,fraud,no,complaints,emergency,shame,shortage,low,war,forced,die
crude,empty,recession,sc,fears,shit,anxiety,killed,fear,stop,warning,fight,crisis,panic,collapse,fraud,no,complaints,emergency,shame,shortage,low,war,forced,die
crude,empty,recession,sc,fears,shit,anxiety,killed,fear,stop,warning,fight,crisis,panic,collapse,fraud,no,complaints,emergency,shame,shortage,low,war,forced,die
crude,empty,recession,sc,fears,shit,anxiety,killed,fear,stop,warning,fight,crisis,panic,collapse,fraud,no,complaints,emergency,shame,shortage,low,war,forced,die
crude,empty,recession,sc,fears,shit,anxiety,killed,fear,stop,warning,fight,crisis,panic,collapse,fraud,no,complaints,emergency,shame,shortage,low,war,forced,die
crude,empty,recession,sc,fears,shit,anxiety,killed,fear,stop,warning,fight,crisis,panic,collapse,fraud,no,complaints,emergency,shame,shortage,low,war,forced,die
crude,empty,recession,sc,fears,shit,anxiety,killed,fear,stop,warning,fight,crisis,panic,collapse,fraud,no,complaints,emergency,shame,shortage,low,war,forced,die
crude,empty,recession,sc,fears,shit,anxiety,killed,fear,stop,warning,fight,crisis,panic,collapse,fraud,no,complaints,emergency,shame,shortage,low,war,forced,die
crude,empty,recession,sc,fears,shit,anxiety,killed,fear,stop,warning,fight,crisis,panic,collapse,fraud,no,complaints,emergency,shame,shortage,low,war,forced,die
crude,empty,recession,sc,fears,shit,anxiety,killed,fear,stop,warning,fight,crisis,panic,collapse,fraud,no,complaints,emergency,shame,shortage,low,war,forced,die
crude,empty,recession,sc,fears,shit,anxiety,killed,fear,stop,warning,fight,crisis,panic,collapse,fraud,no,complaints,emergency,shame,shortage,low,war,forced,die
crude,empty,recession,sc,fears,shit,anxiety,killed,fear,stop,warning,fight,crisis,panic,collapse,fraud,no,complaints,emergency,shame,shortage,low,war,forced,die
crude,empty,recession,sc,fears,shit,anxiety,killed,fear,stop,warning,fight,crisis,panic,collapse,fraud,no,complaints,emergency,shame,shortage,low,war,forced,die
crude,empty,recession,sc,fears,shit,anxiety,killed,fear,stop,warning,fight,crisis,panic,collapse,fraud,no,complaints,emergency,shame,shortage,low,war,forced,die
crude,empty,recession,sc,fears,shit,anxiety,killed,fear,stop,warning,fight,crisis,panic,collapse,fraud,no,complaints,emergency,shame,shortage,low,war,forced,die
crude,empty,recession,sc,fears,shit,anxiety,killed,fear,stop,warning,fight,crisis,panic,collapse,fraud,no,complaints,emergency,shame,shortage,low,war,forced,die
crude,empty,recession,sc,fears,shit,anxiety,killed,fear,stop,warning,fight,crisis,panic,collapse,fraud,no,complaints,emergency,shame,shortage,low,war,forced,die
crude,empty,recession,sc,fears,shit,anxiety,killed,fear,stop,warning,fight,crisis,panic,collapse,fraud,no,complaints,emergency,shame,shortage,low,war,forced,die
crude,empty,recession,sc,fears,shit,anxiety,killed,fear,stop,warning,fight,crisis,panic,collapse,fraud,no,complaints,emergency,shame,shortage,low,war,forced,die
crude,empty,recession,sc,fears,shit,anxiety,killed,fear,stop,warning,fight,crisis,panic,collapse,fraud,no,complaints,emergency,shame,shortage,low,war,forced,die
crude,empty,recession,sc,fears,shit,anxiety,killed,fear,stop,warning,fight,crisis,panic,collapse,fraud,no,complaints,emergency,shame,shortage,low,war,forced,die
crude,empty,recession,sc,fears,shit,anxiety,killed,fear,stop,warning,fight,crisis,panic,collapse,fraud,no,complaints,emergency,shame,shortage,low,war,forced,die
crude,empty,recession,sc,fears,shit,anxiety,killed,fear,stop,warning,fight,crisis,panic,collapse,fraud,no,complaints,emergency,shame,shortage,low,war,forced,die
crude,empty,recession,sc,fears,shit,anxiety,killed,fear,stop,warning,fight,crisis,panic,collapse,fraud,no,complaints,emergency,shame,shortage,low,war,forced,die
crude,empty,recession,sc,fears,shit,anxiety,killed,fear,stop,warning,fight,crisis,panic,collapse,fraud,no,complaints,emergency,shame,shortage,low,war,forced,die
crude,empty,recession,sc,fears,shit,anxiety,killed,fear,stop,warning,fight,crisis,panic,collapse,fraud,no,complaints,emergency,shame,shortage,low,war,forced,die
crude,empty,recession,sc,fears,shit,anxiety,killed,fear,stop,warning,fight,crisis,panic,collapse,fraud,no,complaints,emergency,shame,shortage,low,war,forced,die
crude,empty,recession,sc,fears,shit,anxiety,killed,fear,stop,warning,fight,crisis,panic,collapse,fraud,no,complaints,emergency,shame,shortage,low,war,forced,die
crude,empty,recession,sc,fears,shit,anxiety,killed,fear,stop,warning,fight,crisis,panic,collapse,fraud,no,complaints,emergency,shame,shortage,low,war,forced,die
crude,empty,recession,sc,fears,shit,anxiety,killed,fear,stop,warning,fight,crisis,panic,collapse,fraud,no,complaints,emergency,shame,shortage,low,war,forced,die
crude,empty,recession,sc,fears,shit,anxiety,killed,fear,stop,warning,fight,crisis,panic,collapse,fraud,no,complaints,emergency,shame,shortage,low,war,forced,die
crude,empty,recession,sc,fears,shit,anxiety,killed,fear,stop,warning,fight,crisis,panic,collapse,fraud,no,complaints,emergency,shame,shortage,low,war,forced,die
crude,empty,recession,sc,fears,shit,anxiety,killed,fear,stop,warning,fight,crisis,panic,collapse,fraud,no,complaints,emergency,shame,shortage,low,war,forced,die
crude,empty,recession,sc,fears,shit,anxiety,killed,fear,stop,warning,fight,crisis,panic,collapse,fraud,no,complaints,emergency,shame,shortage,low,war,forced,die
crude,empty,recession,sc,fears,shit,anxiety,killed,fear,stop,warning,fight,crisis,panic,collapse,fraud,no,complaints,emergency,shame,shortage,low,war,forced,die
crude,empty,recession,sc,fears,shit,anxiety,killed,fear,stop,warning,fight,crisis,panic,collapse,fraud,no,complaints,emergency,shame,shortage,low,war,forced,die
crude,empty,recession,sc,fears,shit,anxiety,killed,fear,stop,warning,fight,crisis,panic,collapse,fraud,no,complaints,emergency,shame,shortage,low,war,forced,die
crude,empty,recession,sc,fears,shit,anxiety,killed,fear,stop,warning,fight,crisis,panic,collapse,fraud,no,complaints,emergency,shame,shortage,low,war,forced,die
crude,empty,recession,sc,fears,shit,anxiety,killed,fear,stop,warning,fight,crisis,panic,collapse,fraud,no,complaints,emergency,shame,shortage,low,war,forced,die
crude,empty,recession,sc,fears,shit,anxiety,killed,fear,stop,warning,fight,crisis,panic,collapse,fraud,no,complaints,emergency,shame,shortage,low,war,forced,die
crude,empty,recession,sc,fears,shit,anxiety,killed,fear,stop,warning,fight,crisis,panic,collapse,fraud,no,complaints,emergency,shame,shortage,low,war,forced,die
crude,empty,recession,sc,fears,shit,anxiety,killed,fear,stop,warning,fight,crisis,panic,collapse,fraud,no,complaints,emergency,shame,shortage,low,war,forced,die
crude,empty,recession,sc,fears,shit,anxiety,killed,fear,stop,warning,fight,crisis,panic,collapse,fraud,no,complaints,emergency,shame,shortage,low,war,forced,die
crude,empty,recession,sc,fears,shit,anxiety,killed,fear,stop,warning,fight,crisis,panic,collapse,fraud,no,complaints,emergency,shame,shortage,low,war,forced,die
crude,empty,recession,sc,fears,shit,anxiety,killed,fear,stop,warning,fight,crisis,panic,collapse,fraud,no,complaints,emergency,shame,shortage,low,war,forced,die
crude,empty,recession,sc,fears,shit,anxiety,killed,fear,stop,warning,fight,crisis,panic,collapse,fraud,no,complaints,emergency,shame,shortage,low,war,forced,die
crude,empty,recession,sc,fears,shit,anxiety,killed,fear,stop,warning,fight,crisis,panic,collapse,fraud,no,complaints,emergency,shame,shortage,low,war,forced,die
crude,empty,recession,sc,fears,shit,anxiety,killed,fear,stop,warning,fight,crisis,panic,collapse,fraud,no,complaints,emergency,shame,shortage,low,war,forced,die
crude,empty,recession,sc,fears,shit,anxiety,killed,fear,stop,warning,fight,crisis,panic,collapse,fraud,no,complaints,emergency,shame,shortage,low,war,forced,die
crude,empty,recession,sc,fears,shit,anxiety,killed,fear,stop,warning,fight,crisis,panic,collapse,fraud,no,complaints,emergency,shame,shortage,low,war,forced,die
crude,empty,recession,sc,fears,shit,anxiety,killed,fear,stop,warning,fight,crisis,panic,collapse,fraud,no,complaints,emergency,shame,shortage,low,war,forced,die
crude,empty,recession,sc,fears,shit,anxiety,killed,fear,stop,warning,fight,crisis,panic,collapse,fraud,no,complaints,emergency,shame,shortage,low,war,forced,die
crude,empty,recession,sc,fears,shit,anxiety,killed,fear,stop,warning,fight,crisis,panic,collapse,fraud,no,complaints,emergency,shame,shortage,low,war,forced,die
crude,empty,recession,sc,fears,shit,anxiety,killed,fear,stop,warning,fight,crisis,panic,collapse,fraud,no,complaints,emergency,shame,shortage,low,war,forced,die
crude,empty,recession,sc,fears,shit,anxiety,killed,fear,stop,warning,fight,crisis,panic,collapse,fraud,no,complaints,emergency,shame,shortage,low,war,forced,die
crude,empty,recession,sc,fears,shit,anxiety,killed,fear,stop,warning,fight,crisis,panic,collapse,fraud,no,complaints,emergency,shame,shortage,low,war,forced,die
crude,empty,recession,sc,fears,shit,anxiety,killed,fear,stop,warning,fight,crisis,panic,collapse,fraud,no,complaints,emergency,shame,shortage,low,war,forced,die
crude,empty,recession,sc,fears,shit,anxiety,killed,fear,stop,warning,fight,crisis,panic,collapse,fraud,no,complaints,emergency,shame,shortage,low,war,forced,die
crude,empty,recession,sc,fears,shit,anxiety,killed,fear,stop,warning,fight,crisis,panic,collapse,fraud,no,complaints,emergency,shame,shortage,low,war,forced,die
crude,empty,recession,sc,fears,shit,anxiety,killed,fear,stop,warning,fight,crisis,panic,collapse,fraud,no,complaints,emergency,shame,shortage,low,war,forced,die
crude,empty,recession,sc,fears,shit,anxiety,killed,fear,stop,warning,fight,crisis,panic,collapse,fraud,no,complaints,emergency,shame,shortage,low,war,forced,die
crude,empty,recession,sc,fears,shit,anxiety,killed,fear,stop,warning,fight,crisis,panic,collapse,fraud,no,complaints,emergency,shame,shortage,low,war,forced,die
crude,empty,recession,sc,fears,shit,anxiety,killed,fear,stop,warning,fight,crisis,panic,collapse,fraud,no,complaints,emergency,shame,shortage,low,war,forced,die
crude,empty,recession,sc,fears,shit,anxiety,killed,fear,stop,warning,fight,crisis,panic,collapse,fraud,no,complaints,emergency,shame,shortage,low,war,forced,die
crude,empty,recession,sc,fears,shit,anxiety,killed,fear,stop,warning,fight,crisis,panic,collapse,fraud,no,complaints,emergency,shame,shortage,low,war,forced,die
crude,empty,recession,sc,fears,shit,anxiety,killed,fear,stop,warning,fight,crisis,panic,collapse,fraud,no,complaints,emergency,shame,shortage,low,war,forced,die
crude,empty,recession,sc,fears,shit,anxiety,killed,fear,stop,warning,fight,crisis,panic,collapse,fraud,no,complaints,emergency,shame,shortage,low,war,forced,die
crude,empty,recession,sc,fears,shit,anxiety,killed,fear,stop,warning,fight,crisis,panic,collapse,fraud,no,complaints,emergency,shame,shortage,low,war,forced,die
crude,empty,recession,sc,shit,anxiety,kill,killed,fear,stop,warning,fight,crisis,panic,collapse,fraud,no,complaints,emergency,shame,shortage,low,war,forced,die
crude,empty,recession,sc,shit,anxiety,kill,killed,fear,stop,warning,fight,crisis,panic,collapse,fraud,no,complaints,emergency,shame,shortage,low,war,forced,die
crude,empty,recession,sc,shit,anxiety,kill,killed,fear,stop,warning,fight,crisis,panic,collapse,fraud,no,complaints,emergency,shame,shortage,low,war,forced,die
crude,empty,recession,sc,shit,anxiety,kill,killed,fear,stop,warning,fight,crisis,panic,collapse,fraud,no,complaints,emergency,shame,shortage,low,war,forced,die
crude,empty,recession,sc,shit,anxiety,kill,killed,fear,stop,warning,fight,crisis,panic,collapse,fraud,no,complaints,emergency,shame,shortage,low,war,forced,die
crude,empty,recession,sc,shit,anxiety,kill,killed,fear,stop,warning,fight,crisis,panic,collapse,fraud,no,complaints,emergency,shame,shortage,low,war,forced,die
crude,empty,recession,sc,shit,anxiety,kill,killed,fear,stop,warning,fight,crisis,panic,collapse,fraud,no,complaints,emergency,shame,shortage,low,war,forced,die
crude,empty,recession,sc,shit,anxiety,kill,killed,fear,stop,warning,fight,crisis,panic,collapse,fraud,no,complaints,emergency,shame,shortage,low,war,forced,die
crude,empty,recession,sc,shit,anxiety,kill,killed,fear,stop,warning,fight,crisis,panic,collapse,fraud,no,complaints,emergency,shame,shortage,low,war,forced,die
crude,empty,recession,sc,shit,anxiety,kill,killed,fear,stop,warning,fight,crisis,panic,collapse,fraud,no,complaints,emergency,shame,shortage,low,war,forced,die
crude,empty,recession,sc,shit,anxiety,kill,killed,fear,stop,warning,fight,crisis,panic,collapse,fraud,no,complaints,emergency,shame,shortage,low,war,forced,die
crude,empty,recession,sc,shit,anxiety,kill,killed,fear,stop,warning,fight,crisis,panic,collapse,fraud,no,complaints,emergency,shame,shortage,low,war,forced,die
crude,empty,recession,sc,shit,anxiety,kill,killed,fear,stop,warning,fight,crisis,panic,collapse,fraud,no,complaints,emergency,shame,shortage,low,war,forced,die
crude,empty,recession,sc,shit,anxiety,kill,killed,fear,stop,warning,fight,crisis,panic,collapse,fraud,no,complaints,emergency,shame,shortage,low,war,forced,die
crude,empty,recession,sc,shit,anxiety,kill,killed,fear,stop,warning,fight,crisis,panic,collapse,fraud,no,complaints,emergency,shame,shortage,low,war,forced,die
crude,empty,recession,sc,shit,anxiety,kill,killed,fear,stop,warning,fight,crisis,panic,collapse,fraud,no,complaints,emergency,shame,shortage,low,war,forced,die
crude,empty,recession,sc,shit,anxiety,kill,killed,fear,stop,warning,fight,crisis,panic,collapse,fraud,no,complaints,emergency,shame,shortage,low,war,forced,die
crude,empty,recession,sc,shit,anxiety,kill,killed,fear,stop,warning,fight,crisis,panic,collapse,fraud,no,complaints,emergency,shame,shortage,low,war,forced,die
crude,empty,recession,sc,shit,anxiety,kill,killed,fear,stop,warning,fight,crisis,panic,collapse,fraud,no,complaints,emergency,shame,shortage,low,war,forced,die
crude,empty,recession,sc,shit,anxiety,kill,killed,fear,stop,warning,fight,crisis,panic,collapse,fraud,no,complaints,emergency,shame,shortage,low,war,forced,die
crude,empty,recession,sc,shit,anxiety,kill,killed,fear,stop,warning,fight,crisis,panic,collapse,fraud,no,complaints,emergency,shame,shortage,low,war,forced,die
crude,empty,recession,sc,shit,anxiety,kill,killed,fear,stop,warning,fight,crisis,panic,collapse,fraud,no,complaints,emergency,shame,shortage,low,war,forced,die
crude,empty,recession,sc,shit,anxiety,kill,killed,fear,stop,warning,fight,crisis,panic,collapse,fraud,no,complaints,emergency,shame,shortage,low,war,forced,die
crude,empty,recession,sc,shit,anxiety,kill,killed,fear,stop,warning,fight,crisis,panic,collapse,fraud,no,complaints,emergency,shame,shortage,low,war,forced,die
crude,empty,recession,sc,shit,anxiety,kill,killed,fear,stop,warning,fight,crisis,panic,collapse,fraud,no,complaints,emergency,shame,shortage,low,war,forced,die
crude,empty,recession,sc,shit,anxiety,kill,killed,fear,stop,warning,fight,crisis,panic,collapse,fraud,no,complaints,emergency,shame,shortage,low,war,forced,die
crude,empty,recession,sc,shit,anxiety,kill,killed,fear,stop,warning,fight,crisis,panic,collapse,fraud,no,complaints,emergency,shame,shortage,low,war,forced,die
crude,empty,recession,sc,shit,anxiety,kill,killed,fear,stop,warning,fight,crisis,panic,collapse,fraud,no,complaints,emergency,shame,shortage,low,war,forced,die
crude,empty,recession,sc,shit,anxiety,kill,killed,fear,stop,warning,fight,crisis,panic,collapse,fraud,no,complaints,emergency,shame,shortage,low,war,forced,die
crude,empty,recession,sc,shit,anxiety,kill,killed,fear,stop,warning,fight,crisis,panic,collapse,fraud,no,complaints,emergency,shame,shortage,low,war,forced,die
crude,empty,recession,sc,shit,anxiety,kill,killed,fear,stop,warning,fight,crisis,panic,collapse,fraud,no,complaints,emergency,shame,shortage,low,war,forced,die
crude,empty,recession,sc,shit,anxiety,kill,killed,fear,stop,warning,fight,crisis,panic,collapse,fraud,no,complaints,emergency,shame,shortage,low,war,forced,die
crude,empty,recession,sc,shit,anxiety,kill,killed,fear,stop,warning,fight,crisis,panic,collapse,fraud,no,complaints,emergency,shame,shortage,low,war,forced,die
crude,empty,recession,sc,shit,anxiety,kill,killed,fear,stop,warning,fight,crisis,panic,collapse,fraud,no,complaints,emergency,shame,shortage,low,war,forced,die
crude,empty,recession,sc,shit,anxiety,kill,killed,fear,stop,warning,fight,crisis,panic,collapse,fraud,no,complaints,emergency,shame,shortage,low,war,forced,die
crude,empty,recession,sc,shit,anxiety,kill,killed,fear,stop,warning,fight,crisis,panic,collapse,fraud,no,complaints,emergency,shame,shortage,low,war,forced,die
crude,empty,recession,sc,shit,anxiety,kill,killed,fear,stop,warning,fight,crisis,panic,collapse,fraud,no,complaints,emergency,shame,shortage,low,war,forced,die
crude,empty,recession,sc,shit,anxiety,kill,killed,fear,stop,warning,fight,crisis,panic,collapse,fraud,no,complaints,emergency,shame,shortage,low,war,forced,die
crude,empty,recession,sc,shit,anxiety,kill,killed,fear,stop,warning,fight,crisis,panic,collapse,fraud,no,complaints,emergency,shame,shortage,low,war,forced,die
crude,empty,recession,sc,shit,anxiety,kill,killed,fear,stop,warning,fight,crisis,panic,collapse,fraud,no,complaints,emergency,shame,shortage,low,war,forced,die
crude,empty,recession,sc,shit,anxiety,kill,killed,fear,stop,warning,fight,crisis,panic,collapse,fraud,no,complaints,emergency,shame,shortage,low,war,forced,die
crude,empty,recession,sc,shit,anxiety,kill,killed,fear,stop,warning,fight,crisis,panic,collapse,fraud,no,complaints,emergency,shame,shortage,low,war,forced,die
crude,empty,recession,sc,shit,anxiety,kill,killed,fear,stop,warning,fight,crisis,panic,collapse,fraud,no,complaints,emergency,shame,shortage,low,war,forced,die
crude,empty,recession,sc,shit,anxiety,kill,killed,fear,stop,warning,fight,crisis,panic,collapse,fraud,no,complaints,emergency,shame,shortage,low,war,forced,die
crude,empty,recession,sc,shit,anxiety,kill,killed,fear,stop,warning,fight,crisis,panic,collapse,fraud,no,complaints,emergency,shame,shortage,low,war,forced,die
crude,empty,recession,sc,shit,anxiety,kill,killed,fear,stop,warning,fight,crisis,panic,collapse,fraud,no,complaints,emergency,shame,shortage,low,war,forced,die
crude,empty,recession,sc,shit,anxiety,kill,killed,fear,stop,warning,fight,crisis,panic,collapse,fraud,no,complaints,emergency,shame,shortage,low,war,forced,die
crude,empty,recession,sc,shit,anxiety,kill,killed,fear,stop,warning,fight,crisis,panic,collapse,fraud,no,complaints,emergency,shame,shortage,low,war,forced,die
crude,empty,recession,sc,shit,anxiety,kill,killed,fear,stop,warning,fight,crisis,panic,collapse,fraud,no,complaints,emergency,shame,shortage,low,war,forced,die
crude,empty,recession,sc,shit,anxiety,kill,killed,fear,stop,warning,fight,crisis,panic,collapse,fraud,no,complaints,emergency,shame,shortage,low,war,forced,die
crude,empty,recession,sc,shit,anxiety,kill,killed,fear,stop,warning,fight,crisis,panic,collapse,fraud,no,complaints,emergency,shame,shortage,low,war,forced,die
crude,empty,recession,sc,shit,anxiety,kill,killed,fear,stop,warning,fight,crisis,panic,collapse,fraud,no,complaints,emergency,shame,shortage,low,war,forced,die
crude,empty,recession,sc,shit,anxiety,kill,killed,fear,stop,warning,fight,crisis,panic,collapse,fraud,no,complaints,emergency,shame,shortage,low,war,forced,die
crude,empty,recession,sc,shit,anxiety,kill,killed,fear,stop,warning,fight,crisis,panic,collapse,fraud,no,complaints,emergency,shame,shortage,low,war,forced,die
crude,empty,recession,sc,shit,anxiety,kill,killed,fear,stop,warning,fight,crisis,panic,collapse,fraud,no,complaints,emergency,shame,shortage,low,war,forced,die
crude,empty,recession,sc,shit,anxiety,kill,killed,fear,stop,warning,fight,crisis,panic,collapse,fraud,no,complaints,emergency,shame,shortage,low,war,forced,die
crude,empty,recession,sc,shit,anxiety,kill,killed,fear,stop,warning,fight,crisis,panic,collapse,fraud,no,complaints,emergency,shame,shortage,low,war,forced,die
crude,empty,sc,fears,shit,anxiety,kill,killed,fear,stop,warning,fight,crisis,panic,collapse,fraud,no,complaints,emergency,shame,shortage,low,war,forced,die
crude,empty,sc,fears,shit,anxiety,kill,killed,fear,stop,warning,fight,crisis,panic,collapse,fraud,no,complaints,emergency,shame,shortage,low,war,forced,die
crude,empty,sc,fears,shit,anxiety,kill,killed,fear,stop,warning,fight,crisis,panic,collapse,fraud,no,complaints,emergency,shame,shortage,low,war,forced,die
crude,empty,sc,fears,shit,anxiety,kill,killed,fear,stop,warning,fight,crisis,panic,collapse,fraud,no,complaints,emergency,shame,shortage,low,war,forced,die
crude,empty,sc,fears,shit,anxiety,kill,killed,fear,stop,warning,fight,crisis,panic,collapse,fraud,no,complaints,emergency,shame,shortage,low,war,forced,die
crude,empty,sc,fears,shit,anxiety,kill,killed,fear,stop,warning,fight,crisis,panic,collapse,fraud,no,complaints,emergency,shame,shortage,low,war,forced,die
crude,empty,sc,fears,shit,anxiety,kill,killed,fear,stop,warning,fight,crisis,panic,collapse,fraud,no,complaints,emergency,shame,shortage,low,war,forced,die
crude,empty,sc,fears,shit,anxiety,kill,killed,fear,stop,warning,fight,crisis,panic,collapse,fraud,no,complaints,emergency,shame,shortage,low,war,forced,die
crude,empty,sc,fears,shit,anxiety,kill,killed,fear,stop,warning,fight,crisis,panic,collapse,fraud,no,complaints,emergency,shame,shortage,low,war,forced,die
crude,empty,sc,fears,shit,anxiety,kill,killed,fear,stop,warning,fight,crisis,panic,collapse,fraud,no,complaints,emergency,shame,shortage,low,war,forced,die
crude,empty,sc,fears,shit,anxiety,kill,killed,fear,stop,warning,fight,crisis,panic,collapse,fraud,no,complaints,emergency,shame,shortage,low,war,forced,die
crude,empty,sc,fears,shit,anxiety,kill,killed,fear,stop,warning,fight,crisis,panic,collapse,fraud,no,complaints,emergency,shame,shortage,low,war,forced,die
crude,empty,sc,fears,shit,anxiety,kill,killed,fear,stop,warning,fight,crisis,panic,collapse,fraud,no,complaints,emergency,shame,shortage,low,war,forced,die
crude,empty,sc,fears,shit,anxiety,kill,killed,fear,stop,warning,fight,crisis,panic,collapse,fraud,no,complaints,emergency,shame,shortage,low,war,forced,die
crude,empty,sc,fears,shit,anxiety,kill,killed,fear,stop,warning,fight,crisis,panic,collapse,fraud,no,complaints,emergency,shame,shortage,low,war,forced,die
crude,empty,sc,fears,shit,anxiety,kill,killed,fear,stop,warning,fight,crisis,panic,collapse,fraud,no,complaints,emergency,shame,shortage,low,war,forced,die
crude,empty,sc,fears,shit,anxiety,kill,killed,fear,stop,warning,fight,crisis,panic,collapse,fraud,no,complaints,emergency,shame,shortage,low,war,forced,die
crude,empty,sc,fears,shit,anxiety,kill,killed,fear,stop,warning,fight,crisis,panic,collapse,fraud,no,complaints,emergency,shame,shortage,low,war,forced,die
crude,empty,sc,fears,shit,anxiety,kill,killed,fear,stop,warning,fight,crisis,panic,collapse,fraud,no,complaints,emergency,shame,shortage,low,war,forced,die
crude,empty,sc,fears,shit,anxiety,kill,killed,fear,stop,warning,fight,crisis,panic,collapse,fraud,no,complaints,emergency,shame,shortage,low,war,forced,die
crude,empty,sc,fears,shit,anxiety,kill,killed,fear,stop,warning,fight,crisis,panic,collapse,fraud,no,complaints,emergency,shame,shortage,low,war,forced,die
crude,empty,sc,fears,shit,anxiety,kill,killed,fear,stop,warning,fight,crisis,panic,collapse,fraud,no,complaints,emergency,shame,shortage,low,war,forced,die
crude,empty,sc,fears,shit,anxiety,kill,killed,fear,stop,warning,fight,crisis,panic,collapse,fraud,no,complaints,emergency,shame,shortage,low,war,forced,die
crude,empty,sc,fears,shit,anxiety,kill,killed,fear,stop,warning,fight,crisis,panic,collapse,fraud,no,complaints,emergency,shame,shortage,low,war,forced,die
crude,empty,sc,fears,shit,anxiety,kill,killed,fear,stop,warning,fight,crisis,panic,collapse,fraud,no,complaints,emergency,shame,shortage,low,war,forced,die
crude,empty,sc,fears,shit,anxiety,kill,killed,fear,stop,warning,fight,crisis,panic,collapse,fraud,no,complaints,emergency,shame,shortage,low,war,forced,die
crude,empty,sc,fears,shit,anxiety,kill,killed,fear,stop,warning,fight,crisis,panic,collapse,fraud,no,complaints,emergency,shame,shortage,low,war,forced,die
crude,empty,sc,fears,shit,anxiety,kill,killed,fear,stop,warning,fight,crisis,panic,collapse,fraud,no,complaints,emergency,shame,shortage,low,war,forced,die
crude,empty,sc,fears,shit,anxiety,kill,killed,fear,stop,warning,fight,crisis,panic,collapse,fraud,no,complaints,emergency,shame,shortage,low,war,forced,die
crude,empty,sc,fears,shit,anxiety,kill,killed,fear,stop,warning,fight,crisis,panic,collapse,fraud,no,complaints,emergency,shame,shortage,low,war,forced,die
crude,empty,sc,fears,shit,anxiety,kill,killed,fear,stop,warning,fight,crisis,panic,collapse,fraud,no,complaints,emergency,shame,shortage,low,war,forced,die
crude,empty,sc,fears,shit,anxiety,kill,killed,fear,stop,warning,fight,crisis,panic,collapse,fraud,no,complaints,emergency,shame,shortage,low,war,forced,die
crude,empty,sc,fears,shit,anxiety,kill,killed,fear,stop,warning,fight,crisis,panic,collapse,fraud,no,complaints,emergency,shame,shortage,low,war,forced,die
crude,empty,sc,fears,shit,anxiety,kill,killed,fear,stop,warning,fight,crisis,panic,collapse,fraud,no,complaints,emergency,shame,shortage,low,war,forced,die
crude,empty,sc,fears,shit,anxiety,kill,killed,fear,stop,warning,fight,crisis,panic,collapse,fraud,no,complaints,emergency,shame,shortage,low,war,forced,die
crude,empty,sc,fears,shit,anxiety,kill,killed,fear,stop,warning,fight,crisis,panic,collapse,fraud,no,complaints,emergency,shame,shortage,low,war,forced,die
crude,empty,sc,fears,shit,anxiety,kill,killed,fear,stop,warning,fight,crisis,panic,collapse,fraud,no,complaints,emergency,shame,shortage,low,war,forced,die
crude,empty,sc,fears,shit,anxiety,kill,killed,fear,stop,warning,fight,crisis,panic,collapse,fraud,no,complaints,emergency,shame,shortage,low,war,forced,die
crude,empty,sc,fears,shit,anxiety,kill,killed,fear,stop,warning,fight,crisis,panic,collapse,fraud,no,complaints,emergency,shame,shortage,low,war,forced,die
crude,empty,sc,fears,shit,anxiety,kill,killed,fear,stop,warning,fight,crisis,panic,collapse,fraud,no,complaints,emergency,shame,shortage,low,war,forced,die
crude,empty,sc,fears,shit,anxiety,kill,killed,fear,stop,warning,fight,crisis,panic,collapse,fraud,no,complaints,emergency,shame,shortage,low,war,forced,die
crude,empty,sc,fears,shit,anxiety,kill,killed,fear,stop,warning,fight,crisis,panic,collapse,fraud,no,complaints,emergency,shame,shortage,low,war,forced,die
crude,empty,sc,fears,shit,anxiety,kill,killed,fear,stop,warning,fight,crisis,panic,collapse,fraud,no,complaints,emergency,shame,shortage,low,war,forced,die
crude,empty,sc,fears,shit,anxiety,kill,killed,fear,stop,warning,fight,crisis,panic,collapse,fraud,no,complaints,emergency,shame,shortage,low,war,forced,die
crude,empty,sc,fears,shit,anxiety,kill,killed,fear,stop,warning,fight,crisis,panic,collapse,fraud,no,complaints,emergency,shame,shortage,low,war,forced,die
crude,empty,sc,fears,shit,anxiety,kill,killed,fear,stop,warning,fight,crisis,panic,collapse,fraud,no,complaints,emergency,shame,shortage,low,war,forced,die
crude,empty,sc,fears,shit,anxiety,kill,killed,fear,stop,warning,fight,crisis,panic,collapse,fraud,no,complaints,emergency,shame,shortage,low,war,forced,die
crude,empty,sc,fears,shit,anxiety,kill,killed,fear,stop,warning,fight,crisis,panic,collapse,fraud,no,complaints,emergency,shame,shortage,low,war,forced,die
crude,empty,sc,fears,shit,anxiety,kill,killed,fear,stop,warning,fight,crisis,panic,collapse,fraud,no,complaints,emergency,shame,shortage,low,war,forced,die
crude,empty,sc,fears,shit,anxiety,kill,killed,fear,stop,warning,fight,crisis,panic,collapse,fraud,no,complaints,emergency,shame,shortage,low,war,forced,die
crude,empty,sc,fears,shit,anxiety,kill,killed,fear,stop,warning,fight,crisis,panic,collapse,fraud,no,complaints,emergency,shame,shortage,low,war,forced,die
crude,empty,sc,fears,shit,anxiety,kill,killed,fear,stop,warning,fight,crisis,panic,collapse,fraud,no,complaints,emergency,shame,shortage,low,war,forced,die
crude,empty,sc,fears,shit,anxiety,kill,killed,fear,stop,warning,fight,crisis,panic,collapse,fraud,no,complaints,emergency,shame,shortage,low,war,forced,die
crude,empty,sc,fears,shit,anxiety,kill,killed,fear,stop,warning,fight,crisis,panic,collapse,fraud,no,complaints,emergency,shame,shortage,low,war,forced,die
crude,empty,sc,fears,shit,anxiety,kill,killed,fear,stop,warning,fight,crisis,panic,collapse,fraud,no,complaints,emergency,shame,shortage,low,war,forced,die
crude,empty,sc,fears,shit,anxiety,kill,killed,fear,stop,warning,fight,crisis,panic,collapse,fraud,no,complaints,emergency,shame,shortage,low,war,forced,die
crude,empty,sc,fears,shit,anxiety,kill,killed,fear,stop,warning,fight,crisis,panic,collapse,fraud,no,complaints,emergency,shame,shortage,low,war,forced,die
crude,empty,sc,fears,shit,anxiety,kill,killed,fear,stop,warning,fight,crisis,panic,collapse,fraud,no,complaints,emergency,shame,shortage,low,war,forced,die
crude,empty,sc,fears,shit,anxiety,kill,killed,fear,stop,warning,fight,crisis,panic,collapse,fraud,no,complaints,emergency,shame,shortage,low,war,forced,die
crude,empty,sc,fears,shit,anxiety,kill,killed,fear,stop,warning,fight,crisis,panic,collapse,fraud,no,complaints,emergency,shame,shortage,low,war,forced,die
crude,empty,sc,fears,shit,anxiety,kill,killed,fear,stop,warning,fight,crisis,panic,collapse,fraud,no,complaints,emergency,shame,shortage,low,war,forced,die
crude,empty,sc,fears,shit,anxiety,kill,killed,fear,stop,warning,fight,crisis,panic,collapse,fraud,no,complaints,emergency,shame,shortage,low,war,forced,die
crude,empty,sc,fears,shit,anxiety,kill,killed,fear,stop,warning,fight,crisis,panic,collapse,fraud,no,complaints,emergency,shame,shortage,low,war,forced,die
crude,empty,sc,fears,shit,anxiety,kill,killed,fear,stop,warning,fight,crisis,panic,collapse,fraud,no,complaints,emergency,shame,shortage,low,war,forced,die
crude,empty,sc,fears,shit,anxiety,kill,killed,fear,stop,warning,fight,crisis,panic,collapse,fraud,no,complaints,emergency,shame,shortage,low,war,forced,die
crude,empty,sc,fears,shit,anxiety,kill,killed,fear,stop,warning,fight,crisis,panic,collapse,fraud,no,complaints,emergency,shame,shortage,low,war,forced,die
crude,empty,sc,fears,shit,anxiety,kill,killed,fear,stop,warning,fight,crisis,panic,collapse,fraud,no,complaints,emergency,shame,shortage,low,war,forced,die
crude,empty,sc,fears,shit,anxiety,kill,killed,fear,stop,warning,fight,crisis,panic,collapse,fraud,no,complaints,emergency,shame,shortage,low,war,forced,die
crude,empty,sc,fears,shit,anxiety,kill,killed,fear,stop,warning,fight,crisis,panic,collapse,fraud,no,complaints,emergency,shame,shortage,low,war,forced,die
crude,empty,sc,fears,shit,anxiety,kill,killed,fear,stop,warning,fight,crisis,panic,collapse,fraud,no,complaints,emergency,shame,shortage,low,war,forced,die
crude,empty,sc,fears,shit,anxiety,kill,killed,fear,stop,warning,fight,crisis,panic,collapse,fraud,no,complaints,emergency,shame,shortage,low,war,forced,die
crude,empty,sc,fears,shit,anxiety,kill,killed,fear,stop,warning,fight,crisis,panic,collapse,fraud,no,complaints,emergency,shame,shortage,low,war,forced,die
crude,empty,sc,fears,shit,anxiety,kill,killed,fear,stop,warning,fight,crisis,panic,collapse,fraud,no,complaints,emergency,shame,shortage,low,war,forced,die
crude,empty,sc,fears,shit,anxiety,kill,killed,fear,stop,warning,fight,crisis,panic,collapse,fraud,no,complaints,emergency,shame,shortage,low,war,forced,die
crude,empty,sc,fears,shit,anxiety,kill,killed,fear,stop,warning,fight,crisis,panic,collapse,fraud,no,complaints,emergency,shame,shortage,low,war,forced,die
crude,empty,sc,fears,shit,anxiety,kill,killed,fear,stop,warning,fight,crisis,panic,collapse,fraud,no,complaints,emergency,shame,shortage,low,war,forced,die
crude,empty,sc,fears,shit,anxiety,kill,killed,fear,stop,warning,fight,crisis,panic,collapse,fraud,no,complaints,emergency,shame,shortage,low,war,forced,die
crude,empty,sc,fears,shit,anxiety,kill,killed,fear,stop,warning,fight,crisis,panic,collapse,fraud,no,complaints,emergency,shame,shortage,low,war,forced,die
crude,empty,sc,fears,shit,anxiety,kill,killed,fear,stop,warning,fight,crisis,panic,collapse,fraud,no,complaints,emergency,shame,shortage,low,war,forced,die
crude,empty,sc,fears,shit,anxiety,kill,killed,fear,stop,warning,fight,crisis,panic,collapse,fraud,no,complaints,emergency,shame,shortage,low,war,forced,die
crude,empty,sc,fears,shit,anxiety,kill,killed,fear,stop,warning,fight,crisis,panic,collapse,fraud,no,complaints,emergency,shame,shortage,low,war,forced,die
crude,empty,sc,fears,shit,anxiety,kill,killed,fear,stop,warning,fight,crisis,panic,collapse,fraud,no,complaints,emergency,shame,shortage,low,war,forced,die
crude,empty,sc,fears,shit,anxiety,kill,killed,fear,stop,warning,fight,crisis,panic,collapse,fraud,no,complaints,emergency,shame,shortage,low,war,forced,die
crude,empty,sc,fears,shit,anxiety,kill,killed,fear,stop,warning,fight,crisis,panic,collapse,fraud,no,complaints,emergency,shame,shortage,low,war,forced,die
crude,empty,sc,fears,shit,anxiety,kill,killed,fear,stop,warning,fight,crisis,panic,collapse,fraud,no,complaints,emergency,shame,shortage,low,war,forced,die
crude,empty,sc,fears,shit,anxiety,kill,killed,fear,stop,warning,fight,crisis,panic,collapse,fraud,no,complaints,emergency,shame,shortage,low,war,forced,die
crude,empty,sc,fears,shit,anxiety,kill,killed,fear,stop,warning,fight,crisis,panic,collapse,fraud,no,complaints,emergency,shame,shortage,low,war,forced,die
crude,empty,sc,fears,shit,anxiety,kill,killed,fear,stop,warning,fight,crisis,panic,collapse,fraud,no,complaints,emergency,shame,shortage,low,war,forced,die
crude,empty,sc,fears,shit,anxiety,kill,killed,fear,stop,warning,fight,crisis,panic,collapse,fraud,no,complaints,emergency,shame,shortage,low,war,forced,die
crude,empty,sc,fears,shit,anxiety,kill,killed,fear,stop,warning,fight,crisis,panic,collapse,fraud,no,complaints,emergency,shame,shortage,low,war,forced,die
crude,empty,sc,fears,shit,anxiety,kill,killed,fear,stop,warning,fight,crisis,panic,collapse,fraud,no,complaints,emergency,shame,shortage,low,war,forced,die
crude,empty,sc,fears,shit,anxiety,kill,killed,stop,warning,fight,crisis,panic,collapse,fraud,no,complaints,emergency,shame,uncertainty,shortage,low,war,forced,die
crude,empty,sc,fears,shit,anxiety,kill,killed,stop,warning,fight,crisis,panic,collapse,fraud,no,complaints,emergency,shame,uncertainty,shortage,low,war,forced,die
crude,empty,sc,fears,shit,anxiety,kill,killed,stop,warning,fight,crisis,panic,collapse,fraud,no,complaints,emergency,shame,uncertainty,shortage,low,war,forced,die
crude,empty,sc,fears,shit,anxiety,kill,killed,stop,warning,fight,crisis,panic,collapse,fraud,no,complaints,emergency,shame,uncertainty,shortage,low,war,forced,die
crude,empty,sc,fears,shit,anxiety,kill,killed,stop,warning,fight,crisis,panic,collapse,fraud,no,complaints,emergency,shame,uncertainty,shortage,low,war,forced,die
crude,empty,sc,fears,shit,anxiety,kill,killed,stop,warning,fight,crisis,panic,collapse,fraud,no,complaints,emergency,shame,uncertainty,shortage,low,war,forced,die
crude,empty,sc,fears,shit,anxiety,kill,killed,stop,warning,fight,crisis,panic,collapse,fraud,no,complaints,emergency,shame,uncertainty,shortage,low,war,forced,die
crude,empty,sc,fears,shit,anxiety,kill,killed,stop,warning,fight,crisis,panic,collapse,fraud,no,complaints,emergency,shame,uncertainty,shortage,low,war,forced,die
crude,empty,sc,fears,shit,anxiety,kill,killed,stop,warning,fight,crisis,panic,collapse,fraud,no,complaints,emergency,shame,uncertainty,shortage,low,war,forced,die
crude,empty,sc,fears,shit,anxiety,kill,killed,stop,warning,fight,crisis,panic,collapse,fraud,no,complaints,emergency,shame,uncertainty,shortage,low,war,forced,die
crude,empty,sc,fears,shit,anxiety,kill,killed,stop,warning,fight,crisis,panic,collapse,fraud,no,complaints,emergency,shame,uncertainty,shortage,low,war,forced,die
crude,empty,sc,fears,shit,anxiety,kill,killed,stop,warning,fight,crisis,panic,collapse,fraud,no,complaints,emergency,shame,uncertainty,shortage,low,war,forced,die
crude,empty,sc,fears,shit,anxiety,kill,killed,stop,warning,fight,crisis,panic,collapse,fraud,no,complaints,emergency,shame,uncertainty,shortage,low,war,forced,die
crude,empty,sc,fears,shit,anxiety,kill,killed,stop,warning,fight,crisis,panic,collapse,fraud,no,complaints,emergency,shame,uncertainty,shortage,low,war,forced,die
crude,empty,sc,fears,shit,anxiety,kill,killed,stop,warning,fight,crisis,panic,collapse,fraud,no,complaints,emergency,shame,uncertainty,shortage,low,war,forced,die
crude,empty,sc,fears,shit,anxiety,kill,killed,stop,warning,fight,crisis,panic,collapse,fraud,no,complaints,emergency,shame,uncertainty,shortage,low,war,forced,die
crude,empty,sc,fears,shit,anxiety,kill,killed,stop,warning,fight,crisis,panic,collapse,fraud,no,complaints,emergency,shame,uncertainty,shortage,low,war,forced,die
crude,empty,sc,fears,shit,anxiety,kill,killed,stop,warning,fight,crisis,panic,collapse,fraud,no,complaints,emergency,shame,uncertainty,shortage,low,war,forced,die
crude,empty,sc,fears,shit,anxiety,kill,killed,stop,warning,fight,crisis,panic,collapse,fraud,no,complaints,emergency,shame,uncertainty,shortage,low,war,forced,die
crude,empty,sc,fears,shit,anxiety,kill,killed,stop,warning,fight,crisis,panic,collapse,fraud,no,complaints,emergency,shame,uncertainty,shortage,low,war,forced,die
crude,empty,sc,fears,shit,anxiety,kill,killed,stop,warning,fight,crisis,panic,collapse,fraud,no,complaints,emergency,shame,uncertainty,shortage,low,war,forced,die
crude,empty,sc,fears,shit,anxiety,kill,killed,stop,warning,fight,crisis,panic,collapse,fraud,no,complaints,emergency,shame,uncertainty,shortage,low,war,forced,die
crude,empty,sc,fears,shit,anxiety,kill,killed,stop,warning,fight,crisis,panic,collapse,fraud,no,complaints,emergency,shame,uncertainty,shortage,low,war,forced,die
crude,empty,sc,fears,shit,anxiety,kill,killed,stop,warning,fight,crisis,panic,collapse,fraud,no,complaints,emergency,shame,uncertainty,shortage,low,war,forced,die
crude,empty,sc,fears,shit,anxiety,kill,killed,stop,warning,fight,crisis,panic,collapse,fraud,no,complaints,emergency,shame,uncertainty,shortage,low,war,forced,die
crude,empty,sc,fears,shit,anxiety,kill,killed,stop,warning,fight,crisis,panic,collapse,fraud,no,complaints,emergency,shame,uncertainty,shortage,low,war,forced,die
crude,empty,sc,fears,shit,anxiety,kill,killed,stop,warning,fight,crisis,panic,collapse,fraud,no,complaints,emergency,shame,uncertainty,shortage,low,war,forced,die
crude,empty,sc,fears,shit,anxiety,kill,killed,stop,warning,fight,crisis,panic,collapse,fraud,no,complaints,emergency,shame,uncertainty,shortage,low,war,forced,die
crude,empty,sc,fears,shit,anxiety,kill,killed,stop,warning,fight,crisis,panic,collapse,fraud,no,complaints,emergency,shame,uncertainty,shortage,low,war,forced,die
crude,empty,sc,fears,shit,anxiety,kill,killed,stop,warning,fight,crisis,panic,collapse,fraud,no,complaints,emergency,shame,uncertainty,shortage,low,war,forced,die
crude,empty,sc,fears,shit,anxiety,kill,killed,stop,warning,fight,crisis,panic,collapse,fraud,no,complaints,emergency,shame,uncertainty,shortage,low,war,forced,die
crude,empty,sc,fears,shit,anxiety,kill,killed,stop,warning,fight,crisis,panic,collapse,fraud,no,complaints,emergency,shame,uncertainty,shortage,low,war,forced,die
crude,empty,sc,fears,shit,anxiety,kill,killed,stop,warning,fight,crisis,panic,collapse,fraud,no,complaints,emergency,shame,uncertainty,shortage,low,war,forced,die
crude,empty,sc,fears,shit,anxiety,kill,killed,stop,warning,fight,crisis,panic,collapse,fraud,no,complaints,emergency,shame,uncertainty,shortage,low,war,forced,die
crude,empty,sc,fears,shit,anxiety,kill,killed,stop,warning,fight,crisis,panic,collapse,fraud,no,complaints,emergency,shame,uncertainty,shortage,low,war,forced,die
crude,empty,sc,fears,shit,anxiety,kill,killed,stop,warning,fight,crisis,panic,collapse,fraud,no,complaints,emergency,shame,uncertainty,shortage,low,war,forced,die
crude,empty,sc,fears,shit,anxiety,kill,killed,stop,warning,fight,crisis,panic,collapse,fraud,no,complaints,emergency,shame,uncertainty,shortage,low,war,forced,die
crude,empty,sc,fears,shit,anxiety,kill,killed,stop,warning,fight,crisis,panic,collapse,fraud,no,complaints,emergency,shame,uncertainty,shortage,low,war,forced,die
crude,empty,sc,fears,shit,anxiety,kill,killed,stop,warning,fight,crisis,panic,collapse,fraud,no,complaints,emergency,shame,uncertainty,shortage,low,war,forced,die
crude,empty,sc,fears,shit,anxiety,kill,killed,stop,warning,fight,crisis,panic,collapse,fraud,no,complaints,emergency,shame,uncertainty,shortage,low,war,forced,die
crude,empty,sc,fears,shit,anxiety,kill,killed,stop,warning,fight,crisis,panic,collapse,fraud,no,complaints,emergency,shame,uncertainty,shortage,low,war,forced,die
crude,empty,sc,fears,shit,anxiety,kill,killed,stop,warning,fight,crisis,panic,collapse,fraud,no,complaints,emergency,shame,uncertainty,shortage,low,war,forced,die
crude,empty,sc,fears,shit,anxiety,kill,killed,stop,warning,fight,crisis,panic,collapse,fraud,no,complaints,emergency,shame,uncertainty,shortage,low,war,forced,die
crude,empty,sc,fears,shit,anxiety,kill,killed,stop,warning,fight,crisis,panic,collapse,fraud,no,complaints,emergency,shame,uncertainty,shortage,low,war,forced,die
crude,empty,sc,fears,shit,anxiety,kill,killed,stop,warning,fight,crisis,panic,collapse,fraud,no,complaints,emergency,shame,uncertainty,shortage,low,war,forced,die
crude,empty,sc,fears,shit,anxiety,kill,killed,stop,warning,fight,crisis,panic,collapse,fraud,no,complaints,emergency,shame,uncertainty,shortage,low,war,forced,die
crude,empty,sc,fears,shit,anxiety,kill,killed,stop,warning,fight,crisis,panic,collapse,fraud,no,complaints,emergency,shame,uncertainty,shortage,low,war,forced,die
crude,empty,sc,fears,shit,anxiety,kill,killed,stop,warning,fight,crisis,panic,collapse,fraud,no,complaints,emergency,shame,uncertainty,shortage,low,war,forced,die
crude,empty,sc,fears,shit,anxiety,kill,killed,stop,warning,fight,crisis,panic,collapse,fraud,no,complaints,emergency,shame,uncertainty,shortage,low,war,forced,die
crude,empty,sc,fears,shit,anxiety,kill,killed,stop,warning,fight,crisis,panic,collapse,fraud,no,complaints,emergency,shame,uncertainty,shortage,low,war,forced,die
crude,empty,sc,fears,shit,anxiety,kill,killed,stop,warning,fight,crisis,panic,collapse,fraud,no,complaints,emergency,shame,uncertainty,shortage,low,war,forced,die
crude,empty,sc,fears,shit,anxiety,kill,killed,stop,warning,fight,crisis,panic,collapse,fraud,no,complaints,emergency,shame,uncertainty,shortage,low,war,forced,die
crude,empty,sc,fears,shit,anxiety,kill,killed,stop,warning,fight,crisis,panic,collapse,fraud,no,complaints,emergency,shame,uncertainty,shortage,low,war,forced,die
crude,empty,sc,fears,shit,anxiety,kill,killed,stop,warning,fight,crisis,panic,collapse,fraud,no,complaints,emergency,shame,uncertainty,shortage,low,war,forced,die
crude,empty,sc,fears,shit,anxiety,kill,killed,stop,warning,fight,crisis,panic,collapse,fraud,no,complaints,emergency,shame,uncertainty,shortage,low,war,forced,die
crude,empty,sc,fears,shit,anxiety,kill,killed,stop,warning,fight,crisis,panic,collapse,fraud,no,complaints,emergency,shame,uncertainty,shortage,low,war,forced,die
crude,empty,sc,fears,shit,anxiety,kill,killed,stop,warning,fight,crisis,panic,collapse,fraud,no,complaints,emergency,shame,uncertainty,shortage,low,war,forced,die
crude,empty,sc,fears,shit,anxiety,kill,killed,stop,warning,fight,crisis,panic,collapse,fraud,no,complaints,emergency,shame,uncertainty,shortage,low,war,forced,die
crude,empty,sc,fears,shit,anxiety,kill,killed,stop,warning,fight,crisis,panic,collapse,fraud,no,complaints,emergency,shame,uncertainty,shortage,low,war,forced,die
crude,empty,sc,fears,shit,anxiety,kill,killed,stop,warning,fight,crisis,panic,collapse,fraud,no,complaints,emergency,shame,uncertainty,shortage,low,war,forced,die
crude,empty,sc,fears,shit,anxiety,kill,killed,stop,warning,fight,crisis,panic,collapse,fraud,no,complaints,emergency,shame,uncertainty,shortage,low,war,forced,die
crude,empty,sc,fears,shit,anxiety,kill,killed,stop,warning,fight,crisis,panic,collapse,fraud,no,complaints,emergency,shame,uncertainty,shortage,low,war,forced,die
crude,empty,sc,fears,shit,anxiety,kill,killed,stop,warning,fight,crisis,panic,collapse,fraud,no,complaints,emergency,shame,uncertainty,shortage,low,war,forced,die
crude,empty,sc,fears,shit,anxiety,kill,killed,stop,warning,fight,crisis,panic,collapse,fraud,no,complaints,emergency,shame,uncertainty,shortage,low,war,forced,die
crude,empty,sc,fears,shit,anxiety,kill,killed,stop,warning,fight,crisis,panic,collapse,fraud,no,complaints,emergency,shame,uncertainty,shortage,low,war,forced,die
crude,empty,sc,fears,shit,anxiety,kill,killed,stop,warning,fight,crisis,panic,collapse,fraud,no,complaints,emergency,shame,uncertainty,shortage,low,war,forced,die
crude,empty,sc,fears,shit,anxiety,kill,killed,stop,warning,fight,crisis,panic,collapse,fraud,no,complaints,emergency,shame,uncertainty,shortage,low,war,forced,die
crude,empty,sc,fears,shit,anxiety,kill,killed,stop,warning,fight,crisis,panic,collapse,fraud,no,complaints,emergency,shame,uncertainty,shortage,low,war,forced,die
crude,empty,sc,fears,shit,anxiety,kill,killed,stop,warning,fight,crisis,panic,collapse,fraud,no,complaints,emergency,shame,uncertainty,shortage,low,war,forced,die
crude,empty,sc,fears,shit,anxiety,kill,killed,stop,warning,fight,crisis,panic,collapse,fraud,no,complaints,emergency,shame,uncertainty,shortage,low,war,forced,die
crude,empty,sc,fears,shit,anxiety,kill,killed,stop,warning,fight,crisis,panic,collapse,fraud,no,complaints,emergency,shame,uncertainty,shortage,low,war,forced,die
crude,empty,sc,fears,shit,anxiety,kill,killed,stop,warning,fight,crisis,panic,collapse,fraud,no,complaints,emergency,shame,uncertainty,shortage,low,war,forced,die
crude,empty,sc,fears,shit,anxiety,kill,killed,stop,warning,fight,crisis,panic,collapse,fraud,no,complaints,emergency,shame,uncertainty,shortage,low,war,forced,die
crude,empty,sc,fears,shit,anxiety,kill,killed,stop,warning,fight,crisis,panic,collapse,fraud,no,complaints,emergency,shame,uncertainty,shortage,low,war,forced,die
crude,empty,sc,fears,shit,anxiety,kill,killed,stop,warning,fight,crisis,panic,collapse,fraud,no,complaints,emergency,shame,uncertainty,shortage,low,war,forced,die
crude,empty,sc,fears,shit,anxiety,kill,killed,stop,warning,fight,crisis,panic,collapse,fraud,no,complaints,emergency,shame,uncertainty,shortage,low,war,forced,die
crude,empty,sc,fears,shit,anxiety,kill,killed,stop,warning,fight,crisis,panic,collapse,fraud,no,complaints,emergency,shame,uncertainty,shortage,low,war,forced,die
crude,empty,sc,fears,shit,anxiety,kill,killed,stop,warning,fight,crisis,panic,collapse,fraud,no,complaints,emergency,shame,uncertainty,shortage,low,war,forced,die
crude,empty,sc,fears,shit,anxiety,kill,killed,stop,warning,fight,crisis,panic,collapse,fraud,no,complaints,emergency,shame,uncertainty,shortage,low,war,forced,die
crude,empty,sc,fears,shit,anxiety,kill,killed,stop,warning,fight,crisis,panic,collapse,fraud,no,complaints,emergency,shame,uncertainty,shortage,low,war,forced,die
crude,empty,sc,fears,shit,anxiety,kill,killed,stop,warning,fight,crisis,panic,collapse,fraud,no,complaints,emergency,shame,uncertainty,shortage,low,war,forced,die
crude,empty,sc,fears,shit,anxiety,kill,killed,stop,warning,fight,crisis,panic,collapse,fraud,no,complaints,emergency,shame,uncertainty,shortage,low,war,forced,die
crude,empty,sc,fears,shit,anxiety,kill,killed,stop,warning,fight,crisis,panic,collapse,fraud,no,complaints,emergency,shame,uncertainty,shortage,low,war,forced,die
crude,empty,sc,fears,shit,anxiety,kill,killed,stop,warning,fight,crisis,panic,collapse,fraud,no,complaints,emergency,shame,uncertainty,shortage,low,war,forced,die
crude,empty,sc,fears,shit,anxiety,kill,killed,stop,warning,fight,crisis,panic,collapse,fraud,no,complaints,emergency,shame,uncertainty,shortage,low,war,forced,die
crude,empty,sc,fears,shit,anxiety,kill,killed,stop,warning,fight,crisis,panic,collapse,fraud,no,complaints,emergency,shame,uncertainty,shortage,low,war,forced,die
crude,empty,sc,fears,shit,anxiety,kill,killed,stop,warning,fight,crisis,panic,collapse,fraud,no,complaints,emergency,shame,uncertainty,shortage,low,war,forced,die
crude,empty,sc,fears,shit,anxiety,kill,killed,stop,warning,fight,crisis,panic,collapse,fraud,no,complaints,emergency,shame,uncertainty,shortage,low,war,forced,die
crude,empty,sc,fears,shit,anxiety,kill,killed,stop,warning,fight,crisis,panic,collapse,fraud,no,complaints,emergency,shame,uncertainty,shortage,low,war,forced,die
crude,empty,sc,fears,shit,anxiety,kill,killed,stop,warning,fight,crisis,panic,collapse,fraud,no,complaints,emergency,shame,uncertainty,shortage,low,war,forced,die
crude,empty,sc,fears,shit,anxiety,kill,killed,stop,warning,fight,crisis,panic,collapse,fraud,no,complaints,emergency,shame,uncertainty,shortage,low,war,forced,die
crude,empty,sc,fears,shit,anxiety,kill,killed,stop,warning,fight,crisis,panic,collapse,fraud,no,complaints,emergency,shame,uncertainty,shortage,low,war,forced,die
crude,empty,sc,fears,shit,anxiety,kill,killed,stop,warning,fight,crisis,panic,collapse,fraud,no,complaints,emergency,shame,uncertainty,shortage,low,war,forced,die
crude,empty,sc,fears,shit,anxiety,kill,killed,stop,warning,fight,crisis,panic,collapse,fraud,no,complaints,emergency,shame,uncertainty,shortage,low,war,forced,die
crude,empty,sc,fears,shit,anxiety,kill,killed,stop,warning,fight,crisis,panic,collapse,fraud,no,complaints,emergency,shame,uncertainty,shortage,low,war,forced,die
crude,empty,sc,fears,shit,anxiety,kill,killed,stop,warning,fight,crisis,panic,collapse,fraud,no,complaints,emergency,shame,uncertainty,shortage,low,war,forced,die
crude,empty,sc,fears,shit,anxiety,kill,killed,stop,warning,fight,crisis,panic,collapse,fraud,no,complaints,emergency,shame,uncertainty,shortage,low,war,forced,die
crude,empty,sc,fears,shit,anxiety,kill,killed,stop,warning,fight,crisis,panic,collapse,fraud,no,complaints,emergency,shame,uncertainty,shortage,low,war,forced,die
crude,empty,sc,fears,shit,anxiety,kill,killed,stop,warning,fight,crisis,panic,collapse,fraud,no,complaints,emergency,shame,uncertainty,shortage,low,war,forced,die
crude,empty,sc,fears,shit,anxiety,kill,killed,stop,warning,fight,crisis,panic,collapse,fraud,no,complaints,emergency,shame,uncertainty,shortage,low,war,forced,die
crude,empty,sc,fears,shit,anxiety,kill,killed,stop,warning,fight,crisis,panic,collapse,fraud,no,complaints,emergency,shame,uncertainty,shortage,low,war,forced,die
crude,empty,sc,fears,shit,anxiety,kill,killed,stop,warning,fight,crisis,panic,collapse,fraud,no,complaints,emergency,shame,uncertainty,shortage,low,war,forced,die
crude,empty,sc,fears,shit,anxiety,kill,killed,stop,warning,fight,crisis,panic,collapse,fraud,no,complaints,emergency,shame,uncertainty,shortage,low,war,forced,die
crude,empty,sc,fears,shit,anxiety,kill,killed,stop,warning,fight,crisis,panic,collapse,fraud,no,complaints,emergency,shame,uncertainty,shortage,low,war,forced,die
crude,empty,sc,fears,shit,anxiety,kill,killed,stop,warning,fight,crisis,panic,collapse,fraud,no,complaints,emergency,shame,uncertainty,shortage,low,war,forced,die
crude,empty,sc,fears,shit,anxiety,kill,killed,stop,warning,fight,crisis,panic,collapse,fraud,no,complaints,emergency,shame,uncertainty,shortage,low,war,forced,die
crude,empty,sc,fears,shit,anxiety,kill,killed,stop,warning,fight,crisis,panic,collapse,fraud,no,complaints,emergency,shame,uncertainty,shortage,low,war,forced,die
crude,empty,sc,fears,shit,anxiety,kill,killed,stop,warning,fight,crisis,panic,collapse,fraud,no,complaints,emergency,shame,uncertainty,shortage,low,war,forced,die
crude,empty,sc,fears,shit,anxiety,kill,killed,stop,warning,fight,crisis,panic,collapse,fraud,no,complaints,emergency,shame,uncertainty,shortage,low,war,forced,die
crude,empty,sc,fears,shit,anxiety,kill,killed,stop,warning,fight,crisis,panic,collapse,fraud,no,complaints,emergency,shame,uncertainty,shortage,low,war,forced,die
crude,empty,sc,fears,shit,anxiety,kill,killed,stop,warning,fight,crisis,panic,collapse,fraud,no,complaints,emergency,shame,uncertainty,shortage,low,war,forced,die
crude,empty,sc,fears,shit,anxiety,kill,killed,stop,warning,fight,crisis,panic,collapse,fraud,no,complaints,emergency,shame,uncertainty,shortage,low,war,forced,die
crude,empty,sc,fears,shit,anxiety,kill,killed,stop,warning,fight,crisis,panic,collapse,fraud,no,complaints,emergency,shame,uncertainty,shortage,low,war,forced,die
crude,empty,sc,fears,shit,anxiety,kill,killed,stop,warning,fight,crisis,panic,collapse,fraud,no,complaints,emergency,shame,uncertainty,shortage,low,war,forced,die
crude,empty,sc,fears,shit,anxiety,kill,killed,stop,warning,fight,crisis,panic,collapse,fraud,no,complaints,emergency,shame,uncertainty,shortage,low,war,forced,die
crude,empty,sc,fears,shit,anxiety,kill,killed,stop,warning,fight,crisis,panic,collapse,fraud,no,complaints,emergency,shame,uncertainty,shortage,low,war,forced,die
crude,empty,sc,fears,shit,anxiety,kill,killed,stop,warning,fight,crisis,panic,collapse,fraud,no,complaints,emergency,shame,uncertainty,shortage,low,war,forced,die
crude,empty,sc,fears,shit,anxiety,kill,killed,stop,warning,fight,crisis,panic,collapse,fraud,no,complaints,emergency,shame,uncertainty,shortage,low,war,forced,die
crude,empty,sc,fears,shit,anxiety,kill,killed,stop,warning,fight,crisis,panic,collapse,fraud,no,complaints,emergency,shame,uncertainty,shortage,low,war,forced,die
crude,empty,sc,fears,shit,anxiety,kill,killed,stop,warning,fight,crisis,panic,collapse,fraud,no,complaints,emergency,shame,uncertainty,shortage,low,war,forced,die
crude,empty,sc,fears,shit,anxiety,kill,killed,stop,warning,fight,crisis,panic,collapse,fraud,no,complaints,emergency,shame,uncertainty,shortage,low,war,forced,die
crude,empty,sc,fears,shit,anxiety,kill,killed,stop,warning,fight,crisis,panic,collapse,fraud,no,complaints,emergency,shame,uncertainty,shortage,low,war,forced,die
crude,empty,sc,fears,shit,anxiety,kill,killed,stop,warning,fight,crisis,panic,collapse,fraud,no,complaints,emergency,shame,uncertainty,shortage,low,war,forced,die
crude,empty,sc,fears,shit,anxiety,kill,killed,stop,warning,fight,crisis,panic,collapse,fraud,no,complaints,emergency,shame,uncertainty,shortage,low,war,forced,die
crude,empty,sc,fears,shit,anxiety,kill,killed,stop,warning,fight,crisis,panic,collapse,fraud,no,complaints,emergency,shame,uncertainty,shortage,low,war,forced,die
crude,empty,sc,fears,shit,anxiety,kill,killed,stop,warning,fight,crisis,panic,collapse,fraud,no,complaints,emergency,shame,uncertainty,shortage,low,war,forced,die
crude,empty,sc,fears,shit,anxiety,kill,killed,stop,warning,fight,crisis,panic,collapse,fraud,no,complaints,emergency,shame,uncertainty,shortage,low,war,forced,die
crude,empty,sc,fears,shit,anxiety,kill,killed,stop,warning,fight,crisis,panic,collapse,fraud,no,complaints,emergency,shame,uncertainty,shortage,low,war,forced,die
crude,empty,sc,fears,shit,anxiety,kill,killed,stop,warning,fight,crisis,panic,collapse,fraud,no,complaints,emergency,shame,uncertainty,shortage,low,war,forced,die
crude,empty,sc,fears,shit,anxiety,kill,killed,stop,warning,fight,crisis,panic,collapse,fraud,no,complaints,emergency,shame,uncertainty,shortage,low,war,forced,die
crude,empty,sc,fears,shit,anxiety,kill,killed,stop,warning,fight,crisis,panic,collapse,fraud,no,complaints,emergency,shame,uncertainty,shortage,low,war,forced,die
crude,empty,sc,fears,shit,anxiety,kill,killed,stop,warning,fight,crisis,panic,collapse,fraud,no,complaints,emergency,shame,uncertainty,shortage,low,war,forced,die
crude,empty,sc,fears,shit,anxiety,kill,killed,stop,warning,fight,crisis,panic,collapse,fraud,no,complaints,emergency,shame,uncertainty,shortage,low,war,forced,die
crude,empty,sc,fears,shit,anxiety,kill,killed,stop,warning,fight,crisis,panic,collapse,fraud,no,complaints,emergency,shame,uncertainty,shortage,low,war,forced,die
crude,empty,sc,fears,shit,anxiety,kill,killed,stop,warning,fight,crisis,panic,collapse,fraud,no,complaints,emergency,shame,uncertainty,shortage,low,war,forced,die
crude,empty,sc,fears,shit,anxiety,kill,killed,stop,warning,fight,crisis,panic,collapse,fraud,no,complaints,emergency,shame,uncertainty,shortage,low,war,forced,die
crude,empty,sc,fears,shit,anxiety,kill,killed,stop,warning,fight,crisis,panic,collapse,fraud,no,complaints,emergency,shame,uncertainty,shortage,low,war,forced,die
crude,empty,sc,fears,shit,anxiety,kill,killed,stop,warning,fight,crisis,panic,collapse,fraud,no,complaints,emergency,shame,uncertainty,shortage,low,war,forced,die
crude,empty,sc,fears,shit,anxiety,kill,killed,stop,warning,fight,crisis,panic,collapse,fraud,no,complaints,emergency,shame,uncertainty,shortage,low,war,forced,die
crude,empty,sc,fears,shit,anxiety,kill,killed,stop,warning,fight,crisis,panic,collapse,fraud,no,complaints,emergency,shame,uncertainty,shortage,low,war,forced,die
crude,empty,sc,fears,shit,anxiety,kill,killed,stop,warning,fight,crisis,panic,collapse,fraud,no,complaints,emergency,shame,uncertainty,shortage,low,war,forced,die
crude,empty,sc,fears,shit,anxiety,kill,killed,stop,warning,fight,crisis,panic,collapse,fraud,no,complaints,emergency,shame,uncertainty,shortage,low,war,forced,die
crude,empty,sc,fears,shit,anxiety,kill,killed,stop,warning,fight,crisis,panic,collapse,fraud,no,complaints,emergency,shame,uncertainty,shortage,low,war,forced,die
crude,empty,sc,fears,shit,anxiety,kill,killed,stop,warning,fight,crisis,panic,collapse,fraud,no,complaints,emergency,shame,uncertainty,shortage,low,war,forced,die
crude,empty,sc,fears,shit,anxiety,kill,killed,stop,warning,fight,crisis,panic,collapse,fraud,no,complaints,emergency,shame,uncertainty,shortage,low,war,forced,die
crude,empty,sc,fears,shit,anxiety,kill,killed,stop,warning,fight,crisis,panic,collapse,fraud,no,complaints,emergency,shame,uncertainty,shortage,low,war,forced,die
crude,empty,sc,fears,shit,anxiety,kill,killed,stop,warning,fight,crisis,panic,collapse,fraud,no,complaints,emergency,shame,uncertainty,shortage,low,war,forced,die
crude,empty,sc,fears,shit,anxiety,kill,killed,stop,warning,fight,crisis,panic,collapse,fraud,no,complaints,emergency,shame,uncertainty,shortage,low,war,forced,die
crude,empty,sc,fears,shit,anxiety,kill,killed,stop,warning,fight,crisis,panic,collapse,fraud,no,complaints,emergency,shame,uncertainty,shortage,low,war,forced,die
crude,empty,sc,fears,shit,anxiety,kill,killed,stop,warning,fight,crisis,panic,collapse,fraud,no,complaints,emergency,shame,uncertainty,shortage,low,war,forced,die
crude,empty,sc,fears,shit,anxiety,kill,killed,stop,warning,fight,crisis,panic,collapse,fraud,no,complaints,emergency,shame,uncertainty,shortage,low,war,forced,die
crude,empty,sc,fears,shit,anxiety,kill,killed,stop,warning,fight,crisis,panic,collapse,fraud,no,complaints,emergency,shame,uncertainty,shortage,low,war,forced,die
crude,empty,sc,fears,shit,anxiety,kill,killed,stop,warning,fight,crisis,panic,collapse,fraud,no,complaints,emergency,shame,uncertainty,shortage,low,war,forced,die
crude,empty,sc,fears,shit,anxiety,kill,killed,stop,warning,fight,crisis,panic,collapse,fraud,no,complaints,emergency,shame,uncertainty,shortage,low,war,forced,die
crude,empty,sc,fears,shit,anxiety,kill,killed,stop,warning,fight,crisis,panic,collapse,fraud,arrested,no,complaints,emergency,shame,shortage,low,war,forced,die
crude,empty,sc,fears,shit,anxiety,kill,killed,stop,warning,fight,crisis,panic,collapse,fraud,arrested,no,complaints,emergency,shame,shortage,low,war,forced,die
crude,empty,sc,fears,shit,anxiety,kill,killed,stop,warning,fight,crisis,panic,collapse,fraud,arrested,no,complaints,emergency,shame,shortage,low,war,forced,die
crude,empty,sc,fears,shit,anxiety,kill,killed,stop,warning,fight,crisis,panic,collapse,fraud,arrested,no,complaints,emergency,shame,shortage,low,war,forced,die
crude,empty,sc,fears,shit,anxiety,kill,killed,stop,warning,fight,crisis,panic,collapse,fraud,arrested,no,complaints,emergency,shame,shortage,low,war,forced,die
crude,empty,sc,fears,shit,anxiety,kill,killed,stop,warning,fight,crisis,panic,collapse,fraud,arrested,no,complaints,emergency,shame,shortage,low,war,forced,die
crude,empty,sc,fears,shit,anxiety,kill,killed,stop,warning,fight,crisis,panic,collapse,fraud,arrested,no,complaints,emergency,shame,shortage,low,war,forced,die
crude,empty,sc,fears,shit,anxiety,kill,killed,stop,warning,fight,crisis,panic,collapse,fraud,arrested,no,complaints,emergency,shame,shortage,low,war,forced,die
crude,empty,sc,fears,shit,anxiety,kill,killed,stop,warning,fight,crisis,panic,collapse,fraud,arrested,no,complaints,emergency,shame,shortage,low,war,forced,die
crude,empty,sc,fears,shit,anxiety,kill,killed,stop,warning,fight,crisis,panic,collapse,fraud,arrested,no,complaints,emergency,shame,shortage,low,war,forced,die
crude,empty,sc,fears,shit,anxiety,kill,killed,stop,warning,fight,crisis,panic,collapse,fraud,arrested,no,complaints,emergency,shame,shortage,low,war,forced,die
crude,empty,sc,fears,shit,anxiety,kill,killed,stop,warning,fight,crisis,panic,collapse,fraud,arrested,no,complaints,emergency,shame,shortage,low,war,forced,die
crude,empty,sc,fears,shit,anxiety,kill,killed,stop,warning,fight,crisis,panic,collapse,fraud,arrested,no,complaints,emergency,shame,shortage,low,war,forced,die
crude,empty,sc,fears,shit,anxiety,kill,killed,stop,warning,fight,crisis,panic,collapse,fraud,arrested,no,complaints,emergency,shame,shortage,low,war,forced,die
crude,empty,sc,fears,shit,anxiety,kill,killed,stop,warning,fight,crisis,panic,collapse,fraud,arrested,no,complaints,emergency,shame,shortage,low,war,forced,die
crude,empty,sc,fears,shit,anxiety,kill,killed,stop,warning,fight,crisis,panic,collapse,fraud,arrested,no,complaints,emergency,shame,shortage,low,war,forced,die
crude,empty,sc,fears,shit,anxiety,kill,killed,stop,warning,fight,crisis,panic,collapse,fraud,arrested,no,complaints,emergency,shame,shortage,low,war,forced,die
crude,empty,sc,fears,shit,anxiety,kill,killed,stop,warning,fight,crisis,panic,collapse,fraud,arrested,no,complaints,emergency,shame,shortage,low,war,forced,die
crude,empty,sc,fears,shit,anxiety,kill,killed,stop,warning,fight,crisis,panic,collapse,fraud,arrested,no,complaints,emergency,shame,shortage,low,war,forced,die
crude,empty,sc,fears,shit,anxiety,kill,killed,stop,warning,fight,crisis,panic,collapse,fraud,arrested,no,complaints,emergency,shame,shortage,low,war,forced,die
crude,empty,sc,fears,shit,anxiety,kill,killed,stop,warning,fight,crisis,panic,collapse,fraud,arrested,no,complaints,emergency,shame,shortage,low,war,forced,die
crude,empty,sc,fears,shit,anxiety,kill,killed,stop,warning,fight,crisis,panic,collapse,fraud,arrested,no,complaints,emergency,shame,shortage,low,war,forced,die
crude,empty,sc,fears,shit,anxiety,kill,killed,stop,warning,fight,crisis,panic,collapse,fraud,arrested,no,complaints,emergency,shame,shortage,low,war,forced,die
crude,empty,sc,fears,shit,anxiety,kill,killed,stop,warning,fight,crisis,panic,collapse,fraud,arrested,no,complaints,emergency,shame,shortage,low,war,forced,die
crude,empty,sc,fears,shit,anxiety,kill,killed,stop,warning,fight,crisis,panic,collapse,fraud,arrested,no,complaints,emergency,shame,shortage,low,war,forced,die
crude,empty,sc,fears,shit,anxiety,kill,killed,stop,warning,fight,crisis,panic,collapse,fraud,arrested,no,complaints,emergency,shame,shortage,low,war,forced,die
crude,empty,sc,fears,shit,anxiety,kill,killed,stop,warning,fight,crisis,panic,collapse,fraud,arrested,no,complaints,emergency,shame,shortage,low,war,forced,die
crude,empty,sc,fears,shit,anxiety,kill,killed,stop,warning,fight,crisis,panic,collapse,fraud,arrested,no,complaints,emergency,shame,shortage,low,war,forced,die
crude,empty,sc,fears,shit,anxiety,kill,killed,stop,warning,fight,crisis,panic,collapse,fraud,arrested,no,complaints,emergency,shame,shortage,low,war,forced,die
crude,empty,sc,fears,shit,anxiety,kill,killed,stop,warning,fight,crisis,panic,collapse,fraud,arrested,no,complaints,emergency,shame,shortage,low,war,forced,die
crude,empty,sc,fears,shit,anxiety,kill,killed,stop,warning,fight,crisis,panic,collapse,fraud,arrested,no,complaints,emergency,shame,shortage,low,war,forced,die
crude,empty,sc,fears,shit,anxiety,kill,killed,stop,warning,fight,crisis,panic,collapse,fraud,arrested,no,complaints,emergency,shame,shortage,low,war,forced,die
crude,empty,sc,fears,shit,anxiety,kill,killed,stop,warning,fight,crisis,panic,collapse,fraud,arrested,no,complaints,emergency,shame,shortage,low,war,forced,die
crude,empty,sc,fears,shit,anxiety,kill,killed,stop,warning,fight,crisis,panic,collapse,fraud,arrested,no,complaints,emergency,shame,shortage,low,war,forced,die
crude,empty,sc,fears,shit,anxiety,kill,killed,stop,warning,fight,crisis,panic,collapse,fraud,arrested,no,complaints,emergency,shame,shortage,low,war,forced,die
crude,empty,sc,fears,shit,anxiety,kill,killed,stop,warning,fight,crisis,panic,collapse,fraud,arrested,no,complaints,emergency,shame,shortage,low,war,forced,die
crude,empty,sc,fears,shit,anxiety,kill,killed,stop,warning,fight,crisis,panic,collapse,fraud,arrested,no,complaints,emergency,shame,shortage,low,war,forced,die
crude,empty,sc,fears,shit,anxiety,kill,killed,stop,warning,fight,crisis,panic,collapse,fraud,arrested,no,complaints,emergency,shame,shortage,low,war,forced,die
crude,empty,sc,fears,shit,anxiety,kill,killed,stop,warning,fight,crisis,panic,collapse,fraud,arrested,no,complaints,emergency,shame,shortage,low,war,forced,die
crude,empty,sc,fears,shit,anxiety,kill,killed,stop,warning,fight,crisis,panic,collapse,fraud,arrested,no,complaints,emergency,shame,shortage,low,war,forced,die
crude,empty,sc,fears,shit,anxiety,kill,killed,stop,warning,fight,crisis,panic,collapse,fraud,arrested,no,complaints,emergency,shame,shortage,low,war,forced,die
crude,empty,sc,fears,shit,anxiety,kill,killed,stop,warning,fight,crisis,panic,collapse,fraud,arrested,no,complaints,emergency,shame,shortage,low,war,forced,die
crude,empty,sc,fears,shit,anxiety,kill,killed,stop,warning,fight,crisis,panic,collapse,fraud,arrested,no,complaints,emergency,shame,shortage,low,war,forced,die
crude,empty,sc,fears,shit,anxiety,kill,killed,stop,warning,fight,crisis,panic,collapse,fraud,arrested,no,complaints,emergency,shame,shortage,low,war,forced,die
crude,empty,sc,fears,shit,anxiety,kill,killed,stop,warning,fight,crisis,panic,collapse,fraud,arrested,no,complaints,emergency,shame,shortage,low,war,forced,die
crude,empty,sc,fears,shit,anxiety,kill,killed,stop,warning,fight,crisis,panic,collapse,fraud,arrested,no,complaints,emergency,shame,shortage,low,war,forced,die
crude,empty,sc,fears,shit,anxiety,kill,killed,stop,warning,fight,crisis,panic,collapse,fraud,arrested,no,complaints,emergency,shame,shortage,low,war,forced,die
crude,empty,sc,fears,shit,anxiety,kill,killed,stop,warning,fight,crisis,panic,collapse,fraud,arrested,no,complaints,emergency,shame,shortage,low,war,forced,die
crude,empty,sc,fears,shit,anxiety,kill,killed,stop,warning,fight,crisis,panic,collapse,fraud,arrested,no,complaints,emergency,shame,shortage,low,war,forced,die
crude,empty,sc,fears,shit,anxiety,kill,killed,stop,warning,fight,crisis,panic,collapse,fraud,arrested,no,complaints,emergency,shame,shortage,low,war,forced,die
crude,empty,sc,fears,shit,anxiety,kill,killed,stop,warning,fight,crisis,panic,collapse,fraud,arrested,no,complaints,emergency,shame,shortage,low,war,forced,die
crude,empty,sc,fears,shit,anxiety,kill,killed,stop,warning,fight,crisis,panic,collapse,fraud,arrested,no,complaints,emergency,shame,shortage,low,war,forced,die
crude,empty,sc,fears,shit,anxiety,kill,killed,stop,warning,fight,crisis,panic,collapse,fraud,arrested,no,complaints,emergency,shame,shortage,low,war,forced,die
crude,empty,sc,fears,shit,anxiety,kill,killed,stop,warning,fight,crisis,panic,collapse,fraud,arrested,no,complaints,emergency,shame,shortage,low,war,forced,die
crude,empty,sc,fears,shit,anxiety,kill,killed,stop,warning,fight,crisis,panic,collapse,fraud,arrested,no,complaints,emergency,shame,shortage,low,war,forced,die
crude,empty,sc,fears,shit,anxiety,kill,killed,stop,warning,fight,crisis,panic,collapse,fraud,arrested,no,complaints,emergency,shame,shortage,low,war,forced,die
crude,empty,sc,fears,shit,anxiety,kill,killed,stop,warning,fight,crisis,panic,collapse,fraud,arrested,no,complaints,emergency,shame,shortage,low,war,forced,die
crude,empty,sc,fears,shit,anxiety,kill,killed,stop,warning,fight,crisis,panic,collapse,fraud,arrested,no,complaints,emergency,shame,shortage,low,war,forced,die
crude,empty,sc,fears,shit,anxiety,kill,killed,stop,warning,fight,crisis,panic,collapse,fraud,arrested,no,complaints,emergency,shame,shortage,low,war,forced,die
crude,empty,sc,fears,shit,anxiety,kill,killed,stop,warning,fight,crisis,panic,collapse,fraud,arrested,no,complaints,emergency,shame,shortage,low,war,forced,die
crude,empty,sc,fears,shit,anxiety,kill,killed,stop,warning,fight,crisis,panic,collapse,fraud,arrested,no,complaints,emergency,shame,shortage,low,war,forced,die
crude,empty,sc,fears,shit,anxiety,kill,killed,stop,warning,fight,crisis,panic,collapse,fraud,arrested,no,complaints,emergency,shame,shortage,low,war,forced,die
crude,empty,sc,fears,shit,anxiety,kill,killed,stop,warning,fight,crisis,panic,collapse,fraud,arrested,no,complaints,emergency,shame,shortage,low,war,forced,die
crude,empty,sc,fears,shit,anxiety,kill,killed,stop,warning,fight,crisis,panic,collapse,fraud,arrested,no,complaints,emergency,shame,shortage,low,war,forced,die
crude,empty,sc,fears,shit,anxiety,kill,killed,stop,warning,fight,crisis,panic,collapse,fraud,arrested,no,complaints,emergency,shame,shortage,low,war,forced,die
crude,empty,sc,fears,shit,anxiety,kill,killed,stop,warning,fight,crisis,panic,collapse,fraud,arrested,no,complaints,emergency,shame,shortage,low,war,forced,die
crude,empty,sc,fears,shit,anxiety,kill,killed,stop,warning,fight,crisis,panic,collapse,fraud,arrested,no,complaints,emergency,shame,shortage,low,war,forced,die
crude,empty,sc,fears,shit,anxiety,kill,killed,stop,warning,fight,crisis,panic,collapse,fraud,arrested,no,complaints,emergency,shame,shortage,low,war,forced,die
crude,empty,sc,fears,shit,anxiety,kill,killed,stop,warning,fight,crisis,panic,collapse,fraud,arrested,no,complaints,emergency,shame,shortage,low,war,forced,die
crude,empty,sc,fears,shit,anxiety,kill,killed,stop,warning,fight,crisis,panic,collapse,fraud,arrested,no,complaints,emergency,shame,shortage,low,war,forced,die
crude,empty,sc,fears,shit,anxiety,kill,killed,stop,warning,fight,crisis,panic,collapse,fraud,arrested,no,complaints,emergency,shame,shortage,low,war,forced,die
crude,empty,sc,fears,shit,anxiety,kill,killed,stop,warning,fight,crisis,panic,collapse,fraud,arrested,no,complaints,emergency,shame,shortage,low,war,forced,die
crude,empty,sc,fears,shit,anxiety,kill,killed,stop,warning,fight,crisis,panic,collapse,fraud,arrested,no,complaints,emergency,shame,shortage,low,war,forced,die
crude,empty,sc,fears,shit,anxiety,kill,killed,stop,warning,fight,crisis,panic,collapse,fraud,arrested,no,complaints,emergency,shame,shortage,low,war,forced,die
crude,empty,sc,fears,shit,anxiety,kill,killed,stop,warning,fight,crisis,panic,collapse,fraud,arrested,no,complaints,emergency,shame,shortage,low,war,forced,die
crude,empty,sc,fears,shit,anxiety,kill,killed,stop,warning,fight,crisis,panic,collapse,fraud,arrested,no,complaints,emergency,shame,shortage,low,war,forced,die
crude,empty,sc,fears,shit,anxiety,kill,killed,stop,warning,fight,crisis,panic,collapse,fraud,arrested,no,complaints,emergency,shame,shortage,low,war,forced,die
crude,empty,sc,fears,shit,anxiety,kill,killed,stop,warning,fight,crisis,panic,collapse,fraud,arrested,no,complaints,emergency,shame,shortage,low,war,forced,die
crude,empty,sc,fears,shit,anxiety,kill,killed,stop,warning,fight,crisis,panic,collapse,fraud,arrested,no,complaints,emergency,shame,shortage,low,war,forced,die
crude,empty,sc,fears,shit,anxiety,kill,killed,stop,warning,fight,crisis,panic,collapse,fraud,arrested,no,complaints,emergency,shame,shortage,low,war,forced,die
crude,empty,sc,fears,shit,anxiety,kill,killed,stop,warning,fight,crisis,panic,collapse,fraud,arrested,no,complaints,emergency,shame,shortage,low,war,forced,die
crude,empty,sc,fears,shit,anxiety,kill,killed,stop,warning,fight,crisis,panic,collapse,fraud,arrested,no,complaints,emergency,shame,shortage,low,war,forced,die
crude,empty,sc,fears,shit,anxiety,kill,killed,stop,warning,fight,crisis,panic,collapse,fraud,arrested,no,complaints,emergency,shame,shortage,low,war,forced,die
crude,empty,sc,fears,shit,anxiety,kill,killed,stop,warning,fight,crisis,panic,collapse,fraud,arrested,no,complaints,emergency,shame,shortage,low,war,forced,die
crude,empty,sc,fears,shit,anxiety,kill,killed,stop,warning,fight,crisis,panic,collapse,fraud,arrested,no,complaints,emergency,shame,shortage,low,war,forced,die
crude,empty,sc,fears,shit,anxiety,kill,killed,stop,warning,fight,crisis,panic,collapse,fraud,arrested,no,complaints,emergency,shame,shortage,low,war,forced,die
crude,empty,sc,fears,shit,anxiety,kill,killed,stop,warning,fight,crisis,panic,collapse,fraud,arrested,no,complaints,emergency,shame,shortage,low,war,forced,die
crude,empty,sc,fears,shit,anxiety,kill,killed,stop,warning,fight,crisis,panic,collapse,fraud,arrested,no,complaints,emergency,shame,shortage,low,war,forced,die
crude,empty,sc,fears,shit,anxiety,kill,killed,stop,warning,fight,crisis,panic,collapse,fraud,arrested,no,complaints,emergency,shame,shortage,low,war,forced,die
crude,empty,sc,fears,shit,anxiety,kill,killed,stop,warning,fight,crisis,panic,collapse,fraud,arrested,no,complaints,emergency,shame,shortage,low,war,forced,die
crude,empty,sc,fears,shit,anxiety,kill,killed,stop,warning,fight,crisis,panic,collapse,fraud,arrested,no,complaints,emergency,shame,shortage,low,war,forced,die
crude,empty,sc,fears,shit,anxiety,killed,stop,warning,fight,crisis,fuck,panic,collapse,fraud,arrested,no,complaints,emergency,shame,shortage,low,war,forced,die
crude,empty,sc,fears,shit,anxiety,killed,stop,warning,fight,crisis,fuck,panic,collapse,fraud,arrested,no,complaints,emergency,shame,shortage,low,war,forced,die
crude,empty,sc,fears,shit,anxiety,killed,stop,warning,fight,crisis,fuck,panic,collapse,fraud,arrested,no,complaints,emergency,shame,shortage,low,war,forced,die
crude,empty,sc,fears,shit,anxiety,killed,stop,warning,fight,crisis,fuck,panic,collapse,fraud,arrested,no,complaints,emergency,shame,shortage,low,war,forced,die
crude,empty,sc,fears,shit,anxiety,killed,stop,warning,fight,crisis,fuck,panic,collapse,fraud,arrested,no,complaints,emergency,shame,shortage,low,war,forced,die
crude,empty,sc,fears,shit,anxiety,killed,stop,warning,fight,crisis,fuck,panic,collapse,fraud,arrested,no,complaints,emergency,shame,shortage,low,war,forced,die
crude,empty,sc,fears,shit,anxiety,killed,stop,warning,fight,crisis,fuck,panic,collapse,fraud,arrested,no,complaints,emergency,shame,shortage,low,war,forced,die
crude,empty,sc,fears,shit,anxiety,killed,stop,warning,fight,crisis,fuck,panic,collapse,fraud,arrested,no,complaints,emergency,shame,shortage,low,war,forced,die
crude,empty,sc,fears,shit,anxiety,killed,stop,warning,fight,crisis,fuck,panic,collapse,fraud,arrested,no,complaints,emergency,shame,shortage,low,war,forced,die
crude,empty,sc,fears,shit,anxiety,killed,stop,warning,fight,crisis,fuck,panic,collapse,fraud,arrested,no,complaints,emergency,shame,shortage,low,war,forced,die
crude,empty,sc,fears,shit,anxiety,killed,stop,warning,fight,crisis,fuck,panic,collapse,fraud,arrested,no,complaints,emergency,shame,shortage,low,war,forced,die
crude,empty,sc,fears,shit,anxiety,killed,stop,warning,fight,crisis,fuck,panic,collapse,fraud,arrested,no,complaints,emergency,shame,shortage,low,war,forced,die
crude,empty,sc,fears,shit,anxiety,killed,stop,warning,fight,crisis,fuck,panic,collapse,fraud,arrested,no,complaints,emergency,shame,shortage,low,war,forced,die
crude,empty,sc,fears,shit,anxiety,killed,stop,warning,fight,crisis,fuck,panic,collapse,fraud,arrested,no,complaints,emergency,shame,shortage,low,war,forced,die
crude,empty,sc,fears,shit,anxiety,killed,stop,warning,fight,crisis,fuck,panic,collapse,fraud,arrested,no,complaints,emergency,shame,shortage,low,war,forced,die
crude,empty,sc,fears,shit,anxiety,killed,stop,warning,fight,crisis,fuck,panic,collapse,fraud,arrested,no,complaints,emergency,shame,shortage,low,war,forced,die
crude,empty,sc,fears,shit,anxiety,killed,stop,warning,fight,crisis,fuck,panic,collapse,fraud,arrested,no,complaints,emergency,shame,shortage,low,war,forced,die
crude,empty,sc,fears,shit,anxiety,killed,stop,warning,fight,crisis,fuck,panic,collapse,fraud,arrested,no,complaints,emergency,shame,shortage,low,war,forced,die
crude,empty,sc,fears,shit,anxiety,killed,stop,warning,fight,crisis,fuck,panic,collapse,fraud,arrested,no,complaints,emergency,shame,shortage,low,war,forced,die
crude,empty,sc,fears,shit,anxiety,killed,stop,warning,fight,crisis,fuck,panic,collapse,fraud,arrested,no,complaints,emergency,shame,shortage,low,war,forced,die
crude,empty,sc,fears,shit,anxiety,killed,stop,warning,fight,crisis,fuck,panic,collapse,fraud,arrested,no,complaints,emergency,shame,shortage,low,war,forced,die
crude,empty,sc,fears,shit,anxiety,killed,stop,warning,fight,crisis,fuck,panic,collapse,fraud,arrested,no,complaints,emergency,shame,shortage,low,war,forced,die
crude,empty,sc,fears,shit,anxiety,killed,stop,warning,fight,crisis,fuck,panic,collapse,fraud,arrested,no,complaints,emergency,shame,shortage,low,war,forced,die
crude,empty,sc,fears,shit,anxiety,killed,stop,warning,fight,crisis,fuck,panic,collapse,fraud,arrested,no,complaints,emergency,shame,shortage,low,war,forced,die
crude,empty,sc,fears,shit,anxiety,killed,stop,warning,fight,crisis,fuck,panic,collapse,fraud,arrested,no,complaints,emergency,shame,shortage,low,war,forced,die
crude,empty,sc,fears,shit,anxiety,killed,stop,warning,fight,crisis,fuck,panic,collapse,fraud,arrested,no,complaints,emergency,shame,shortage,low,war,forced,die
crude,empty,sc,fears,shit,anxiety,killed,stop,warning,fight,crisis,fuck,panic,collapse,fraud,arrested,no,complaints,emergency,shame,shortage,low,war,forced,die
crude,empty,sc,fears,shit,anxiety,killed,stop,warning,fight,crisis,fuck,panic,collapse,fraud,arrested,no,complaints,emergency,shame,shortage,low,war,forced,die
crude,empty,sc,fears,shit,anxiety,killed,stop,warning,fight,crisis,fuck,panic,collapse,fraud,arrested,no,complaints,emergency,shame,shortage,low,war,forced,die
crude,empty,sc,fears,shit,anxiety,killed,stop,warning,fight,crisis,fuck,panic,collapse,fraud,arrested,no,complaints,emergency,shame,shortage,low,war,forced,die
crude,empty,sc,fears,shit,anxiety,killed,stop,warning,fight,crisis,fuck,panic,collapse,fraud,arrested,no,complaints,emergency,shame,shortage,low,war,forced,die
crude,empty,sc,fears,shit,anxiety,killed,stop,warning,fight,crisis,fuck,panic,collapse,fraud,arrested,no,complaints,emergency,shame,shortage,low,war,forced,die
crude,empty,sc,fears,shit,anxiety,killed,stop,warning,fight,crisis,fuck,panic,collapse,fraud,arrested,no,complaints,emergency,shame,shortage,low,war,forced,die
crude,empty,sc,fears,shit,anxiety,killed,stop,warning,fight,crisis,fuck,panic,collapse,fraud,arrested,no,complaints,emergency,shame,shortage,low,war,forced,die
crude,empty,sc,fears,shit,anxiety,killed,stop,warning,fight,crisis,fuck,panic,collapse,fraud,arrested,no,complaints,emergency,shame,shortage,low,war,forced,die
crude,empty,sc,fears,shit,anxiety,killed,stop,warning,fight,crisis,fuck,panic,collapse,fraud,arrested,no,complaints,emergency,shame,shortage,low,war,forced,die
crude,empty,sc,fears,shit,anxiety,killed,stop,warning,fight,crisis,fuck,panic,collapse,fraud,arrested,no,complaints,emergency,shame,shortage,low,war,forced,die
crude,empty,sc,fears,shit,anxiety,killed,stop,warning,fight,crisis,fuck,panic,collapse,fraud,arrested,no,complaints,emergency,shame,shortage,low,war,forced,die
crude,empty,sc,fears,shit,anxiety,killed,stop,warning,fight,crisis,fuck,panic,collapse,fraud,arrested,no,complaints,emergency,shame,shortage,low,war,forced,die
crude,empty,sc,fears,shit,anxiety,killed,stop,warning,fight,crisis,fuck,panic,collapse,fraud,arrested,no,complaints,emergency,shame,shortage,low,war,forced,die
crude,empty,sc,fears,shit,anxiety,killed,stop,warning,fight,crisis,fuck,panic,collapse,fraud,arrested,no,complaints,emergency,shame,shortage,low,war,forced,die
crude,empty,sc,fears,shit,anxiety,killed,stop,warning,fight,crisis,fuck,panic,collapse,fraud,arrested,no,complaints,emergency,shame,shortage,low,war,forced,die
crude,empty,sc,fears,shit,anxiety,killed,stop,warning,fight,crisis,fuck,panic,collapse,fraud,arrested,no,complaints,emergency,shame,shortage,low,war,forced,die
crude,empty,sc,fears,shit,anxiety,killed,stop,warning,fight,crisis,fuck,panic,collapse,fraud,arrested,no,complaints,emergency,shame,shortage,low,war,forced,die
crude,empty,sc,fears,shit,anxiety,killed,stop,warning,fight,crisis,fuck,panic,collapse,fraud,arrested,no,complaints,emergency,shame,shortage,low,war,forced,die
crude,empty,sc,fears,shit,anxiety,killed,stop,warning,fight,crisis,fuck,panic,collapse,fraud,arrested,no,complaints,emergency,shame,shortage,low,war,forced,die
crude,empty,sc,fears,shit,anxiety,killed,stop,warning,fight,crisis,fuck,panic,collapse,fraud,arrested,no,complaints,emergency,shame,shortage,low,war,forced,die
crude,empty,sc,fears,shit,anxiety,killed,stop,warning,fight,crisis,fuck,panic,collapse,fraud,arrested,no,complaints,emergency,shame,shortage,low,war,forced,die
crude,empty,sc,fears,shit,anxiety,killed,stop,warning,fight,crisis,fuck,panic,collapse,fraud,arrested,no,complaints,emergency,shame,shortage,low,war,forced,die
crude,empty,sc,fears,shit,anxiety,killed,stop,warning,fight,crisis,fuck,panic,collapse,fraud,arrested,no,complaints,emergency,shame,shortage,low,war,forced,die
crude,empty,sc,fears,shit,anxiety,killed,stop,warning,fight,crisis,fuck,panic,collapse,fraud,arrested,no,complaints,emergency,shame,shortage,low,war,forced,die
crude,empty,sc,fears,shit,anxiety,killed,stop,warning,fight,crisis,fuck,panic,collapse,fraud,arrested,no,complaints,emergency,shame,shortage,low,war,forced,die
crude,empty,sc,fears,shit,anxiety,killed,stop,warning,fight,crisis,fuck,panic,collapse,fraud,arrested,no,complaints,emergency,shame,shortage,low,war,forced,die
crude,empty,sc,fears,shit,anxiety,killed,stop,warning,fight,crisis,fuck,panic,collapse,fraud,arrested,no,complaints,emergency,shame,shortage,low,war,forced,die
crude,empty,sc,fears,shit,anxiety,killed,stop,warning,fight,crisis,fuck,panic,collapse,fraud,arrested,no,complaints,emergency,shame,shortage,low,war,forced,die
crude,empty,sc,fears,shit,anxiety,killed,stop,warning,fight,crisis,fuck,panic,collapse,fraud,arrested,no,complaints,emergency,shame,shortage,low,war,forced,die
crude,empty,sc,fears,shit,anxiety,killed,stop,warning,fight,crisis,fuck,panic,collapse,fraud,arrested,no,complaints,emergency,shame,shortage,low,war,forced,die
crude,empty,sc,fears,shit,anxiety,killed,stop,warning,fight,crisis,fuck,panic,collapse,fraud,arrested,no,complaints,emergency,shame,shortage,low,war,forced,die
crude,empty,sc,fears,shit,anxiety,killed,stop,warning,fight,crisis,fuck,panic,collapse,fraud,arrested,no,complaints,emergency,shame,shortage,low,war,forced,die
crude,empty,sc,fears,shit,anxiety,killed,stop,warning,fight,crisis,fuck,panic,collapse,fraud,arrested,no,complaints,emergency,shame,shortage,low,war,forced,die
crude,empty,sc,fears,shit,anxiety,killed,stop,warning,fight,crisis,fuck,panic,collapse,fraud,arrested,no,complaints,emergency,shame,shortage,low,war,forced,die
crude,empty,sc,fears,shit,anxiety,killed,stop,warning,fight,crisis,fuck,panic,collapse,fraud,arrested,no,complaints,emergency,shame,shortage,low,war,forced,die
crude,empty,sc,fears,shit,anxiety,killed,stop,warning,fight,crisis,fuck,panic,collapse,fraud,arrested,no,complaints,emergency,shame,shortage,low,war,forced,die
crude,empty,sc,fears,shit,anxiety,killed,stop,warning,fight,crisis,fuck,panic,collapse,fraud,arrested,no,complaints,emergency,shame,shortage,low,war,forced,die
crude,empty,sc,fears,shit,anxiety,killed,stop,warning,fight,crisis,fuck,panic,collapse,fraud,arrested,no,complaints,emergency,shame,shortage,low,war,forced,die
crude,empty,sc,fears,shit,anxiety,killed,stop,warning,fight,crisis,fuck,panic,collapse,fraud,arrested,no,complaints,emergency,shame,shortage,low,war,forced,die
crude,empty,sc,fears,shit,anxiety,killed,stop,warning,fight,crisis,fuck,panic,collapse,fraud,arrested,no,complaints,emergency,shame,shortage,low,war,forced,die
crude,empty,sc,fears,shit,anxiety,killed,stop,warning,fight,crisis,fuck,panic,collapse,fraud,arrested,no,complaints,emergency,shame,shortage,low,war,forced,die
crude,empty,sc,fears,shit,anxiety,killed,stop,warning,fight,crisis,fuck,panic,collapse,fraud,arrested,no,complaints,emergency,shame,shortage,low,war,forced,die
crude,empty,sc,fears,shit,anxiety,killed,stop,warning,fight,crisis,fuck,panic,collapse,fraud,arrested,no,complaints,emergency,shame,shortage,low,war,forced,die
crude,empty,sc,fears,shit,anxiety,killed,stop,warning,fight,crisis,fuck,panic,collapse,fraud,arrested,no,complaints,emergency,shame,shortage,low,war,forced,die
crude,empty,sc,fears,shit,anxiety,killed,stop,warning,fight,crisis,fuck,panic,collapse,fraud,arrested,no,complaints,emergency,shame,shortage,low,war,forced,die
crude,empty,sc,fears,shit,anxiety,killed,stop,warning,fight,crisis,fuck,panic,collapse,fraud,arrested,no,complaints,emergency,shame,shortage,low,war,forced,die
crude,empty,sc,fears,shit,anxiety,killed,stop,warning,fight,crisis,fuck,panic,collapse,fraud,arrested,no,complaints,emergency,shame,shortage,low,war,forced,die
crude,empty,sc,fears,shit,anxiety,killed,stop,warning,fight,crisis,fuck,panic,collapse,fraud,arrested,no,complaints,emergency,shame,shortage,low,war,forced,die
crude,empty,sc,fears,shit,anxiety,killed,stop,warning,fight,crisis,fuck,panic,collapse,fraud,arrested,no,complaints,emergency,shame,shortage,low,war,forced,die
crude,empty,sc,fears,shit,anxiety,killed,stop,warning,fight,crisis,fuck,panic,collapse,fraud,arrested,no,complaints,emergency,shame,shortage,low,war,forced,die
crude,empty,sc,fears,shit,anxiety,killed,stop,warning,fight,crisis,fuck,panic,collapse,fraud,arrested,no,complaints,emergency,shame,shortage,low,war,forced,die
crude,empty,sc,fears,shit,anxiety,killed,stop,warning,fight,crisis,fuck,panic,collapse,fraud,arrested,no,complaints,emergency,shame,shortage,low,war,forced,die
crude,empty,sc,fears,shit,anxiety,killed,stop,warning,fight,crisis,fuck,panic,collapse,fraud,arrested,no,complaints,emergency,shame,shortage,low,war,forced,die
crude,empty,sc,fears,shit,anxiety,killed,stop,warning,fight,crisis,fuck,panic,collapse,fraud,arrested,no,complaints,emergency,shame,shortage,low,war,forced,die
crude,empty,sc,fears,shit,anxiety,killed,stop,warning,fight,crisis,fuck,panic,collapse,fraud,arrested,no,complaints,emergency,shame,shortage,low,war,forced,die
crude,empty,sc,fears,shit,anxiety,killed,stop,warning,fight,crisis,fuck,panic,collapse,fraud,arrested,no,complaints,emergency,shame,shortage,low,war,forced,die
crude,empty,sc,fears,shit,anxiety,killed,stop,warning,fight,crisis,fuck,panic,collapse,fraud,arrested,no,complaints,emergency,shame,shortage,low,war,forced,die
crude,empty,sc,fears,shit,anxiety,killed,stop,warning,fight,crisis,fuck,panic,collapse,fraud,arrested,no,complaints,emergency,shame,shortage,low,war,forced,die
crude,empty,sc,fears,shit,anxiety,killed,stop,warning,fight,crisis,fuck,panic,collapse,fraud,arrested,no,complaints,emergency,shame,shortage,low,war,forced,die
crude,empty,sc,fears,shit,anxiety,killed,stop,warning,fight,crisis,fuck,panic,collapse,fraud,arrested,no,complaints,emergency,shame,shortage,low,war,forced,die
crude,empty,sc,fears,shit,anxiety,killed,stop,warning,fight,crisis,fuck,panic,collapse,fraud,arrested,no,complaints,emergency,shame,shortage,low,war,forced,die
crude,empty,sc,fears,shit,anxiety,killed,stop,warning,fight,crisis,fuck,panic,collapse,fraud,arrested,no,complaints,emergency,shame,shortage,low,war,forced,die
crude,empty,sc,fears,shit,anxiety,killed,stop,warning,fight,crisis,fuck,panic,collapse,fraud,arrested,no,complaints,emergency,shame,shortage,low,war,forced,die
crude,empty,sc,fears,shit,anxiety,killed,stop,warning,fight,crisis,fuck,panic,collapse,fraud,arrested,no,complaints,emergency,shame,shortage,low,war,forced,die
crude,empty,sc,fears,shit,anxiety,killed,stop,warning,fight,crisis,fuck,panic,collapse,fraud,arrested,no,complaints,emergency,shame,shortage,low,war,forced,die
crude,empty,sc,fears,shit,anxiety,killed,stop,warning,fight,crisis,fuck,panic,collapse,fraud,arrested,no,complaints,emergency,shame,shortage,low,war,forced,die
crude,empty,sc,fears,shit,anxiety,killed,stop,warning,fight,crisis,fuck,panic,collapse,fraud,arrested,no,complaints,emergency,shame,shortage,low,war,forced,die
crude,empty,sc,fears,shit,anxiety,killed,stop,warning,fight,crisis,fuck,panic,collapse,fraud,arrested,no,complaints,emergency,shame,shortage,low,war,forced,die
crude,empty,sc,fears,shit,anxiety,killed,stop,warning,fight,crisis,fuck,panic,collapse,fraud,arrested,no,complaints,emergency,shame,shortage,low,war,forced,die
crude,empty,sc,fears,shit,anxiety,killed,stop,warning,fight,crisis,fuck,panic,collapse,fraud,arrested,no,complaints,emergency,shame,shortage,low,war,forced,die
crude,empty,sc,fears,shit,anxiety,killed,stop,warning,fight,crisis,fuck,panic,collapse,fraud,arrested,no,complaints,emergency,shame,shortage,low,war,forced,die
crude,empty,sc,fears,shit,anxiety,killed,stop,warning,fight,crisis,fuck,panic,collapse,fraud,arrested,no,complaints,emergency,shame,shortage,low,war,forced,die
crude,empty,sc,fears,shit,anxiety,killed,stop,warning,fight,crisis,fuck,panic,collapse,fraud,arrested,no,complaints,emergency,shame,shortage,low,war,forced,die
crude,empty,sc,fears,shit,anxiety,killed,stop,warning,fight,crisis,fuck,panic,collapse,fraud,arrested,no,complaints,emergency,shame,shortage,low,war,forced,die
crude,empty,sc,fears,shit,anxiety,killed,stop,warning,fight,crisis,fuck,panic,collapse,fraud,arrested,no,complaints,emergency,shame,shortage,low,war,forced,die
crude,empty,sc,fears,shit,anxiety,killed,stop,warning,fight,crisis,fuck,panic,collapse,fraud,arrested,no,complaints,emergency,shame,shortage,low,war,forced,die
crude,empty,sc,fears,shit,anxiety,killed,stop,warning,fight,crisis,fuck,panic,collapse,fraud,arrested,no,complaints,emergency,shame,shortage,low,war,forced,die
crude,empty,sc,fears,shit,anxiety,killed,stop,warning,fight,crisis,fuck,panic,collapse,fraud,arrested,no,complaints,emergency,shame,shortage,low,war,forced,die
crude,empty,sc,fears,shit,anxiety,killed,stop,warning,fight,crisis,fuck,panic,collapse,fraud,arrested,no,complaints,emergency,shame,shortage,low,war,forced,die
crude,empty,sc,fears,shit,anxiety,killed,stop,warning,fight,crisis,fuck,panic,collapse,fraud,arrested,no,complaints,emergency,shame,shortage,low,war,forced,die
crude,empty,sc,fears,shit,anxiety,killed,stop,warning,fight,crisis,fuck,panic,collapse,fraud,arrested,no,complaints,emergency,shame,shortage,low,war,forced,die
crude,empty,sc,fears,shit,anxiety,killed,stop,warning,fight,crisis,fuck,panic,collapse,fraud,arrested,no,complaints,emergency,shame,shortage,low,war,forced,die
crude,empty,sc,fears,shit,anxiety,killed,stop,warning,fight,crisis,fuck,panic,collapse,fraud,arrested,no,complaints,emergency,shame,shortage,low,war,forced,die
crude,empty,sc,fears,shit,anxiety,killed,stop,warning,fight,crisis,fuck,panic,collapse,fraud,arrested,no,complaints,emergency,shame,shortage,low,war,forced,die
crude,empty,sc,fears,shit,anxiety,killed,stop,warning,fight,crisis,fuck,panic,collapse,fraud,arrested,no,complaints,emergency,shame,shortage,low,war,forced,die
crude,empty,sc,fears,shit,anxiety,killed,stop,warning,fight,crisis,panic,collapse,risk,fraud,arrested,no,complaints,emergency,shame,shortage,low,war,forced,die
crude,empty,sc,fears,shit,anxiety,killed,stop,warning,fight,crisis,panic,collapse,risk,fraud,arrested,no,complaints,emergency,shame,shortage,low,war,forced,die
crude,empty,sc,fears,shit,anxiety,killed,stop,warning,fight,crisis,panic,collapse,risk,fraud,arrested,no,complaints,emergency,shame,shortage,low,war,forced,die
crude,empty,sc,fears,shit,anxiety,killed,stop,warning,fight,crisis,panic,collapse,risk,fraud,arrested,no,complaints,emergency,shame,shortage,low,war,forced,die
crude,empty,sc,fears,shit,anxiety,killed,stop,warning,fight,crisis,panic,collapse,risk,fraud,arrested,no,complaints,emergency,shame,shortage,low,war,forced,die
crude,empty,sc,fears,shit,anxiety,killed,stop,warning,fight,crisis,panic,collapse,risk,fraud,arrested,no,complaints,emergency,shame,shortage,low,war,forced,die
crude,empty,sc,fears,shit,anxiety,killed,stop,warning,fight,crisis,panic,collapse,risk,fraud,arrested,no,complaints,emergency,shame,shortage,low,war,forced,die
crude,empty,sc,fears,shit,anxiety,killed,stop,warning,fight,crisis,panic,collapse,risk,fraud,arrested,no,complaints,emergency,shame,shortage,low,war,forced,die
crude,empty,sc,fears,shit,anxiety,killed,stop,warning,fight,crisis,panic,collapse,risk,fraud,arrested,no,complaints,emergency,shame,shortage,low,war,forced,die
crude,empty,sc,fears,shit,anxiety,killed,stop,warning,fight,crisis,panic,collapse,risk,fraud,arrested,no,complaints,emergency,shame,shortage,low,war,forced,die
crude,empty,sc,fears,shit,anxiety,killed,stop,warning,fight,crisis,panic,collapse,risk,fraud,arrested,no,complaints,emergency,shame,shortage,low,war,forced,die
crude,empty,sc,fears,shit,anxiety,killed,stop,warning,fight,crisis,panic,collapse,risk,fraud,arrested,no,complaints,emergency,shame,shortage,low,war,forced,die
crude,empty,sc,fears,shit,anxiety,killed,stop,warning,fight,crisis,panic,collapse,risk,fraud,arrested,no,complaints,emergency,shame,shortage,low,war,forced,die
crude,empty,sc,fears,shit,anxiety,killed,stop,warning,fight,crisis,panic,collapse,risk,fraud,arrested,no,complaints,emergency,shame,shortage,low,war,forced,die
crude,empty,sc,fears,shit,anxiety,killed,stop,warning,fight,crisis,panic,collapse,risk,fraud,arrested,no,complaints,emergency,shame,shortage,low,war,forced,die
crude,empty,sc,fears,shit,anxiety,killed,stop,warning,fight,crisis,panic,collapse,risk,fraud,arrested,no,complaints,emergency,shame,shortage,low,war,forced,die
crude,empty,sc,fears,shit,anxiety,killed,stop,warning,fight,crisis,panic,collapse,risk,fraud,arrested,no,complaints,emergency,shame,shortage,low,war,forced,die
crude,empty,sc,fears,shit,anxiety,killed,stop,warning,fight,crisis,panic,collapse,risk,fraud,arrested,no,complaints,emergency,shame,shortage,low,war,forced,die
crude,empty,sc,fears,shit,anxiety,killed,stop,warning,fight,crisis,panic,collapse,risk,fraud,arrested,no,complaints,emergency,shame,shortage,low,war,forced,die
crude,empty,sc,fears,shit,anxiety,killed,stop,warning,fight,crisis,panic,collapse,risk,fraud,arrested,no,complaints,emergency,shame,shortage,low,war,forced,die
crude,empty,sc,fears,shit,anxiety,killed,stop,warning,fight,crisis,panic,collapse,risk,fraud,arrested,no,complaints,emergency,shame,shortage,low,war,forced,die
crude,empty,sc,fears,shit,anxiety,killed,stop,warning,fight,crisis,panic,collapse,risk,fraud,arrested,no,complaints,emergency,shame,shortage,low,war,forced,die
crude,empty,sc,fears,shit,anxiety,killed,stop,warning,fight,crisis,panic,collapse,risk,fraud,arrested,no,complaints,emergency,shame,shortage,low,war,forced,die
crude,empty,sc,fears,shit,anxiety,killed,stop,warning,fight,crisis,panic,collapse,risk,fraud,arrested,no,complaints,emergency,shame,shortage,low,war,forced,die
crude,empty,sc,fears,shit,anxiety,killed,stop,warning,fight,crisis,panic,collapse,risk,fraud,arrested,no,complaints,emergency,shame,shortage,low,war,forced,die
crude,empty,sc,fears,shit,anxiety,killed,stop,warning,fight,crisis,panic,collapse,risk,fraud,arrested,no,complaints,emergency,shame,shortage,low,war,forced,die
crude,empty,sc,fears,shit,anxiety,killed,stop,warning,fight,crisis,panic,collapse,risk,fraud,arrested,no,complaints,emergency,shame,shortage,low,war,forced,die
crude,empty,sc,fears,shit,anxiety,killed,stop,warning,fight,crisis,panic,collapse,risk,fraud,arrested,no,complaints,emergency,shame,shortage,low,war,forced,die
crude,empty,sc,fears,shit,anxiety,killed,stop,warning,fight,crisis,panic,collapse,risk,fraud,arrested,no,complaints,emergency,shame,shortage,low,war,forced,die
crude,empty,sc,fears,shit,anxiety,killed,stop,warning,fight,crisis,panic,collapse,risk,fraud,arrested,no,complaints,emergency,shame,shortage,low,war,forced,die
crude,empty,sc,fears,shit,anxiety,killed,stop,warning,fight,crisis,panic,collapse,risk,fraud,arrested,no,complaints,emergency,shame,shortage,low,war,forced,die
crude,empty,sc,fears,shit,anxiety,killed,stop,warning,fight,crisis,panic,collapse,risk,fraud,arrested,no,complaints,emergency,shame,shortage,low,war,forced,die
crude,empty,sc,fears,shit,anxiety,killed,stop,warning,fight,crisis,panic,collapse,risk,fraud,arrested,no,complaints,emergency,shame,shortage,low,war,forced,die
crude,empty,sc,fears,shit,anxiety,killed,stop,warning,fight,crisis,panic,collapse,risk,fraud,arrested,no,complaints,emergency,shame,shortage,low,war,forced,die
crude,empty,sc,fears,shit,anxiety,killed,stop,warning,fight,crisis,panic,collapse,risk,fraud,arrested,no,complaints,emergency,shame,shortage,low,war,forced,die
crude,empty,sc,fears,shit,anxiety,killed,stop,warning,fight,crisis,panic,collapse,risk,fraud,arrested,no,complaints,emergency,shame,shortage,low,war,forced,die
crude,empty,sc,fears,shit,anxiety,killed,stop,warning,fight,crisis,panic,collapse,risk,fraud,arrested,no,complaints,emergency,shame,shortage,low,war,forced,die
crude,empty,sc,fears,shit,anxiety,killed,stop,warning,fight,crisis,panic,collapse,risk,fraud,arrested,no,complaints,emergency,shame,shortage,low,war,forced,die
crude,empty,sc,fears,shit,anxiety,killed,stop,warning,fight,crisis,panic,collapse,risk,fraud,arrested,no,complaints,emergency,shame,shortage,low,war,forced,die
crude,empty,sc,fears,shit,anxiety,killed,stop,warning,fight,crisis,panic,collapse,risk,fraud,arrested,no,complaints,emergency,shame,shortage,low,war,forced,die
crude,empty,sc,fears,shit,anxiety,killed,stop,warning,fight,crisis,panic,collapse,risk,fraud,arrested,no,complaints,emergency,shame,shortage,low,war,forced,die
crude,empty,sc,fears,shit,anxiety,killed,stop,warning,fight,crisis,panic,collapse,risk,fraud,arrested,no,complaints,emergency,shame,shortage,low,war,forced,die
crude,empty,sc,fears,shit,anxiety,killed,stop,warning,fight,crisis,panic,collapse,risk,fraud,arrested,no,complaints,emergency,shame,shortage,low,war,forced,die
crude,empty,sc,fears,shit,anxiety,killed,stop,warning,fight,crisis,panic,collapse,risk,fraud,arrested,no,complaints,emergency,shame,shortage,low,war,forced,die
crude,empty,sc,fears,shit,anxiety,killed,stop,warning,fight,crisis,panic,collapse,risk,fraud,arrested,no,complaints,emergency,shame,shortage,low,war,forced,die
crude,empty,sc,fears,shit,anxiety,killed,stop,warning,fight,crisis,panic,collapse,risk,fraud,arrested,no,complaints,emergency,shame,shortage,low,war,forced,die
crude,empty,sc,fears,shit,anxiety,killed,stop,warning,fight,crisis,panic,collapse,risk,fraud,arrested,no,complaints,emergency,shame,shortage,low,war,forced,die
crude,empty,sc,fears,shit,anxiety,killed,stop,warning,fight,crisis,panic,collapse,risk,fraud,arrested,no,complaints,emergency,shame,shortage,low,war,forced,die
crude,empty,sc,fears,shit,anxiety,killed,stop,warning,fight,crisis,panic,collapse,risk,fraud,no,complaints,emergency,poor,shame,shortage,low,war,forced,die
crude,empty,sc,fears,shit,anxiety,killed,stop,warning,fight,crisis,panic,collapse,risk,fraud,no,complaints,emergency,poor,shame,shortage,low,war,forced,die
crude,empty,sc,fears,shit,anxiety,killed,stop,warning,fight,crisis,panic,collapse,risk,fraud,no,complaints,emergency,poor,shame,shortage,low,war,forced,die
crude,empty,sc,fears,shit,anxiety,killed,stop,warning,fight,crisis,panic,collapse,risk,fraud,no,complaints,emergency,poor,shame,shortage,low,war,forced,die
crude,empty,sc,fears,shit,anxiety,killed,stop,warning,fight,crisis,panic,collapse,risk,fraud,no,complaints,emergency,poor,shame,shortage,low,war,forced,die
crude,empty,sc,fears,shit,anxiety,killed,stop,warning,fight,crisis,panic,collapse,risk,fraud,no,complaints,emergency,poor,shame,shortage,low,war,forced,die
crude,empty,sc,fears,shit,anxiety,killed,stop,warning,fight,crisis,panic,collapse,risk,fraud,no,complaints,emergency,poor,shame,shortage,low,war,forced,die
crude,empty,sc,fears,shit,anxiety,killed,stop,warning,fight,crisis,panic,collapse,risk,fraud,no,complaints,emergency,poor,shame,shortage,low,war,forced,die
crude,empty,sc,fears,shit,anxiety,killed,stop,warning,fight,crisis,panic,collapse,risk,fraud,no,complaints,emergency,poor,shame,shortage,low,war,forced,die
crude,empty,sc,fears,shit,anxiety,killed,stop,warning,fight,crisis,panic,collapse,risk,fraud,no,complaints,emergency,poor,shame,shortage,low,war,forced,die
crude,empty,sc,fears,shit,anxiety,killed,stop,warning,fight,crisis,panic,collapse,risk,fraud,no,complaints,emergency,poor,shame,shortage,low,war,forced,die
crude,empty,sc,fears,shit,anxiety,killed,stop,warning,fight,crisis,panic,collapse,risk,fraud,no,complaints,emergency,poor,shame,shortage,low,war,forced,die
crude,empty,sc,fears,shit,anxiety,killed,stop,warning,fight,crisis,panic,collapse,risk,fraud,no,complaints,emergency,poor,shame,shortage,low,war,forced,die
crude,empty,sc,fears,shit,anxiety,killed,stop,warning,fight,crisis,panic,collapse,risk,fraud,no,complaints,emergency,poor,shame,shortage,low,war,forced,die
crude,empty,sc,fears,shit,anxiety,killed,stop,warning,fight,crisis,panic,collapse,risk,fraud,no,complaints,emergency,poor,shame,shortage,low,war,forced,die
crude,empty,sc,fears,shit,anxiety,killed,stop,warning,fight,crisis,panic,collapse,risk,fraud,no,complaints,emergency,poor,shame,shortage,low,war,forced,die
crude,empty,sc,fears,shit,anxiety,killed,stop,warning,fight,crisis,panic,collapse,risk,fraud,no,complaints,emergency,poor,shame,shortage,low,war,forced,die
crude,empty,sc,fears,shit,anxiety,killed,stop,warning,fight,crisis,panic,collapse,risk,fraud,no,complaints,emergency,poor,shame,shortage,low,war,forced,die
crude,empty,sc,fears,shit,anxiety,killed,stop,warning,fight,crisis,panic,collapse,risk,fraud,no,complaints,emergency,poor,shame,shortage,low,war,forced,die
crude,empty,sc,fears,shit,anxiety,killed,stop,warning,fight,crisis,panic,collapse,risk,fraud,no,complaints,emergency,poor,shame,shortage,low,war,forced,die
crude,empty,sc,fears,shit,anxiety,killed,stop,warning,fight,crisis,panic,collapse,risk,fraud,no,complaints,emergency,poor,shame,shortage,low,war,forced,die
crude,empty,sc,fears,shit,anxiety,killed,stop,warning,fight,crisis,panic,collapse,risk,fraud,no,complaints,emergency,poor,shame,shortage,low,war,forced,die
crude,empty,sc,fears,shit,anxiety,killed,stop,warning,fight,crisis,panic,collapse,risk,fraud,no,complaints,emergency,poor,shame,shortage,low,war,forced,die
crude,empty,sc,fears,shit,anxiety,killed,stop,warning,fight,crisis,panic,collapse,risk,fraud,no,complaints,emergency,poor,shame,shortage,low,war,forced,die
crude,empty,sc,fears,shit,anxiety,killed,stop,warning,fight,crisis,panic,collapse,risk,fraud,no,complaints,emergency,poor,shame,shortage,low,war,forced,die
crude,empty,sc,fears,shit,anxiety,killed,stop,warning,fight,crisis,panic,collapse,risk,fraud,no,complaints,emergency,poor,shame,shortage,low,war,forced,die
crude,empty,sc,fears,shit,anxiety,killed,stop,warning,fight,crisis,panic,collapse,risk,fraud,no,complaints,emergency,poor,shame,shortage,low,war,forced,die
crude,empty,sc,fears,shit,anxiety,killed,stop,warning,fight,crisis,panic,collapse,risk,fraud,no,complaints,emergency,poor,shame,shortage,low,war,forced,die
crude,empty,sc,fears,shit,anxiety,killed,stop,warning,fight,crisis,panic,collapse,risk,fraud,no,complaints,emergency,poor,shame,shortage,low,war,forced,die
crude,empty,sc,fears,shit,anxiety,killed,stop,warning,fight,crisis,panic,collapse,risk,fraud,no,complaints,emergency,poor,shame,shortage,low,war,forced,die
crude,empty,sc,fears,shit,anxiety,killed,stop,warning,fight,crisis,panic,collapse,risk,fraud,no,complaints,emergency,poor,shame,shortage,low,war,forced,die
crude,empty,sc,fears,shit,anxiety,killed,stop,warning,fight,crisis,panic,collapse,risk,fraud,no,complaints,emergency,poor,shame,shortage,low,war,forced,die
crude,empty,sc,fears,shit,anxiety,killed,stop,warning,fight,crisis,panic,collapse,risk,fraud,no,complaints,emergency,poor,shame,shortage,low,war,forced,die
crude,empty,sc,fears,shit,anxiety,killed,stop,warning,fight,crisis,panic,collapse,risk,fraud,no,complaints,emergency,poor,shame,shortage,low,war,forced,die
crude,empty,sc,fears,shit,anxiety,killed,stop,warning,fight,crisis,panic,collapse,risk,fraud,no,complaints,emergency,poor,shame,shortage,low,war,forced,die
crude,empty,sc,fears,shit,anxiety,killed,stop,warning,fight,crisis,panic,collapse,risk,fraud,no,complaints,emergency,poor,shame,shortage,low,war,forced,die
crude,empty,sc,fears,shit,anxiety,killed,stop,warning,fight,crisis,panic,collapse,risk,fraud,no,complaints,emergency,poor,shame,shortage,low,war,forced,die
crude,empty,sc,fears,shit,anxiety,killed,stop,warning,fight,crisis,panic,collapse,risk,fraud,no,complaints,emergency,poor,shame,shortage,low,war,forced,die
crude,empty,sc,fears,shit,anxiety,killed,stop,warning,fight,crisis,panic,collapse,risk,fraud,no,complaints,emergency,poor,shame,shortage,low,war,forced,die
crude,empty,sc,fears,shit,anxiety,killed,stop,warning,fight,crisis,panic,collapse,risk,fraud,no,complaints,emergency,poor,shame,shortage,low,war,forced,die
crude,empty,sc,fears,shit,anxiety,killed,stop,warning,fight,crisis,panic,collapse,risk,fraud,no,complaints,emergency,poor,shame,shortage,low,war,forced,die
crude,empty,sc,fears,shit,anxiety,killed,stop,warning,fight,crisis,panic,collapse,risk,fraud,no,complaints,emergency,poor,shame,shortage,low,war,forced,die
crude,empty,sc,fears,shit,anxiety,killed,stop,warning,fight,crisis,panic,collapse,risk,fraud,no,complaints,emergency,poor,shame,shortage,low,war,forced,die
crude,empty,sc,fears,shit,anxiety,killed,stop,warning,fight,crisis,panic,collapse,risk,fraud,no,complaints,emergency,poor,shame,shortage,low,war,forced,die
crude,empty,sc,fears,shit,anxiety,killed,stop,warning,fight,crisis,panic,collapse,risk,fraud,no,complaints,emergency,poor,shame,shortage,low,war,forced,die
crude,empty,sc,fears,shit,anxiety,killed,stop,warning,fight,crisis,panic,collapse,risk,fraud,no,complaints,emergency,poor,shame,shortage,low,war,forced,die
crude,empty,sc,fears,shit,anxiety,killed,stop,warning,fight,crisis,panic,collapse,risk,fraud,no,complaints,emergency,poor,shame,shortage,low,war,forced,die
crude,empty,sc,fears,shit,anxiety,killed,stop,warning,fight,crisis,panic,collapse,risk,fraud,no,complaints,emergency,poor,shame,shortage,low,war,forced,die
crude,empty,sc,fears,shit,anxiety,killed,stop,warning,fight,crisis,panic,collapse,risk,fraud,no,complaints,emergency,poor,shame,shortage,low,war,forced,die
crude,empty,sc,fears,shit,anxiety,killed,stop,warning,fight,crisis,panic,collapse,risk,fraud,no,complaints,emergency,poor,shame,shortage,low,war,forced,die
crude,empty,sc,fears,shit,anxiety,killed,stop,warning,fight,crisis,panic,collapse,risk,fraud,no,complaints,emergency,poor,shame,shortage,low,war,forced,die
crude,empty,sc,fears,shit,anxiety,killed,stop,warning,fight,crisis,panic,collapse,risk,fraud,no,complaints,emergency,poor,shame,shortage,low,war,forced,die
crude,empty,sc,fears,shit,anxiety,killed,stop,warning,fight,crisis,panic,collapse,risk,fraud,no,complaints,emergency,poor,shame,shortage,low,war,forced,die
crude,empty,sc,fears,shit,anxiety,killed,stop,warning,fight,crisis,panic,collapse,risk,fraud,no,complaints,emergency,poor,shame,shortage,low,war,forced,die
crude,empty,sc,fears,shit,anxiety,killed,stop,warning,fight,crisis,panic,collapse,risk,fraud,no,complaints,emergency,poor,shame,shortage,low,war,forced,die
crude,empty,sc,fears,shit,anxiety,killed,stop,warning,fight,crisis,panic,collapse,risk,fraud,no,complaints,emergency,poor,shame,shortage,low,war,forced,die
crude,empty,sc,fears,shit,anxiety,killed,stop,warning,fight,crisis,panic,collapse,risk,fraud,no,complaints,emergency,poor,shame,shortage,low,war,forced,die
crude,empty,sc,fears,shit,anxiety,killed,stop,warning,fight,crisis,panic,collapse,risk,fraud,no,complaints,emergency,poor,shame,shortage,low,war,forced,die
crude,empty,sc,fears,shit,anxiety,killed,stop,warning,fight,crisis,panic,collapse,risk,fraud,no,complaints,emergency,poor,shame,shortage,low,war,forced,die
crude,empty,sc,fears,shit,anxiety,killed,stop,warning,fight,crisis,panic,collapse,risk,fraud,no,complaints,emergency,poor,shame,shortage,low,war,forced,die
crude,empty,sc,fears,shit,anxiety,killed,stop,warning,fight,crisis,panic,collapse,risk,fraud,no,complaints,emergency,poor,shame,shortage,low,war,forced,die
crude,empty,sc,fears,shit,anxiety,killed,stop,warning,fight,crisis,panic,collapse,risk,fraud,no,complaints,emergency,poor,shame,shortage,low,war,forced,die
crude,empty,sc,fears,shit,anxiety,killed,stop,warning,fight,crisis,panic,collapse,risk,fraud,no,complaints,emergency,poor,shame,shortage,low,war,forced,die
crude,empty,sc,fears,shit,anxiety,killed,stop,warning,fight,crisis,panic,collapse,risk,fraud,no,complaints,emergency,poor,shame,shortage,low,war,forced,die
crude,empty,sc,fears,shit,anxiety,killed,stop,warning,fight,crisis,panic,collapse,risk,fraud,no,complaints,emergency,poor,shame,shortage,low,war,forced,die
crude,empty,sc,fears,shit,anxiety,killed,stop,warning,fight,crisis,panic,collapse,risk,fraud,no,complaints,emergency,poor,shame,shortage,low,war,forced,die
crude,empty,sc,fears,shit,anxiety,killed,stop,warning,fight,crisis,panic,collapse,risk,fraud,no,complaints,emergency,poor,shame,shortage,low,war,forced,die
crude,empty,sc,fears,shit,anxiety,killed,stop,warning,fight,crisis,panic,collapse,risk,fraud,no,complaints,emergency,poor,shame,shortage,low,war,forced,die
crude,empty,sc,fears,shit,anxiety,killed,stop,warning,fight,crisis,panic,collapse,risk,fraud,no,complaints,emergency,poor,shame,shortage,low,war,forced,die
crude,empty,sc,fears,shit,anxiety,killed,stop,warning,fight,crisis,panic,collapse,risk,fraud,no,complaints,emergency,poor,shame,shortage,low,war,forced,die
crude,empty,sc,fears,shit,anxiety,killed,stop,warning,fight,crisis,panic,collapse,risk,fraud,no,complaints,emergency,poor,shame,shortage,low,war,forced,die
crude,empty,sc,fears,shit,anxiety,killed,stop,warning,fight,crisis,panic,collapse,risk,fraud,no,complaints,emergency,poor,shame,shortage,low,war,forced,die
crude,empty,sc,fears,shit,anxiety,killed,stop,warning,fight,crisis,panic,collapse,risk,fraud,no,complaints,emergency,poor,shame,shortage,low,war,forced,die
crude,empty,sc,fears,shit,anxiety,killed,stop,warning,fight,crisis,panic,collapse,risk,fraud,no,complaints,emergency,poor,shame,shortage,low,war,forced,die
crude,empty,sc,fears,shit,anxiety,killed,stop,warning,fight,crisis,panic,collapse,risk,fraud,no,complaints,emergency,poor,shame,shortage,low,war,forced,die
crude,empty,sc,fears,shit,anxiety,killed,stop,warning,fight,crisis,panic,collapse,risk,fraud,no,complaints,emergency,poor,shame,shortage,low,war,forced,die
crude,empty,sc,fears,shit,anxiety,killed,stop,warning,fight,crisis,panic,collapse,risk,fraud,no,complaints,emergency,poor,shame,shortage,low,war,forced,die
crude,empty,sc,fears,shit,anxiety,killed,stop,warning,fight,crisis,panic,collapse,risk,fraud,no,complaints,emergency,poor,shame,shortage,low,war,forced,die
crude,empty,sc,fears,shit,anxiety,killed,stop,warning,fight,crisis,panic,collapse,risk,fraud,no,complaints,emergency,poor,shame,shortage,low,war,forced,die
crude,empty,sc,fears,shit,anxiety,killed,stop,warning,fight,crisis,panic,collapse,risk,fraud,no,complaints,emergency,poor,shame,shortage,low,war,forced,die
crude,empty,sc,fears,shit,anxiety,killed,stop,warning,fight,crisis,panic,collapse,risk,fraud,no,complaints,emergency,poor,shame,shortage,low,war,forced,die
crude,empty,sc,fears,shit,anxiety,killed,stop,warning,fight,crisis,panic,collapse,risk,fraud,no,complaints,emergency,poor,shame,shortage,low,war,forced,die
crude,empty,sc,fears,shit,anxiety,killed,stop,warning,fight,crisis,panic,collapse,risk,fraud,no,complaints,emergency,poor,shame,shortage,low,war,forced,die
crude,empty,sc,fears,shit,anxiety,killed,stop,warning,fight,crisis,panic,collapse,risk,fraud,no,complaints,emergency,poor,shame,shortage,low,war,forced,die
crude,empty,sc,fears,shit,anxiety,killed,stop,warning,fight,crisis,panic,collapse,risk,fraud,no,complaints,emergency,poor,shame,shortage,low,war,forced,die
crude,empty,sc,fears,shit,anxiety,killed,stop,warning,fight,crisis,panic,collapse,risk,fraud,no,complaints,emergency,poor,shame,shortage,low,war,forced,die
crude,empty,sc,fears,shit,anxiety,killed,stop,warning,fight,crisis,panic,collapse,risk,fraud,no,complaints,emergency,poor,shame,shortage,low,war,forced,die
crude,empty,sc,fears,shit,anxiety,killed,stop,warning,fight,crisis,panic,collapse,risk,fraud,no,complaints,emergency,poor,shame,shortage,low,war,forced,die
crude,empty,sc,fears,shit,anxiety,killed,stop,warning,fight,crisis,panic,collapse,risk,fraud,no,complaints,emergency,poor,shame,shortage,low,war,forced,die
crude,empty,sc,fears,shit,anxiety,killed,stop,warning,fight,crisis,panic,collapse,risk,fraud,no,complaints,emergency,poor,shame,shortage,low,war,forced,die
crude,empty,sc,fears,shit,anxiety,killed,stop,warning,fight,crisis,panic,collapse,risk,fraud,no,complaints,emergency,poor,shame,shortage,low,war,forced,die
crude,empty,sc,fears,shit,anxiety,killed,stop,warning,fight,crisis,panic,collapse,risk,fraud,no,complaints,emergency,poor,shame,shortage,low,war,forced,die
crude,empty,sc,fears,shit,anxiety,killed,stop,warning,fight,crisis,panic,collapse,risk,fraud,no,complaints,emergency,poor,shame,shortage,low,war,forced,die
crude,empty,sc,fears,shit,anxiety,killed,stop,warning,fight,crisis,panic,collapse,risk,fraud,no,complaints,emergency,poor,shame,shortage,low,war,forced,die
crude,empty,sc,fears,shit,anxiety,killed,stop,warning,fight,crisis,fuck,panic,collapse,risk,fraud,no,emergency,poor,shame,shortage,low,war,forced,die
crude,empty,sc,fears,shit,anxiety,killed,stop,warning,fight,crisis,fuck,panic,collapse,risk,fraud,no,emergency,poor,shame,shortage,low,war,forced,die
crude,empty,sc,fears,shit,anxiety,killed,stop,warning,fight,crisis,fuck,panic,collapse,risk,fraud,no,emergency,poor,shame,shortage,low,war,forced,die
crude,empty,sc,fears,shit,anxiety,killed,stop,warning,fight,crisis,fuck,panic,collapse,risk,fraud,no,emergency,poor,shame,shortage,low,war,forced,die
crude,empty,sc,fears,shit,anxiety,killed,stop,warning,fight,crisis,fuck,panic,collapse,risk,fraud,no,emergency,poor,shame,shortage,low,war,forced,die
crude,empty,sc,fears,shit,anxiety,killed,stop,warning,fight,crisis,fuck,panic,collapse,risk,fraud,no,emergency,poor,shame,shortage,low,war,forced,die
crude,empty,sc,fears,shit,anxiety,killed,stop,warning,fight,crisis,fuck,panic,collapse,risk,fraud,no,emergency,poor,shame,shortage,low,war,forced,die
crude,empty,sc,fears,shit,anxiety,killed,stop,warning,fight,crisis,fuck,panic,collapse,risk,fraud,no,emergency,poor,shame,shortage,low,war,forced,die
crude,empty,sc,fears,shit,anxiety,killed,stop,warning,fight,crisis,fuck,panic,collapse,risk,fraud,no,emergency,poor,shame,shortage,low,war,forced,die
crude,empty,sc,fears,shit,anxiety,killed,stop,warning,fight,crisis,fuck,panic,collapse,risk,fraud,no,emergency,poor,shame,shortage,low,war,forced,die
crude,empty,sc,fears,shit,anxiety,killed,stop,warning,fight,crisis,fuck,panic,collapse,risk,fraud,no,emergency,poor,shame,shortage,low,war,forced,die
crude,empty,sc,fears,shit,anxiety,killed,stop,warning,fight,crisis,fuck,panic,collapse,risk,fraud,no,emergency,poor,shame,shortage,low,war,forced,die
crude,empty,sc,fears,shit,anxiety,killed,stop,warning,fight,crisis,fuck,panic,collapse,risk,fraud,no,emergency,poor,shame,shortage,low,war,forced,die
crude,empty,sc,fears,shit,anxiety,killed,stop,warning,fight,crisis,fuck,panic,collapse,risk,fraud,no,emergency,poor,shame,shortage,low,war,forced,die
crude,empty,recession,sc,fears,shit,anxiety,stop,warning,fight,crisis,fuck,panic,collapse,risk,fraud,no,emergency,poor,shame,shortage,low,war,forced,die
crude,empty,recession,sc,fears,shit,anxiety,stop,warning,fight,crisis,fuck,panic,collapse,risk,fraud,no,emergency,poor,shame,shortage,low,war,forced,die
crude,empty,recession,sc,fears,shit,anxiety,stop,warning,fight,crisis,fuck,panic,collapse,risk,fraud,no,emergency,poor,shame,shortage,low,war,forced,die
crude,empty,recession,sc,fears,shit,anxiety,stop,warning,fight,crisis,fuck,panic,collapse,risk,fraud,no,emergency,poor,shame,shortage,low,war,forced,die
crude,empty,recession,sc,fears,shit,anxiety,stop,warning,fight,crisis,fuck,panic,collapse,risk,fraud,no,emergency,poor,shame,shortage,low,war,forced,die
crude,empty,recession,sc,fears,shit,anxiety,stop,warning,fight,crisis,fuck,panic,collapse,risk,fraud,no,emergency,poor,shame,shortage,low,war,forced,die
crude,empty,recession,sc,fears,shit,anxiety,stop,warning,fight,crisis,fuck,panic,collapse,risk,fraud,no,emergency,poor,shame,shortage,low,war,forced,die
crude,empty,recession,sc,fears,shit,anxiety,stop,warning,fight,crisis,fuck,panic,collapse,risk,fraud,no,emergency,poor,shame,shortage,low,war,forced,die
crude,empty,recession,sc,fears,shit,anxiety,stop,warning,fight,crisis,fuck,panic,collapse,risk,fraud,no,emergency,poor,shame,shortage,low,war,forced,die
crude,empty,recession,sc,fears,shit,anxiety,stop,warning,fight,crisis,fuck,panic,collapse,risk,fraud,no,emergency,poor,shame,shortage,low,war,forced,die
crude,empty,recession,sc,fears,shit,anxiety,stop,warning,fight,crisis,fuck,panic,collapse,risk,fraud,no,emergency,poor,shame,shortage,low,war,forced,die
crude,empty,sc,fears,shit,anxiety,stop,warning,problem,fight,crisis,fuck,panic,collapse,risk,fraud,no,emergency,poor,shame,shortage,low,war,forced,die
crude,empty,sc,fears,shit,anxiety,stop,warning,problem,fight,crisis,fuck,panic,collapse,risk,fraud,no,emergency,poor,shame,shortage,low,war,forced,die
crude,empty,sc,fears,shit,anxiety,stop,warning,problem,fight,crisis,fuck,panic,collapse,risk,fraud,no,emergency,poor,shame,shortage,low,war,forced,die
crude,empty,sc,fears,shit,anxiety,stop,warning,problem,fight,crisis,fuck,panic,collapse,risk,fraud,no,emergency,poor,shame,shortage,low,war,forced,die
crude,empty,sc,fears,shit,anxiety,stop,warning,problem,fight,crisis,fuck,panic,collapse,risk,fraud,no,emergency,poor,shame,shortage,low,war,forced,die
crude,empty,sc,fears,shit,anxiety,stop,warning,problem,fight,crisis,fuck,panic,collapse,risk,fraud,no,emergency,poor,shame,shortage,low,war,forced,die
crude,empty,sc,fears,shit,anxiety,stop,warning,problem,fight,crisis,fuck,panic,collapse,risk,fraud,no,emergency,poor,shame,shortage,low,war,forced,die
crude,empty,sc,fears,shit,anxiety,stop,warning,problem,fight,crisis,fuck,panic,collapse,risk,fraud,no,emergency,poor,shame,shortage,low,war,forced,die
crude,empty,sc,fears,shit,anxiety,stop,warning,problem,fight,crisis,fuck,panic,collapse,risk,fraud,no,emergency,poor,shame,shortage,low,war,forced,die
crude,empty,sc,fears,shit,anxiety,stop,warning,problem,fight,crisis,fuck,panic,collapse,risk,fraud,no,emergency,poor,shame,shortage,low,war,forced,die
crude,empty,sc,fears,shit,anxiety,stop,warning,problem,fight,crisis,fuck,panic,collapse,risk,fraud,no,emergency,poor,shame,shortage,low,war,forced,die
crude,empty,sc,fears,shit,anxiety,stop,warning,problem,fight,crisis,fuck,panic,collapse,risk,fraud,no,emergency,poor,shame,shortage,low,war,forced,die
crude,empty,sc,fears,shit,anxiety,stop,warning,problem,fight,crisis,fuck,panic,collapse,risk,fraud,no,emergency,poor,shame,shortage,low,war,forced,die
crude,empty,sc,fears,shit,anxiety,stop,warning,problem,fight,crisis,fuck,panic,collapse,risk,fraud,no,emergency,poor,shame,shortage,low,war,forced,die
crude,empty,sc,fears,shit,anxiety,stop,warning,problem,fight,crisis,fuck,panic,collapse,risk,fraud,no,emergency,poor,shame,shortage,low,war,forced,die
crude,empty,sc,fears,shit,anxiety,stop,warning,problem,fight,crisis,fuck,panic,collapse,risk,fraud,no,emergency,poor,shame,shortage,low,war,forced,die
crude,empty,sc,fears,shit,anxiety,stop,warning,problem,fight,crisis,fuck,panic,collapse,risk,fraud,no,emergency,poor,shame,shortage,low,war,forced,die
crude,empty,sc,fears,shit,anxiety,stop,warning,problem,fight,crisis,fuck,panic,collapse,risk,fraud,no,emergency,poor,shame,shortage,low,war,forced,die
crude,empty,sc,fears,shit,anxiety,stop,warning,problem,fight,crisis,fuck,panic,collapse,risk,fraud,no,emergency,poor,shame,shortage,low,war,forced,die
crude,empty,sc,fears,shit,anxiety,stop,warning,problem,fight,crisis,fuck,panic,collapse,risk,fraud,no,emergency,poor,shame,shortage,low,war,forced,die
crude,empty,sc,fears,shit,anxiety,stop,warning,problem,fight,crisis,fuck,panic,collapse,risk,fraud,no,emergency,poor,shame,shortage,low,war,forced,die
crude,empty,sc,fears,shit,anxiety,stop,warning,problem,fight,crisis,fuck,panic,collapse,risk,fraud,no,emergency,poor,shame,shortage,low,war,forced,die
crude,empty,sc,fears,shit,anxiety,stop,warning,problem,fight,crisis,fuck,panic,collapse,risk,fraud,no,emergency,poor,shame,shortage,low,war,forced,die
crude,empty,sc,fears,shit,anxiety,stop,warning,problem,fight,crisis,fuck,panic,collapse,risk,fraud,no,emergency,poor,shame,shortage,low,war,forced,die
crude,empty,sc,fears,shit,anxiety,stop,warning,problem,fight,crisis,fuck,panic,collapse,risk,fraud,no,emergency,poor,shame,shortage,low,war,forced,die
crude,empty,sc,fears,shit,anxiety,stop,warning,problem,fight,crisis,fuck,panic,collapse,risk,fraud,no,emergency,poor,shame,shortage,low,war,forced,die
crude,empty,sc,fears,shit,anxiety,stop,warning,problem,fight,crisis,fuck,panic,collapse,risk,fraud,no,emergency,poor,shame,shortage,low,war,forced,die
crude,empty,sc,fears,shit,anxiety,stop,warning,problem,fight,crisis,fuck,panic,collapse,risk,fraud,no,emergency,poor,shame,shortage,low,war,forced,die
crude,empty,sc,fears,shit,anxiety,stop,warning,problem,fight,crisis,fuck,panic,collapse,risk,fraud,no,emergency,poor,shame,shortage,low,war,forced,die
crude,empty,sc,fears,shit,anxiety,stop,warning,problem,fight,crisis,fuck,panic,collapse,risk,fraud,no,emergency,poor,shame,shortage,low,war,forced,die
crude,empty,sc,fears,shit,anxiety,stop,warning,problem,fight,crisis,fuck,panic,collapse,risk,fraud,no,emergency,poor,shame,shortage,low,war,forced,die
crude,empty,sc,fears,shit,anxiety,stop,warning,problem,fight,crisis,fuck,panic,collapse,risk,fraud,no,emergency,poor,shame,shortage,low,war,forced,die
crude,empty,sc,fears,shit,anxiety,stop,warning,problem,fight,crisis,fuck,panic,collapse,risk,fraud,no,emergency,poor,shame,shortage,low,war,forced,die
crude,empty,sc,fears,shit,anxiety,stop,warning,problem,fight,crisis,fuck,panic,collapse,risk,fraud,no,emergency,poor,shame,shortage,low,war,forced,die
crude,empty,sc,fears,shit,anxiety,stop,warning,problem,fight,crisis,fuck,panic,collapse,risk,fraud,no,emergency,poor,shame,shortage,low,war,forced,die
crude,empty,sc,fears,shit,anxiety,stop,warning,problem,fight,crisis,fuck,panic,collapse,risk,fraud,no,emergency,poor,shame,shortage,low,war,forced,die
crude,empty,sc,fears,shit,anxiety,stop,warning,problem,fight,crisis,fuck,panic,collapse,risk,fraud,no,emergency,poor,shame,shortage,low,war,forced,die
crude,empty,sc,fears,shit,anxiety,stop,warning,problem,fight,crisis,fuck,panic,collapse,risk,fraud,no,emergency,poor,shame,shortage,low,war,forced,die
crude,empty,sc,fears,shit,anxiety,stop,warning,problem,fight,crisis,fuck,panic,collapse,risk,fraud,no,emergency,poor,shame,shortage,low,war,forced,die
crude,empty,sc,fears,shit,anxiety,stop,warning,problem,fight,crisis,fuck,panic,collapse,risk,fraud,no,emergency,poor,shame,shortage,low,war,forced,die
crude,empty,sc,fears,shit,anxiety,stop,warning,problem,fight,crisis,fuck,panic,collapse,risk,fraud,no,emergency,poor,shame,shortage,low,war,forced,die
crude,empty,sc,fears,shit,anxiety,stop,warning,problem,fight,crisis,fuck,panic,collapse,risk,fraud,no,emergency,poor,shame,shortage,low,war,forced,die
crude,empty,sc,fears,shit,anxiety,stop,warning,problem,fight,crisis,fuck,panic,collapse,risk,fraud,no,emergency,poor,shame,shortage,low,war,forced,die
crude,empty,sc,fears,shit,anxiety,stop,warning,problem,fight,crisis,fuck,panic,collapse,risk,fraud,no,emergency,poor,shame,shortage,low,war,forced,die
crude,empty,sc,fears,shit,anxiety,stop,warning,problem,fight,crisis,fuck,panic,collapse,risk,fraud,no,emergency,poor,shame,shortage,low,war,forced,die
crude,empty,sc,fears,shit,anxiety,stop,warning,problem,fight,crisis,fuck,panic,collapse,risk,fraud,no,emergency,poor,shame,shortage,low,war,forced,die
crude,empty,sc,fears,shit,anxiety,stop,warning,problem,fight,crisis,fuck,panic,collapse,risk,fraud,no,emergency,poor,shame,shortage,low,war,forced,die
crude,empty,sc,fears,shit,anxiety,stop,warning,problem,fight,crisis,fuck,panic,collapse,risk,fraud,no,emergency,poor,shame,shortage,low,war,forced,die
crude,empty,sc,fears,shit,anxiety,stop,warning,problem,fight,crisis,fuck,panic,collapse,risk,fraud,no,emergency,poor,shame,shortage,low,war,forced,die
crude,empty,sc,fears,shit,anxiety,stop,warning,problem,fight,crisis,fuck,panic,collapse,risk,fraud,no,emergency,poor,shame,shortage,low,war,forced,die
crude,empty,sc,fears,shit,anxiety,stop,warning,problem,fight,crisis,fuck,panic,collapse,risk,fraud,no,emergency,poor,shame,shortage,low,war,forced,die
crude,empty,sc,fears,shit,anxiety,stop,warning,problem,fight,crisis,fuck,panic,collapse,risk,fraud,no,emergency,poor,shame,shortage,low,war,forced,die
crude,empty,sc,fears,shit,anxiety,stop,warning,problem,fight,crisis,fuck,panic,collapse,risk,fraud,no,emergency,poor,shame,shortage,low,war,forced,die
crude,empty,sc,fears,shit,anxiety,stop,warning,problem,fight,crisis,fuck,panic,collapse,risk,fraud,no,emergency,poor,shame,shortage,low,war,forced,die
crude,empty,sc,fears,shit,anxiety,stop,warning,problem,fight,crisis,fuck,panic,collapse,risk,fraud,no,emergency,poor,shame,shortage,low,war,forced,die
crude,empty,sc,fears,shit,anxiety,stop,warning,problem,fight,crisis,fuck,panic,collapse,risk,fraud,no,emergency,poor,shame,shortage,low,war,forced,die
crude,empty,sc,fears,shit,anxiety,stop,warning,problem,fight,crisis,fuck,panic,collapse,risk,fraud,no,emergency,poor,shame,shortage,low,war,forced,die
crude,empty,sc,fears,shit,anxiety,stop,warning,problem,fight,crisis,fuck,panic,collapse,risk,fraud,no,emergency,poor,shame,shortage,low,war,forced,die
crude,empty,sc,fears,shit,anxiety,stop,warning,problem,fight,crisis,fuck,panic,collapse,risk,fraud,no,emergency,poor,shame,shortage,low,war,forced,die
crude,empty,sc,fears,shit,anxiety,stop,warning,problem,fight,crisis,fuck,panic,collapse,risk,fraud,no,emergency,poor,shame,shortage,low,war,forced,die
crude,empty,sc,fears,shit,anxiety,stop,warning,problem,fight,crisis,fuck,panic,collapse,risk,fraud,no,emergency,poor,shame,shortage,low,war,forced,die
crude,empty,sc,fears,shit,anxiety,stop,warning,problem,fight,crisis,fuck,panic,collapse,risk,fraud,no,emergency,poor,shame,shortage,low,war,forced,die
crude,empty,sc,fears,shit,anxiety,stop,warning,problem,fight,crisis,fuck,panic,collapse,risk,fraud,no,emergency,poor,shame,shortage,low,war,forced,die
crude,empty,sc,fears,shit,anxiety,stop,warning,problem,fight,crisis,fuck,panic,collapse,risk,fraud,no,emergency,poor,shame,shortage,low,war,forced,die
crude,empty,sc,fears,shit,anxiety,stop,warning,problem,fight,crisis,fuck,panic,collapse,risk,fraud,no,emergency,poor,shame,shortage,low,war,forced,die
crude,empty,sc,fears,shit,anxiety,stop,warning,problem,fight,crisis,fuck,panic,collapse,risk,fraud,no,emergency,poor,shame,shortage,low,war,forced,die
crude,empty,sc,fears,shit,anxiety,stop,warning,problem,fight,crisis,fuck,panic,collapse,risk,fraud,no,emergency,poor,shame,shortage,low,war,forced,die
crude,empty,sc,fears,shit,anxiety,stop,warning,problem,fight,crisis,fuck,panic,collapse,risk,fraud,no,emergency,poor,shame,shortage,low,war,forced,die
crude,empty,sc,fears,shit,anxiety,stop,warning,problem,fight,crisis,fuck,panic,collapse,risk,fraud,no,emergency,poor,shame,shortage,low,war,forced,die
crude,empty,sc,fears,shit,anxiety,stop,warning,problem,fight,crisis,fuck,panic,collapse,risk,fraud,no,emergency,poor,shame,shortage,low,war,forced,die
crude,empty,sc,fears,shit,anxiety,stop,warning,problem,fight,crisis,fuck,panic,collapse,risk,fraud,no,emergency,poor,shame,shortage,low,war,forced,die
crude,empty,sc,fears,shit,anxiety,stop,warning,problem,fight,crisis,fuck,panic,collapse,risk,fraud,no,emergency,poor,shame,shortage,low,war,forced,die
crude,empty,sc,fears,shit,anxiety,stop,warning,problem,fight,crisis,fuck,panic,collapse,risk,fraud,no,emergency,poor,shame,shortage,low,war,forced,die
crude,empty,sc,fears,shit,anxiety,stop,warning,problem,fight,crisis,fuck,panic,collapse,risk,fraud,no,emergency,poor,shame,shortage,low,war,forced,die
crude,empty,sc,fears,shit,anxiety,stop,warning,problem,fight,crisis,fuck,panic,collapse,risk,fraud,no,emergency,poor,shame,shortage,low,war,forced,die
crude,empty,sc,fears,shit,anxiety,stop,warning,problem,fight,crisis,fuck,panic,collapse,risk,fraud,no,emergency,poor,shame,shortage,low,war,forced,die
crude,empty,sc,fears,shit,anxiety,stop,warning,problem,fight,crisis,fuck,panic,collapse,risk,fraud,no,emergency,poor,shame,shortage,low,war,forced,die
crude,empty,sc,fears,shit,anxiety,stop,warning,problem,fight,crisis,fuck,panic,collapse,risk,fraud,no,emergency,poor,shame,shortage,low,war,forced,die
crude,empty,sc,fears,shit,anxiety,stop,warning,problem,fight,crisis,fuck,panic,collapse,risk,fraud,no,emergency,poor,shame,shortage,low,war,forced,die
crude,empty,sc,fears,shit,anxiety,stop,warning,problem,fight,crisis,fuck,panic,collapse,risk,fraud,no,emergency,poor,shame,shortage,low,war,forced,die
crude,empty,sc,fears,shit,anxiety,stop,warning,problem,fight,crisis,fuck,panic,collapse,risk,fraud,no,emergency,poor,shame,shortage,low,war,forced,die
crude,empty,sc,fears,shit,anxiety,stop,warning,problem,fight,crisis,fuck,panic,collapse,risk,fraud,no,emergency,poor,shame,shortage,low,war,forced,die
crude,empty,sc,fears,shit,anxiety,stop,warning,problem,fight,crisis,fuck,panic,collapse,risk,fraud,no,emergency,poor,shame,shortage,low,war,forced,die
crude,empty,sc,fears,shit,anxiety,stop,warning,problem,fight,crisis,fuck,panic,collapse,risk,fraud,no,emergency,poor,shame,shortage,low,war,forced,die
crude,empty,sc,fears,shit,anxiety,stop,warning,problem,fight,crisis,fuck,panic,collapse,risk,fraud,no,emergency,poor,shame,shortage,low,war,forced,die
crude,empty,sc,fears,shit,anxiety,stop,warning,problem,fight,crisis,fuck,panic,collapse,risk,fraud,no,emergency,poor,shame,shortage,low,war,forced,die
crude,empty,sc,fears,shit,anxiety,stop,warning,problem,fight,crisis,fuck,panic,collapse,risk,fraud,no,emergency,poor,shame,shortage,low,war,forced,die
crude,empty,sc,fears,shit,anxiety,stop,warning,problem,fight,crisis,fuck,panic,collapse,risk,fraud,no,emergency,poor,shame,shortage,low,war,forced,die
crude,empty,sc,fears,shit,anxiety,stop,warning,problem,fight,crisis,fuck,panic,collapse,risk,fraud,no,emergency,poor,shame,shortage,low,war,forced,die
crude,empty,sc,fears,shit,anxiety,stop,warning,problem,fight,crisis,fuck,panic,collapse,risk,fraud,no,emergency,poor,shame,shortage,low,war,forced,die
crude,empty,sc,fears,shit,anxiety,stop,warning,problem,fight,crisis,fuck,panic,collapse,risk,fraud,no,emergency,poor,shame,shortage,low,war,forced,die
crude,empty,sc,fears,shit,anxiety,stop,warning,problem,fight,crisis,fuck,panic,collapse,risk,fraud,no,emergency,poor,shame,shortage,low,war,forced,die
crude,empty,sc,fears,shit,anxiety,stop,warning,problem,fight,crisis,fuck,panic,collapse,risk,fraud,no,emergency,poor,shame,shortage,low,war,forced,die
crude,empty,sc,fears,shit,anxiety,stop,warning,problem,fight,crisis,fuck,panic,collapse,risk,fraud,no,emergency,poor,shame,shortage,low,war,forced,die
crude,empty,sc,fears,shit,anxiety,stop,warning,problem,fight,crisis,fuck,panic,collapse,risk,fraud,no,emergency,poor,shame,shortage,low,war,forced,die
crude,empty,sc,fears,shit,anxiety,stop,warning,problem,fight,crisis,fuck,panic,collapse,risk,fraud,no,emergency,poor,shame,shortage,low,war,forced,die
crude,empty,sc,fears,shit,anxiety,stop,warning,problem,fight,crisis,fuck,panic,collapse,risk,fraud,no,emergency,poor,shame,shortage,low,war,forced,die
crude,empty,sc,fears,shit,anxiety,stop,warning,problem,fight,crisis,fuck,panic,collapse,risk,fraud,no,emergency,poor,shame,shortage,low,war,forced,die
crude,empty,sc,fears,shit,anxiety,stop,warning,problem,fight,crisis,fuck,panic,collapse,risk,fraud,no,emergency,poor,shame,shortage,low,war,forced,die
crude,empty,sc,fears,shit,anxiety,stop,warning,problem,fight,crisis,fuck,panic,collapse,risk,fraud,no,emergency,poor,shame,shortage,low,war,forced,die
crude,empty,sc,fears,shit,anxiety,stop,warning,problem,fight,crisis,fuck,panic,collapse,risk,fraud,no,emergency,poor,shame,shortage,low,war,forced,die
crude,empty,sc,fears,shit,anxiety,stop,warning,problem,fight,crisis,fuck,panic,collapse,risk,fraud,no,emergency,poor,shame,shortage,low,war,forced,die
crude,empty,sc,fears,shit,anxiety,stop,warning,problem,fight,crisis,fuck,panic,collapse,risk,fraud,no,emergency,poor,shame,shortage,low,war,forced,die
crude,empty,sc,fears,shit,anxiety,stop,warning,problem,fight,crisis,fuck,panic,collapse,risk,fraud,no,emergency,poor,shame,shortage,low,war,forced,die
crude,empty,sc,fears,shit,anxiety,stop,warning,problem,fight,crisis,fuck,panic,collapse,risk,fraud,no,emergency,poor,shame,shortage,low,war,forced,die
crude,empty,sc,fears,shit,anxiety,stop,warning,problem,fight,crisis,fuck,panic,collapse,risk,fraud,no,emergency,poor,shame,shortage,low,war,forced,die
crude,empty,sc,fears,shit,anxiety,stop,warning,problem,fight,crisis,fuck,panic,collapse,risk,fraud,no,emergency,poor,shame,shortage,low,war,forced,die
crude,empty,sc,fears,shit,anxiety,stop,warning,problem,fight,crisis,fuck,panic,collapse,risk,fraud,no,emergency,poor,shame,shortage,low,war,forced,die
crude,empty,sc,fears,shit,anxiety,stop,warning,problem,fight,crisis,fuck,panic,collapse,risk,fraud,no,emergency,poor,shame,shortage,low,war,forced,die
crude,empty,sc,fears,shit,anxiety,stop,warning,problem,fight,crisis,fuck,panic,collapse,risk,fraud,no,emergency,poor,shame,shortage,low,war,forced,die
crude,empty,sc,fears,shit,anxiety,stop,warning,problem,fight,crisis,fuck,panic,collapse,risk,fraud,no,emergency,poor,shame,shortage,low,war,forced,die
crude,empty,sc,fears,shit,anxiety,stop,warning,problem,fight,crisis,fuck,panic,collapse,risk,fraud,no,emergency,poor,shame,shortage,low,war,forced,die
crude,empty,sc,fears,shit,anxiety,stop,warning,problem,fight,crisis,fuck,panic,collapse,risk,fraud,no,emergency,poor,shame,shortage,low,war,forced,die
crude,empty,sc,fears,shit,anxiety,stop,warning,problem,fight,crisis,fuck,panic,collapse,risk,fraud,no,emergency,poor,shame,shortage,low,war,forced,die
crude,empty,sc,fears,shit,anxiety,stop,warning,problem,fight,crisis,fuck,panic,collapse,risk,fraud,no,emergency,poor,shame,shortage,low,war,forced,die
crude,empty,sc,fears,shit,anxiety,stop,warning,problem,fight,crisis,fuck,panic,collapse,risk,fraud,no,emergency,poor,shame,shortage,low,war,forced,die
crude,empty,sc,fears,shit,anxiety,stop,warning,problem,fight,crisis,fuck,panic,collapse,risk,fraud,no,emergency,poor,shame,shortage,low,war,forced,die
crude,empty,sc,fears,shit,anxiety,stop,warning,problem,fight,crisis,fuck,panic,collapse,risk,fraud,no,emergency,poor,shame,shortage,low,war,forced,die
crude,empty,sc,fears,shit,anxiety,stop,warning,problem,fight,crisis,fuck,panic,collapse,risk,fraud,no,emergency,poor,shame,shortage,low,war,forced,die
crude,empty,sc,fears,shit,anxiety,stop,warning,problem,fight,crisis,fuck,panic,collapse,risk,fraud,no,emergency,poor,shame,shortage,low,war,forced,die
crude,empty,sc,fears,shit,anxiety,stop,warning,problem,fight,crisis,fuck,panic,collapse,risk,fraud,no,emergency,poor,shame,shortage,low,war,forced,die
crude,empty,sc,fears,shit,anxiety,stop,warning,problem,fight,crisis,fuck,panic,collapse,risk,fraud,no,emergency,poor,shame,shortage,low,war,forced,die
crude,empty,sc,fears,shit,anxiety,stop,warning,problem,fight,crisis,fuck,panic,collapse,risk,fraud,no,emergency,poor,shame,shortage,low,war,forced,die
crude,empty,sc,fears,shit,anxiety,stop,warning,problem,fight,crisis,fuck,panic,collapse,risk,fraud,no,emergency,poor,shame,shortage,low,war,forced,die
crude,empty,sc,fears,shit,anxiety,stop,warning,problem,fight,crisis,fuck,panic,collapse,risk,fraud,no,emergency,poor,shame,shortage,low,war,forced,die
crude,empty,sc,fears,shit,anxiety,stop,warning,problem,fight,crisis,fuck,panic,collapse,risk,fraud,no,emergency,poor,shame,shortage,low,war,forced,die
crude,empty,sc,fears,shit,anxiety,stop,warning,problem,fight,crisis,fuck,panic,collapse,risk,fraud,no,emergency,poor,shame,shortage,low,war,forced,die
crude,empty,sc,fears,shit,anxiety,stop,warning,problem,fight,crisis,fuck,panic,collapse,risk,fraud,no,emergency,poor,shame,shortage,low,war,forced,die
crude,empty,sc,fears,shit,anxiety,selfish,stop,warning,problem,fight,crisis,fuck,panic,collapse,risk,fraud,no,emergency,shame,shortage,low,war,forced,die
crude,empty,sc,fears,shit,anxiety,selfish,stop,warning,problem,fight,crisis,fuck,panic,collapse,risk,fraud,no,emergency,shame,shortage,low,war,forced,die
crude,empty,sc,fears,shit,anxiety,selfish,stop,warning,problem,fight,crisis,fuck,panic,collapse,risk,fraud,no,emergency,shame,shortage,low,war,forced,die
crude,empty,sc,fears,shit,anxiety,selfish,stop,warning,problem,fight,crisis,fuck,panic,collapse,risk,fraud,no,emergency,shame,shortage,low,war,forced,die
crude,empty,sc,fears,shit,anxiety,selfish,stop,warning,problem,fight,crisis,fuck,panic,collapse,risk,fraud,no,emergency,shame,shortage,low,war,forced,die
crude,empty,sc,fears,shit,anxiety,selfish,stop,warning,problem,fight,crisis,fuck,panic,collapse,risk,fraud,no,emergency,shame,shortage,low,war,forced,die
crude,empty,sc,fears,shit,anxiety,selfish,stop,warning,problem,fight,crisis,fuck,panic,collapse,risk,fraud,no,emergency,shame,shortage,low,war,forced,die
crude,empty,sc,fears,shit,anxiety,selfish,stop,warning,problem,fight,crisis,fuck,panic,collapse,risk,fraud,no,emergency,shame,shortage,low,war,forced,die
crude,empty,sc,fears,shit,anxiety,selfish,stop,warning,problem,fight,crisis,fuck,panic,collapse,risk,fraud,no,emergency,shame,shortage,low,war,forced,die
crude,empty,sc,fears,shit,anxiety,selfish,stop,warning,problem,fight,crisis,fuck,panic,collapse,risk,fraud,no,emergency,shame,shortage,low,war,forced,die
crude,empty,sc,fears,shit,anxiety,selfish,stop,warning,problem,fight,crisis,fuck,panic,collapse,risk,fraud,no,emergency,shame,shortage,low,war,forced,die
crude,empty,sc,fears,shit,anxiety,selfish,stop,warning,problem,fight,crisis,fuck,panic,collapse,risk,fraud,no,emergency,shame,shortage,low,war,forced,die
crude,empty,sc,fears,shit,anxiety,selfish,stop,warning,problem,fight,crisis,fuck,panic,collapse,risk,fraud,no,emergency,shame,shortage,low,war,forced,die
crude,empty,sc,fears,shit,anxiety,selfish,stop,warning,problem,fight,crisis,fuck,panic,collapse,risk,fraud,no,emergency,shame,shortage,low,war,forced,die
crude,empty,sc,fears,shit,anxiety,selfish,stop,warning,problem,fight,crisis,fuck,panic,collapse,risk,fraud,no,emergency,shame,shortage,low,war,forced,die
crude,empty,sc,fears,shit,anxiety,selfish,stop,warning,problem,fight,crisis,fuck,panic,collapse,risk,fraud,no,emergency,shame,shortage,low,war,forced,die
crude,empty,sc,fears,shit,anxiety,selfish,stop,warning,problem,fight,crisis,fuck,panic,collapse,risk,fraud,no,emergency,shame,shortage,low,war,forced,die
crude,empty,sc,fears,shit,anxiety,selfish,stop,warning,problem,fight,crisis,fuck,panic,collapse,risk,fraud,no,emergency,shame,shortage,low,war,forced,die
crude,empty,sc,fears,shit,anxiety,selfish,stop,warning,problem,fight,crisis,fuck,panic,collapse,risk,fraud,no,emergency,shame,shortage,low,war,forced,die
crude,empty,sc,fears,shit,anxiety,selfish,stop,warning,problem,fight,crisis,fuck,panic,collapse,risk,fraud,no,emergency,shame,shortage,low,war,forced,die
crude,empty,sc,fears,shit,anxiety,selfish,stop,warning,problem,fight,crisis,fuck,panic,collapse,risk,fraud,no,emergency,shame,shortage,low,war,forced,die
crude,empty,sc,fears,shit,anxiety,selfish,stop,warning,problem,fight,crisis,fuck,panic,collapse,risk,fraud,no,emergency,shame,shortage,low,war,forced,die
crude,empty,sc,fears,shit,anxiety,selfish,stop,warning,problem,fight,crisis,fuck,panic,collapse,risk,fraud,no,emergency,shame,shortage,low,war,forced,die
crude,empty,sc,fears,shit,anxiety,selfish,stop,warning,problem,fight,crisis,fuck,panic,collapse,risk,fraud,no,emergency,shame,shortage,low,war,forced,die
crude,empty,sc,fears,shit,anxiety,selfish,stop,warning,problem,fight,crisis,fuck,panic,collapse,risk,fraud,no,emergency,shame,shortage,low,war,forced,die
crude,empty,sc,fears,shit,anxiety,selfish,stop,warning,problem,fight,crisis,fuck,panic,collapse,risk,fraud,no,emergency,shame,shortage,low,war,forced,die
crude,empty,sc,fears,shit,anxiety,selfish,stop,warning,problem,fight,crisis,fuck,panic,collapse,risk,fraud,no,emergency,shame,shortage,low,war,forced,die
crude,empty,sc,fears,shit,anxiety,selfish,stop,warning,problem,fight,crisis,fuck,panic,collapse,risk,fraud,no,emergency,shame,shortage,low,war,forced,die
crude,empty,sc,fears,shit,anxiety,selfish,stop,warning,problem,fight,crisis,fuck,panic,collapse,risk,fraud,no,emergency,shame,shortage,low,war,forced,die
crude,empty,sc,fears,shit,anxiety,selfish,stop,warning,problem,fight,crisis,fuck,panic,collapse,risk,fraud,no,emergency,shame,shortage,low,war,forced,die
crude,empty,sc,fears,shit,anxiety,selfish,stop,warning,problem,fight,crisis,fuck,panic,collapse,risk,fraud,no,emergency,shame,shortage,low,war,forced,die
crude,empty,sc,fears,shit,anxiety,selfish,stop,warning,problem,fight,crisis,fuck,panic,collapse,risk,fraud,no,emergency,shame,shortage,low,war,forced,die
crude,empty,sc,fears,shit,anxiety,selfish,stop,warning,problem,fight,crisis,fuck,panic,collapse,risk,fraud,no,emergency,shame,shortage,low,war,forced,die
crude,empty,sc,fears,shit,anxiety,selfish,stop,warning,problem,fight,crisis,fuck,panic,collapse,risk,fraud,no,emergency,shame,shortage,low,war,forced,die
crude,empty,sc,fears,shit,anxiety,selfish,stop,warning,problem,fight,crisis,fuck,panic,collapse,risk,fraud,no,emergency,shame,shortage,low,war,forced,die
crude,empty,sc,fears,shit,anxiety,selfish,stop,warning,problem,fight,crisis,fuck,panic,collapse,risk,fraud,no,emergency,shame,shortage,low,war,forced,die
crude,empty,sc,fears,shit,anxiety,selfish,stop,warning,problem,fight,crisis,fuck,panic,collapse,risk,fraud,no,emergency,shame,shortage,low,war,forced,die
crude,empty,sc,fears,shit,anxiety,selfish,stop,warning,problem,fight,crisis,fuck,panic,collapse,risk,fraud,no,emergency,shame,shortage,low,war,forced,die
crude,empty,sc,fears,shit,anxiety,selfish,stop,warning,problem,fight,crisis,fuck,panic,collapse,risk,fraud,no,emergency,shame,shortage,low,war,forced,die
crude,empty,sc,fears,shit,anxiety,selfish,stop,warning,problem,fight,crisis,fuck,panic,collapse,risk,fraud,no,emergency,shame,shortage,low,war,forced,die
crude,empty,sc,fears,shit,anxiety,selfish,stop,warning,problem,fight,crisis,fuck,panic,collapse,risk,fraud,no,emergency,shame,shortage,low,war,forced,die
crude,empty,sc,fears,shit,anxiety,selfish,stop,warning,problem,fight,crisis,fuck,panic,collapse,risk,fraud,no,emergency,shame,shortage,low,war,forced,die
crude,empty,sc,fears,shit,anxiety,selfish,stop,warning,problem,fight,crisis,fuck,panic,collapse,risk,fraud,no,emergency,shame,shortage,low,war,forced,die
crude,empty,sc,fears,shit,anxiety,selfish,stop,warning,problem,fight,crisis,fuck,panic,collapse,risk,fraud,no,emergency,shame,shortage,low,war,forced,die
crude,empty,sc,fears,shit,anxiety,selfish,stop,warning,problem,fight,crisis,fuck,panic,collapse,risk,fraud,no,emergency,shame,shortage,low,war,forced,die
crude,empty,sc,fears,shit,anxiety,selfish,stop,warning,problem,fight,crisis,fuck,panic,collapse,risk,fraud,no,emergency,shame,shortage,low,war,forced,die
crude,empty,sc,fears,shit,anxiety,selfish,stop,warning,problem,fight,crisis,fuck,panic,collapse,risk,fraud,no,emergency,shame,shortage,low,war,forced,die
crude,empty,sc,fears,shit,anxiety,selfish,stop,warning,problem,fight,crisis,fuck,panic,collapse,risk,fraud,no,emergency,shame,shortage,low,war,forced,die
crude,empty,sc,fears,shit,anxiety,selfish,stop,warning,problem,fight,crisis,fuck,panic,collapse,risk,fraud,no,emergency,shame,shortage,low,war,forced,die
crude,empty,sc,fears,shit,anxiety,selfish,stop,warning,problem,fight,crisis,fuck,panic,collapse,risk,fraud,no,emergency,shame,shortage,low,war,forced,die
crude,empty,sc,fears,shit,anxiety,selfish,stop,warning,problem,fight,crisis,fuck,panic,collapse,risk,fraud,no,emergency,shame,shortage,low,war,forced,die
crude,empty,sc,fears,shit,anxiety,selfish,stop,warning,problem,fight,crisis,fuck,panic,collapse,risk,fraud,no,emergency,shame,shortage,low,war,forced,die
crude,empty,sc,fears,shit,anxiety,selfish,stop,warning,problem,fight,crisis,fuck,panic,collapse,risk,fraud,no,emergency,shame,shortage,low,war,forced,die
crude,empty,sc,fears,shit,anxiety,selfish,stop,warning,problem,fight,crisis,fuck,panic,collapse,risk,fraud,no,emergency,shame,shortage,low,war,forced,die
crude,empty,sc,fears,shit,anxiety,selfish,stop,warning,problem,fight,crisis,fuck,panic,collapse,risk,fraud,no,emergency,shame,shortage,low,war,forced,die
crude,empty,sc,fears,shit,anxiety,selfish,stop,warning,problem,fight,crisis,fuck,panic,collapse,risk,fraud,no,emergency,shame,shortage,low,war,forced,die
crude,empty,sc,fears,shit,anxiety,selfish,stop,warning,problem,fight,crisis,fuck,panic,collapse,risk,fraud,no,emergency,shame,shortage,low,war,forced,die
crude,empty,sc,fears,shit,anxiety,selfish,stop,warning,problem,fight,crisis,fuck,panic,collapse,risk,fraud,no,emergency,shame,shortage,low,war,forced,die
crude,empty,sc,fears,shit,anxiety,selfish,stop,warning,problem,fight,crisis,fuck,panic,collapse,risk,fraud,no,emergency,shame,shortage,low,war,forced,die
crude,empty,sc,fears,shit,anxiety,selfish,stop,warning,problem,fight,crisis,fuck,panic,collapse,risk,fraud,no,emergency,shame,shortage,low,war,forced,die
crude,empty,sc,fears,shit,anxiety,selfish,stop,warning,problem,fight,crisis,fuck,panic,collapse,risk,fraud,no,emergency,shame,shortage,low,war,forced,die
crude,empty,sc,fears,shit,anxiety,selfish,stop,warning,problem,fight,crisis,fuck,panic,collapse,risk,fraud,no,emergency,shame,shortage,low,war,forced,die
crude,empty,sc,fears,shit,anxiety,selfish,stop,warning,problem,fight,crisis,fuck,panic,collapse,risk,fraud,no,emergency,shame,shortage,low,war,forced,die
crude,empty,sc,fears,shit,anxiety,selfish,stop,warning,problem,fight,crisis,fuck,panic,collapse,risk,fraud,no,emergency,shame,shortage,low,war,forced,die
crude,empty,sc,fears,shit,anxiety,selfish,stop,warning,problem,fight,crisis,fuck,panic,collapse,risk,fraud,no,emergency,shame,shortage,low,war,forced,die
crude,empty,sc,fears,shit,anxiety,selfish,stop,warning,problem,fight,crisis,fuck,panic,collapse,risk,fraud,no,emergency,shame,shortage,low,war,forced,die
crude,empty,sc,fears,shit,anxiety,selfish,stop,warning,problem,fight,crisis,fuck,panic,collapse,risk,fraud,no,emergency,shame,shortage,low,war,forced,die
crude,empty,sc,fears,shit,anxiety,selfish,stop,warning,problem,fight,crisis,fuck,panic,collapse,risk,fraud,no,emergency,shame,shortage,low,war,forced,die
crude,empty,sc,fears,shit,anxiety,selfish,stop,warning,problem,fight,crisis,fuck,panic,collapse,risk,fraud,no,emergency,shame,shortage,low,war,forced,die
crude,empty,sc,fears,shit,anxiety,selfish,stop,warning,problem,fight,crisis,fuck,panic,collapse,risk,fraud,no,emergency,shame,shortage,low,war,forced,die
crude,empty,recession,sc,fears,shit,anxiety,selfish,stop,warning,problem,fight,crisis,fuck,panic,collapse,fraud,no,emergency,shame,shortage,low,war,forced,die
crude,empty,recession,sc,fears,shit,anxiety,selfish,stop,warning,problem,fight,crisis,fuck,panic,collapse,fraud,no,emergency,shame,shortage,low,war,forced,die
crude,empty,recession,sc,fears,shit,anxiety,selfish,stop,warning,problem,fight,crisis,fuck,panic,collapse,fraud,no,emergency,shame,shortage,low,war,forced,die
crude,empty,recession,sc,fears,shit,anxiety,selfish,stop,warning,problem,fight,crisis,fuck,panic,collapse,fraud,no,emergency,shame,shortage,low,war,forced,die
crude,empty,recession,sc,fears,shit,anxiety,selfish,stop,warning,problem,fight,crisis,fuck,panic,collapse,fraud,no,emergency,shame,shortage,low,war,forced,die
crude,empty,recession,sc,fears,shit,anxiety,selfish,stop,warning,problem,fight,crisis,fuck,panic,collapse,fraud,no,emergency,shame,shortage,low,war,forced,die
crude,empty,recession,sc,fears,shit,anxiety,selfish,stop,warning,problem,fight,crisis,fuck,panic,collapse,fraud,no,emergency,shame,shortage,low,war,forced,die
crude,empty,recession,sc,fears,shit,anxiety,selfish,stop,warning,problem,fight,crisis,fuck,panic,collapse,fraud,no,emergency,shame,shortage,low,war,forced,die
crude,empty,recession,sc,fears,shit,anxiety,selfish,stop,warning,problem,fight,crisis,fuck,panic,collapse,fraud,no,emergency,shame,shortage,low,war,forced,die
crude,empty,recession,sc,fears,shit,anxiety,selfish,stop,warning,problem,fight,crisis,fuck,panic,collapse,fraud,no,emergency,shame,shortage,low,war,forced,die
crude,empty,recession,sc,fears,shit,anxiety,selfish,stop,warning,problem,fight,crisis,fuck,panic,collapse,fraud,no,emergency,shame,shortage,low,war,forced,die
crude,empty,recession,sc,fears,shit,anxiety,selfish,stop,warning,problem,fight,crisis,fuck,panic,collapse,fraud,no,emergency,shame,shortage,low,war,forced,die
crude,empty,recession,sc,fears,shit,anxiety,selfish,stop,warning,problem,fight,crisis,fuck,panic,collapse,fraud,no,emergency,shame,shortage,low,war,forced,die
crude,empty,recession,sc,fears,shit,anxiety,selfish,stop,warning,problem,fight,crisis,fuck,panic,collapse,fraud,no,emergency,shame,shortage,low,war,forced,die
crude,empty,recession,sc,fears,shit,anxiety,selfish,stop,warning,problem,fight,crisis,fuck,panic,collapse,fraud,no,emergency,shame,shortage,low,war,forced,die
crude,empty,recession,sc,fears,shit,anxiety,selfish,stop,warning,problem,fight,crisis,fuck,panic,collapse,fraud,no,emergency,shame,shortage,low,war,forced,die
crude,empty,recession,sc,fears,shit,anxiety,selfish,stop,warning,problem,fight,crisis,fuck,panic,collapse,fraud,no,emergency,shame,shortage,low,war,forced,die
crude,empty,recession,sc,fears,shit,anxiety,selfish,stop,warning,problem,fight,crisis,fuck,panic,collapse,fraud,no,emergency,shame,shortage,low,war,forced,die
crude,empty,recession,sc,fears,shit,anxiety,selfish,stop,warning,problem,fight,crisis,fuck,panic,collapse,fraud,no,emergency,shame,shortage,low,war,forced,die
crude,empty,recession,sc,fears,shit,anxiety,selfish,stop,warning,problem,fight,crisis,fuck,panic,collapse,fraud,no,emergency,shame,shortage,low,war,forced,die
crude,empty,recession,sc,fears,shit,anxiety,selfish,stop,warning,problem,fight,crisis,fuck,panic,collapse,fraud,no,emergency,shame,shortage,low,war,forced,die
crude,empty,recession,sc,fears,shit,anxiety,selfish,stop,warning,problem,fight,crisis,fuck,panic,collapse,fraud,no,emergency,shame,shortage,low,war,forced,die
crude,empty,recession,sc,fears,shit,anxiety,selfish,stop,warning,problem,fight,crisis,fuck,panic,collapse,fraud,no,emergency,shame,shortage,low,war,forced,die
crude,empty,recession,sc,fears,shit,anxiety,selfish,stop,warning,problem,fight,crisis,fuck,panic,collapse,fraud,no,emergency,shame,shortage,low,war,forced,die
crude,empty,recession,sc,fears,shit,anxiety,selfish,stop,warning,problem,fight,crisis,fuck,panic,collapse,fraud,no,emergency,shame,shortage,low,war,forced,die
crude,empty,recession,sc,fears,shit,anxiety,selfish,stop,warning,problem,fight,crisis,fuck,panic,collapse,fraud,no,emergency,shame,shortage,low,war,forced,die
crude,empty,recession,sc,fears,shit,anxiety,selfish,stop,warning,problem,fight,crisis,fuck,panic,collapse,fraud,no,emergency,shame,shortage,low,war,forced,die
crude,empty,recession,sc,fears,shit,anxiety,selfish,stop,warning,problem,fight,crisis,fuck,panic,collapse,fraud,no,emergency,shame,shortage,low,war,forced,die
crude,empty,recession,sc,fears,shit,anxiety,selfish,stop,warning,problem,fight,crisis,fuck,panic,collapse,fraud,no,emergency,shame,shortage,low,war,forced,die
crude,empty,recession,sc,fears,shit,anxiety,selfish,stop,warning,problem,fight,crisis,fuck,panic,collapse,fraud,no,emergency,shame,shortage,low,war,forced,die
crude,empty,recession,sc,fears,shit,anxiety,selfish,stop,warning,problem,fight,crisis,fuck,panic,collapse,fraud,no,emergency,shame,shortage,low,war,forced,die
crude,empty,recession,sc,fears,shit,anxiety,selfish,stop,warning,problem,fight,crisis,fuck,panic,collapse,fraud,no,emergency,shame,shortage,low,war,forced,die
crude,empty,recession,sc,fears,shit,anxiety,selfish,stop,warning,problem,fight,crisis,fuck,panic,collapse,fraud,no,emergency,shame,shortage,low,war,forced,die
crude,empty,recession,sc,fears,shit,anxiety,selfish,stop,warning,problem,fight,crisis,fuck,panic,collapse,fraud,no,emergency,shame,shortage,low,war,forced,die
crude,empty,recession,sc,fears,shit,anxiety,selfish,stop,warning,problem,fight,crisis,fuck,panic,collapse,fraud,no,emergency,shame,shortage,low,war,forced,die
crude,empty,recession,sc,fears,shit,anxiety,selfish,stop,warning,problem,fight,crisis,fuck,panic,collapse,fraud,no,emergency,shame,shortage,low,war,forced,die
crude,empty,recession,sc,fears,shit,anxiety,selfish,stop,warning,problem,fight,crisis,fuck,panic,collapse,fraud,no,emergency,shame,shortage,low,war,forced,die
crude,empty,recession,sc,fears,shit,anxiety,selfish,stop,warning,problem,fight,crisis,fuck,panic,collapse,fraud,no,emergency,shame,shortage,low,war,forced,die
crude,empty,recession,sc,fears,shit,anxiety,selfish,stop,warning,problem,fight,crisis,fuck,panic,collapse,fraud,no,emergency,shame,shortage,low,war,forced,die
crude,empty,recession,sc,fears,shit,anxiety,selfish,stop,warning,problem,fight,crisis,fuck,panic,collapse,fraud,no,emergency,shame,shortage,low,war,forced,die
crude,empty,recession,sc,fears,shit,anxiety,selfish,stop,warning,problem,fight,crisis,fuck,panic,collapse,fraud,no,emergency,shame,shortage,low,war,forced,die
crude,empty,recession,sc,fears,shit,anxiety,selfish,stop,warning,problem,fight,crisis,fuck,panic,collapse,fraud,no,emergency,shame,shortage,low,war,forced,die
crude,empty,recession,sc,fears,shit,anxiety,selfish,stop,warning,problem,fight,crisis,fuck,panic,collapse,fraud,no,emergency,shame,shortage,low,war,forced,die
crude,empty,recession,sc,fears,shit,anxiety,selfish,stop,warning,problem,fight,crisis,fuck,panic,collapse,fraud,no,emergency,shame,shortage,low,war,forced,die
crude,empty,recession,sc,fears,shit,anxiety,selfish,stop,warning,problem,fight,crisis,fuck,panic,collapse,fraud,no,emergency,shame,shortage,low,war,forced,die
crude,empty,recession,sc,fears,shit,anxiety,selfish,stop,warning,problem,fight,crisis,fuck,panic,collapse,fraud,no,emergency,shame,shortage,low,war,forced,die
crude,empty,recession,sc,fears,shit,anxiety,selfish,stop,warning,problem,fight,crisis,fuck,panic,collapse,fraud,no,emergency,shame,shortage,low,war,forced,die
crude,empty,recession,sc,fears,shit,anxiety,selfish,stop,warning,problem,fight,crisis,fuck,panic,collapse,fraud,no,emergency,shame,shortage,low,war,forced,die
crude,empty,recession,sc,fears,shit,anxiety,selfish,stop,warning,problem,fight,crisis,fuck,panic,collapse,fraud,no,emergency,shame,shortage,low,war,forced,die
crude,empty,recession,sc,fears,shit,anxiety,selfish,stop,warning,problem,fight,crisis,fuck,panic,collapse,fraud,no,emergency,shame,shortage,low,war,forced,die
crude,empty,recession,sc,fears,shit,anxiety,selfish,stop,warning,problem,fight,crisis,fuck,panic,collapse,fraud,no,emergency,shame,shortage,low,war,forced,die
crude,empty,recession,sc,fears,shit,anxiety,selfish,stop,warning,problem,fight,crisis,fuck,panic,collapse,fraud,no,emergency,shame,shortage,low,war,forced,die
crude,empty,recession,sc,fears,shit,anxiety,selfish,stop,warning,problem,fight,crisis,fuck,panic,collapse,fraud,no,emergency,shame,shortage,low,war,forced,die
crude,empty,recession,sc,fears,shit,anxiety,selfish,stop,warning,problem,fight,crisis,fuck,panic,collapse,fraud,no,emergency,shame,shortage,low,war,forced,die
crude,empty,recession,sc,fears,shit,anxiety,selfish,stop,warning,problem,fight,crisis,fuck,panic,collapse,fraud,no,emergency,shame,shortage,low,war,forced,die
crude,empty,recession,sc,fears,shit,anxiety,selfish,stop,warning,problem,fight,crisis,fuck,panic,collapse,fraud,no,emergency,shame,shortage,low,war,forced,die
crude,empty,recession,sc,fears,shit,anxiety,selfish,stop,warning,problem,fight,crisis,fuck,panic,collapse,fraud,no,emergency,shame,shortage,low,war,forced,die
crude,empty,recession,sc,fears,shit,anxiety,selfish,stop,warning,problem,fight,crisis,fuck,panic,collapse,fraud,no,emergency,shame,shortage,low,war,forced,die
crude,empty,recession,sc,fears,shit,anxiety,selfish,stop,warning,problem,fight,crisis,fuck,panic,collapse,fraud,no,emergency,shame,shortage,low,war,forced,die
crude,empty,recession,sc,fears,shit,anxiety,selfish,stop,warning,problem,fight,crisis,fuck,panic,collapse,fraud,no,emergency,shame,shortage,low,war,forced,die
crude,empty,recession,sc,fears,shit,anxiety,selfish,stop,warning,problem,fight,crisis,fuck,panic,collapse,fraud,no,emergency,shame,shortage,low,war,forced,die
crude,empty,recession,sc,fears,shit,anxiety,selfish,stop,warning,problem,fight,crisis,fuck,panic,collapse,fraud,no,emergency,shame,shortage,low,war,forced,die
crude,empty,recession,sc,fears,shit,anxiety,selfish,stop,warning,problem,fight,crisis,fuck,panic,collapse,fraud,no,emergency,shame,shortage,low,war,forced,die
crude,empty,recession,sc,fears,shit,anxiety,selfish,stop,warning,problem,fight,crisis,fuck,panic,collapse,fraud,no,emergency,shame,shortage,low,war,forced,die
crude,empty,recession,sc,fears,shit,anxiety,selfish,stop,warning,problem,fight,crisis,fuck,panic,collapse,fraud,no,emergency,shame,shortage,low,war,forced,die
crude,empty,recession,sc,fears,shit,anxiety,selfish,stop,warning,problem,fight,crisis,fuck,panic,collapse,fraud,no,emergency,shame,shortage,low,war,forced,die
crude,empty,recession,sc,fears,shit,anxiety,selfish,stop,warning,problem,fight,crisis,fuck,panic,collapse,fraud,no,emergency,shame,shortage,low,war,forced,die
crude,empty,recession,sc,fears,shit,anxiety,selfish,stop,warning,problem,fight,crisis,fuck,panic,collapse,fraud,no,emergency,shame,shortage,low,war,forced,die
crude,empty,recession,sc,fears,shit,anxiety,selfish,stop,warning,problem,fight,crisis,fuck,panic,collapse,fraud,no,emergency,shame,shortage,low,war,forced,die
crude,empty,recession,sc,fears,shit,anxiety,selfish,stop,warning,problem,fight,crisis,fuck,panic,collapse,fraud,no,emergency,shame,shortage,low,war,forced,die
crude,empty,recession,sc,fears,shit,anxiety,selfish,stop,warning,problem,fight,crisis,fuck,panic,collapse,fraud,no,emergency,shame,shortage,low,war,forced,die
crude,empty,recession,sc,fears,shit,anxiety,selfish,stop,warning,problem,fight,crisis,fuck,panic,collapse,fraud,no,emergency,shame,shortage,low,war,forced,die
crude,empty,recession,sc,fears,shit,anxiety,selfish,stop,warning,problem,fight,crisis,fuck,panic,collapse,fraud,no,emergency,shame,shortage,low,war,forced,die
crude,empty,recession,sc,fears,shit,anxiety,selfish,stop,warning,problem,fight,crisis,fuck,panic,collapse,fraud,no,emergency,shame,shortage,low,war,forced,die
crude,empty,recession,sc,fears,shit,anxiety,selfish,stop,warning,problem,fight,crisis,fuck,panic,collapse,fraud,no,emergency,shame,shortage,low,war,forced,die
crude,empty,recession,sc,fears,shit,anxiety,selfish,stop,warning,problem,fight,crisis,fuck,panic,collapse,fraud,no,emergency,shame,shortage,low,war,forced,die
crude,empty,recession,sc,fears,shit,anxiety,selfish,stop,warning,problem,fight,crisis,fuck,panic,collapse,fraud,no,emergency,shame,shortage,low,war,forced,die
crude,empty,recession,sc,fears,shit,anxiety,selfish,stop,warning,problem,fight,crisis,fuck,panic,collapse,fraud,no,emergency,shame,shortage,low,war,forced,die
crude,empty,recession,sc,fears,shit,anxiety,selfish,stop,warning,problem,fight,crisis,fuck,panic,collapse,fraud,no,emergency,shame,shortage,low,war,forced,die
crude,empty,recession,sc,fears,shit,anxiety,selfish,stop,warning,problem,fight,crisis,fuck,panic,collapse,fraud,no,emergency,shame,shortage,low,war,forced,die
crude,empty,recession,sc,fears,shit,anxiety,stop,warning,problem,fight,crisis,fuck,panic,collapse,risk,fraud,no,emergency,shame,shortage,low,war,forced,die
crude,empty,recession,sc,fears,shit,anxiety,stop,warning,problem,fight,crisis,fuck,panic,collapse,risk,fraud,no,emergency,shame,shortage,low,war,forced,die
crude,empty,recession,sc,fears,shit,anxiety,stop,warning,problem,fight,crisis,fuck,panic,collapse,risk,fraud,no,emergency,shame,shortage,low,war,forced,die
crude,empty,recession,sc,fears,shit,anxiety,stop,warning,problem,fight,crisis,fuck,panic,collapse,risk,fraud,no,emergency,shame,shortage,low,war,forced,die
crude,empty,recession,sc,fears,shit,anxiety,stop,warning,problem,fight,crisis,fuck,panic,collapse,risk,fraud,no,emergency,shame,shortage,low,war,forced,die
crude,empty,recession,sc,fears,shit,anxiety,stop,warning,problem,fight,crisis,fuck,panic,collapse,risk,fraud,no,emergency,shame,shortage,low,war,forced,die
crude,empty,recession,sc,fears,shit,anxiety,stop,warning,problem,fight,crisis,fuck,panic,collapse,risk,fraud,no,emergency,shame,shortage,low,war,forced,die
crude,empty,recession,sc,fears,shit,anxiety,stop,warning,problem,fight,crisis,fuck,panic,collapse,risk,fraud,no,emergency,shame,shortage,low,war,forced,die
crude,empty,recession,sc,fears,shit,anxiety,stop,warning,problem,fight,crisis,fuck,panic,collapse,risk,fraud,no,emergency,shame,shortage,low,war,forced,die
crude,empty,recession,sc,fears,shit,anxiety,stop,warning,problem,fight,crisis,fuck,panic,collapse,risk,fraud,no,emergency,shame,shortage,low,war,forced,die
crude,empty,recession,sc,fears,shit,anxiety,stop,warning,problem,fight,crisis,fuck,panic,collapse,risk,fraud,no,emergency,shame,shortage,low,war,forced,die
crude,empty,recession,sc,fears,shit,anxiety,stop,warning,problem,fight,crisis,fuck,panic,collapse,risk,fraud,no,emergency,shame,shortage,low,war,forced,die
crude,empty,recession,sc,fears,shit,anxiety,stop,warning,problem,fight,crisis,fuck,panic,collapse,risk,fraud,no,emergency,shame,shortage,low,war,forced,die
crude,empty,recession,sc,fears,shit,anxiety,stop,warning,problem,fight,crisis,fuck,panic,collapse,risk,fraud,no,emergency,shame,shortage,low,war,forced,die
crude,empty,recession,sc,fears,shit,anxiety,stop,warning,problem,fight,crisis,fuck,panic,collapse,risk,fraud,no,emergency,shame,shortage,low,war,forced,die
crude,empty,recession,sc,fears,shit,anxiety,stop,warning,problem,fight,crisis,fuck,panic,collapse,risk,fraud,no,emergency,shame,shortage,low,war,forced,die
crude,empty,recession,sc,fears,shit,anxiety,stop,warning,problem,fight,crisis,fuck,panic,collapse,risk,fraud,no,emergency,shame,shortage,low,war,forced,die
crude,empty,recession,sc,fears,shit,anxiety,stop,warning,problem,fight,crisis,fuck,panic,collapse,risk,fraud,no,emergency,shame,shortage,low,war,forced,die
crude,empty,recession,sc,fears,shit,anxiety,stop,warning,problem,fight,crisis,fuck,panic,collapse,risk,fraud,no,emergency,shame,shortage,low,war,forced,die
crude,empty,recession,sc,fears,shit,anxiety,stop,warning,problem,fight,crisis,fuck,panic,collapse,risk,fraud,no,emergency,shame,shortage,low,war,forced,die
crude,empty,recession,sc,fears,shit,anxiety,stop,warning,problem,fight,crisis,fuck,panic,collapse,risk,fraud,no,emergency,shame,shortage,low,war,forced,die
crude,empty,recession,sc,fears,shit,anxiety,stop,warning,problem,fight,crisis,fuck,panic,collapse,risk,fraud,no,emergency,shame,shortage,low,war,forced,die
crude,empty,recession,sc,fears,shit,anxiety,stop,warning,problem,fight,crisis,fuck,panic,collapse,risk,fraud,no,emergency,shame,shortage,low,war,forced,die
crude,empty,recession,sc,fears,shit,anxiety,stop,warning,problem,fight,crisis,fuck,panic,collapse,risk,fraud,no,emergency,shame,shortage,low,war,forced,die
crude,empty,recession,sc,fears,shit,anxiety,stop,warning,problem,fight,crisis,fuck,panic,collapse,risk,fraud,no,emergency,shame,shortage,low,war,forced,die
crude,empty,recession,sc,fears,shit,anxiety,stop,warning,problem,fight,crisis,fuck,panic,collapse,risk,fraud,no,emergency,shame,shortage,low,war,forced,die
crude,empty,recession,sc,fears,shit,anxiety,stop,warning,problem,fight,crisis,fuck,panic,collapse,risk,fraud,no,emergency,shame,shortage,low,war,forced,die
crude,empty,recession,sc,fears,shit,anxiety,stop,warning,problem,fight,crisis,fuck,panic,collapse,risk,fraud,no,emergency,shame,shortage,low,war,forced,die
crude,empty,recession,sc,fears,shit,anxiety,stop,warning,problem,fight,crisis,fuck,panic,collapse,risk,fraud,no,emergency,shame,shortage,low,war,forced,die
crude,empty,recession,sc,fears,shit,anxiety,stop,warning,problem,fight,crisis,fuck,panic,collapse,risk,fraud,no,emergency,shame,shortage,low,war,forced,die
crude,empty,recession,sc,fears,shit,anxiety,stop,warning,problem,fight,crisis,fuck,panic,collapse,risk,fraud,no,emergency,shame,shortage,low,war,forced,die
crude,empty,recession,sc,fears,shit,anxiety,stop,warning,problem,fight,crisis,fuck,panic,collapse,risk,fraud,no,emergency,shame,shortage,low,war,forced,die
crude,empty,recession,sc,fears,shit,anxiety,stop,warning,problem,fight,crisis,fuck,panic,collapse,risk,fraud,no,emergency,shame,shortage,low,war,forced,die
crude,empty,recession,sc,fears,shit,anxiety,stop,warning,problem,fight,crisis,fuck,panic,collapse,risk,fraud,no,emergency,shame,shortage,low,war,forced,die
crude,empty,recession,sc,fears,shit,anxiety,stop,warning,problem,fight,crisis,fuck,panic,collapse,risk,fraud,no,emergency,shame,shortage,low,war,forced,die
crude,empty,recession,sc,fears,shit,anxiety,stop,warning,problem,fight,crisis,fuck,panic,collapse,risk,fraud,no,emergency,shame,shortage,low,war,forced,die
crude,empty,recession,sc,fears,shit,anxiety,stop,warning,problem,fight,crisis,fuck,panic,collapse,risk,fraud,no,emergency,shame,shortage,low,war,forced,die
crude,empty,recession,sc,fears,shit,anxiety,stop,warning,problem,fight,crisis,fuck,panic,collapse,risk,fraud,no,emergency,shame,shortage,low,war,forced,die
crude,empty,recession,sc,fears,shit,anxiety,stop,warning,problem,fight,crisis,fuck,panic,collapse,risk,fraud,no,emergency,shame,shortage,low,war,forced,die
crude,empty,recession,sc,fears,shit,anxiety,stop,warning,problem,fight,crisis,fuck,panic,collapse,risk,fraud,no,emergency,shame,shortage,low,war,forced,die
crude,empty,recession,sc,fears,shit,anxiety,stop,warning,problem,fight,crisis,fuck,panic,collapse,risk,fraud,no,emergency,shame,shortage,low,war,forced,die
crude,empty,recession,sc,fears,shit,anxiety,stop,warning,problem,fight,crisis,fuck,panic,collapse,risk,fraud,no,emergency,shame,shortage,low,war,forced,die
crude,empty,recession,sc,fears,shit,anxiety,stop,warning,problem,fight,crisis,fuck,panic,collapse,risk,fraud,no,emergency,shame,shortage,low,war,forced,die
crude,empty,recession,sc,fears,shit,anxiety,stop,warning,problem,fight,crisis,fuck,panic,collapse,risk,fraud,no,emergency,shame,shortage,low,war,forced,die
crude,empty,recession,sc,fears,shit,anxiety,stop,warning,problem,fight,crisis,fuck,panic,collapse,risk,fraud,no,emergency,shame,shortage,low,war,forced,die
crude,empty,recession,sc,fears,shit,anxiety,stop,warning,problem,fight,crisis,fuck,panic,collapse,risk,fraud,no,emergency,shame,shortage,low,war,forced,die
crude,empty,recession,sc,fears,shit,anxiety,stop,warning,problem,fight,crisis,fuck,panic,collapse,risk,fraud,no,emergency,shame,shortage,low,war,forced,die
crude,empty,recession,sc,fears,shit,anxiety,stop,warning,problem,fight,crisis,fuck,panic,collapse,risk,fraud,no,emergency,shame,shortage,low,war,forced,die
crude,empty,recession,sc,fears,shit,anxiety,stop,warning,problem,fight,crisis,fuck,panic,collapse,risk,fraud,no,emergency,shame,shortage,low,war,forced,die
crude,empty,recession,sc,fears,shit,anxiety,stop,warning,problem,fight,crisis,fuck,panic,collapse,risk,fraud,no,emergency,shame,shortage,low,war,forced,die
crude,empty,recession,sc,fears,shit,anxiety,stop,warning,problem,fight,crisis,fuck,panic,collapse,risk,fraud,no,emergency,shame,shortage,low,war,forced,die
crude,empty,recession,sc,fears,shit,anxiety,stop,warning,problem,fight,crisis,fuck,panic,collapse,risk,fraud,no,emergency,shame,shortage,low,war,forced,die
crude,empty,recession,sc,fears,shit,anxiety,stop,warning,problem,fight,crisis,fuck,panic,collapse,risk,fraud,no,emergency,shame,shortage,low,war,forced,die
crude,empty,recession,sc,fears,shit,anxiety,stop,warning,problem,fight,crisis,fuck,panic,collapse,risk,fraud,no,emergency,shame,shortage,low,war,forced,die
crude,empty,recession,sc,fears,shit,anxiety,stop,warning,problem,fight,crisis,fuck,panic,collapse,risk,fraud,no,emergency,shame,shortage,low,war,forced,die
crude,empty,recession,sc,fears,shit,anxiety,stop,warning,problem,fight,crisis,fuck,panic,collapse,risk,fraud,no,emergency,shame,shortage,low,war,forced,die
crude,empty,recession,sc,fears,shit,anxiety,stop,warning,problem,fight,crisis,fuck,panic,collapse,risk,fraud,no,emergency,shame,shortage,low,war,forced,die
crude,empty,recession,sc,fears,shit,anxiety,stop,warning,problem,fight,crisis,fuck,panic,collapse,risk,fraud,no,emergency,shame,shortage,low,war,forced,die
crude,empty,recession,sc,fears,shit,anxiety,stop,warning,problem,fight,crisis,fuck,panic,collapse,risk,fraud,no,emergency,shame,shortage,low,war,forced,die
crude,empty,recession,sc,fears,shit,anxiety,stop,warning,problem,fight,crisis,fuck,panic,collapse,risk,fraud,no,emergency,shame,shortage,low,war,forced,die
crude,empty,recession,sc,fears,shit,anxiety,stop,warning,problem,fight,crisis,fuck,panic,collapse,risk,fraud,no,emergency,shame,shortage,low,war,forced,die
crude,empty,recession,sc,fears,shit,anxiety,stop,warning,problem,fight,crisis,fuck,panic,collapse,risk,fraud,no,emergency,shame,shortage,low,war,forced,die
crude,empty,recession,sc,fears,shit,anxiety,stop,warning,problem,fight,crisis,fuck,panic,collapse,risk,fraud,no,emergency,shame,shortage,low,war,forced,die
crude,empty,recession,sc,fears,shit,anxiety,stop,warning,problem,fight,crisis,fuck,panic,collapse,risk,fraud,no,emergency,shame,shortage,low,war,forced,die
crude,empty,recession,sc,fears,shit,anxiety,stop,warning,problem,fight,crisis,fuck,panic,collapse,risk,fraud,no,emergency,shame,shortage,low,war,forced,die
crude,empty,recession,sc,fears,shit,anxiety,stop,warning,problem,fight,crisis,fuck,panic,collapse,risk,fraud,no,emergency,shame,shortage,low,war,forced,die
crude,empty,recession,sc,fears,shit,anxiety,stop,warning,problem,fight,crisis,fuck,panic,collapse,risk,fraud,no,emergency,shame,shortage,low,war,forced,die
crude,empty,recession,sc,fears,shit,anxiety,stop,warning,problem,fight,crisis,fuck,panic,collapse,risk,fraud,no,emergency,shame,shortage,low,war,forced,die
crude,empty,recession,sc,fears,shit,anxiety,stop,warning,problem,fight,crisis,fuck,panic,collapse,risk,fraud,no,emergency,shame,shortage,low,war,forced,die
crude,empty,recession,sc,fears,shit,anxiety,stop,warning,problem,fight,crisis,fuck,panic,collapse,risk,fraud,no,emergency,shame,shortage,low,war,forced,die
crude,empty,recession,sc,fears,shit,anxiety,stop,warning,problem,fight,crisis,fuck,panic,collapse,risk,fraud,no,emergency,shame,shortage,low,war,forced,die
crude,empty,recession,sc,fears,shit,anxiety,stop,warning,problem,fight,crisis,fuck,panic,collapse,risk,fraud,no,emergency,shame,shortage,low,war,forced,die
crude,empty,recession,sc,fears,shit,anxiety,stop,warning,problem,fight,crisis,fuck,panic,collapse,risk,fraud,no,emergency,shame,shortage,low,war,forced,die
crude,empty,recession,sc,fears,shit,anxiety,stop,warning,problem,fight,crisis,fuck,panic,collapse,risk,fraud,no,emergency,shame,shortage,low,war,forced,die
crude,empty,recession,sc,fears,shit,anxiety,stop,warning,problem,fight,crisis,fuck,panic,collapse,risk,fraud,no,emergency,shame,shortage,low,war,forced,die
crude,empty,recession,sc,fears,shit,anxiety,stop,warning,problem,fight,crisis,fuck,panic,collapse,risk,fraud,no,emergency,shame,shortage,low,war,forced,die
crude,empty,recession,sc,fears,shit,anxiety,stop,warning,problem,fight,crisis,fuck,panic,collapse,risk,fraud,no,emergency,shame,shortage,low,war,forced,die
crude,empty,recession,sc,fears,shit,anxiety,stop,warning,problem,fight,crisis,fuck,panic,collapse,risk,fraud,no,emergency,shame,shortage,low,war,forced,die
crude,empty,recession,sc,fears,shit,anxiety,stop,warning,problem,fight,crisis,fuck,panic,collapse,risk,fraud,no,emergency,shame,shortage,low,war,forced,die
crude,empty,recession,sc,fears,shit,anxiety,stop,warning,problem,fight,crisis,fuck,panic,collapse,risk,fraud,no,emergency,shame,shortage,low,war,forced,die
crude,empty,recession,sc,fears,shit,anxiety,stop,warning,problem,fight,crisis,fuck,panic,collapse,risk,fraud,no,emergency,shame,shortage,low,war,forced,die
crude,empty,recession,sc,fears,shit,anxiety,stop,warning,problem,fight,crisis,fuck,panic,collapse,risk,fraud,no,emergency,shame,shortage,low,war,forced,die
crude,empty,recession,sc,fears,shit,anxiety,stop,warning,problem,fight,crisis,fuck,panic,collapse,risk,fraud,no,emergency,shame,shortage,low,war,forced,die
crude,empty,recession,sc,fears,shit,anxiety,stop,warning,problem,fight,crisis,fuck,panic,collapse,risk,fraud,no,emergency,shame,shortage,low,war,forced,die
crude,empty,recession,sc,fears,shit,anxiety,stop,warning,problem,fight,crisis,fuck,panic,collapse,risk,fraud,no,emergency,shame,shortage,low,war,forced,die
crude,empty,recession,sc,fears,shit,anxiety,stop,warning,problem,fight,crisis,fuck,panic,collapse,risk,fraud,no,emergency,shame,shortage,low,war,forced,die
crude,empty,recession,sc,fears,shit,anxiety,stop,warning,problem,fight,crisis,fuck,panic,collapse,risk,fraud,no,emergency,shame,shortage,low,war,forced,die
crude,empty,recession,sc,fears,shit,anxiety,stop,warning,problem,fight,crisis,fuck,panic,collapse,risk,fraud,no,emergency,shame,shortage,low,war,forced,die
crude,empty,recession,sc,fears,shit,anxiety,stop,warning,problem,fight,crisis,fuck,panic,collapse,risk,fraud,no,emergency,shame,shortage,low,war,forced,die
crude,empty,recession,sc,fears,shit,anxiety,stop,warning,problem,fight,crisis,fuck,panic,collapse,risk,fraud,no,emergency,shame,shortage,low,war,forced,die
crude,empty,recession,sc,fears,shit,anxiety,stop,warning,problem,fight,crisis,fuck,panic,collapse,risk,fraud,no,emergency,shame,shortage,low,war,forced,die
crude,empty,recession,sc,fears,shit,anxiety,stop,warning,problem,fight,crisis,fuck,panic,collapse,risk,fraud,no,emergency,shame,shortage,low,war,forced,die
crude,empty,recession,sc,fears,shit,anxiety,stop,warning,problem,fight,crisis,fuck,panic,collapse,risk,fraud,no,emergency,shame,shortage,low,war,forced,die
crude,empty,recession,sc,fears,shit,anxiety,stop,warning,problem,fight,crisis,fuck,panic,collapse,risk,fraud,no,emergency,shame,shortage,low,war,forced,die
crude,empty,recession,sc,fears,shit,anxiety,stop,warning,problem,fight,crisis,fuck,panic,collapse,risk,fraud,no,emergency,shame,shortage,low,war,forced,die
crude,empty,recession,sc,fears,shit,anxiety,stop,warning,problem,fight,crisis,fuck,panic,collapse,risk,fraud,no,emergency,shame,shortage,low,war,forced,die
crude,empty,recession,sc,fears,shit,anxiety,stop,warning,problem,fight,crisis,fuck,panic,collapse,risk,fraud,no,emergency,shame,shortage,low,war,forced,die
crude,empty,recession,sc,fears,shit,anxiety,stop,warning,problem,fight,crisis,fuck,panic,collapse,risk,fraud,no,emergency,shame,shortage,low,war,forced,die
crude,empty,recession,sc,fears,shit,anxiety,stop,warning,problem,fight,crisis,fuck,panic,collapse,risk,fraud,no,emergency,shame,shortage,low,war,forced,die
crude,empty,recession,sc,fears,shit,anxiety,stop,warning,problem,fight,crisis,fuck,panic,collapse,risk,fraud,no,emergency,shame,shortage,low,war,forced,die
crude,empty,recession,sc,fears,shit,anxiety,stop,warning,problem,fight,crisis,fuck,panic,collapse,risk,fraud,no,emergency,shame,shortage,low,war,forced,die
crude,empty,recession,sc,fears,shit,anxiety,stop,warning,problem,fight,crisis,fuck,panic,collapse,risk,fraud,no,emergency,shame,shortage,low,war,forced,die
crude,empty,recession,sc,fears,shit,anxiety,stop,warning,problem,fight,crisis,fuck,panic,collapse,risk,fraud,no,emergency,shame,shortage,low,war,forced,die
crude,empty,recession,sc,fears,shit,anxiety,stop,warning,problem,fight,crisis,fuck,panic,collapse,risk,fraud,no,emergency,shame,shortage,low,war,forced,die
crude,empty,recession,sc,fears,shit,anxiety,stop,warning,problem,fight,crisis,fuck,panic,collapse,risk,fraud,no,emergency,shame,shortage,low,war,forced,die
crude,empty,recession,sc,fears,shit,anxiety,stop,warning,problem,fight,crisis,fuck,panic,collapse,risk,fraud,no,emergency,shame,shortage,low,war,forced,die
crude,empty,recession,sc,fears,shit,anxiety,stop,warning,problem,fight,crisis,fuck,panic,collapse,risk,fraud,no,emergency,shame,shortage,low,war,forced,die
crude,empty,recession,sc,fears,shit,anxiety,stop,warning,problem,fight,crisis,fuck,panic,collapse,risk,fraud,no,emergency,shame,shortage,low,war,forced,die
crude,empty,recession,sc,fears,shit,anxiety,stop,warning,problem,fight,crisis,fuck,panic,collapse,risk,fraud,no,emergency,shame,shortage,low,war,forced,die
crude,empty,recession,sc,fears,shit,anxiety,stop,warning,problem,fight,crisis,fuck,panic,collapse,risk,fraud,no,emergency,shame,shortage,low,war,forced,die
crude,empty,recession,sc,fears,shit,anxiety,stop,warning,problem,fight,crisis,fuck,panic,collapse,risk,fraud,no,emergency,shame,shortage,low,war,forced,die
crude,empty,recession,sc,fears,shit,anxiety,stop,warning,problem,fight,crisis,fuck,panic,collapse,risk,fraud,no,emergency,shame,shortage,low,war,forced,die
crude,empty,recession,sc,fears,shit,anxiety,stop,warning,problem,fight,crisis,fuck,panic,collapse,risk,fraud,no,emergency,shame,shortage,low,war,forced,die
crude,empty,recession,sc,fears,shit,anxiety,stop,warning,problem,fight,crisis,fuck,panic,collapse,risk,fraud,no,emergency,shame,shortage,low,war,forced,die
crude,empty,recession,sc,fears,shit,anxiety,stop,warning,problem,fight,crisis,fuck,panic,collapse,risk,fraud,no,emergency,shame,shortage,low,war,forced,die
crude,empty,recession,sc,fears,shit,anxiety,stop,warning,problem,fight,crisis,fuck,panic,collapse,risk,fraud,no,emergency,shame,shortage,low,war,forced,die
crude,empty,recession,sc,fears,shit,anxiety,stop,warning,problem,fight,crisis,fuck,panic,collapse,risk,fraud,no,emergency,shame,shortage,low,war,forced,die
crude,empty,recession,sc,fears,shit,anxiety,stop,warning,problem,fight,crisis,fuck,panic,collapse,risk,fraud,no,emergency,shame,shortage,low,war,forced,die
crude,empty,recession,sc,fears,shit,anxiety,stop,warning,problem,fight,crisis,fuck,panic,collapse,risk,fraud,no,emergency,shame,shortage,low,war,forced,die
crude,empty,recession,sc,fears,shit,anxiety,stop,warning,problem,fight,crisis,fuck,panic,collapse,risk,fraud,no,emergency,shame,shortage,low,war,forced,die
crude,empty,recession,sc,fears,shit,anxiety,stop,warning,problem,fight,crisis,fuck,panic,collapse,risk,fraud,no,emergency,shame,shortage,low,war,forced,die
crude,empty,recession,sc,fears,shit,anxiety,stop,warning,problem,fight,crisis,fuck,panic,collapse,risk,fraud,no,emergency,shame,shortage,low,war,forced,die
crude,empty,recession,sc,fears,shit,anxiety,stop,warning,problem,fight,crisis,fuck,panic,collapse,risk,fraud,no,emergency,shame,shortage,low,war,forced,die
crude,empty,recession,sc,fears,shit,anxiety,stop,warning,problem,fight,crisis,fuck,panic,collapse,risk,fraud,no,emergency,shame,shortage,low,war,forced,die
crude,empty,recession,sc,fears,shit,anxiety,stop,warning,problem,fight,crisis,fuck,panic,collapse,risk,fraud,no,emergency,shame,shortage,low,war,forced,die
crude,empty,recession,sc,fears,shit,anxiety,stop,warning,problem,fight,crisis,fuck,panic,collapse,risk,fraud,no,emergency,shame,shortage,low,war,forced,die
crude,empty,recession,sc,fears,shit,anxiety,stop,warning,problem,fight,crisis,fuck,panic,collapse,risk,fraud,no,emergency,shame,shortage,low,war,forced,die
crude,empty,recession,sc,fears,shit,anxiety,stop,warning,problem,fight,crisis,fuck,panic,collapse,risk,fraud,no,emergency,shame,shortage,low,war,forced,die
crude,empty,recession,sc,fears,shit,anxiety,stop,warning,problem,fight,crisis,fuck,panic,collapse,risk,fraud,no,emergency,shame,shortage,low,war,forced,die
crude,empty,recession,sc,fears,shit,anxiety,stop,warning,problem,fight,crisis,fuck,panic,collapse,risk,fraud,no,emergency,shame,shortage,low,war,forced,die
crude,empty,recession,sc,fears,shit,anxiety,stop,warning,problem,fight,crisis,fuck,panic,collapse,risk,fraud,no,emergency,shame,shortage,low,war,forced,die
crude,empty,recession,sc,fears,shit,anxiety,stop,warning,problem,fight,crisis,fuck,panic,collapse,risk,fraud,no,emergency,shame,shortage,low,war,forced,die
crude,empty,recession,sc,fears,shit,anxiety,stop,warning,problem,fight,crisis,fuck,panic,collapse,risk,fraud,no,emergency,shame,shortage,low,war,forced,die
crude,empty,recession,sc,fears,shit,anxiety,stop,warning,problem,fight,crisis,fuck,panic,collapse,risk,fraud,no,emergency,shame,shortage,low,war,forced,die
crude,empty,recession,sc,fears,shit,anxiety,stop,warning,problem,fight,crisis,fuck,panic,collapse,risk,fraud,no,emergency,shame,shortage,low,war,forced,die
crude,empty,recession,sc,fears,shit,anxiety,stop,warning,problem,fight,crisis,fuck,panic,collapse,risk,fraud,no,emergency,shame,shortage,low,war,forced,die
crude,empty,recession,sc,fears,shit,anxiety,stop,warning,problem,fight,crisis,fuck,panic,collapse,risk,fraud,no,emergency,shame,shortage,low,war,forced,die
crude,empty,recession,sc,fears,shit,anxiety,stop,warning,problem,fight,crisis,fuck,panic,collapse,risk,fraud,no,emergency,shame,shortage,low,war,forced,die
crude,empty,recession,sc,fears,shit,anxiety,stop,warning,problem,fight,crisis,fuck,panic,collapse,risk,fraud,no,emergency,shame,shortage,low,war,forced,die
crude,empty,recession,sc,fears,shit,anxiety,stop,warning,problem,fight,crisis,fuck,panic,collapse,risk,fraud,no,emergency,shame,shortage,low,war,forced,die
crude,empty,recession,sc,fears,shit,anxiety,stop,warning,problem,fight,crisis,fuck,panic,collapse,risk,fraud,no,emergency,shame,shortage,low,war,forced,die
crude,empty,recession,sc,fears,shit,anxiety,stop,warning,problem,fight,crisis,fuck,panic,collapse,risk,fraud,no,emergency,shame,shortage,low,war,forced,die
crude,empty,recession,sc,fears,shit,anxiety,stop,warning,problem,fight,crisis,fuck,panic,collapse,risk,fraud,no,emergency,shame,shortage,low,war,forced,die
crude,empty,recession,sc,fears,shit,anxiety,stop,warning,problem,fight,crisis,fuck,panic,collapse,risk,fraud,no,emergency,shame,shortage,low,war,forced,die
crude,empty,recession,sc,fears,shit,anxiety,stop,warning,problem,fight,crisis,fuck,panic,collapse,risk,fraud,no,emergency,shame,shortage,low,war,forced,die
crude,empty,recession,sc,fears,shit,anxiety,stop,warning,problem,fight,crisis,fuck,panic,collapse,risk,fraud,no,emergency,shame,shortage,low,war,forced,die
crude,empty,recession,sc,fears,shit,anxiety,stop,warning,problem,fight,crisis,fuck,panic,collapse,risk,fraud,no,emergency,shame,shortage,low,war,forced,die
crude,empty,recession,sc,fears,shit,anxiety,stop,warning,problem,fight,crisis,fuck,panic,collapse,risk,fraud,no,emergency,shame,shortage,low,war,forced,die
crude,empty,recession,sc,fears,shit,anxiety,stop,warning,problem,fight,crisis,fuck,panic,collapse,risk,fraud,no,emergency,shame,shortage,low,war,forced,die
crude,empty,recession,sc,fears,shit,anxiety,stop,warning,problem,fight,crisis,fuck,panic,collapse,risk,fraud,no,emergency,shame,shortage,low,war,forced,die
crude,empty,recession,sc,fears,shit,anxiety,stop,warning,problem,fight,crisis,fuck,panic,collapse,risk,fraud,no,emergency,shame,shortage,low,war,forced,die
crude,empty,recession,sc,fears,shit,anxiety,stop,warning,problem,fight,crisis,fuck,panic,collapse,risk,fraud,no,emergency,shame,shortage,low,war,forced,die
crude,empty,recession,sc,fears,shit,anxiety,stop,warning,problem,fight,crisis,fuck,panic,collapse,risk,fraud,no,emergency,shame,shortage,low,war,forced,die
crude,empty,recession,sc,fears,shit,anxiety,stop,warning,problem,fight,crisis,fuck,panic,collapse,risk,fraud,no,emergency,shame,shortage,low,war,forced,die
crude,empty,recession,sc,fears,shit,anxiety,stop,warning,problem,fight,crisis,fuck,panic,collapse,risk,fraud,no,emergency,shame,shortage,low,war,forced,die
crude,empty,recession,sc,fears,shit,anxiety,stop,warning,problem,fight,crisis,fuck,panic,collapse,risk,fraud,no,emergency,shame,shortage,low,war,forced,die
crude,empty,recession,sc,fears,shit,anxiety,stop,warning,problem,fight,crisis,fuck,panic,collapse,risk,fraud,no,emergency,shame,shortage,low,war,forced,die
crude,empty,recession,sc,fears,shit,anxiety,stop,warning,problem,fight,crisis,fuck,panic,collapse,risk,fraud,no,emergency,shame,shortage,low,war,forced,die
crude,empty,recession,sc,fears,shit,anxiety,stop,warning,problem,fight,crisis,fuck,panic,collapse,risk,fraud,no,emergency,shame,shortage,low,war,forced,die
crude,empty,recession,sc,fears,shit,anxiety,stop,warning,problem,fight,crisis,fuck,panic,collapse,risk,fraud,no,emergency,shame,shortage,low,war,forced,die
crude,empty,recession,sc,fears,shit,anxiety,stop,warning,problem,fight,crisis,fuck,panic,collapse,risk,fraud,no,emergency,shame,shortage,low,war,forced,die
crude,empty,recession,sc,fears,shit,anxiety,stop,warning,problem,fight,crisis,fuck,panic,collapse,risk,fraud,no,emergency,shame,shortage,low,war,forced,die
crude,empty,recession,sc,fears,shit,anxiety,stop,warning,problem,fight,crisis,fuck,panic,collapse,risk,fraud,no,emergency,shame,shortage,low,war,forced,die
crude,empty,recession,sc,fears,shit,anxiety,stop,warning,problem,fight,crisis,fuck,panic,collapse,risk,fraud,no,emergency,shame,shortage,low,war,forced,die
crude,empty,recession,sc,fears,shit,anxiety,stop,warning,problem,fight,crisis,fuck,panic,collapse,risk,fraud,no,emergency,shame,shortage,low,war,forced,die
crude,empty,recession,sc,fears,shit,anxiety,stop,warning,problem,fight,crisis,fuck,panic,collapse,risk,fraud,no,emergency,shame,shortage,low,war,forced,die
crude,empty,recession,sc,fears,shit,anxiety,stop,warning,problem,fight,crisis,fuck,panic,collapse,risk,fraud,no,emergency,shame,shortage,low,war,forced,die
crude,empty,recession,sc,fears,shit,anxiety,stop,warning,problem,fight,crisis,fuck,panic,collapse,risk,fraud,no,emergency,shame,shortage,low,war,forced,die
crude,empty,recession,sc,fears,shit,anxiety,stop,warning,problem,fight,crisis,fuck,panic,collapse,risk,fraud,no,emergency,shame,shortage,low,war,forced,die
crude,empty,recession,sc,fears,shit,anxiety,stop,warning,problem,fight,crisis,fuck,panic,collapse,risk,fraud,no,emergency,shame,shortage,low,war,forced,die
crude,empty,recession,sc,fears,shit,anxiety,stop,warning,problem,fight,crisis,fuck,panic,collapse,risk,fraud,no,emergency,shame,shortage,low,war,forced,die
crude,empty,recession,sc,fears,shit,anxiety,stop,warning,problem,fight,crisis,fuck,panic,collapse,risk,fraud,no,emergency,shame,shortage,low,war,forced,die
crude,empty,recession,sc,fears,shit,anxiety,stop,warning,problem,fight,crisis,fuck,panic,collapse,risk,fraud,no,emergency,shame,shortage,low,war,forced,die
crude,empty,recession,sc,fears,shit,anxiety,stop,warning,problem,fight,crisis,fuck,panic,collapse,risk,fraud,no,emergency,shame,shortage,low,war,forced,die
crude,empty,recession,sc,fears,shit,anxiety,stop,warning,problem,fight,crisis,fuck,panic,collapse,risk,fraud,no,emergency,shame,shortage,low,war,forced,die
crude,empty,recession,sc,fears,shit,anxiety,stop,warning,problem,fight,crisis,fuck,panic,collapse,risk,fraud,no,emergency,shame,shortage,low,war,forced,die
crude,empty,recession,sc,fears,shit,anxiety,stop,warning,problem,fight,crisis,fuck,panic,collapse,risk,fraud,no,emergency,shame,shortage,low,war,forced,die
crude,empty,recession,sc,fears,shit,anxiety,stop,warning,problem,fight,crisis,fuck,panic,collapse,risk,fraud,no,emergency,shame,shortage,low,war,forced,die
crude,empty,recession,sc,fears,shit,anxiety,stop,warning,problem,fight,crisis,fuck,panic,collapse,risk,fraud,no,emergency,shame,shortage,low,war,forced,die
crude,empty,recession,sc,fears,shit,anxiety,stop,warning,problem,fight,crisis,fuck,panic,collapse,risk,fraud,no,emergency,shame,shortage,low,war,forced,die
crude,empty,recession,sc,fears,shit,anxiety,stop,warning,problem,fight,crisis,fuck,panic,collapse,risk,fraud,no,emergency,shame,shortage,low,war,forced,die
crude,empty,recession,sc,fears,shit,anxiety,stop,warning,problem,fight,crisis,fuck,panic,collapse,risk,fraud,no,emergency,shame,shortage,low,war,forced,die
crude,empty,recession,sc,fears,shit,anxiety,stop,warning,problem,fight,crisis,fuck,panic,collapse,risk,fraud,no,emergency,shame,shortage,low,war,forced,die
crude,empty,recession,sc,fears,shit,anxiety,stop,warning,problem,fight,crisis,fuck,panic,collapse,risk,fraud,no,emergency,shame,shortage,low,war,forced,die
crude,empty,recession,sc,fears,shit,anxiety,stop,warning,problem,fight,crisis,fuck,panic,collapse,risk,fraud,no,emergency,shame,shortage,low,war,forced,die
crude,empty,recession,sc,fears,shit,anxiety,stop,warning,problem,fight,crisis,fuck,panic,collapse,risk,fraud,no,emergency,shame,shortage,low,war,forced,die
crude,empty,recession,sc,fears,shit,anxiety,stop,warning,problem,fight,crisis,fuck,panic,collapse,risk,fraud,no,emergency,shame,shortage,low,war,forced,die
crude,empty,recession,sc,fears,shit,anxiety,stop,warning,problem,fight,crisis,fuck,panic,collapse,risk,fraud,no,emergency,shame,shortage,low,war,forced,die
crude,empty,recession,sc,fears,shit,anxiety,stop,warning,problem,fight,crisis,fuck,panic,collapse,risk,fraud,no,emergency,shame,shortage,low,war,forced,die
crude,empty,recession,sc,fears,shit,anxiety,fear,stop,warning,fight,crisis,fuck,panic,collapse,risk,fraud,no,emergency,shame,shortage,low,war,forced,die
crude,empty,recession,sc,fears,shit,anxiety,fear,stop,warning,fight,crisis,fuck,panic,collapse,risk,fraud,no,emergency,shame,shortage,low,war,forced,die
crude,empty,recession,sc,fears,shit,anxiety,fear,stop,warning,fight,crisis,fuck,panic,collapse,risk,fraud,no,emergency,shame,shortage,low,war,forced,die
crude,empty,recession,sc,fears,shit,anxiety,fear,stop,warning,fight,crisis,fuck,panic,collapse,risk,fraud,no,emergency,shame,shortage,low,war,forced,die
crude,empty,recession,sc,fears,shit,anxiety,fear,stop,warning,fight,crisis,fuck,panic,collapse,risk,fraud,no,emergency,shame,shortage,low,war,forced,die
crude,empty,recession,sc,fears,shit,anxiety,fear,stop,warning,fight,crisis,fuck,panic,collapse,risk,fraud,no,emergency,shame,shortage,low,war,forced,die
crude,empty,recession,sc,fears,shit,anxiety,fear,stop,warning,fight,crisis,fuck,panic,collapse,risk,fraud,no,emergency,shame,shortage,low,war,forced,die
crude,empty,recession,sc,fears,shit,anxiety,fear,stop,warning,fight,crisis,fuck,panic,collapse,risk,fraud,no,emergency,shame,shortage,low,war,forced,die
crude,empty,recession,sc,fears,shit,anxiety,fear,stop,warning,fight,crisis,fuck,panic,collapse,risk,fraud,no,emergency,shame,shortage,low,war,forced,die
crude,empty,recession,sc,fears,shit,anxiety,fear,stop,warning,fight,crisis,fuck,panic,collapse,risk,fraud,no,emergency,shame,shortage,low,war,forced,die
crude,empty,recession,sc,fears,shit,anxiety,fear,stop,warning,fight,crisis,fuck,panic,collapse,risk,fraud,no,emergency,shame,shortage,low,war,forced,die
crude,empty,recession,sc,fears,shit,anxiety,fear,stop,warning,fight,crisis,fuck,panic,collapse,risk,fraud,no,emergency,shame,shortage,low,war,forced,die
crude,empty,recession,sc,fears,shit,anxiety,fear,stop,warning,fight,crisis,fuck,panic,collapse,risk,fraud,no,emergency,shame,shortage,low,war,forced,die
crude,empty,recession,sc,fears,shit,anxiety,fear,stop,warning,fight,crisis,fuck,panic,collapse,risk,fraud,no,emergency,shame,shortage,low,war,forced,die
crude,empty,recession,sc,fears,shit,anxiety,fear,stop,warning,fight,crisis,fuck,panic,collapse,risk,fraud,no,emergency,shame,shortage,low,war,forced,die
crude,empty,recession,sc,fears,shit,anxiety,fear,stop,warning,fight,crisis,fuck,panic,collapse,risk,fraud,no,emergency,shame,shortage,low,war,forced,die
crude,empty,recession,sc,fears,shit,anxiety,fear,stop,warning,fight,crisis,fuck,panic,collapse,risk,fraud,no,emergency,shame,shortage,low,war,forced,die
crude,empty,recession,sc,fears,shit,anxiety,fear,stop,warning,fight,crisis,fuck,panic,collapse,risk,fraud,no,emergency,shame,shortage,low,war,forced,die
crude,empty,recession,sc,fears,shit,anxiety,fear,stop,warning,fight,crisis,fuck,panic,collapse,risk,fraud,no,emergency,shame,shortage,low,war,forced,die
crude,empty,recession,sc,fears,shit,anxiety,fear,stop,warning,fight,crisis,fuck,panic,collapse,risk,fraud,no,emergency,shame,shortage,low,war,forced,die
crude,empty,recession,sc,fears,shit,anxiety,fear,stop,warning,fight,crisis,fuck,panic,collapse,risk,fraud,no,emergency,shame,shortage,low,war,forced,die
crude,empty,recession,sc,fears,shit,anxiety,fear,stop,warning,fight,crisis,fuck,panic,collapse,risk,fraud,no,emergency,shame,shortage,low,war,forced,die
crude,empty,recession,sc,fears,shit,anxiety,fear,stop,warning,fight,crisis,fuck,panic,collapse,risk,fraud,no,emergency,shame,shortage,low,war,forced,die
crude,empty,sc,fears,shit,anxiety,fear,stop,warning,fight,crisis,fuck,panic,collapse,risk,fraud,no,emergency,shame,shortage,low,war,forced,die,died
crude,empty,sc,fears,shit,anxiety,fear,stop,warning,fight,crisis,fuck,panic,collapse,risk,fraud,no,emergency,shame,shortage,low,war,forced,die,died
crude,empty,sc,fears,shit,anxiety,fear,stop,warning,fight,crisis,fuck,panic,collapse,risk,fraud,no,emergency,shame,shortage,low,war,forced,die,died
crude,empty,sc,fears,shit,anxiety,fear,stop,warning,fight,crisis,fuck,panic,collapse,risk,fraud,no,emergency,shame,shortage,low,war,forced,die,died
crude,empty,sc,fears,shit,anxiety,fear,stop,warning,fight,crisis,fuck,panic,collapse,risk,fraud,no,emergency,shame,shortage,low,war,forced,die,died
crude,empty,sc,fears,shit,anxiety,fear,stop,warning,fight,crisis,fuck,panic,collapse,risk,fraud,no,emergency,shame,shortage,low,war,forced,die,died
crude,empty,sc,fears,shit,anxiety,fear,stop,warning,fight,crisis,fuck,panic,collapse,risk,fraud,no,emergency,shame,shortage,low,war,forced,die,died
crude,empty,sc,fears,shit,anxiety,fear,stop,warning,fight,crisis,fuck,panic,collapse,risk,fraud,no,emergency,shame,shortage,low,war,forced,die,died
crude,empty,sc,fears,shit,anxiety,fear,stop,warning,fight,crisis,fuck,panic,collapse,risk,fraud,no,emergency,shame,shortage,low,war,forced,die,died
crude,empty,sc,fears,shit,anxiety,fear,stop,warning,fight,crisis,fuck,panic,collapse,risk,fraud,no,emergency,shame,shortage,low,war,forced,die,died
crude,empty,sc,fears,shit,anxiety,fear,stop,warning,fight,crisis,fuck,panic,collapse,risk,fraud,no,emergency,shame,shortage,low,war,forced,die,died
crude,empty,sc,fears,shit,anxiety,fear,stop,warning,fight,crisis,fuck,panic,collapse,risk,fraud,no,emergency,shame,shortage,low,war,forced,die,died
crude,empty,sc,fears,shit,anxiety,fear,stop,warning,fight,crisis,fuck,panic,collapse,risk,fraud,no,emergency,shame,shortage,low,war,forced,die,died
crude,empty,sc,fears,shit,anxiety,fear,stop,warning,fight,crisis,fuck,panic,collapse,risk,fraud,no,emergency,shame,shortage,low,war,forced,die,died
crude,empty,sc,fears,shit,anxiety,fear,stop,warning,fight,crisis,fuck,panic,collapse,risk,fraud,no,emergency,shame,shortage,low,war,forced,die,died
crude,empty,sc,fears,shit,anxiety,fear,stop,warning,fight,crisis,fuck,panic,collapse,risk,fraud,no,emergency,shame,shortage,low,war,forced,die,died
crude,empty,sc,fears,shit,anxiety,fear,stop,warning,fight,crisis,fuck,panic,collapse,risk,fraud,no,emergency,shame,shortage,low,war,forced,die,died
crude,empty,sc,fears,shit,anxiety,fear,stop,warning,fight,crisis,fuck,panic,collapse,risk,fraud,no,emergency,shame,shortage,low,war,forced,die,died
crude,empty,sc,fears,shit,anxiety,fear,stop,warning,fight,crisis,fuck,panic,collapse,risk,fraud,no,emergency,shame,shortage,low,war,forced,die,died
crude,empty,sc,fears,shit,anxiety,fear,stop,warning,fight,crisis,fuck,panic,collapse,risk,fraud,no,emergency,shame,shortage,low,war,forced,die,died
crude,empty,sc,fears,shit,anxiety,fear,stop,warning,fight,crisis,fuck,panic,collapse,risk,fraud,no,emergency,shame,shortage,low,war,forced,die,died
crude,empty,sc,fears,shit,anxiety,fear,stop,warning,fight,crisis,fuck,panic,collapse,risk,fraud,no,emergency,shame,shortage,low,war,forced,die,died
crude,empty,sc,fears,shit,anxiety,fear,stop,warning,fight,crisis,fuck,panic,collapse,risk,fraud,no,emergency,shame,shortage,low,war,forced,die,died
crude,empty,sc,fears,shit,anxiety,fear,stop,warning,fight,crisis,fuck,panic,collapse,risk,fraud,no,emergency,shame,shortage,low,war,forced,die,died
crude,empty,sc,fears,shit,anxiety,fear,stop,warning,fight,crisis,fuck,panic,collapse,risk,fraud,no,emergency,shame,shortage,low,war,forced,die,died
crude,empty,sc,fears,shit,anxiety,fear,stop,warning,fight,crisis,fuck,panic,collapse,risk,fraud,no,emergency,shame,shortage,low,war,forced,die,died
crude,empty,sc,fears,shit,anxiety,fear,stop,warning,fight,crisis,fuck,panic,collapse,risk,fraud,no,emergency,shame,shortage,low,war,forced,die,died
crude,empty,sc,fears,shit,anxiety,fear,stop,warning,fight,crisis,fuck,panic,collapse,risk,fraud,no,emergency,shame,shortage,low,war,forced,die,died
crude,empty,sc,fears,shit,anxiety,fear,stop,warning,fight,crisis,fuck,panic,collapse,risk,fraud,no,emergency,shame,shortage,low,war,forced,die,died
crude,empty,sc,fears,shit,anxiety,fear,stop,warning,fight,crisis,fuck,panic,collapse,risk,fraud,no,emergency,shame,shortage,low,war,forced,die,died
crude,empty,sc,fears,shit,anxiety,fear,stop,warning,fight,crisis,fuck,panic,collapse,risk,fraud,no,emergency,shame,shortage,low,war,forced,die,died
crude,empty,sc,fears,shit,anxiety,fear,stop,warning,fight,crisis,fuck,panic,collapse,risk,fraud,no,emergency,shame,shortage,low,war,forced,die,died
crude,empty,sc,fears,shit,anxiety,fear,stop,warning,fight,crisis,fuck,panic,collapse,risk,fraud,no,emergency,shame,shortage,low,war,forced,die,died
crude,empty,sc,fears,shit,anxiety,fear,stop,warning,fight,crisis,fuck,panic,collapse,risk,fraud,no,emergency,shame,shortage,low,war,forced,die,died
crude,empty,sc,fears,shit,anxiety,fear,stop,warning,fight,crisis,fuck,panic,collapse,risk,fraud,no,emergency,shame,shortage,low,war,forced,die,died
crude,empty,sc,fears,shit,anxiety,fear,stop,warning,fight,crisis,fuck,panic,collapse,risk,fraud,no,emergency,shame,shortage,low,war,forced,die,died
crude,empty,sc,fears,shit,anxiety,fear,stop,warning,fight,crisis,fuck,panic,collapse,risk,fraud,no,emergency,shame,shortage,low,war,forced,die,died
crude,empty,sc,fears,shit,anxiety,fear,stop,warning,fight,crisis,fuck,panic,collapse,risk,fraud,no,emergency,shame,shortage,low,war,forced,die,died
crude,empty,sc,fears,shit,anxiety,fear,stop,warning,fight,crisis,fuck,panic,collapse,risk,fraud,no,emergency,shame,shortage,low,war,forced,die,died
crude,empty,sc,fears,shit,anxiety,fear,stop,warning,fight,crisis,fuck,panic,collapse,risk,fraud,no,emergency,shame,shortage,low,war,forced,die,died
crude,empty,sc,fears,shit,anxiety,fear,stop,warning,fight,crisis,fuck,panic,collapse,risk,fraud,no,emergency,shame,shortage,low,war,forced,die,died
crude,empty,sc,fears,shit,anxiety,fear,stop,warning,fight,crisis,fuck,panic,collapse,risk,fraud,no,emergency,shame,shortage,low,war,forced,die,died
crude,empty,sc,fears,shit,anxiety,fear,stop,warning,fight,crisis,fuck,panic,collapse,risk,fraud,no,emergency,shame,shortage,low,war,forced,die,died
crude,empty,sc,fears,shit,anxiety,fear,stop,warning,fight,crisis,fuck,panic,collapse,risk,fraud,no,emergency,shame,shortage,low,war,forced,die,died
crude,empty,sc,fears,shit,anxiety,fear,stop,warning,fight,crisis,fuck,panic,collapse,risk,fraud,no,emergency,shame,shortage,low,war,forced,die,died
crude,empty,sc,fears,shit,anxiety,fear,stop,warning,fight,crisis,fuck,panic,collapse,risk,fraud,no,emergency,shame,shortage,low,war,forced,die,died
crude,empty,sc,fears,shit,anxiety,fear,stop,warning,fight,crisis,fuck,panic,collapse,risk,fraud,no,emergency,shame,shortage,low,war,forced,die,died
crude,empty,sc,fears,shit,anxiety,fear,stop,warning,fight,crisis,fuck,panic,collapse,risk,fraud,no,emergency,shame,shortage,low,war,forced,die,died
crude,empty,sc,fears,shit,anxiety,fear,stop,warning,fight,crisis,fuck,panic,collapse,risk,fraud,no,emergency,shame,shortage,low,war,forced,die,died
crude,empty,sc,fears,shit,anxiety,fear,stop,warning,fight,crisis,fuck,panic,collapse,risk,fraud,no,emergency,shame,shortage,low,war,forced,die,died
crude,empty,sc,fears,shit,anxiety,fear,stop,warning,fight,crisis,fuck,panic,collapse,risk,fraud,no,emergency,shame,shortage,low,war,forced,die,died
crude,empty,sc,fears,shit,anxiety,fear,stop,warning,fight,crisis,fuck,panic,collapse,risk,fraud,no,emergency,shame,shortage,low,war,forced,die,died
crude,empty,sc,fears,shit,anxiety,fear,stop,warning,fight,crisis,fuck,panic,collapse,risk,fraud,no,emergency,shame,shortage,low,war,forced,die,died
crude,empty,sc,fears,shit,anxiety,fear,stop,warning,fight,crisis,fuck,panic,collapse,risk,fraud,no,emergency,shame,shortage,low,war,forced,die,died
crude,empty,sc,fears,shit,anxiety,fear,stop,warning,fight,crisis,fuck,panic,collapse,risk,fraud,no,emergency,shame,shortage,low,war,forced,die,died
crude,empty,sc,fears,shit,anxiety,fear,stop,warning,fight,crisis,fuck,panic,collapse,risk,fraud,no,emergency,shame,shortage,low,war,forced,die,died
crude,empty,sc,fears,shit,anxiety,fear,stop,warning,fight,crisis,fuck,panic,collapse,risk,fraud,no,emergency,shame,shortage,low,war,forced,die,died
crude,empty,sc,fears,shit,anxiety,fear,stop,warning,fight,crisis,fuck,panic,collapse,risk,fraud,no,emergency,shame,shortage,low,war,forced,die,died
crude,empty,sc,fears,shit,anxiety,fear,stop,warning,fight,crisis,fuck,panic,collapse,risk,fraud,no,emergency,shame,shortage,low,war,forced,die,died
crude,empty,sc,fears,shit,anxiety,fear,stop,warning,fight,crisis,fuck,panic,collapse,risk,fraud,no,emergency,shame,shortage,low,war,forced,die,died
crude,empty,sc,fears,shit,anxiety,fear,stop,warning,fight,crisis,fuck,panic,collapse,risk,fraud,no,emergency,shame,shortage,low,war,forced,die,died
crude,empty,sc,fears,shit,anxiety,fear,stop,warning,fight,crisis,fuck,panic,collapse,risk,fraud,no,emergency,shame,shortage,low,war,forced,die,died
crude,empty,sc,fears,shit,anxiety,fear,stop,warning,fight,crisis,fuck,panic,collapse,risk,fraud,no,emergency,shame,shortage,low,war,forced,die,died
crude,empty,sc,fears,shit,anxiety,fear,stop,warning,fight,crisis,fuck,panic,collapse,risk,fraud,no,emergency,shame,shortage,low,war,forced,die,died
crude,empty,sc,fears,shit,anxiety,fear,stop,warning,fight,crisis,fuck,panic,collapse,risk,fraud,no,emergency,shame,shortage,low,war,forced,die,died
crude,empty,sc,fears,shit,anxiety,fear,stop,warning,fight,crisis,fuck,panic,collapse,risk,fraud,no,emergency,shame,shortage,low,war,forced,die,died
crude,empty,sc,fears,shit,anxiety,stop,warning,fight,crisis,fuck,panic,collapse,risk,fraud,no,emergency,poor,shame,shortage,low,war,forced,die,died
crude,empty,sc,fears,shit,anxiety,stop,warning,fight,crisis,fuck,panic,collapse,risk,fraud,no,emergency,poor,shame,shortage,low,war,forced,die,died
crude,empty,sc,fears,shit,anxiety,stop,warning,fight,crisis,fuck,panic,collapse,risk,fraud,no,emergency,poor,shame,shortage,low,war,forced,die,died
crude,empty,sc,fears,shit,anxiety,stop,warning,fight,crisis,fuck,panic,collapse,risk,fraud,no,emergency,poor,shame,shortage,low,war,forced,die,died
crude,empty,sc,fears,shit,anxiety,stop,warning,fight,crisis,fuck,panic,collapse,risk,fraud,no,emergency,poor,shame,shortage,low,war,forced,die,died
crude,empty,sc,fears,shit,anxiety,fear,stop,warning,fight,crisis,fuck,panic,collapse,risk,fraud,no,emergency,poor,shame,shortage,low,war,forced,died
crude,empty,sc,fears,shit,anxiety,fear,stop,warning,fight,crisis,fuck,panic,collapse,risk,fraud,no,emergency,poor,shame,shortage,low,war,forced,died
crude,empty,sc,fears,shit,anxiety,fear,stop,warning,fight,crisis,fuck,panic,collapse,risk,fraud,no,emergency,poor,shame,shortage,low,war,forced,died
crude,empty,sc,fears,shit,anxiety,fear,stop,warning,fight,crisis,fuck,panic,collapse,risk,fraud,no,emergency,poor,shame,shortage,low,war,forced,died
crude,empty,sc,fears,shit,anxiety,fear,stop,warning,fight,crisis,fuck,panic,collapse,risk,fraud,no,emergency,poor,shame,shortage,low,war,forced,died
crude,empty,sc,fears,shit,anxiety,fear,stop,warning,fight,crisis,fuck,panic,collapse,risk,fraud,no,emergency,poor,shame,shortage,low,war,forced,died
crude,empty,sc,fears,shit,anxiety,fear,stop,warning,fight,crisis,fuck,panic,collapse,risk,fraud,no,emergency,poor,shame,shortage,low,war,forced,died
crude,empty,sc,fears,shit,anxiety,fear,stop,warning,fight,crisis,fuck,panic,collapse,risk,fraud,no,emergency,poor,shame,shortage,low,war,forced,died
crude,empty,sc,fears,shit,anxiety,fear,stop,warning,fight,crisis,fuck,panic,collapse,risk,fraud,no,emergency,poor,shame,shortage,low,war,forced,died
crude,empty,sc,fears,shit,anxiety,fear,stop,warning,fight,crisis,fuck,panic,collapse,risk,fraud,no,emergency,poor,shame,shortage,low,war,forced,died
crude,empty,sc,fears,shit,anxiety,fear,stop,warning,fight,crisis,fuck,panic,collapse,risk,fraud,no,emergency,poor,shame,shortage,low,war,forced,died
crude,empty,sc,fears,shit,anxiety,fear,stop,warning,fight,crisis,fuck,panic,collapse,risk,fraud,no,emergency,poor,shame,shortage,low,war,forced,died
crude,empty,sc,fears,shit,anxiety,fear,stop,warning,fight,crisis,fuck,panic,collapse,risk,fraud,no,emergency,poor,shame,shortage,low,war,forced,died
crude,empty,sc,fears,shit,anxiety,fear,stop,warning,fight,crisis,fuck,panic,collapse,risk,fraud,no,emergency,poor,shame,shortage,low,war,forced,died
crude,empty,sc,fears,shit,anxiety,fear,stop,warning,fight,crisis,fuck,panic,collapse,risk,fraud,no,emergency,poor,shame,shortage,low,war,forced,died
crude,empty,sc,fears,shit,anxiety,fear,stop,warning,fight,crisis,fuck,panic,collapse,risk,fraud,no,emergency,poor,shame,shortage,low,war,forced,died
crude,empty,sc,fears,shit,anxiety,fear,stop,warning,fight,crisis,fuck,panic,collapse,risk,fraud,no,emergency,poor,shame,shortage,low,war,forced,died
crude,empty,sc,fears,shit,anxiety,fear,stop,warning,fight,crisis,fuck,panic,collapse,risk,fraud,no,emergency,poor,shame,shortage,low,war,forced,died
crude,empty,sc,fears,shit,anxiety,fear,stop,warning,fight,crisis,fuck,panic,collapse,risk,fraud,no,emergency,poor,shame,shortage,low,war,forced,died
crude,empty,sc,fears,shit,anxiety,fear,stop,warning,fight,crisis,fuck,panic,collapse,risk,fraud,no,emergency,poor,shame,shortage,low,war,forced,died
crude,empty,sc,fears,shit,anxiety,fear,stop,warning,fight,crisis,fuck,panic,collapse,risk,fraud,no,emergency,poor,shame,shortage,low,war,forced,died
crude,empty,sc,fears,shit,anxiety,fear,stop,warning,fight,crisis,fuck,panic,collapse,risk,fraud,no,emergency,poor,shame,shortage,low,war,forced,died
crude,empty,recession,sc,fears,shit,anxiety,fear,stop,warning,fight,crisis,fuck,panic,collapse,risk,fraud,no,emergency,poor,shame,shortage,low,war,forced
crude,empty,recession,sc,fears,shit,anxiety,fear,stop,warning,fight,crisis,fuck,panic,collapse,risk,fraud,no,emergency,poor,shame,shortage,low,war,forced
crude,empty,recession,sc,fears,shit,anxiety,fear,stop,warning,fight,crisis,fuck,panic,collapse,risk,fraud,no,emergency,poor,shame,shortage,low,war,forced
crude,empty,recession,sc,fears,shit,anxiety,fear,stop,warning,fight,crisis,fuck,panic,collapse,risk,fraud,no,emergency,poor,shame,shortage,low,war,forced
crude,empty,recession,sc,fears,shit,anxiety,fear,stop,warning,fight,crisis,fuck,panic,collapse,risk,fraud,no,emergency,poor,shame,shortage,low,war,forced
crude,empty,recession,sc,fears,shit,anxiety,fear,stop,warning,fight,crisis,fuck,panic,collapse,risk,fraud,no,emergency,poor,shame,shortage,low,war,forced
crude,empty,recession,sc,fears,shit,anxiety,fear,stop,warning,fight,crisis,fuck,panic,collapse,risk,fraud,no,emergency,poor,shame,shortage,low,war,forced
crude,empty,recession,sc,fears,shit,anxiety,fear,stop,warning,fight,crisis,fuck,panic,collapse,risk,fraud,no,emergency,poor,shame,shortage,low,war,forced
crude,empty,recession,sc,fears,shit,anxiety,fear,stop,warning,fight,crisis,fuck,panic,collapse,risk,fraud,no,emergency,poor,shame,shortage,low,war,forced
crude,empty,recession,sc,fears,shit,anxiety,fear,stop,warning,fight,crisis,fuck,panic,collapse,risk,fraud,no,emergency,poor,shame,shortage,low,war,forced
crude,empty,recession,sc,fears,shit,anxiety,fear,stop,warning,fight,crisis,fuck,panic,collapse,risk,fraud,no,emergency,poor,shame,shortage,low,war,forced
crude,empty,recession,sc,fears,shit,anxiety,fear,stop,warning,fight,crisis,fuck,panic,collapse,risk,fraud,no,emergency,poor,shame,shortage,low,war,forced
crude,empty,recession,sc,fears,shit,anxiety,fear,stop,warning,fight,crisis,fuck,panic,collapse,risk,fraud,no,emergency,poor,shame,shortage,low,war,forced
crude,empty,recession,sc,fears,shit,anxiety,fear,stop,warning,fight,crisis,fuck,panic,collapse,risk,fraud,no,emergency,poor,shame,shortage,low,war,forced
crude,empty,recession,sc,fears,shit,anxiety,fear,stop,warning,fight,crisis,fuck,panic,collapse,risk,fraud,no,emergency,poor,shame,shortage,low,war,forced
crude,empty,recession,sc,fears,shit,anxiety,fear,stop,warning,fight,crisis,fuck,panic,collapse,risk,fraud,no,emergency,poor,shame,shortage,low,war,forced
crude,empty,recession,sc,fears,shit,anxiety,fear,stop,warning,fight,crisis,fuck,panic,collapse,risk,fraud,no,emergency,poor,shame,shortage,low,war,forced
crude,empty,recession,sc,fears,shit,anxiety,fear,stop,warning,fight,crisis,fuck,panic,collapse,risk,fraud,no,emergency,poor,shame,shortage,low,war,forced
crude,empty,recession,sc,fears,shit,anxiety,fear,stop,warning,fight,crisis,fuck,panic,collapse,risk,fraud,no,emergency,poor,shame,shortage,low,war,forced
crude,empty,recession,sc,fears,shit,anxiety,fear,stop,warning,fight,crisis,fuck,panic,collapse,risk,fraud,no,emergency,poor,shame,shortage,low,war,forced
crude,empty,recession,sc,fears,shit,anxiety,fear,stop,warning,fight,crisis,fuck,panic,collapse,risk,fraud,no,emergency,poor,shame,shortage,low,war,forced
crude,empty,recession,sc,fears,shit,anxiety,fear,stop,warning,fight,crisis,fuck,panic,collapse,risk,fraud,no,emergency,poor,shame,shortage,low,war,forced
crude,empty,recession,sc,fears,shit,anxiety,fear,stop,warning,fight,crisis,fuck,panic,collapse,risk,fraud,no,emergency,poor,shame,shortage,low,war,forced
crude,empty,recession,sc,fears,shit,anxiety,fear,stop,warning,fight,crisis,fuck,panic,collapse,risk,fraud,no,emergency,poor,shame,shortage,low,war,forced
crude,empty,recession,sc,fears,shit,anxiety,fear,stop,warning,fight,crisis,fuck,panic,collapse,risk,fraud,no,emergency,poor,shame,shortage,low,war,forced
crude,empty,recession,sc,fears,shit,anxiety,fear,stop,warning,fight,crisis,fuck,panic,collapse,risk,fraud,no,emergency,poor,shame,shortage,low,war,forced
crude,empty,recession,sc,fears,shit,anxiety,fear,stop,warning,fight,crisis,fuck,panic,collapse,risk,fraud,no,emergency,poor,shame,shortage,low,war,forced
crude,empty,recession,sc,fears,shit,anxiety,fear,stop,warning,fight,crisis,fuck,panic,collapse,risk,fraud,no,emergency,poor,shame,shortage,low,war,forced
crude,empty,recession,sc,fears,shit,anxiety,fear,stop,warning,fight,crisis,fuck,panic,collapse,risk,fraud,no,emergency,poor,shame,shortage,low,war,forced
crude,empty,sc,fears,shit,anxiety,fear,stop,warning,fight,crisis,fuck,panic,collapse,risk,fraud,no,emergency,poor,shame,shortage,low,war,forced,die
crude,empty,sc,fears,shit,anxiety,fear,stop,warning,fight,crisis,fuck,panic,collapse,risk,fraud,no,emergency,poor,shame,shortage,low,war,forced,die
crude,empty,sc,fears,shit,anxiety,fear,stop,warning,fight,crisis,fuck,panic,collapse,risk,fraud,no,emergency,poor,shame,shortage,low,war,forced,die
crude,empty,sc,fears,shit,anxiety,fear,stop,warning,fight,crisis,fuck,panic,collapse,risk,fraud,no,emergency,poor,shame,shortage,low,war,forced,die
crude,empty,sc,fears,shit,anxiety,fear,stop,warning,fight,crisis,fuck,panic,collapse,risk,fraud,no,emergency,poor,shame,shortage,low,war,forced,die
crude,empty,sc,fears,shit,anxiety,fear,stop,warning,fight,crisis,fuck,panic,collapse,risk,fraud,no,emergency,poor,shame,shortage,low,war,forced,die
crude,empty,sc,fears,shit,anxiety,fear,stop,warning,fight,crisis,fuck,panic,collapse,risk,fraud,no,emergency,poor,shame,shortage,low,war,forced,die
crude,empty,sc,fears,shit,anxiety,fear,stop,warning,fight,crisis,fuck,panic,collapse,risk,fraud,no,emergency,poor,shame,shortage,low,war,forced,die
crude,empty,sc,fears,shit,anxiety,fear,stop,warning,fight,crisis,fuck,panic,collapse,risk,fraud,no,emergency,poor,shame,shortage,low,war,forced,die
crude,empty,sc,fears,shit,anxiety,fear,stop,warning,fight,crisis,fuck,panic,collapse,risk,fraud,no,emergency,poor,shame,shortage,low,war,forced,die
crude,empty,sc,fears,shit,anxiety,fear,stop,warning,fight,crisis,fuck,panic,collapse,risk,fraud,no,emergency,poor,shame,shortage,low,war,forced,die
crude,empty,sc,fears,shit,anxiety,fear,stop,warning,fight,crisis,fuck,panic,collapse,risk,fraud,no,emergency,poor,shame,shortage,low,war,forced,die
crude,empty,sc,fears,shit,anxiety,fear,stop,warning,fight,crisis,fuck,panic,collapse,risk,fraud,no,emergency,poor,shame,shortage,low,war,forced,die
crude,empty,sc,fears,shit,anxiety,fear,stop,warning,fight,crisis,fuck,panic,collapse,risk,fraud,no,emergency,poor,shame,shortage,low,war,forced,die
crude,empty,sc,fears,shit,anxiety,fear,stop,warning,fight,crisis,fuck,panic,collapse,risk,fraud,no,emergency,poor,shame,shortage,low,war,forced,die
crude,empty,sc,fears,shit,anxiety,fear,stop,warning,fight,crisis,fuck,panic,collapse,risk,fraud,no,emergency,poor,shame,shortage,low,war,forced,die
crude,empty,sc,fears,shit,anxiety,fear,stop,warning,fight,crisis,fuck,panic,collapse,risk,fraud,no,emergency,poor,shame,shortage,low,war,forced,die
crude,empty,sc,fears,shit,anxiety,fear,stop,warning,fight,crisis,fuck,panic,collapse,risk,fraud,no,emergency,poor,shame,shortage,low,war,forced,die
crude,empty,sc,fears,shit,anxiety,fear,stop,warning,fight,crisis,fuck,panic,collapse,risk,fraud,no,emergency,poor,shame,shortage,low,war,forced,die
crude,empty,sc,fears,shit,anxiety,fear,stop,warning,fight,crisis,fuck,panic,collapse,risk,fraud,no,emergency,poor,shame,shortage,low,war,forced,die
crude,empty,sc,fears,shit,anxiety,fear,stop,warning,fight,crisis,fuck,panic,collapse,risk,fraud,no,emergency,poor,shame,shortage,low,war,forced,die
crude,empty,sc,fears,shit,anxiety,fear,stop,warning,fight,crisis,fuck,panic,collapse,risk,fraud,no,emergency,poor,shame,shortage,low,war,forced,die
crude,empty,sc,fears,shit,anxiety,fear,stop,warning,fight,crisis,fuck,panic,collapse,risk,fraud,no,emergency,poor,shame,shortage,low,war,forced,die
crude,empty,sc,fears,shit,anxiety,fear,stop,warning,fight,crisis,fuck,panic,collapse,risk,fraud,no,emergency,poor,shame,shortage,low,war,forced,die
crude,empty,sc,fears,shit,anxiety,fear,stop,warning,fight,crisis,fuck,panic,collapse,risk,fraud,no,emergency,poor,shame,shortage,low,war,forced,die
crude,empty,sc,fears,shit,anxiety,fear,stop,warning,fight,crisis,fuck,panic,collapse,risk,fraud,no,emergency,poor,shame,shortage,low,war,forced,die
crude,empty,sc,fears,shit,anxiety,fear,stop,warning,fight,crisis,fuck,panic,collapse,risk,fraud,no,emergency,poor,shame,shortage,low,war,forced,die
crude,empty,sc,fears,shit,anxiety,fear,stop,warning,fight,crisis,fuck,panic,collapse,risk,fraud,no,emergency,poor,shame,shortage,low,war,forced,die
crude,empty,sc,fears,shit,anxiety,fear,stop,warning,fight,crisis,fuck,panic,collapse,risk,fraud,no,emergency,poor,shame,shortage,low,war,forced,die
crude,empty,sc,fears,shit,anxiety,fear,stop,warning,fight,crisis,fuck,panic,collapse,risk,fraud,no,emergency,poor,shame,shortage,low,war,forced,die
crude,empty,sc,fears,shit,anxiety,fear,stop,warning,fight,crisis,fuck,panic,collapse,risk,fraud,no,emergency,poor,shame,shortage,low,war,forced,die
crude,empty,sc,fears,shit,anxiety,fear,stop,warning,fight,crisis,fuck,panic,collapse,risk,fraud,no,emergency,poor,shame,shortage,low,war,forced,die
crude,empty,sc,fears,shit,anxiety,fear,stop,warning,fight,crisis,fuck,panic,collapse,risk,fraud,no,emergency,poor,shame,shortage,low,war,forced,die
crude,empty,sc,fears,shit,anxiety,fear,stop,warning,fight,crisis,fuck,panic,collapse,risk,fraud,no,emergency,poor,shame,shortage,low,war,forced,die
crude,empty,sc,fears,shit,anxiety,fear,stop,warning,fight,crisis,fuck,panic,collapse,risk,fraud,no,emergency,poor,shame,shortage,low,war,forced,die
crude,empty,sc,fears,shit,anxiety,fear,stop,warning,fight,crisis,fuck,panic,collapse,risk,fraud,no,emergency,poor,shame,shortage,low,war,forced,die
crude,empty,sc,fears,shit,anxiety,fear,stop,warning,fight,crisis,fuck,panic,collapse,risk,fraud,no,emergency,poor,shame,shortage,low,war,forced,die
crude,empty,sc,fears,shit,anxiety,fear,stop,warning,fight,crisis,fuck,panic,collapse,risk,fraud,no,emergency,poor,shame,shortage,low,war,forced,die
crude,empty,sc,fears,shit,anxiety,fear,stop,warning,fight,crisis,fuck,panic,collapse,risk,fraud,no,emergency,poor,shame,shortage,low,war,forced,die
crude,empty,sc,fears,shit,anxiety,fear,stop,warning,fight,crisis,fuck,panic,collapse,risk,fraud,no,emergency,poor,shame,shortage,low,war,forced,die
crude,empty,sc,fears,shit,anxiety,fear,stop,warning,fight,crisis,fuck,panic,collapse,risk,fraud,no,emergency,poor,shame,shortage,low,war,forced,die
crude,empty,sc,fears,shit,anxiety,fear,stop,warning,fight,crisis,fuck,panic,collapse,risk,fraud,no,emergency,poor,shame,shortage,low,war,forced,die
crude,empty,sc,fears,shit,anxiety,fear,stop,warning,fight,crisis,fuck,panic,collapse,risk,fraud,no,emergency,poor,shame,shortage,low,war,forced,die
crude,empty,sc,fears,shit,anxiety,fear,stop,warning,fight,crisis,fuck,panic,collapse,risk,fraud,no,emergency,poor,shame,shortage,low,war,forced,die
crude,empty,sc,fears,shit,anxiety,fear,stop,warning,fight,crisis,fuck,panic,collapse,risk,fraud,no,emergency,poor,shame,shortage,low,war,forced,die
crude,empty,sc,fears,shit,anxiety,fear,stop,warning,fight,crisis,fuck,panic,collapse,risk,fraud,no,emergency,poor,shame,shortage,low,war,forced,die
crude,empty,sc,fears,shit,anxiety,fear,stop,warning,fight,crisis,fuck,panic,collapse,risk,fraud,no,emergency,poor,shame,shortage,low,war,forced,die
crude,empty,sc,fears,shit,anxiety,fear,stop,warning,fight,crisis,fuck,panic,collapse,risk,fraud,no,emergency,poor,shame,shortage,low,war,forced,die
crude,empty,sc,fears,shit,anxiety,fear,stop,warning,fight,crisis,fuck,panic,collapse,risk,fraud,no,emergency,poor,shame,shortage,low,war,forced,die
crude,empty,sc,fears,shit,anxiety,fear,stop,warning,fight,crisis,fuck,panic,collapse,risk,fraud,no,emergency,poor,shame,shortage,low,war,forced,die
crude,empty,sc,fears,shit,anxiety,fear,stop,warning,fight,crisis,fuck,panic,collapse,risk,fraud,no,emergency,poor,shame,shortage,low,war,forced,die
crude,empty,sc,fears,shit,anxiety,fear,stop,warning,fight,crisis,fuck,panic,collapse,risk,fraud,no,emergency,poor,shame,shortage,low,war,forced,die
crude,empty,sc,fears,shit,anxiety,fear,stop,warning,fight,crisis,fuck,panic,collapse,risk,fraud,no,emergency,poor,shame,shortage,low,war,forced,die
crude,empty,sc,fears,shit,anxiety,fear,stop,warning,fight,crisis,fuck,panic,collapse,risk,fraud,no,emergency,poor,shame,shortage,low,war,forced,die
crude,empty,sc,fears,shit,anxiety,fear,stop,warning,fight,crisis,fuck,panic,collapse,risk,fraud,no,emergency,poor,shame,shortage,low,war,forced,die
crude,empty,sc,fears,shit,anxiety,fear,stop,warning,fight,crisis,fuck,panic,collapse,risk,fraud,no,emergency,poor,shame,shortage,low,war,forced,die
crude,empty,sc,fears,shit,anxiety,fear,stop,warning,fight,crisis,fuck,panic,collapse,risk,fraud,no,emergency,poor,shame,shortage,low,war,forced,die
crude,empty,sc,fears,shit,anxiety,fear,stop,warning,fight,crisis,fuck,panic,collapse,risk,fraud,no,emergency,poor,shame,shortage,low,war,forced,die
crude,empty,sc,fears,shit,anxiety,fear,stop,warning,fight,crisis,fuck,panic,collapse,risk,fraud,no,emergency,poor,shame,shortage,low,war,forced,die
crude,empty,sc,fears,shit,anxiety,fear,stop,warning,fight,crisis,fuck,panic,collapse,risk,fraud,no,emergency,poor,shame,shortage,low,war,forced,die
crude,empty,sc,fears,shit,anxiety,fear,stop,warning,fight,crisis,fuck,panic,collapse,risk,fraud,no,emergency,poor,shame,shortage,low,war,forced,die
crude,empty,sc,fears,shit,anxiety,fear,stop,warning,fight,crisis,fuck,panic,collapse,risk,fraud,no,emergency,poor,shame,shortage,low,war,forced,die
crude,empty,sc,fears,shit,anxiety,fear,stop,warning,fight,crisis,fuck,panic,collapse,risk,fraud,no,emergency,poor,shame,shortage,low,war,forced,die
crude,empty,sc,fears,shit,anxiety,fear,stop,warning,fight,crisis,fuck,panic,collapse,risk,fraud,no,emergency,poor,shame,shortage,low,war,forced,die
crude,empty,sc,fears,shit,anxiety,fear,stop,warning,fight,crisis,fuck,panic,collapse,risk,fraud,no,emergency,poor,shame,shortage,low,war,forced,die
crude,empty,sc,fears,shit,anxiety,fear,stop,warning,fight,crisis,fuck,panic,collapse,risk,fraud,no,emergency,poor,shame,shortage,low,war,forced,die
crude,empty,sc,fears,shit,anxiety,fear,stop,warning,fight,crisis,fuck,panic,collapse,risk,fraud,no,emergency,poor,shame,shortage,low,war,forced,die
crude,empty,sc,fears,shit,anxiety,fear,stop,warning,fight,crisis,fuck,panic,collapse,risk,fraud,no,emergency,poor,shame,shortage,low,war,forced,die
crude,empty,sc,fears,shit,anxiety,fear,stop,warning,fight,crisis,fuck,panic,collapse,risk,fraud,no,emergency,poor,shame,shortage,low,war,forced,die
crude,empty,sc,fears,shit,anxiety,fear,stop,warning,fight,crisis,fuck,panic,collapse,risk,fraud,no,emergency,poor,shame,shortage,low,war,forced,die
crude,empty,sc,fears,shit,anxiety,fear,stop,warning,fight,crisis,fuck,panic,collapse,risk,fraud,no,emergency,poor,shame,shortage,low,war,forced,die
crude,empty,sc,fears,shit,anxiety,fear,stop,warning,fight,crisis,fuck,panic,collapse,risk,fraud,no,emergency,poor,shame,shortage,low,war,forced,die
crude,empty,sc,fears,shit,anxiety,fear,stop,warning,fight,crisis,fuck,panic,collapse,risk,fraud,no,emergency,poor,shame,shortage,low,war,forced,die
crude,empty,sc,fears,shit,anxiety,fear,stop,warning,fight,crisis,fuck,panic,collapse,risk,fraud,no,emergency,poor,shame,shortage,low,war,forced,die
crude,empty,sc,fears,shit,anxiety,fear,stop,warning,fight,crisis,fuck,panic,collapse,risk,fraud,no,emergency,poor,shame,shortage,low,war,forced,die
crude,empty,sc,fears,shit,anxiety,fear,stop,warning,fight,crisis,fuck,panic,collapse,risk,fraud,no,emergency,poor,shame,shortage,low,war,forced,die
crude,empty,sc,fears,shit,anxiety,fear,stop,warning,fight,crisis,fuck,panic,collapse,risk,fraud,no,emergency,poor,shame,shortage,low,war,forced,die
crude,empty,sc,fears,shit,anxiety,fear,stop,warning,fight,crisis,fuck,panic,collapse,risk,fraud,no,emergency,poor,shame,shortage,low,war,forced,die
crude,empty,sc,fears,shit,anxiety,fear,stop,warning,fight,crisis,fuck,panic,collapse,risk,fraud,no,emergency,poor,shame,shortage,low,war,forced,die
crude,empty,sc,fears,shit,anxiety,fear,stop,warning,fight,crisis,fuck,panic,collapse,risk,fraud,no,emergency,poor,shame,shortage,low,war,forced,die
crude,empty,sc,fears,shit,anxiety,fear,stop,warning,fight,crisis,fuck,panic,collapse,risk,fraud,no,emergency,poor,shame,shortage,low,war,forced,die
crude,empty,sc,fears,shit,anxiety,fear,stop,warning,fight,crisis,fuck,panic,collapse,risk,fraud,no,emergency,poor,shame,shortage,low,war,forced,die
crude,empty,sc,fears,shit,anxiety,fear,stop,warning,fight,crisis,fuck,panic,collapse,risk,fraud,no,emergency,poor,shame,shortage,low,war,forced,die
crude,empty,sc,fears,shit,anxiety,fear,stop,warning,fight,crisis,fuck,panic,collapse,risk,fraud,no,emergency,poor,shame,shortage,low,war,forced,die
crude,empty,sc,fears,shit,anxiety,fear,stop,warning,fight,crisis,fuck,panic,collapse,risk,fraud,no,emergency,poor,shame,shortage,low,war,forced,die
crude,empty,sc,fears,shit,anxiety,fear,stop,warning,fight,crisis,fuck,panic,collapse,risk,fraud,no,emergency,poor,shame,shortage,low,war,forced,die
crude,empty,sc,fears,shit,anxiety,fear,stop,warning,fight,crisis,fuck,panic,collapse,risk,fraud,no,emergency,poor,shame,shortage,low,war,forced,die
crude,empty,sc,fears,shit,anxiety,fear,stop,warning,fight,crisis,fuck,panic,collapse,risk,fraud,no,emergency,poor,shame,shortage,low,war,forced,die
crude,empty,sc,fears,shit,anxiety,fear,stop,warning,fight,crisis,fuck,panic,collapse,risk,fraud,no,emergency,poor,shame,shortage,low,war,forced,die
crude,empty,sc,fears,shit,anxiety,fear,stop,warning,fight,crisis,fuck,panic,collapse,risk,fraud,no,emergency,poor,shame,shortage,low,war,forced,die
crude,empty,sc,fears,shit,anxiety,fear,stop,warning,fight,crisis,fuck,panic,collapse,risk,fraud,no,emergency,poor,shame,shortage,low,war,forced,die
crude,empty,sc,fears,shit,anxiety,fear,stop,warning,fight,crisis,fuck,panic,collapse,risk,fraud,no,emergency,poor,shame,shortage,low,war,forced,die
crude,empty,sc,fears,shit,anxiety,fear,stop,warning,fight,crisis,fuck,panic,collapse,risk,fraud,no,emergency,poor,shame,shortage,low,war,forced,die
crude,empty,sc,fears,shit,anxiety,fear,stop,warning,fight,crisis,fuck,panic,collapse,risk,fraud,no,emergency,poor,shame,shortage,low,war,forced,die
crude,empty,sc,fears,shit,anxiety,fear,stop,warning,fight,crisis,fuck,panic,collapse,risk,fraud,no,emergency,poor,shame,shortage,low,war,forced,die
crude,empty,sc,fears,shit,anxiety,fear,stop,warning,fight,crisis,fuck,panic,collapse,risk,fraud,no,emergency,poor,shame,shortage,low,war,forced,die
crude,empty,sc,fears,shit,anxiety,fear,stop,warning,fight,crisis,fuck,panic,collapse,risk,fraud,no,emergency,poor,shame,shortage,low,war,forced,die
crude,empty,sc,fears,shit,anxiety,fear,stop,warning,fight,crisis,fuck,panic,collapse,risk,fraud,no,emergency,poor,shame,shortage,low,war,forced,die
crude,empty,sc,fears,shit,anxiety,fear,stop,warning,fight,crisis,fuck,panic,collapse,risk,fraud,no,emergency,poor,shame,shortage,low,war,forced,die
crude,empty,sc,fears,shit,anxiety,fear,stop,warning,fight,crisis,fuck,panic,collapse,risk,fraud,no,emergency,poor,shame,shortage,low,war,forced,die
crude,empty,sc,fears,shit,anxiety,fear,stop,warning,fight,crisis,fuck,panic,collapse,risk,fraud,no,emergency,poor,shame,shortage,low,war,forced,die
crude,empty,sc,fears,shit,anxiety,fear,stop,warning,fight,crisis,fuck,panic,collapse,risk,fraud,no,emergency,poor,shame,shortage,low,war,forced,die
crude,empty,sc,fears,shit,anxiety,fear,stop,warning,fight,crisis,fuck,panic,collapse,risk,fraud,no,emergency,poor,shame,shortage,low,war,forced,die
crude,empty,sc,fears,shit,anxiety,fear,stop,warning,fight,crisis,fuck,panic,collapse,risk,fraud,no,emergency,poor,shame,shortage,low,war,forced,die
crude,empty,sc,fears,shit,anxiety,fear,stop,warning,fight,crisis,fuck,panic,collapse,risk,fraud,no,emergency,poor,shame,shortage,low,war,forced,die
crude,empty,sc,fears,shit,anxiety,fear,stop,warning,fight,crisis,fuck,panic,collapse,risk,fraud,no,emergency,poor,shame,shortage,low,war,forced,die
crude,empty,sc,fears,shit,anxiety,fear,stop,warning,fight,crisis,fuck,panic,collapse,risk,fraud,no,emergency,poor,shame,shortage,low,war,forced,die
crude,empty,sc,fears,shit,anxiety,fear,stop,warning,fight,crisis,fuck,panic,collapse,risk,fraud,no,emergency,poor,shame,shortage,low,war,forced,die
crude,empty,sc,fears,shit,anxiety,fear,stop,warning,fight,crisis,fuck,panic,collapse,risk,fraud,no,emergency,poor,shame,shortage,low,war,forced,die
crude,empty,sc,fears,shit,anxiety,fear,stop,warning,fight,crisis,fuck,panic,collapse,risk,fraud,no,emergency,poor,shame,shortage,low,war,forced,die
crude,empty,sc,fears,shit,anxiety,fear,stop,warning,fight,crisis,fuck,panic,collapse,risk,fraud,no,emergency,poor,shame,shortage,low,war,forced,die
crude,empty,sc,fears,shit,anxiety,fear,stop,warning,fight,crisis,fuck,panic,collapse,risk,fraud,no,emergency,poor,shame,shortage,low,war,forced,die
crude,empty,sc,fears,shit,anxiety,fear,stop,warning,fight,crisis,fuck,panic,collapse,risk,fraud,no,emergency,poor,shame,shortage,low,war,forced,die
crude,empty,sc,fears,shit,anxiety,fear,stop,warning,fight,crisis,fuck,panic,collapse,risk,fraud,no,emergency,poor,shame,shortage,low,war,forced,die
crude,empty,sc,fears,shit,anxiety,fear,stop,warning,fight,crisis,fuck,panic,collapse,risk,fraud,no,emergency,poor,shame,shortage,low,war,forced,die
crude,empty,sc,fears,shit,anxiety,fear,stop,warning,fight,crisis,fuck,panic,collapse,risk,fraud,no,emergency,poor,shame,shortage,low,war,forced,die
crude,empty,sc,fears,shit,anxiety,fear,stop,warning,fight,crisis,fuck,panic,collapse,risk,fraud,no,emergency,poor,shame,shortage,low,war,forced,die
crude,empty,sc,fears,shit,anxiety,fear,stop,warning,fight,crisis,fuck,panic,collapse,risk,fraud,no,emergency,poor,shame,shortage,low,war,forced,die
crude,empty,sc,fears,shit,anxiety,fear,stop,warning,fight,crisis,fuck,panic,collapse,risk,fraud,no,emergency,poor,shame,shortage,low,war,forced,die
crude,empty,sc,fears,shit,anxiety,fear,stop,warning,fight,crisis,fuck,panic,collapse,risk,fraud,no,emergency,poor,shame,shortage,low,war,forced,die
crude,empty,sc,fears,shit,anxiety,fear,stop,warning,fight,crisis,fuck,panic,collapse,risk,fraud,no,emergency,poor,shame,shortage,low,war,forced,die
crude,empty,sc,fears,shit,anxiety,fear,stop,warning,fight,crisis,fuck,panic,collapse,risk,fraud,no,emergency,poor,shame,shortage,low,war,forced,die
crude,empty,sc,fears,shit,anxiety,fear,stop,warning,fight,crisis,fuck,panic,collapse,risk,fraud,no,emergency,poor,shame,shortage,low,war,forced,die
crude,empty,sc,fears,shit,anxiety,fear,stop,warning,fight,crisis,fuck,panic,collapse,risk,fraud,no,emergency,poor,shame,shortage,low,war,forced,die
crude,empty,sc,fears,shit,anxiety,fear,stop,warning,fight,crisis,fuck,panic,collapse,risk,fraud,no,emergency,poor,shame,shortage,low,war,forced,die
crude,empty,sc,fears,shit,anxiety,fear,stop,warning,fight,crisis,fuck,panic,collapse,risk,fraud,no,emergency,poor,shame,shortage,low,war,forced,die
crude,empty,sc,fears,shit,anxiety,fear,stop,warning,fight,crisis,fuck,panic,collapse,risk,fraud,no,emergency,poor,shame,shortage,low,war,forced,die
crude,empty,sc,fears,shit,anxiety,fear,stop,warning,fight,crisis,fuck,panic,collapse,risk,fraud,no,emergency,poor,shame,shortage,low,war,forced,die
crude,empty,sc,fears,shit,anxiety,fear,stop,warning,fight,crisis,fuck,panic,collapse,risk,fraud,no,emergency,poor,shame,shortage,low,war,forced,die
crude,empty,sc,fears,shit,anxiety,fear,stop,warning,fight,crisis,fuck,panic,collapse,risk,fraud,no,emergency,poor,shame,shortage,low,war,forced,die
crude,empty,sc,fears,shit,anxiety,fear,stop,warning,fight,crisis,fuck,panic,collapse,risk,fraud,no,emergency,poor,shame,shortage,low,war,forced,die
crude,empty,sc,fears,shit,anxiety,fear,stop,warning,fight,crisis,fuck,panic,collapse,risk,fraud,no,emergency,poor,shame,shortage,low,war,forced,die
crude,empty,sc,fears,shit,anxiety,fear,stop,warning,fight,crisis,fuck,panic,collapse,risk,fraud,no,emergency,poor,shame,shortage,low,war,forced,die
crude,empty,sc,fears,shit,anxiety,fear,stop,warning,fight,crisis,fuck,panic,collapse,risk,fraud,no,emergency,poor,shame,shortage,low,war,forced,die
crude,empty,sc,fears,shit,anxiety,fear,stop,warning,fight,crisis,fuck,panic,collapse,risk,fraud,no,emergency,poor,shame,shortage,low,war,forced,die
crude,empty,sc,fears,shit,anxiety,fear,stop,warning,fight,crisis,fuck,panic,collapse,risk,fraud,no,emergency,poor,shame,shortage,low,war,forced,die
crude,empty,sc,fears,shit,anxiety,fear,stop,warning,fight,crisis,fuck,panic,collapse,risk,fraud,no,emergency,poor,shame,shortage,low,war,forced,die
crude,empty,sc,fears,shit,anxiety,fear,stop,warning,fight,crisis,fuck,panic,collapse,risk,fraud,no,emergency,poor,shame,shortage,low,war,forced,die
crude,empty,sc,fears,shit,anxiety,fear,stop,warning,fight,crisis,fuck,panic,collapse,risk,fraud,no,emergency,poor,shame,shortage,low,war,forced,die
crude,empty,sc,fears,shit,anxiety,fear,stop,warning,fight,crisis,fuck,panic,collapse,risk,fraud,no,emergency,poor,shame,shortage,low,war,forced,die
crude,empty,sc,fears,shit,anxiety,fear,stop,warning,fight,crisis,fuck,panic,collapse,risk,fraud,no,emergency,poor,shame,shortage,low,war,forced,die
crude,empty,sc,fears,shit,anxiety,fear,stop,warning,fight,crisis,fuck,panic,collapse,risk,fraud,no,emergency,poor,shame,shortage,low,war,forced,die
crude,empty,sc,fears,shit,anxiety,fear,stop,warning,fight,crisis,fuck,panic,collapse,risk,fraud,no,emergency,poor,shame,shortage,low,war,forced,die
crude,empty,sc,fears,shit,anxiety,fear,stop,warning,fight,crisis,fuck,panic,collapse,risk,fraud,no,emergency,poor,shame,shortage,low,war,forced,die
crude,empty,sc,fears,shit,anxiety,fear,stop,warning,fight,crisis,fuck,panic,collapse,risk,fraud,no,emergency,poor,shame,shortage,low,war,forced,die
crude,empty,sc,fears,shit,anxiety,fear,stop,warning,fight,crisis,fuck,panic,collapse,risk,fraud,no,emergency,poor,shame,shortage,low,war,forced,die
crude,empty,sc,fears,shit,anxiety,fear,stop,warning,fight,crisis,fuck,panic,collapse,risk,fraud,no,emergency,poor,shame,shortage,low,war,forced,die
crude,empty,sc,fears,shit,anxiety,fear,stop,warning,fight,crisis,fuck,panic,collapse,risk,fraud,no,emergency,poor,shame,shortage,low,war,forced,die
crude,empty,sc,fears,shit,anxiety,fear,stop,warning,fight,crisis,fuck,panic,collapse,risk,fraud,no,emergency,poor,shame,shortage,low,war,forced,die
crude,empty,sc,fears,shit,anxiety,fear,stop,warning,fight,crisis,fuck,panic,collapse,risk,fraud,no,emergency,poor,shame,shortage,low,war,forced,die
crude,empty,sc,fears,shit,anxiety,fear,stop,warning,fight,crisis,fuck,panic,collapse,risk,fraud,no,emergency,poor,shame,shortage,low,war,forced,die
crude,empty,sc,fears,shit,anxiety,fear,stop,warning,fight,crisis,fuck,panic,collapse,risk,fraud,no,emergency,poor,shame,shortage,low,war,forced,die
crude,empty,sc,fears,shit,anxiety,fear,stop,warning,fight,crisis,fuck,panic,collapse,risk,fraud,no,emergency,poor,shame,shortage,low,war,forced,die
crude,empty,sc,fears,shit,anxiety,fear,stop,warning,fight,crisis,fuck,panic,collapse,risk,fraud,no,emergency,poor,shame,shortage,low,war,forced,die
crude,empty,sc,fears,shit,anxiety,fear,stop,warning,fight,crisis,fuck,panic,collapse,risk,fraud,no,emergency,poor,shame,shortage,low,war,forced,die
crude,empty,recession,sc,fears,shit,anxiety,stop,warning,fight,crisis,fuck,panic,collapse,risk,fraud,no,emergency,poor,shame,shortage,low,war,forced,die
crude,empty,recession,sc,fears,shit,anxiety,stop,warning,fight,crisis,fuck,panic,collapse,risk,fraud,no,emergency,poor,shame,shortage,low,war,forced,die
crude,empty,recession,sc,fears,shit,anxiety,stop,warning,fight,crisis,fuck,panic,collapse,risk,fraud,no,emergency,poor,shame,shortage,low,war,forced,die
crude,empty,recession,sc,fears,shit,anxiety,stop,warning,fight,crisis,fuck,panic,collapse,risk,fraud,no,emergency,poor,shame,shortage,low,war,forced,die
crude,empty,recession,sc,fears,shit,anxiety,stop,warning,fight,crisis,fuck,panic,collapse,risk,fraud,no,emergency,poor,shame,shortage,low,war,forced,die
crude,empty,recession,sc,fears,shit,anxiety,stop,warning,fight,crisis,fuck,panic,collapse,risk,fraud,no,emergency,poor,shame,shortage,low,war,forced,die
crude,empty,recession,sc,fears,shit,anxiety,stop,warning,fight,crisis,fuck,panic,collapse,risk,fraud,no,emergency,poor,shame,shortage,low,war,forced,die
crude,empty,recession,sc,fears,shit,anxiety,stop,warning,fight,crisis,fuck,panic,collapse,risk,fraud,no,emergency,poor,shame,shortage,low,war,forced,die
crude,empty,recession,sc,fears,shit,anxiety,stop,warning,fight,crisis,fuck,panic,collapse,risk,fraud,no,emergency,poor,shame,shortage,low,war,forced,die
crude,empty,recession,sc,fears,shit,anxiety,stop,warning,fight,crisis,fuck,panic,collapse,risk,fraud,no,emergency,poor,shame,shortage,low,war,forced,die
crude,empty,recession,sc,fears,shit,anxiety,stop,warning,fight,crisis,fuck,panic,collapse,risk,fraud,no,emergency,poor,shame,shortage,low,war,forced,die
crude,empty,recession,sc,fears,shit,anxiety,stop,warning,fight,crisis,fuck,panic,collapse,risk,fraud,no,emergency,poor,shame,shortage,low,war,forced,die
crude,empty,recession,sc,fears,shit,anxiety,stop,warning,fight,crisis,fuck,panic,collapse,risk,fraud,no,emergency,poor,shame,shortage,low,war,forced,die
crude,empty,recession,sc,fears,shit,anxiety,stop,warning,fight,crisis,fuck,panic,collapse,risk,fraud,no,emergency,poor,shame,shortage,low,war,forced,die
crude,empty,recession,sc,fears,shit,anxiety,stop,warning,fight,crisis,fuck,panic,collapse,risk,fraud,no,emergency,poor,shame,shortage,low,war,forced,die
crude,empty,recession,sc,fears,shit,anxiety,stop,warning,fight,crisis,fuck,panic,collapse,risk,fraud,no,emergency,poor,shame,shortage,low,war,forced,die
crude,empty,recession,sc,fears,shit,anxiety,stop,warning,fight,crisis,fuck,panic,collapse,risk,fraud,no,emergency,poor,shame,shortage,low,war,forced,die
crude,empty,recession,sc,fears,shit,anxiety,stop,warning,fight,crisis,fuck,panic,collapse,risk,fraud,no,emergency,poor,shame,shortage,low,war,forced,die
crude,empty,recession,sc,fears,shit,anxiety,stop,warning,fight,crisis,fuck,panic,collapse,risk,fraud,no,emergency,poor,shame,shortage,low,war,forced,die
crude,empty,recession,sc,fears,shit,anxiety,stop,warning,fight,crisis,fuck,panic,collapse,risk,fraud,no,emergency,poor,shame,shortage,low,war,forced,die
crude,empty,recession,sc,fears,shit,anxiety,stop,warning,fight,crisis,fuck,panic,collapse,risk,fraud,no,emergency,poor,shame,shortage,low,war,forced,die
crude,empty,recession,sc,fears,shit,anxiety,stop,warning,fight,crisis,fuck,panic,collapse,risk,fraud,no,emergency,poor,shame,shortage,low,war,forced,die
crude,empty,recession,sc,fears,shit,anxiety,stop,warning,fight,crisis,fuck,panic,collapse,risk,fraud,no,emergency,poor,shame,shortage,low,war,forced,die
crude,empty,recession,sc,fears,shit,anxiety,stop,warning,fight,crisis,fuck,panic,collapse,risk,fraud,no,emergency,poor,shame,shortage,low,war,forced,die
crude,empty,recession,sc,fears,shit,anxiety,stop,warning,fight,crisis,fuck,panic,collapse,risk,fraud,no,emergency,poor,shame,shortage,low,war,forced,die
crude,empty,recession,sc,fears,shit,anxiety,stop,warning,fight,crisis,fuck,panic,collapse,risk,fraud,no,emergency,poor,shame,shortage,low,war,forced,die
crude,empty,recession,sc,fears,shit,anxiety,stop,warning,fight,crisis,fuck,panic,collapse,risk,fraud,no,emergency,poor,shame,shortage,low,war,forced,die
crude,empty,recession,sc,fears,shit,anxiety,stop,warning,fight,crisis,fuck,panic,collapse,risk,fraud,no,emergency,poor,shame,shortage,low,war,forced,die
crude,empty,recession,sc,fears,shit,anxiety,stop,warning,fight,crisis,fuck,panic,collapse,risk,fraud,no,emergency,poor,shame,shortage,low,war,forced,die
crude,empty,recession,sc,fears,shit,anxiety,stop,warning,fight,crisis,fuck,panic,collapse,risk,fraud,no,emergency,poor,shame,shortage,low,war,forced,die
crude,empty,recession,sc,fears,shit,anxiety,stop,warning,fight,crisis,fuck,panic,collapse,risk,fraud,no,emergency,poor,shame,shortage,low,war,forced,die
crude,empty,recession,sc,fears,shit,anxiety,stop,warning,fight,crisis,fuck,panic,collapse,risk,fraud,no,emergency,poor,shame,shortage,low,war,forced,die
crude,empty,recession,sc,fears,shit,anxiety,stop,warning,fight,crisis,fuck,panic,collapse,risk,fraud,no,emergency,poor,shame,shortage,low,war,forced,die
crude,empty,recession,sc,fears,shit,anxiety,stop,warning,fight,crisis,fuck,panic,collapse,risk,fraud,no,emergency,poor,shame,shortage,low,war,forced,die
crude,empty,recession,sc,fears,shit,anxiety,stop,warning,fight,crisis,fuck,panic,collapse,risk,fraud,no,emergency,poor,shame,shortage,low,war,forced,die
crude,empty,recession,sc,fears,shit,anxiety,stop,warning,fight,crisis,fuck,panic,collapse,risk,fraud,no,emergency,poor,shame,shortage,low,war,forced,die
crude,empty,recession,sc,fears,shit,anxiety,stop,warning,fight,crisis,fuck,panic,collapse,risk,fraud,no,emergency,poor,shame,shortage,low,war,forced,die
crude,empty,recession,sc,fears,shit,anxiety,stop,warning,fight,crisis,fuck,panic,collapse,risk,fraud,no,emergency,poor,shame,shortage,low,war,forced,die
crude,empty,recession,sc,fears,shit,anxiety,stop,warning,fight,crisis,fuck,panic,collapse,risk,fraud,no,emergency,poor,shame,shortage,low,war,forced,die
crude,empty,recession,sc,fears,shit,anxiety,stop,warning,fight,crisis,fuck,panic,collapse,risk,fraud,no,emergency,poor,shame,shortage,low,war,forced,die
crude,empty,recession,sc,fears,shit,anxiety,stop,warning,fight,crisis,fuck,panic,collapse,risk,fraud,no,emergency,poor,shame,shortage,low,war,forced,die
crude,empty,recession,sc,fears,shit,anxiety,stop,warning,fight,crisis,fuck,panic,collapse,risk,fraud,no,emergency,poor,shame,shortage,low,war,forced,die
crude,empty,recession,sc,fears,shit,anxiety,stop,warning,fight,crisis,fuck,panic,collapse,risk,fraud,no,emergency,poor,shame,shortage,low,war,forced,die
crude,empty,recession,sc,fears,shit,anxiety,stop,warning,fight,crisis,fuck,panic,collapse,risk,fraud,no,emergency,poor,shame,shortage,low,war,forced,die
crude,empty,recession,sc,fears,shit,anxiety,stop,warning,fight,crisis,fuck,panic,collapse,risk,fraud,no,emergency,poor,shame,shortage,low,war,forced,die
crude,empty,recession,sc,fears,shit,anxiety,stop,warning,fight,crisis,fuck,panic,collapse,risk,fraud,no,emergency,poor,shame,shortage,low,war,forced,die
crude,empty,recession,sc,fears,shit,anxiety,stop,warning,fight,crisis,fuck,panic,collapse,risk,fraud,no,emergency,poor,shame,shortage,low,war,forced,die
crude,empty,recession,sc,fears,shit,anxiety,stop,warning,fight,crisis,fuck,panic,collapse,risk,fraud,no,emergency,poor,shame,shortage,low,war,forced,die
crude,empty,recession,sc,fears,shit,anxiety,stop,warning,fight,crisis,fuck,panic,collapse,risk,fraud,no,emergency,poor,shame,shortage,low,war,forced,die
crude,empty,recession,sc,fears,shit,anxiety,stop,warning,fight,crisis,fuck,panic,collapse,risk,fraud,no,emergency,poor,shame,shortage,low,war,forced,die
crude,empty,recession,sc,fears,shit,anxiety,stop,warning,fight,crisis,fuck,panic,collapse,risk,fraud,no,emergency,poor,shame,shortage,low,war,forced,die
crude,empty,recession,sc,fears,shit,anxiety,stop,warning,fight,crisis,fuck,panic,collapse,risk,fraud,no,emergency,poor,shame,shortage,low,war,forced,die
crude,empty,recession,sc,fears,shit,anxiety,stop,warning,fight,crisis,fuck,panic,collapse,risk,fraud,no,emergency,poor,shame,shortage,low,war,forced,die
crude,empty,recession,sc,fears,shit,anxiety,stop,warning,fight,crisis,fuck,panic,collapse,risk,fraud,no,emergency,poor,shame,shortage,low,war,forced,die
crude,empty,recession,sc,fears,shit,anxiety,stop,warning,fight,crisis,fuck,panic,collapse,risk,fraud,no,emergency,poor,shame,shortage,low,war,forced,die
crude,empty,recession,sc,fears,shit,anxiety,stop,warning,fight,crisis,fuck,panic,collapse,risk,fraud,no,emergency,poor,shame,shortage,low,war,forced,die
crude,empty,recession,sc,fears,shit,anxiety,stop,warning,fight,crisis,fuck,panic,collapse,risk,fraud,no,emergency,poor,shame,shortage,low,war,forced,die
crude,empty,recession,sc,fears,shit,anxiety,stop,warning,fight,crisis,fuck,panic,collapse,risk,fraud,no,emergency,poor,shame,shortage,low,war,forced,die
crude,empty,recession,sc,fears,shit,anxiety,stop,warning,fight,crisis,fuck,panic,collapse,risk,fraud,no,emergency,poor,shame,shortage,low,war,forced,die
crude,empty,recession,sc,fears,shit,anxiety,stop,warning,fight,crisis,fuck,panic,collapse,risk,fraud,no,emergency,poor,shame,shortage,low,war,forced,die
crude,empty,recession,sc,fears,shit,anxiety,stop,warning,fight,crisis,fuck,panic,collapse,risk,fraud,no,emergency,poor,shame,shortage,low,war,forced,die
crude,empty,recession,sc,fears,shit,anxiety,stop,warning,fight,crisis,fuck,panic,collapse,risk,fraud,no,emergency,poor,shame,shortage,low,war,forced,die
crude,empty,recession,sc,fears,shit,anxiety,stop,warning,fight,crisis,fuck,panic,collapse,risk,fraud,no,emergency,poor,shame,shortage,low,war,forced,die
crude,empty,recession,sc,fears,shit,anxiety,stop,warning,fight,crisis,fuck,panic,collapse,risk,fraud,no,emergency,poor,shame,shortage,low,war,forced,die
crude,empty,recession,sc,fears,shit,anxiety,stop,warning,fight,crisis,fuck,panic,collapse,risk,fraud,no,emergency,poor,shame,shortage,low,war,forced,die
crude,empty,recession,sc,fears,shit,anxiety,stop,warning,fight,crisis,fuck,panic,collapse,risk,fraud,no,emergency,poor,shame,shortage,low,war,forced,die
crude,empty,recession,sc,fears,shit,anxiety,stop,warning,fight,crisis,fuck,panic,collapse,risk,fraud,no,emergency,poor,shame,shortage,low,war,forced,die
crude,empty,recession,sc,fears,shit,anxiety,stop,warning,fight,crisis,fuck,panic,collapse,risk,fraud,no,emergency,poor,shame,shortage,low,war,forced,die
crude,empty,recession,sc,fears,shit,anxiety,stop,warning,fight,crisis,fuck,panic,collapse,risk,fraud,no,emergency,poor,shame,shortage,low,war,forced,die
crude,empty,recession,sc,fears,shit,anxiety,stop,warning,fight,crisis,fuck,panic,collapse,risk,fraud,no,emergency,poor,shame,shortage,low,war,forced,die
crude,empty,recession,sc,fears,shit,anxiety,stop,warning,fight,crisis,fuck,panic,collapse,risk,fraud,no,emergency,poor,shame,shortage,low,war,forced,die
crude,empty,recession,sc,fears,shit,anxiety,stop,warning,fight,crisis,fuck,panic,collapse,risk,fraud,no,emergency,poor,shame,shortage,low,war,forced,die
crude,empty,recession,sc,fears,shit,anxiety,stop,warning,fight,crisis,fuck,panic,collapse,risk,fraud,no,emergency,poor,shame,shortage,low,war,forced,die
crude,empty,recession,sc,fears,shit,anxiety,stop,warning,fight,crisis,fuck,panic,collapse,risk,fraud,no,emergency,poor,shame,shortage,low,war,forced,die
crude,empty,recession,sc,fears,shit,anxiety,stop,warning,fight,crisis,fuck,panic,collapse,risk,fraud,no,emergency,poor,shame,shortage,low,war,forced,die
crude,empty,recession,sc,fears,shit,anxiety,stop,warning,fight,crisis,fuck,panic,collapse,risk,fraud,no,emergency,poor,shame,shortage,low,war,forced,die
crude,empty,recession,sc,fears,shit,anxiety,stop,warning,fight,crisis,fuck,panic,collapse,risk,fraud,no,emergency,poor,shame,shortage,low,war,forced,die
crude,empty,recession,sc,fears,shit,anxiety,stop,warning,fight,crisis,fuck,panic,collapse,risk,fraud,no,emergency,poor,shame,shortage,low,war,forced,die
crude,empty,recession,sc,fears,shit,anxiety,stop,warning,fight,crisis,fuck,panic,collapse,risk,fraud,no,emergency,poor,shame,shortage,low,war,forced,die
crude,empty,recession,sc,fears,shit,anxiety,stop,warning,fight,crisis,fuck,panic,collapse,risk,fraud,no,emergency,poor,shame,shortage,low,war,forced,die
crude,empty,recession,sc,fears,shit,anxiety,stop,warning,fight,crisis,fuck,panic,collapse,risk,fraud,no,emergency,poor,shame,shortage,low,war,forced,die
crude,empty,recession,sc,fears,shit,anxiety,stop,warning,fight,crisis,fuck,panic,collapse,risk,fraud,no,emergency,poor,shame,shortage,low,war,forced,die
crude,empty,recession,sc,fears,shit,anxiety,stop,warning,fight,crisis,fuck,panic,collapse,risk,fraud,no,emergency,poor,shame,shortage,low,war,forced,die
crude,empty,recession,sc,fears,shit,anxiety,stop,warning,fight,crisis,fuck,panic,collapse,risk,fraud,no,emergency,poor,shame,shortage,low,war,forced,die
crude,empty,recession,sc,fears,shit,anxiety,stop,warning,fight,crisis,fuck,panic,collapse,risk,fraud,no,emergency,poor,shame,shortage,low,war,forced,die
crude,empty,recession,sc,fears,shit,anxiety,stop,warning,fight,crisis,fuck,panic,collapse,risk,fraud,no,emergency,poor,shame,shortage,low,war,forced,die
crude,empty,recession,sc,fears,shit,anxiety,stop,warning,fight,crisis,fuck,panic,collapse,risk,fraud,no,emergency,poor,shame,shortage,low,war,forced,die
crude,empty,recession,sc,fears,shit,anxiety,stop,warning,fight,crisis,fuck,panic,collapse,risk,fraud,no,emergency,poor,shame,shortage,low,war,forced,die
crude,empty,recession,sc,fears,shit,anxiety,stop,warning,fight,crisis,fuck,panic,collapse,risk,fraud,no,emergency,poor,shame,shortage,low,war,forced,die
crude,empty,recession,sc,fears,shit,anxiety,stop,warning,fight,crisis,fuck,panic,collapse,risk,fraud,no,emergency,poor,shame,shortage,low,war,forced,die
crude,empty,recession,sc,fears,shit,anxiety,stop,warning,fight,crisis,fuck,panic,collapse,risk,fraud,no,emergency,poor,shame,shortage,low,war,forced,die
crude,empty,recession,sc,fears,shit,anxiety,stop,warning,fight,crisis,fuck,panic,collapse,risk,fraud,no,emergency,poor,shame,shortage,low,war,forced,die
crude,empty,recession,sc,fears,shit,anxiety,stop,warning,fight,crisis,fuck,panic,collapse,risk,fraud,no,emergency,poor,shame,shortage,low,war,forced,die
crude,empty,recession,sc,fears,shit,anxiety,stop,warning,fight,crisis,fuck,panic,collapse,risk,fraud,no,emergency,poor,shame,shortage,low,war,forced,die
crude,empty,recession,sc,fears,shit,anxiety,stop,warning,fight,crisis,fuck,panic,collapse,risk,fraud,no,emergency,poor,shame,shortage,low,war,forced,die
crude,empty,recession,sc,fears,shit,anxiety,stop,warning,fight,crisis,fuck,panic,collapse,risk,fraud,no,emergency,poor,shame,shortage,low,war,forced,die
crude,empty,recession,sc,fears,shit,anxiety,stop,warning,fight,crisis,fuck,panic,collapse,risk,fraud,no,emergency,poor,shame,shortage,low,war,forced,die
crude,empty,recession,sc,fears,shit,anxiety,stop,warning,fight,crisis,fuck,panic,collapse,risk,fraud,no,emergency,poor,shame,shortage,low,war,forced,die
crude,empty,recession,sc,fears,shit,anxiety,kill,stop,warning,fight,crisis,fuck,panic,collapse,risk,fraud,no,emergency,poor,shame,shortage,low,war,forced
crude,empty,recession,sc,fears,shit,anxiety,kill,stop,warning,fight,crisis,fuck,panic,collapse,risk,fraud,no,emergency,poor,shame,shortage,low,war,forced
crude,empty,recession,sc,fears,shit,anxiety,kill,stop,warning,fight,crisis,fuck,panic,collapse,risk,fraud,no,emergency,poor,shame,shortage,low,war,forced
crude,empty,recession,sc,fears,shit,anxiety,kill,stop,warning,fight,crisis,fuck,panic,collapse,risk,fraud,no,emergency,poor,shame,shortage,low,war,forced
crude,empty,recession,sc,fears,shit,anxiety,kill,stop,warning,fight,crisis,fuck,panic,collapse,risk,fraud,no,emergency,poor,shame,shortage,low,war,forced
crude,empty,recession,sc,fears,shit,anxiety,kill,stop,warning,fight,crisis,fuck,panic,collapse,risk,fraud,no,emergency,poor,shame,shortage,low,war,forced
crude,empty,recession,sc,fears,shit,anxiety,kill,stop,warning,fight,crisis,fuck,panic,collapse,risk,fraud,no,emergency,poor,shame,shortage,low,war,forced
crude,empty,recession,sc,fears,shit,anxiety,kill,stop,warning,fight,crisis,fuck,panic,collapse,risk,fraud,no,emergency,poor,shame,shortage,low,war,forced
crude,empty,recession,sc,fears,shit,anxiety,kill,stop,warning,fight,crisis,fuck,panic,collapse,risk,fraud,no,emergency,poor,shame,shortage,low,war,forced
crude,empty,recession,sc,fears,shit,anxiety,kill,stop,warning,fight,crisis,fuck,panic,collapse,risk,fraud,no,emergency,poor,shame,shortage,low,war,forced
crude,empty,recession,sc,fears,shit,anxiety,kill,stop,warning,fight,crisis,fuck,panic,collapse,risk,fraud,no,emergency,poor,shame,shortage,low,war,forced
crude,empty,recession,sc,fears,shit,anxiety,kill,stop,warning,fight,crisis,fuck,panic,collapse,risk,fraud,no,emergency,poor,shame,shortage,low,war,forced
crude,empty,recession,sc,fears,shit,anxiety,kill,stop,warning,fight,crisis,fuck,panic,collapse,risk,fraud,no,emergency,poor,shame,shortage,low,war,forced
crude,empty,recession,sc,fears,shit,anxiety,kill,stop,warning,fight,crisis,fuck,panic,collapse,risk,fraud,no,emergency,poor,shame,shortage,low,war,forced
crude,empty,recession,sc,fears,shit,anxiety,kill,stop,warning,fight,crisis,fuck,panic,collapse,risk,fraud,no,emergency,poor,shame,shortage,low,war,forced
crude,empty,recession,sc,fears,shit,anxiety,kill,stop,warning,fight,crisis,fuck,panic,collapse,risk,fraud,no,emergency,poor,shame,shortage,low,war,forced
crude,empty,recession,sc,fears,shit,anxiety,kill,stop,warning,fight,crisis,fuck,panic,collapse,risk,fraud,no,emergency,poor,shame,shortage,low,war,forced
crude,empty,recession,sc,fears,shit,anxiety,kill,stop,warning,fight,crisis,fuck,panic,collapse,risk,fraud,no,emergency,poor,shame,shortage,low,war,forced
crude,empty,recession,sc,fears,shit,anxiety,fear,stop,warning,fight,crisis,fuck,panic,collapse,risk,fraud,no,emergency,poor,shame,shortage,low,war,forced
crude,empty,recession,sc,fears,shit,anxiety,fear,stop,warning,fight,crisis,fuck,panic,collapse,risk,fraud,no,emergency,poor,shame,shortage,low,war,forced
crude,empty,recession,sc,fears,shit,anxiety,fear,stop,warning,fight,crisis,fuck,panic,collapse,risk,fraud,no,emergency,poor,shame,shortage,low,war,forced
crude,empty,recession,sc,fears,shit,anxiety,fear,stop,warning,fight,crisis,fuck,panic,collapse,risk,fraud,no,emergency,poor,shame,shortage,low,war,forced
crude,empty,recession,sc,fears,shit,anxiety,fear,stop,warning,fight,crisis,fuck,panic,collapse,risk,fraud,no,emergency,poor,shame,shortage,low,war,forced
crude,empty,recession,sc,fears,shit,anxiety,fear,stop,warning,fight,crisis,fuck,panic,collapse,risk,fraud,no,emergency,poor,shame,shortage,low,war,forced
crude,empty,recession,sc,fears,shit,anxiety,fear,stop,warning,fight,crisis,fuck,panic,collapse,risk,fraud,no,emergency,poor,shame,shortage,low,war,forced
crude,empty,recession,sc,fears,shit,anxiety,fear,stop,warning,fight,crisis,fuck,panic,collapse,risk,fraud,no,emergency,poor,shame,shortage,low,war,forced
crude,empty,recession,sc,fears,shit,anxiety,fear,stop,warning,fight,crisis,fuck,panic,collapse,risk,fraud,no,emergency,poor,shame,shortage,low,war,forced
crude,empty,recession,sc,fears,shit,anxiety,fear,stop,warning,fight,crisis,fuck,panic,collapse,risk,fraud,no,emergency,poor,shame,shortage,low,war,forced
crude,empty,recession,sc,fears,shit,anxiety,fear,stop,warning,fight,crisis,fuck,panic,collapse,risk,fraud,no,emergency,poor,shame,shortage,low,war,forced
crude,empty,recession,sc,fears,shit,anxiety,fear,stop,warning,fight,crisis,fuck,panic,collapse,risk,fraud,no,emergency,poor,shame,shortage,low,war,forced
crude,empty,recession,sc,fears,shit,anxiety,fear,stop,warning,fight,crisis,fuck,panic,collapse,risk,fraud,no,emergency,poor,shame,shortage,low,war,forced
crude,empty,recession,sc,fears,shit,anxiety,fear,stop,warning,fight,crisis,fuck,panic,collapse,risk,fraud,no,emergency,poor,shame,shortage,low,war,forced
crude,empty,recession,sc,fears,shit,anxiety,fear,stop,warning,fight,crisis,fuck,panic,collapse,risk,fraud,no,emergency,poor,shame,shortage,low,war,forced
crude,empty,recession,sc,fears,shit,anxiety,fear,stop,warning,fight,crisis,fuck,panic,collapse,risk,fraud,no,emergency,poor,shame,shortage,low,war,forced
crude,empty,recession,sc,fears,shit,anxiety,fear,stop,warning,fight,crisis,fuck,panic,collapse,risk,fraud,no,emergency,poor,shame,shortage,low,war,forced
crude,empty,recession,sc,fears,shit,anxiety,fear,stop,warning,fight,crisis,fuck,panic,collapse,risk,fraud,no,emergency,poor,shame,shortage,low,war,forced
crude,empty,recession,sc,fears,shit,anxiety,fear,stop,warning,fight,crisis,fuck,panic,collapse,risk,fraud,no,emergency,poor,shame,shortage,low,war,forced
crude,empty,recession,sc,fears,shit,anxiety,fear,stop,warning,fight,crisis,fuck,panic,collapse,risk,fraud,no,emergency,poor,shame,shortage,low,war,forced
crude,empty,recession,sc,fears,shit,anxiety,fear,stop,warning,fight,crisis,fuck,panic,collapse,risk,fraud,no,emergency,poor,shame,shortage,low,war,forced
crude,empty,recession,sc,fears,shit,anxiety,fear,stop,warning,fight,crisis,fuck,panic,collapse,risk,fraud,no,emergency,poor,shame,shortage,low,war,forced
crude,empty,sc,fears,shit,anxiety,fear,stop,warning,fight,crisis,fuck,panic,collapse,risk,fraud,no,emergency,poor,shame,shortage,low,war,forced,died
crude,empty,sc,fears,shit,anxiety,fear,stop,warning,fight,crisis,fuck,panic,collapse,risk,fraud,no,emergency,poor,shame,shortage,low,war,forced,died
crude,empty,sc,fears,shit,anxiety,fear,stop,warning,fight,crisis,fuck,panic,collapse,risk,fraud,no,emergency,poor,shame,shortage,low,war,forced,died
crude,empty,sc,fears,shit,anxiety,fear,stop,warning,fight,crisis,fuck,panic,collapse,risk,fraud,no,emergency,poor,shame,shortage,low,war,forced,died
crude,empty,sc,fears,shit,anxiety,fear,stop,warning,fight,crisis,fuck,panic,collapse,risk,fraud,no,emergency,poor,shame,shortage,low,war,forced,died
crude,empty,sc,fears,shit,anxiety,fear,stop,warning,fight,crisis,fuck,panic,collapse,risk,fraud,no,emergency,poor,shame,shortage,low,war,forced,died
crude,empty,sc,fears,shit,anxiety,fear,stop,warning,fight,crisis,fuck,panic,collapse,risk,fraud,no,emergency,poor,shame,shortage,low,war,forced,died
crude,empty,sc,fears,shit,anxiety,fear,stop,warning,fight,crisis,fuck,panic,collapse,risk,fraud,no,emergency,poor,shame,shortage,low,war,forced,died
crude,empty,sc,fears,shit,anxiety,fear,stop,warning,fight,crisis,fuck,panic,collapse,risk,fraud,no,emergency,poor,shame,shortage,low,war,forced,died
crude,empty,sc,fears,shit,anxiety,fear,stop,warning,fight,crisis,fuck,panic,collapse,risk,fraud,no,emergency,poor,shame,shortage,low,war,forced,died
crude,empty,sc,fears,shit,anxiety,fear,stop,warning,fight,crisis,fuck,panic,collapse,risk,fraud,no,emergency,poor,shame,shortage,low,war,forced,died
crude,empty,sc,fears,shit,anxiety,fear,stop,warning,fight,crisis,fuck,panic,collapse,risk,fraud,no,emergency,poor,shame,shortage,low,war,forced,died
crude,empty,sc,fears,shit,anxiety,fear,stop,warning,fight,crisis,fuck,panic,collapse,risk,fraud,no,emergency,poor,shame,shortage,low,war,forced,died
crude,empty,sc,fears,shit,anxiety,fear,stop,warning,fight,crisis,fuck,panic,collapse,risk,fraud,no,emergency,poor,shame,shortage,low,war,forced,died
crude,empty,sc,fears,shit,anxiety,fear,stop,warning,fight,crisis,fuck,panic,collapse,risk,fraud,no,emergency,poor,shame,shortage,low,war,forced,died
crude,empty,sc,fears,shit,anxiety,fear,stop,warning,fight,crisis,fuck,panic,collapse,risk,fraud,no,emergency,poor,shame,shortage,low,war,forced,died
crude,empty,sc,fears,shit,anxiety,fear,stop,warning,fight,crisis,fuck,panic,collapse,risk,fraud,no,emergency,poor,shame,shortage,low,war,forced,died
crude,empty,sc,fears,shit,anxiety,fear,stop,warning,fight,crisis,fuck,panic,collapse,risk,fraud,no,emergency,poor,shame,shortage,low,war,forced,died
crude,empty,sc,fears,shit,anxiety,fear,stop,warning,fight,crisis,fuck,panic,collapse,risk,fraud,no,emergency,poor,shame,shortage,low,war,forced,died
crude,empty,sc,fears,shit,anxiety,fear,stop,warning,fight,crisis,fuck,panic,collapse,risk,fraud,no,emergency,poor,shame,shortage,low,war,forced,died
crude,empty,sc,fears,shit,anxiety,fear,stop,warning,fight,crisis,fuck,panic,collapse,risk,fraud,no,emergency,poor,shame,shortage,low,war,forced,died
crude,empty,sc,fears,shit,anxiety,fear,stop,warning,fight,crisis,fuck,panic,collapse,risk,fraud,no,emergency,poor,shame,shortage,low,war,forced,died
crude,empty,sc,fears,shit,anxiety,fear,stop,warning,fight,crisis,fuck,panic,collapse,risk,fraud,no,emergency,poor,shame,shortage,low,war,forced,died
crude,empty,sc,fears,shit,anxiety,fear,stop,warning,fight,crisis,fuck,panic,collapse,risk,fraud,no,emergency,poor,shame,shortage,low,war,forced,died
crude,empty,sc,fears,shit,anxiety,fear,stop,warning,fight,crisis,fuck,panic,collapse,risk,fraud,no,emergency,poor,shame,shortage,low,war,forced,died
crude,empty,sc,fears,shit,anxiety,fear,stop,warning,fight,crisis,fuck,panic,collapse,risk,fraud,no,emergency,poor,shame,shortage,low,war,forced,died
crude,empty,sc,fears,shit,anxiety,fear,stop,warning,fight,crisis,fuck,panic,collapse,risk,fraud,no,emergency,poor,shame,shortage,low,war,forced,died
crude,empty,sc,fears,shit,anxiety,fear,stop,warning,fight,crisis,fuck,panic,collapse,risk,fraud,no,emergency,poor,shame,shortage,low,war,forced,died
crude,empty,sc,fears,shit,anxiety,fear,stop,warning,fight,crisis,fuck,panic,collapse,risk,fraud,no,emergency,poor,shame,shortage,low,war,forced,died
crude,empty,sc,fears,shit,anxiety,fear,stop,warning,fight,crisis,fuck,panic,collapse,risk,fraud,no,emergency,poor,shame,shortage,low,war,forced,died
crude,empty,sc,fears,shit,anxiety,fear,stop,warning,fight,crisis,fuck,panic,collapse,risk,fraud,no,emergency,poor,shame,shortage,low,war,forced,died
crude,empty,sc,fears,shit,anxiety,fear,stop,warning,fight,crisis,fuck,panic,collapse,risk,fraud,no,emergency,poor,shame,shortage,low,war,forced,died
crude,empty,sc,fears,shit,anxiety,fear,stop,warning,fight,crisis,fuck,panic,collapse,risk,fraud,no,emergency,poor,shame,shortage,low,war,forced,died
crude,empty,sc,fears,shit,anxiety,fear,stop,warning,fight,crisis,fuck,panic,collapse,risk,fraud,no,emergency,poor,shame,shortage,low,war,forced,died
crude,empty,sc,fears,shit,anxiety,fear,stop,warning,fight,crisis,fuck,panic,collapse,risk,fraud,no,emergency,poor,shame,shortage,low,war,forced,died
crude,empty,sc,fears,shit,anxiety,fear,stop,warning,fight,crisis,fuck,panic,collapse,risk,fraud,no,emergency,poor,shame,shortage,low,war,forced,died
crude,empty,sc,fears,shit,anxiety,fear,stop,warning,fight,crisis,fuck,panic,collapse,risk,fraud,no,emergency,poor,shame,shortage,low,war,forced,died
crude,empty,sc,fears,shit,anxiety,fear,stop,warning,fight,crisis,fuck,panic,collapse,risk,fraud,no,emergency,poor,shame,shortage,low,war,forced,died
crude,empty,sc,fears,shit,anxiety,fear,stop,warning,fight,crisis,fuck,panic,collapse,risk,fraud,no,emergency,poor,shame,shortage,low,war,forced,died
crude,empty,sc,fears,shit,anxiety,fear,stop,warning,fight,crisis,fuck,panic,collapse,risk,fraud,no,emergency,poor,shame,shortage,low,war,forced,died
crude,empty,sc,fears,shit,anxiety,fear,stop,warning,fight,crisis,fuck,panic,collapse,risk,fraud,no,emergency,poor,shame,shortage,low,war,forced,died
crude,empty,sc,fears,shit,anxiety,fear,stop,warning,fight,crisis,fuck,panic,collapse,risk,fraud,no,emergency,poor,shame,shortage,low,war,forced,died
crude,empty,sc,fears,shit,anxiety,fear,stop,warning,fight,crisis,fuck,panic,collapse,risk,fraud,no,emergency,poor,shame,shortage,low,war,forced,died
crude,empty,sc,fears,shit,anxiety,fear,stop,warning,fight,crisis,fuck,panic,collapse,risk,fraud,no,emergency,poor,shame,shortage,low,war,forced,died
crude,empty,sc,fears,shit,anxiety,fear,stop,warning,fight,crisis,fuck,panic,collapse,risk,fraud,no,emergency,poor,shame,shortage,low,war,forced,died
crude,empty,sc,fears,shit,anxiety,fear,stop,warning,fight,crisis,fuck,panic,collapse,risk,fraud,no,emergency,poor,shame,shortage,low,war,forced,died
crude,empty,sc,fears,shit,anxiety,fear,stop,warning,fight,crisis,fuck,panic,collapse,risk,fraud,no,emergency,poor,shame,shortage,low,war,forced,died
crude,empty,sc,fears,shit,anxiety,fear,stop,warning,fight,crisis,fuck,panic,collapse,risk,fraud,no,emergency,poor,shame,shortage,low,war,forced,died
crude,empty,sc,fears,shit,anxiety,fear,stop,warning,fight,crisis,fuck,panic,collapse,risk,fraud,no,emergency,poor,shame,shortage,low,war,forced,died
crude,empty,sc,fears,shit,anxiety,fear,stop,warning,fight,crisis,fuck,panic,collapse,risk,fraud,no,emergency,poor,shame,shortage,low,war,forced,died
crude,empty,sc,fears,shit,anxiety,fear,stop,warning,fight,crisis,fuck,panic,collapse,risk,fraud,no,emergency,poor,shame,shortage,low,war,forced,died
crude,empty,sc,fears,shit,anxiety,fear,stop,warning,fight,crisis,fuck,panic,collapse,risk,fraud,no,emergency,poor,shame,shortage,low,war,forced,died
crude,empty,sc,fears,shit,anxiety,fear,stop,warning,fight,crisis,fuck,panic,collapse,risk,fraud,no,emergency,poor,shame,shortage,low,war,forced,died
crude,empty,sc,fears,shit,anxiety,fear,stop,warning,fight,crisis,fuck,panic,collapse,risk,fraud,no,emergency,poor,shame,shortage,low,war,forced,died
crude,empty,sc,fears,shit,anxiety,fear,stop,warning,fight,crisis,fuck,panic,collapse,risk,fraud,no,emergency,poor,shame,shortage,low,war,forced,died
crude,empty,sc,fears,shit,anxiety,fear,stop,warning,fight,crisis,fuck,panic,collapse,risk,fraud,no,emergency,poor,shame,shortage,low,war,forced,died
crude,empty,sc,fears,shit,anxiety,fear,stop,warning,fight,crisis,fuck,panic,collapse,risk,fraud,no,emergency,poor,shame,shortage,low,war,forced,died
crude,empty,sc,fears,shit,anxiety,fear,stop,warning,fight,crisis,fuck,panic,collapse,risk,fraud,no,emergency,poor,shame,shortage,low,war,forced,died
crude,empty,sc,fears,shit,anxiety,fear,stop,warning,fight,crisis,fuck,panic,collapse,risk,fraud,no,emergency,poor,shame,shortage,low,war,forced,died
crude,empty,sc,fears,shit,anxiety,fear,stop,warning,fight,crisis,fuck,panic,collapse,risk,fraud,no,emergency,poor,shame,shortage,low,war,forced,died
crude,empty,sc,fears,shit,anxiety,fear,stop,warning,fight,crisis,fuck,panic,collapse,risk,fraud,no,emergency,poor,shame,shortage,low,war,forced,died
crude,empty,sc,fears,shit,anxiety,fear,stop,warning,fight,crisis,fuck,panic,collapse,risk,fraud,no,emergency,poor,shame,shortage,low,war,forced,died
crude,empty,sc,fears,shit,anxiety,fear,stop,warning,fight,crisis,fuck,panic,collapse,risk,fraud,no,emergency,poor,shame,shortage,low,war,forced,died
crude,empty,sc,fears,shit,anxiety,fear,stop,warning,fight,crisis,fuck,panic,collapse,risk,fraud,no,emergency,poor,shame,shortage,low,war,forced,died
crude,empty,sc,fears,shit,anxiety,fear,stop,warning,fight,crisis,fuck,panic,collapse,risk,fraud,no,emergency,poor,shame,shortage,low,war,forced,died
crude,empty,sc,fears,shit,anxiety,fear,stop,warning,fight,crisis,fuck,panic,collapse,risk,fraud,no,emergency,poor,shame,shortage,low,war,forced,died
crude,empty,sc,fears,shit,anxiety,fear,stop,warning,fight,crisis,fuck,panic,collapse,risk,fraud,no,emergency,poor,shame,shortage,low,war,forced,died
crude,empty,sc,fears,shit,anxiety,fear,stop,warning,fight,crisis,fuck,panic,collapse,risk,fraud,no,emergency,poor,shame,shortage,low,war,forced,died
crude,empty,sc,fears,shit,anxiety,fear,stop,warning,fight,crisis,fuck,panic,collapse,risk,fraud,no,emergency,poor,shame,shortage,low,war,forced,died
crude,empty,sc,fears,shit,anxiety,fear,stop,warning,fight,crisis,fuck,panic,collapse,risk,fraud,no,emergency,poor,shame,shortage,low,war,forced,died
crude,empty,sc,fears,shit,anxiety,fear,stop,warning,fight,crisis,fuck,panic,collapse,risk,fraud,no,emergency,poor,shame,shortage,low,war,forced,died
crude,empty,sc,fears,shit,anxiety,fear,stop,warning,fight,crisis,fuck,panic,collapse,risk,fraud,no,emergency,poor,shame,shortage,low,war,forced,died
crude,empty,sc,fears,shit,anxiety,fear,stop,warning,fight,crisis,fuck,panic,collapse,risk,fraud,no,emergency,poor,shame,shortage,low,war,forced,died
crude,empty,sc,fears,shit,anxiety,fear,stop,warning,fight,crisis,fuck,panic,collapse,risk,fraud,no,emergency,poor,shame,shortage,low,war,forced,died
crude,empty,sc,fears,shit,anxiety,fear,stop,warning,fight,crisis,fuck,panic,collapse,risk,fraud,no,emergency,poor,shame,shortage,low,war,forced,died
crude,empty,sc,fears,shit,anxiety,fear,stop,warning,fight,crisis,fuck,panic,collapse,risk,fraud,no,emergency,poor,shame,shortage,low,war,forced,died
crude,empty,sc,fears,shit,anxiety,fear,stop,warning,fight,crisis,fuck,panic,collapse,risk,fraud,no,emergency,poor,shame,shortage,low,war,forced,died
crude,empty,sc,fears,shit,anxiety,fear,stop,warning,fight,crisis,fuck,panic,collapse,risk,fraud,no,emergency,poor,shame,shortage,low,war,forced,died
crude,empty,sc,fears,shit,anxiety,fear,stop,warning,fight,crisis,fuck,panic,collapse,risk,fraud,no,emergency,poor,shame,shortage,low,war,forced,died
crude,empty,sc,fears,shit,anxiety,fear,stop,warning,fight,crisis,fuck,panic,collapse,risk,fraud,no,emergency,poor,shame,shortage,low,war,forced,died
crude,empty,sc,fears,shit,anxiety,fear,stop,warning,fight,crisis,fuck,panic,collapse,risk,fraud,no,emergency,poor,shame,shortage,low,war,forced,died
crude,empty,sc,fears,shit,anxiety,fear,stop,warning,fight,crisis,fuck,panic,collapse,risk,fraud,no,emergency,poor,shame,shortage,low,war,forced,died
crude,empty,sc,fears,shit,anxiety,fear,stop,warning,fight,crisis,fuck,panic,collapse,risk,fraud,no,emergency,poor,shame,shortage,low,war,forced,died
crude,empty,sc,fears,shit,anxiety,fear,stop,warning,fight,crisis,fuck,panic,collapse,risk,fraud,no,emergency,poor,shame,shortage,low,war,forced,died
crude,empty,sc,fears,shit,anxiety,fear,stop,warning,fight,crisis,fuck,panic,collapse,risk,fraud,no,emergency,poor,shame,shortage,low,war,forced,died
crude,empty,sc,fears,shit,anxiety,fear,stop,warning,fight,crisis,fuck,panic,collapse,risk,fraud,no,emergency,poor,shame,shortage,low,war,forced,died
crude,empty,sc,fears,shit,anxiety,fear,stop,warning,fight,crisis,fuck,panic,collapse,risk,fraud,no,emergency,poor,shame,shortage,low,war,forced,died
crude,empty,sc,fears,shit,anxiety,fear,stop,warning,fight,crisis,fuck,panic,collapse,risk,fraud,no,emergency,poor,shame,shortage,low,war,forced,died
crude,empty,sc,fears,shit,anxiety,fear,stop,warning,fight,crisis,fuck,panic,collapse,risk,fraud,no,emergency,poor,shame,shortage,low,war,forced,died
crude,empty,sc,fears,shit,anxiety,fear,stop,warning,fight,crisis,fuck,panic,collapse,risk,fraud,no,emergency,poor,shame,shortage,low,war,forced,died
crude,empty,sc,fears,shit,anxiety,fear,stop,warning,fight,crisis,fuck,panic,collapse,risk,fraud,no,emergency,poor,shame,shortage,low,war,forced,died
crude,empty,sc,fears,shit,anxiety,fear,stop,warning,fight,crisis,fuck,panic,collapse,risk,fraud,no,emergency,poor,shame,shortage,low,war,forced,died
crude,empty,sc,fears,shit,anxiety,fear,stop,warning,fight,crisis,fuck,panic,collapse,risk,fraud,no,emergency,poor,shame,shortage,low,war,forced,died
crude,empty,sc,fears,shit,anxiety,fear,stop,warning,fight,crisis,fuck,panic,collapse,risk,fraud,no,emergency,poor,shame,shortage,low,war,forced,died
crude,empty,sc,fears,shit,anxiety,fear,stop,warning,fight,crisis,fuck,panic,collapse,risk,fraud,no,emergency,poor,shame,shortage,low,war,forced,died
crude,empty,sc,fears,shit,anxiety,fear,stop,warning,fight,crisis,fuck,panic,collapse,risk,fraud,no,emergency,poor,shame,shortage,low,war,forced,died
crude,empty,sc,fears,shit,anxiety,fear,stop,warning,fight,crisis,fuck,panic,collapse,risk,fraud,no,emergency,poor,shame,shortage,low,war,forced,died
crude,empty,sc,fears,shit,anxiety,fear,stop,warning,fight,crisis,fuck,panic,collapse,risk,fraud,no,emergency,poor,shame,shortage,low,war,forced,died
crude,empty,sc,fears,shit,anxiety,fear,stop,warning,fight,crisis,fuck,panic,collapse,risk,fraud,no,emergency,poor,shame,shortage,low,war,forced,died
crude,empty,sc,fears,shit,anxiety,fear,stop,warning,fight,crisis,fuck,panic,collapse,risk,fraud,no,emergency,poor,shame,shortage,low,war,forced,died
crude,empty,sc,fears,shit,anxiety,fear,stop,warning,fight,crisis,fuck,panic,collapse,risk,fraud,no,emergency,poor,shame,shortage,low,war,forced,died
crude,empty,sc,fears,shit,anxiety,fear,stop,warning,fight,crisis,fuck,panic,collapse,risk,fraud,no,emergency,poor,shame,shortage,low,war,forced,died
crude,empty,sc,fears,shit,anxiety,fear,stop,warning,fight,crisis,fuck,panic,collapse,risk,fraud,no,emergency,poor,shame,shortage,low,war,forced,died
crude,empty,sc,fears,shit,anxiety,fear,stop,warning,fight,crisis,fuck,panic,collapse,risk,fraud,no,emergency,poor,shame,shortage,low,war,forced,died
crude,empty,sc,fears,shit,anxiety,fear,stop,warning,fight,crisis,fuck,panic,collapse,risk,fraud,no,emergency,poor,shame,shortage,low,war,forced,died
crude,empty,sc,fears,shit,anxiety,fear,stop,warning,fight,crisis,fuck,panic,collapse,risk,fraud,no,emergency,poor,shame,shortage,low,war,forced,died
crude,empty,sc,fears,shit,anxiety,fear,stop,warning,fight,crisis,fuck,panic,collapse,risk,fraud,no,emergency,poor,shame,shortage,low,war,forced,died
crude,empty,sc,fears,shit,anxiety,fear,stop,warning,fight,crisis,fuck,panic,collapse,risk,fraud,no,emergency,poor,shame,shortage,low,war,forced,died
crude,empty,sc,fears,shit,anxiety,fear,stop,warning,fight,crisis,fuck,panic,collapse,risk,fraud,no,emergency,poor,shame,shortage,low,war,forced,died
crude,empty,sc,fears,shit,anxiety,fear,stop,warning,fight,crisis,fuck,panic,collapse,risk,fraud,no,emergency,poor,shame,shortage,low,war,forced,died
crude,empty,sc,fears,shit,anxiety,fear,stop,warning,fight,crisis,fuck,panic,collapse,risk,fraud,no,emergency,poor,shame,shortage,low,war,forced,died
crude,empty,sc,fears,shit,anxiety,fear,stop,warning,fight,crisis,fuck,panic,collapse,risk,fraud,no,emergency,poor,shame,shortage,low,war,forced,died
crude,empty,sc,fears,shit,anxiety,fear,stop,warning,fight,crisis,fuck,panic,collapse,risk,fraud,no,emergency,poor,shame,shortage,low,war,forced,died
crude,empty,sc,fears,shit,anxiety,fear,stop,warning,fight,crisis,fuck,panic,collapse,risk,fraud,no,emergency,poor,shame,shortage,low,war,forced,died
crude,empty,sc,fears,shit,anxiety,fear,stop,warning,fight,crisis,fuck,panic,collapse,risk,fraud,no,emergency,poor,shame,shortage,low,war,forced,died
crude,empty,sc,fears,shit,anxiety,fear,stop,warning,fight,crisis,fuck,panic,collapse,risk,fraud,no,emergency,poor,shame,shortage,low,war,forced,died
crude,empty,sc,fears,shit,anxiety,fear,stop,warning,fight,crisis,fuck,panic,collapse,risk,fraud,no,emergency,poor,shame,shortage,low,war,forced,died
crude,empty,sc,fears,shit,anxiety,fear,stop,warning,fight,crisis,fuck,panic,collapse,risk,fraud,no,emergency,poor,shame,shortage,low,war,forced,died
crude,empty,sc,fears,shit,anxiety,fear,stop,warning,fight,crisis,fuck,panic,collapse,risk,fraud,no,emergency,poor,shame,shortage,low,war,forced,died
crude,empty,sc,fears,shit,anxiety,fear,stop,warning,fight,crisis,fuck,panic,collapse,risk,fraud,no,emergency,poor,shame,shortage,low,war,forced,died
crude,empty,sc,fears,shit,anxiety,fear,stop,warning,fight,crisis,fuck,panic,collapse,risk,fraud,no,emergency,poor,shame,shortage,low,war,forced,died
crude,empty,sc,fears,shit,anxiety,fear,stop,warning,fight,crisis,fuck,panic,collapse,risk,fraud,no,emergency,poor,shame,shortage,low,war,forced,died
crude,empty,sc,fears,shit,anxiety,fear,stop,warning,fight,crisis,fuck,panic,collapse,risk,fraud,no,emergency,poor,shame,shortage,low,war,forced,died
crude,empty,sc,fears,shit,anxiety,fear,stop,warning,fight,crisis,fuck,panic,collapse,risk,fraud,no,emergency,poor,shame,shortage,low,war,forced,died
crude,empty,sc,fears,shit,anxiety,fear,stop,warning,fight,crisis,fuck,panic,collapse,risk,fraud,no,emergency,poor,shame,shortage,low,war,forced,died
crude,empty,sc,fears,shit,anxiety,fear,stop,warning,fight,crisis,fuck,panic,collapse,risk,fraud,no,emergency,poor,shame,shortage,low,war,forced,died
crude,empty,sc,fears,shit,anxiety,fear,stop,warning,fight,crisis,fuck,panic,collapse,risk,fraud,no,emergency,poor,shame,shortage,low,war,forced,died
crude,empty,sc,fears,shit,anxiety,fear,stop,warning,fight,crisis,fuck,panic,collapse,risk,fraud,no,emergency,poor,shame,shortage,low,war,forced,died
crude,empty,sc,fears,shit,anxiety,fear,stop,warning,fight,crisis,fuck,panic,collapse,risk,fraud,no,emergency,poor,shame,shortage,low,war,forced,died
crude,empty,sc,fears,shit,anxiety,fear,stop,warning,fight,crisis,fuck,panic,collapse,risk,fraud,no,emergency,poor,shame,shortage,low,war,forced,died
crude,empty,sc,fears,shit,anxiety,fear,stop,warning,fight,crisis,fuck,panic,collapse,risk,fraud,no,emergency,poor,shame,shortage,low,war,forced,died
crude,empty,sc,fears,shit,anxiety,fear,stop,warning,fight,crisis,fuck,panic,collapse,risk,fraud,no,emergency,poor,shame,shortage,low,war,forced,died
crude,empty,sc,fears,shit,anxiety,fear,stop,warning,fight,crisis,fuck,panic,collapse,risk,fraud,no,emergency,poor,shame,shortage,low,war,forced,died
crude,empty,sc,fears,shit,anxiety,fear,stop,warning,fight,crisis,fuck,panic,collapse,risk,fraud,no,emergency,poor,shame,shortage,low,war,forced,died
crude,empty,sc,fears,shit,anxiety,fear,stop,warning,fight,crisis,fuck,panic,collapse,risk,fraud,no,emergency,poor,shame,shortage,low,war,forced,died
crude,empty,sc,fears,shit,anxiety,fear,stop,warning,fight,crisis,fuck,panic,collapse,risk,fraud,no,emergency,poor,shame,shortage,low,war,forced,died
crude,empty,sc,fears,shit,anxiety,fear,stop,warning,fight,crisis,fuck,panic,collapse,risk,fraud,no,emergency,poor,shame,shortage,low,war,forced,died
crude,empty,sc,fears,shit,anxiety,fear,stop,warning,fight,crisis,fuck,panic,collapse,risk,fraud,no,emergency,poor,shame,shortage,low,war,forced,died
crude,empty,sc,fears,shit,anxiety,fear,stop,warning,fight,crisis,fuck,panic,collapse,risk,fraud,no,emergency,poor,shame,shortage,low,war,forced,died
crude,empty,sc,fears,shit,anxiety,fear,stop,warning,fight,crisis,fuck,panic,collapse,risk,fraud,no,emergency,poor,shame,shortage,low,war,forced,died
crude,empty,sc,fears,shit,anxiety,fear,stop,warning,fight,crisis,fuck,panic,collapse,risk,fraud,no,emergency,poor,shame,shortage,low,war,forced,died
crude,empty,sc,fears,shit,anxiety,fear,stop,warning,fight,crisis,fuck,panic,collapse,risk,fraud,no,emergency,poor,shame,shortage,low,war,forced,died
crude,empty,sc,fears,shit,anxiety,fear,stop,warning,fight,crisis,fuck,panic,collapse,risk,fraud,no,emergency,poor,shame,shortage,low,war,forced,died
crude,empty,sc,fears,shit,anxiety,fear,stop,warning,fight,crisis,fuck,panic,collapse,risk,fraud,no,emergency,poor,shame,shortage,low,war,forced,died
crude,empty,sc,fears,shit,anxiety,fear,stop,warning,fight,crisis,fuck,panic,collapse,risk,fraud,no,emergency,poor,shame,shortage,low,war,forced,died
crude,empty,sc,fears,shit,anxiety,fear,stop,warning,fight,crisis,fuck,panic,collapse,risk,fraud,no,emergency,poor,shame,shortage,low,war,forced,died
crude,empty,sc,fears,shit,anxiety,fear,stop,warning,fight,crisis,fuck,panic,collapse,risk,fraud,no,emergency,poor,shame,shortage,low,war,forced,died
crude,empty,sc,fears,shit,anxiety,fear,stop,warning,fight,crisis,fuck,panic,collapse,risk,fraud,no,emergency,poor,shame,shortage,low,war,forced,died
crude,empty,sc,fears,shit,anxiety,fear,stop,warning,fight,crisis,fuck,panic,collapse,risk,fraud,no,emergency,poor,shame,shortage,low,war,forced,died
crude,empty,sc,fears,shit,anxiety,fear,stop,warning,fight,crisis,fuck,panic,collapse,risk,fraud,no,emergency,poor,shame,shortage,low,war,forced,died
crude,empty,sc,fears,shit,anxiety,kill,stop,warning,fight,crisis,fuck,panic,collapse,risk,fraud,no,emergency,poor,shame,shortage,low,war,forced,died
crude,empty,sc,fears,shit,anxiety,kill,stop,warning,fight,crisis,fuck,panic,collapse,risk,fraud,no,emergency,poor,shame,shortage,low,war,forced,died
crude,empty,sc,fears,shit,anxiety,kill,stop,warning,fight,crisis,fuck,panic,collapse,risk,fraud,no,emergency,poor,shame,shortage,low,war,forced,died
crude,empty,sc,fears,shit,anxiety,kill,stop,warning,fight,crisis,fuck,panic,collapse,risk,fraud,no,emergency,poor,shame,shortage,low,war,forced,died
crude,empty,sc,fears,shit,anxiety,kill,stop,warning,fight,crisis,fuck,panic,collapse,risk,fraud,no,emergency,poor,shame,shortage,low,war,forced,died
crude,empty,sc,fears,shit,anxiety,kill,stop,warning,fight,crisis,fuck,panic,collapse,risk,fraud,no,emergency,poor,shame,shortage,low,war,forced,died
crude,empty,sc,fears,shit,anxiety,kill,stop,warning,fight,crisis,fuck,panic,collapse,risk,fraud,no,emergency,poor,shame,shortage,low,war,forced,died
crude,empty,sc,fears,shit,anxiety,kill,stop,warning,fight,crisis,fuck,panic,collapse,risk,fraud,no,emergency,poor,shame,shortage,low,war,forced,died
crude,empty,sc,fears,shit,anxiety,kill,stop,warning,fight,crisis,fuck,panic,collapse,risk,fraud,no,emergency,poor,shame,shortage,low,war,forced,died
crude,empty,sc,fears,shit,anxiety,kill,stop,warning,fight,crisis,fuck,panic,collapse,risk,fraud,no,emergency,poor,shame,shortage,low,war,forced,died
crude,empty,sc,fears,shit,anxiety,kill,stop,warning,fight,crisis,fuck,panic,collapse,risk,fraud,no,emergency,poor,shame,shortage,low,war,forced,died
crude,empty,sc,fears,shit,anxiety,kill,stop,warning,fight,crisis,fuck,panic,collapse,risk,fraud,no,emergency,poor,shame,shortage,low,war,forced,died
crude,empty,sc,fears,shit,anxiety,kill,stop,warning,fight,crisis,fuck,panic,collapse,risk,fraud,no,emergency,poor,shame,shortage,low,war,forced,died
crude,empty,sc,fears,shit,anxiety,kill,stop,warning,fight,crisis,fuck,panic,collapse,risk,fraud,no,emergency,poor,shame,shortage,low,war,forced,died
crude,empty,sc,fears,shit,anxiety,kill,stop,warning,fight,crisis,fuck,panic,collapse,risk,fraud,no,emergency,poor,shame,shortage,low,war,forced,died
crude,empty,sc,fears,shit,anxiety,kill,stop,warning,fight,crisis,fuck,panic,collapse,risk,fraud,no,emergency,poor,shame,shortage,low,war,forced,died
crude,empty,sc,fears,shit,anxiety,kill,stop,warning,fight,crisis,fuck,panic,collapse,risk,fraud,no,emergency,poor,shame,shortage,low,war,forced,died
crude,empty,sc,fears,shit,anxiety,kill,stop,warning,fight,crisis,fuck,panic,collapse,risk,fraud,no,emergency,poor,shame,shortage,low,war,forced,died
crude,empty,sc,fears,shit,anxiety,kill,stop,warning,fight,crisis,fuck,panic,collapse,risk,fraud,no,emergency,poor,shame,shortage,low,war,forced,died
crude,empty,sc,fears,shit,anxiety,kill,stop,warning,fight,crisis,fuck,panic,collapse,risk,fraud,no,emergency,poor,shame,shortage,low,war,forced,died
crude,empty,sc,fears,shit,anxiety,kill,stop,warning,fight,crisis,fuck,panic,collapse,risk,fraud,no,emergency,poor,shame,shortage,low,war,forced,died
crude,empty,sc,fears,shit,anxiety,kill,stop,warning,fight,crisis,fuck,panic,collapse,risk,fraud,no,emergency,poor,shame,shortage,low,war,forced,died
crude,empty,sc,fears,shit,anxiety,kill,stop,warning,fight,crisis,fuck,panic,collapse,risk,fraud,no,emergency,poor,shame,shortage,low,war,forced,died
crude,empty,sc,fears,shit,anxiety,kill,stop,warning,fight,crisis,fuck,panic,collapse,risk,fraud,no,emergency,poor,shame,shortage,low,war,forced,died
crude,empty,sc,fears,shit,anxiety,kill,stop,warning,fight,crisis,fuck,panic,collapse,risk,fraud,no,emergency,poor,shame,shortage,low,war,forced,died
crude,empty,sc,fears,shit,anxiety,kill,stop,warning,fight,crisis,fuck,panic,collapse,risk,fraud,no,emergency,poor,shame,shortage,low,war,forced,died
crude,empty,sc,fears,shit,anxiety,kill,stop,warning,fight,crisis,fuck,panic,collapse,risk,fraud,no,emergency,poor,shame,shortage,low,war,forced,died
crude,empty,sc,fears,shit,anxiety,kill,stop,warning,fight,crisis,fuck,panic,collapse,risk,fraud,no,emergency,poor,shame,shortage,low,war,forced,died
crude,empty,sc,fears,shit,anxiety,kill,stop,warning,fight,crisis,fuck,panic,collapse,risk,fraud,no,emergency,poor,shame,shortage,low,war,forced,died
crude,empty,sc,fears,shit,anxiety,kill,stop,warning,fight,crisis,fuck,panic,collapse,risk,fraud,no,emergency,poor,shame,shortage,low,war,forced,died
crude,empty,sc,fears,shit,anxiety,kill,stop,warning,fight,crisis,fuck,panic,collapse,risk,fraud,no,emergency,poor,shame,shortage,low,war,forced,died
crude,empty,sc,fears,shit,anxiety,kill,stop,warning,fight,crisis,fuck,panic,collapse,risk,fraud,no,emergency,poor,shame,shortage,low,war,forced,died
crude,empty,sc,fears,shit,anxiety,kill,stop,warning,fight,crisis,fuck,panic,collapse,risk,fraud,no,emergency,poor,shame,shortage,low,war,forced,died
crude,empty,sc,fears,shit,anxiety,kill,stop,warning,fight,crisis,fuck,panic,collapse,risk,fraud,no,emergency,poor,shame,shortage,low,war,forced,died
crude,empty,sc,fears,shit,anxiety,kill,stop,warning,fight,crisis,fuck,panic,collapse,risk,fraud,no,emergency,poor,shame,shortage,low,war,forced,died
crude,empty,sc,fears,shit,anxiety,kill,stop,warning,fight,crisis,fuck,panic,collapse,risk,fraud,no,emergency,poor,shame,shortage,low,war,forced,died
crude,empty,sc,fears,shit,anxiety,kill,stop,warning,fight,crisis,fuck,panic,collapse,risk,fraud,no,emergency,poor,shame,shortage,low,war,forced,died
crude,empty,sc,fears,shit,anxiety,kill,stop,warning,fight,crisis,fuck,panic,collapse,risk,fraud,no,emergency,poor,shame,shortage,low,war,forced,died
crude,empty,sc,fears,shit,anxiety,kill,stop,warning,fight,crisis,fuck,panic,collapse,risk,fraud,no,emergency,poor,shame,shortage,low,war,forced,died
crude,empty,sc,fears,shit,anxiety,kill,stop,warning,fight,crisis,fuck,panic,collapse,risk,fraud,no,emergency,poor,shame,shortage,low,war,forced,died
crude,empty,sc,fears,shit,anxiety,kill,stop,warning,fight,crisis,fuck,panic,collapse,risk,fraud,no,emergency,poor,shame,shortage,low,war,forced,died
crude,empty,sc,fears,shit,anxiety,kill,stop,warning,fight,crisis,fuck,panic,collapse,risk,fraud,no,emergency,poor,shame,shortage,low,war,forced,died
crude,empty,sc,fears,shit,anxiety,kill,stop,warning,fight,crisis,fuck,panic,collapse,risk,fraud,no,emergency,poor,shame,shortage,low,war,forced,died
crude,empty,sc,fears,shit,anxiety,kill,stop,warning,fight,crisis,fuck,panic,collapse,risk,fraud,no,emergency,poor,shame,shortage,low,war,forced,died
crude,empty,sc,fears,shit,anxiety,kill,stop,warning,fight,crisis,fuck,panic,collapse,risk,fraud,no,emergency,poor,shame,shortage,low,war,forced,died
crude,empty,sc,fears,shit,anxiety,kill,stop,warning,fight,crisis,fuck,panic,collapse,risk,fraud,no,emergency,poor,shame,shortage,low,war,forced,died
crude,empty,sc,fears,shit,anxiety,kill,stop,warning,fight,crisis,fuck,panic,collapse,risk,fraud,no,emergency,poor,shame,shortage,low,war,forced,died
crude,empty,sc,fears,shit,anxiety,kill,stop,warning,fight,crisis,fuck,panic,collapse,risk,fraud,no,emergency,poor,shame,shortage,low,war,forced,died
crude,empty,sc,fears,shit,anxiety,kill,stop,warning,fight,crisis,fuck,panic,collapse,risk,fraud,no,emergency,poor,shame,shortage,low,war,forced,died
crude,empty,sc,fears,shit,anxiety,kill,stop,warning,fight,crisis,fuck,panic,collapse,risk,fraud,no,emergency,poor,shame,shortage,low,war,forced,died
crude,empty,sc,fears,shit,anxiety,kill,stop,warning,fight,crisis,fuck,panic,collapse,risk,fraud,no,emergency,poor,shame,shortage,low,war,forced,died
crude,empty,sc,fears,shit,anxiety,kill,stop,warning,fight,crisis,fuck,panic,collapse,risk,fraud,no,emergency,poor,shame,shortage,low,war,forced,died
crude,empty,sc,fears,shit,anxiety,kill,stop,warning,fight,crisis,fuck,panic,collapse,risk,fraud,no,emergency,poor,shame,shortage,low,war,forced,died
crude,empty,sc,fears,shit,anxiety,kill,stop,warning,fight,crisis,fuck,panic,collapse,risk,fraud,no,emergency,poor,shame,shortage,low,war,forced,died
crude,empty,sc,fears,shit,anxiety,kill,stop,warning,fight,crisis,fuck,panic,collapse,risk,fraud,no,emergency,poor,shame,shortage,low,war,forced,died
crude,empty,sc,fears,shit,anxiety,kill,stop,warning,fight,crisis,fuck,panic,collapse,risk,fraud,no,emergency,poor,shame,shortage,low,war,forced,died
crude,empty,sc,fears,shit,anxiety,kill,stop,warning,fight,crisis,fuck,panic,collapse,risk,fraud,no,emergency,poor,shame,shortage,low,war,forced,died
crude,empty,sc,fears,shit,anxiety,kill,stop,warning,fight,crisis,fuck,panic,collapse,risk,fraud,no,emergency,poor,shame,shortage,low,war,forced,died
crude,empty,sc,fears,shit,anxiety,kill,stop,warning,fight,crisis,fuck,panic,collapse,risk,fraud,no,emergency,poor,shame,shortage,low,war,forced,died
crude,empty,sc,fears,shit,anxiety,kill,stop,warning,fight,crisis,fuck,panic,collapse,risk,fraud,no,emergency,poor,shame,shortage,low,war,forced,died
crude,empty,sc,fears,shit,anxiety,kill,stop,warning,fight,crisis,fuck,panic,collapse,risk,fraud,no,emergency,poor,shame,shortage,low,war,forced,died
crude,empty,sc,fears,shit,anxiety,kill,stop,warning,fight,crisis,fuck,panic,collapse,risk,fraud,no,emergency,poor,shame,shortage,low,war,forced,died
crude,empty,sc,fears,shit,anxiety,kill,stop,warning,fight,crisis,fuck,panic,collapse,risk,fraud,no,emergency,poor,shame,shortage,low,war,forced,died
crude,empty,sc,fears,shit,anxiety,kill,stop,warning,fight,crisis,fuck,panic,collapse,risk,fraud,no,emergency,poor,shame,shortage,low,war,forced,died
crude,empty,sc,fears,shit,anxiety,kill,stop,warning,fight,crisis,fuck,panic,collapse,risk,fraud,no,emergency,poor,shame,shortage,low,war,forced,died
crude,empty,sc,fears,shit,anxiety,kill,stop,warning,fight,crisis,fuck,panic,collapse,risk,fraud,no,emergency,poor,shame,shortage,low,war,forced,died
crude,empty,sc,fears,shit,anxiety,kill,stop,warning,fight,crisis,fuck,panic,collapse,risk,fraud,no,emergency,poor,shame,shortage,low,war,forced,died
crude,empty,sc,fears,shit,anxiety,kill,stop,warning,fight,crisis,fuck,panic,collapse,risk,fraud,no,emergency,poor,shame,shortage,low,war,forced,died
crude,empty,sc,fears,shit,anxiety,kill,stop,warning,fight,crisis,fuck,panic,collapse,risk,fraud,no,emergency,poor,shame,shortage,low,war,forced,died
crude,empty,sc,fears,shit,anxiety,kill,stop,warning,fight,crisis,fuck,panic,collapse,risk,fraud,no,emergency,poor,shame,shortage,low,war,forced,died
crude,empty,sc,fears,shit,anxiety,kill,stop,warning,fight,crisis,fuck,panic,collapse,risk,fraud,no,emergency,poor,shame,shortage,low,war,forced,died
crude,empty,sc,fears,shit,anxiety,kill,stop,warning,fight,crisis,fuck,panic,collapse,risk,fraud,no,emergency,poor,shame,shortage,low,war,forced,died
crude,empty,sc,fears,shit,anxiety,kill,stop,warning,fight,crisis,fuck,panic,collapse,risk,fraud,no,emergency,poor,shame,shortage,low,war,forced,died
crude,empty,sc,fears,shit,anxiety,kill,stop,warning,fight,crisis,fuck,panic,collapse,risk,fraud,no,emergency,poor,shame,shortage,low,war,forced,died
crude,empty,sc,fears,shit,anxiety,kill,stop,warning,fight,crisis,fuck,panic,collapse,risk,fraud,no,emergency,poor,shame,shortage,low,war,forced,died
crude,empty,sc,fears,shit,anxiety,kill,stop,warning,fight,crisis,fuck,panic,collapse,risk,fraud,no,emergency,poor,shame,shortage,low,war,forced,died
crude,empty,sc,fears,shit,anxiety,kill,stop,warning,fight,crisis,fuck,panic,collapse,risk,fraud,no,emergency,poor,shame,shortage,low,war,forced,died
crude,empty,sc,fears,shit,anxiety,kill,stop,warning,fight,crisis,fuck,panic,collapse,risk,fraud,no,emergency,poor,shame,shortage,low,war,forced,died
crude,empty,sc,fears,shit,anxiety,kill,stop,warning,fight,crisis,fuck,panic,collapse,risk,fraud,no,emergency,poor,shame,shortage,low,war,forced,died
crude,empty,sc,fears,shit,anxiety,kill,stop,warning,fight,crisis,fuck,panic,collapse,risk,fraud,no,emergency,poor,shame,shortage,low,war,forced,died
crude,empty,sc,fears,shit,anxiety,kill,stop,warning,fight,crisis,fuck,panic,collapse,risk,fraud,no,emergency,poor,shame,shortage,low,war,forced,died
crude,empty,sc,fears,shit,anxiety,kill,stop,warning,fight,crisis,fuck,panic,collapse,risk,fraud,no,emergency,poor,shame,shortage,low,war,forced,died
crude,empty,sc,fears,shit,anxiety,kill,stop,warning,fight,crisis,fuck,panic,collapse,risk,fraud,no,emergency,poor,shame,shortage,low,war,forced,died
crude,empty,sc,fears,shit,anxiety,kill,stop,warning,fight,crisis,fuck,panic,collapse,risk,fraud,no,emergency,poor,shame,shortage,low,war,forced,died
crude,empty,sc,fears,shit,anxiety,kill,stop,warning,fight,crisis,fuck,panic,collapse,risk,fraud,no,emergency,poor,shame,shortage,low,war,forced,died
crude,empty,sc,fears,shit,anxiety,kill,stop,warning,fight,crisis,fuck,panic,collapse,risk,fraud,no,emergency,poor,shame,shortage,low,war,forced,died
crude,empty,sc,fears,shit,anxiety,kill,stop,warning,fight,crisis,fuck,panic,collapse,risk,fraud,no,emergency,poor,shame,shortage,low,war,forced,died
crude,empty,sc,fears,shit,anxiety,kill,stop,warning,fight,crisis,fuck,panic,collapse,risk,fraud,no,emergency,poor,shame,shortage,low,war,forced,died
crude,empty,sc,fears,shit,anxiety,kill,stop,warning,fight,crisis,fuck,panic,collapse,risk,fraud,no,emergency,poor,shame,shortage,low,war,forced,died
crude,empty,sc,fears,shit,anxiety,kill,stop,warning,fight,crisis,fuck,panic,collapse,risk,fraud,no,emergency,poor,shame,shortage,low,war,forced,died
crude,empty,sc,fears,shit,anxiety,kill,stop,warning,fight,crisis,fuck,panic,collapse,risk,fraud,no,emergency,poor,shame,shortage,low,war,forced,died
crude,empty,sc,fears,shit,anxiety,kill,stop,warning,fight,crisis,fuck,panic,collapse,risk,fraud,no,emergency,poor,shame,shortage,low,war,forced,died
crude,empty,sc,fears,shit,anxiety,kill,stop,warning,fight,crisis,fuck,panic,collapse,risk,fraud,no,emergency,poor,shame,shortage,low,war,forced,died
crude,empty,sc,fears,shit,anxiety,kill,stop,warning,fight,crisis,fuck,panic,collapse,risk,fraud,no,emergency,poor,shame,shortage,low,war,forced,died
crude,empty,sc,fears,shit,anxiety,kill,stop,warning,fight,crisis,fuck,panic,collapse,risk,fraud,no,emergency,poor,shame,shortage,low,war,forced,died
crude,empty,sc,fears,shit,anxiety,kill,stop,warning,fight,crisis,fuck,panic,collapse,risk,fraud,no,emergency,poor,shame,shortage,low,war,forced,died
crude,empty,sc,fears,shit,anxiety,kill,stop,warning,fight,crisis,fuck,panic,collapse,risk,fraud,no,emergency,poor,shame,shortage,low,war,forced,died
crude,empty,sc,fears,shit,anxiety,kill,stop,warning,fight,crisis,fuck,panic,collapse,risk,fraud,no,emergency,poor,shame,shortage,low,war,forced,died
crude,empty,sc,fears,shit,anxiety,kill,stop,warning,fight,crisis,fuck,panic,collapse,risk,fraud,no,emergency,poor,shame,shortage,low,war,forced,died
crude,empty,sc,fears,shit,anxiety,kill,stop,warning,fight,crisis,fuck,panic,collapse,risk,fraud,no,emergency,poor,shame,shortage,low,war,forced,died
crude,empty,sc,fears,shit,anxiety,kill,stop,warning,fight,crisis,fuck,panic,collapse,risk,fraud,no,emergency,poor,shame,shortage,low,war,forced,died
crude,empty,sc,fears,shit,anxiety,kill,stop,warning,fight,crisis,fuck,panic,collapse,risk,fraud,no,emergency,poor,shame,shortage,low,war,forced,died
crude,empty,sc,fears,shit,anxiety,kill,stop,warning,fight,crisis,fuck,panic,collapse,risk,fraud,no,emergency,poor,shame,shortage,low,war,forced,died
crude,empty,sc,fears,shit,anxiety,kill,stop,warning,fight,crisis,fuck,panic,collapse,risk,fraud,no,emergency,poor,shame,shortage,low,war,forced,died
crude,empty,sc,fears,shit,anxiety,kill,stop,warning,fight,crisis,fuck,panic,collapse,risk,fraud,no,emergency,poor,shame,shortage,low,war,forced,died
crude,empty,sc,fears,shit,anxiety,kill,stop,warning,fight,crisis,fuck,panic,collapse,risk,fraud,no,emergency,poor,shame,shortage,low,war,forced,died
crude,empty,sc,fears,shit,anxiety,kill,stop,warning,fight,crisis,fuck,panic,collapse,risk,fraud,no,emergency,poor,shame,shortage,low,war,forced,died
crude,empty,sc,fears,shit,anxiety,kill,stop,warning,fight,crisis,fuck,panic,collapse,risk,fraud,no,emergency,poor,shame,shortage,low,war,forced,died
crude,empty,sc,fears,shit,anxiety,kill,stop,warning,fight,crisis,fuck,panic,collapse,risk,fraud,no,emergency,poor,shame,shortage,low,war,forced,died
crude,empty,sc,fears,shit,anxiety,kill,stop,warning,fight,crisis,fuck,panic,collapse,risk,fraud,no,emergency,poor,shame,shortage,low,war,forced,died
crude,empty,sc,fears,shit,anxiety,kill,stop,warning,fight,crisis,fuck,panic,collapse,risk,fraud,no,emergency,poor,shame,shortage,low,war,forced,died
crude,empty,sc,fears,shit,anxiety,kill,stop,warning,fight,crisis,fuck,panic,collapse,risk,fraud,no,emergency,poor,shame,shortage,low,war,forced,died
crude,empty,sc,fears,shit,anxiety,kill,stop,warning,fight,crisis,fuck,panic,collapse,risk,fraud,no,emergency,poor,shame,shortage,low,war,forced,died
crude,empty,sc,fears,shit,anxiety,kill,stop,warning,fight,crisis,fuck,panic,collapse,risk,fraud,no,emergency,poor,shame,shortage,low,war,forced,died
crude,empty,sc,fears,shit,anxiety,kill,stop,warning,fight,crisis,fuck,panic,collapse,risk,fraud,no,emergency,poor,shame,shortage,low,war,forced,died
crude,empty,sc,fears,shit,anxiety,kill,stop,warning,fight,crisis,fuck,panic,collapse,risk,fraud,no,emergency,poor,shame,shortage,low,war,forced,died
crude,empty,sc,fears,shit,anxiety,kill,stop,warning,fight,crisis,fuck,panic,collapse,risk,fraud,no,emergency,poor,shame,shortage,low,war,forced,died
crude,empty,sc,fears,shit,anxiety,kill,stop,warning,fight,crisis,fuck,panic,collapse,risk,fraud,no,emergency,poor,shame,shortage,low,war,forced,died
crude,empty,sc,fears,shit,anxiety,kill,stop,warning,fight,crisis,fuck,panic,collapse,risk,fraud,no,emergency,poor,shame,shortage,low,war,forced,died
crude,empty,sc,fears,shit,anxiety,kill,stop,warning,fight,crisis,fuck,panic,collapse,risk,fraud,no,emergency,poor,shame,shortage,low,war,forced,died
crude,empty,sc,fears,shit,anxiety,kill,stop,warning,fight,crisis,fuck,panic,collapse,risk,fraud,no,emergency,poor,shame,shortage,low,war,forced,died
crude,empty,sc,fears,shit,anxiety,kill,stop,warning,fight,crisis,fuck,panic,collapse,risk,fraud,no,emergency,poor,shame,shortage,low,war,forced,died
crude,empty,sc,fears,shit,anxiety,kill,stop,warning,fight,crisis,fuck,panic,collapse,risk,fraud,no,emergency,poor,shame,shortage,low,war,forced,died
crude,empty,sc,fears,shit,anxiety,kill,stop,warning,fight,crisis,fuck,panic,collapse,risk,fraud,no,emergency,poor,shame,shortage,low,war,forced,died
crude,empty,sc,fears,shit,anxiety,kill,stop,warning,fight,crisis,fuck,panic,collapse,risk,fraud,no,emergency,poor,shame,shortage,low,war,forced,died
crude,empty,sc,fears,shit,anxiety,kill,stop,warning,fight,crisis,fuck,panic,collapse,risk,fraud,no,emergency,poor,shame,shortage,low,war,forced,died
crude,empty,sc,fears,shit,anxiety,kill,stop,warning,fight,crisis,fuck,panic,collapse,risk,fraud,no,emergency,poor,shame,shortage,low,war,forced,died
crude,empty,sc,fears,shit,anxiety,kill,stop,warning,fight,crisis,fuck,panic,collapse,risk,fraud,no,emergency,poor,shame,shortage,low,war,forced,died
crude,empty,sc,fears,shit,anxiety,kill,stop,warning,fight,crisis,fuck,panic,collapse,risk,fraud,no,emergency,poor,shame,shortage,low,war,forced,died
crude,empty,sc,fears,shit,anxiety,kill,stop,warning,fight,crisis,fuck,panic,collapse,risk,fraud,no,emergency,poor,shame,shortage,low,war,forced,died
crude,empty,sc,fears,shit,anxiety,kill,stop,warning,fight,crisis,fuck,panic,collapse,risk,fraud,no,emergency,poor,shame,shortage,low,war,forced,died
crude,empty,sc,fears,shit,anxiety,kill,stop,warning,fight,crisis,fuck,panic,collapse,risk,fraud,no,emergency,poor,shame,shortage,low,war,forced,died
crude,empty,sc,fears,shit,anxiety,kill,stop,warning,fight,crisis,fuck,panic,collapse,risk,fraud,no,emergency,poor,shame,shortage,low,war,forced,died
crude,empty,sc,fears,shit,anxiety,kill,stop,warning,fight,crisis,fuck,panic,collapse,risk,fraud,no,emergency,poor,shame,shortage,low,war,forced,died
crude,empty,sc,fears,shit,anxiety,kill,stop,warning,fight,crisis,fuck,panic,collapse,risk,fraud,no,emergency,poor,shame,shortage,low,war,forced,died
crude,empty,sc,fears,shit,anxiety,kill,stop,warning,fight,crisis,fuck,panic,collapse,risk,fraud,no,emergency,poor,shame,shortage,low,war,forced,died
crude,empty,sc,fears,shit,anxiety,kill,stop,warning,fight,crisis,fuck,panic,collapse,risk,fraud,no,emergency,poor,shame,shortage,low,war,forced,died
crude,empty,sc,fears,shit,anxiety,kill,stop,warning,fight,crisis,fuck,panic,collapse,risk,fraud,no,emergency,poor,shame,shortage,low,war,forced,died
crude,empty,sc,fears,shit,anxiety,kill,stop,warning,fight,crisis,fuck,panic,collapse,risk,fraud,no,emergency,poor,shame,shortage,low,war,forced,died
crude,empty,sc,fears,shit,anxiety,kill,stop,warning,fight,crisis,fuck,panic,collapse,risk,fraud,no,emergency,poor,shame,shortage,low,war,forced,died
crude,empty,sc,fears,shit,anxiety,kill,stop,warning,fight,crisis,fuck,panic,collapse,risk,fraud,no,emergency,poor,shame,shortage,low,war,forced,died
crude,empty,sc,fears,shit,anxiety,kill,stop,warning,fight,crisis,fuck,panic,collapse,risk,fraud,no,emergency,poor,shame,shortage,low,war,forced,died
crude,empty,sc,fears,shit,anxiety,kill,stop,warning,fight,crisis,fuck,panic,collapse,risk,fraud,no,emergency,poor,shame,shortage,low,war,forced,died
crude,empty,sc,fears,shit,anxiety,kill,stop,warning,fight,crisis,fuck,panic,collapse,risk,fraud,no,emergency,poor,shame,shortage,low,war,forced,died
crude,empty,sc,fears,shit,anxiety,kill,stop,warning,fight,crisis,fuck,panic,collapse,risk,fraud,no,emergency,poor,shame,shortage,low,war,forced,died
crude,empty,sc,fears,shit,anxiety,kill,stop,warning,fight,crisis,fuck,panic,collapse,risk,fraud,no,emergency,poor,shame,shortage,low,war,forced,died
crude,empty,sc,fears,shit,anxiety,kill,stop,warning,fight,crisis,fuck,panic,collapse,risk,fraud,no,emergency,poor,shame,shortage,low,war,forced,died
crude,empty,sc,fears,shit,anxiety,kill,stop,warning,fight,crisis,fuck,panic,collapse,risk,fraud,no,emergency,poor,shame,shortage,low,war,forced,died
crude,empty,sc,fears,shit,anxiety,kill,stop,warning,fight,crisis,fuck,panic,collapse,risk,fraud,no,emergency,poor,shame,shortage,low,war,forced,died
crude,empty,sc,fears,shit,anxiety,kill,stop,warning,fight,crisis,fuck,panic,collapse,risk,fraud,no,emergency,poor,shame,shortage,low,war,forced,died
crude,empty,sc,fears,shit,anxiety,kill,stop,warning,fight,crisis,fuck,panic,collapse,risk,fraud,no,emergency,poor,shame,shortage,low,war,forced,died
crude,empty,sc,fears,shit,anxiety,kill,stop,warning,fight,crisis,fuck,panic,collapse,risk,fraud,no,emergency,poor,shame,shortage,low,war,forced,died
crude,empty,sc,fears,shit,anxiety,kill,stop,warning,fight,crisis,fuck,panic,collapse,risk,fraud,no,emergency,poor,shame,shortage,low,war,forced,died
crude,empty,sc,fears,shit,anxiety,kill,stop,warning,fight,crisis,fuck,panic,collapse,risk,fraud,no,emergency,poor,shame,shortage,low,war,forced,died
crude,empty,sc,fears,shit,anxiety,kill,stop,warning,fight,crisis,fuck,panic,collapse,risk,fraud,no,emergency,poor,shame,shortage,low,war,forced,died
crude,empty,sc,fears,shit,anxiety,kill,stop,warning,fight,crisis,fuck,panic,collapse,risk,fraud,no,emergency,poor,shame,shortage,low,war,forced,died
crude,empty,sc,fears,shit,anxiety,kill,stop,warning,fight,crisis,fuck,panic,collapse,risk,fraud,no,emergency,poor,shame,shortage,low,war,forced,died
crude,empty,sc,fears,shit,anxiety,kill,stop,warning,fight,crisis,fuck,panic,collapse,risk,fraud,no,emergency,poor,shame,shortage,low,war,forced,died
crude,empty,sc,fears,shit,anxiety,kill,stop,warning,fight,crisis,fuck,panic,collapse,risk,fraud,no,emergency,poor,shame,shortage,low,war,forced,died
crude,empty,sc,fears,shit,anxiety,kill,stop,warning,fight,crisis,fuck,panic,collapse,risk,fraud,no,emergency,poor,shame,shortage,low,war,forced,died
crude,empty,sc,fears,shit,anxiety,kill,stop,warning,fight,crisis,fuck,panic,collapse,risk,fraud,no,emergency,poor,shame,shortage,low,war,forced,died
crude,empty,sc,fears,shit,anxiety,kill,stop,warning,fight,crisis,fuck,panic,collapse,risk,fraud,no,emergency,poor,shame,shortage,low,war,forced,died
crude,empty,sc,fears,shit,anxiety,kill,stop,warning,fight,crisis,fuck,panic,collapse,risk,fraud,no,emergency,poor,shame,shortage,low,war,forced,died
crude,empty,sc,fears,shit,anxiety,kill,stop,warning,fight,crisis,fuck,panic,collapse,risk,fraud,no,emergency,poor,shame,shortage,low,war,forced,died
crude,empty,sc,fears,shit,anxiety,kill,stop,warning,fight,crisis,fuck,panic,collapse,risk,fraud,no,emergency,poor,shame,shortage,low,war,forced,died
crude,empty,sc,fears,shit,anxiety,kill,stop,warning,fight,crisis,fuck,panic,collapse,risk,fraud,no,emergency,poor,shame,shortage,low,war,forced,died
crude,empty,sc,fears,shit,anxiety,kill,stop,warning,fight,crisis,fuck,panic,collapse,risk,fraud,no,emergency,poor,shame,shortage,low,war,forced,died
crude,empty,sc,fears,shit,anxiety,kill,stop,warning,fight,crisis,fuck,panic,collapse,risk,fraud,no,emergency,poor,shame,shortage,low,war,forced,died
crude,empty,sc,fears,shit,anxiety,kill,stop,warning,fight,crisis,fuck,panic,collapse,risk,fraud,no,emergency,poor,shame,shortage,low,war,forced,died
crude,empty,sc,fears,shit,anxiety,kill,stop,warning,fight,crisis,fuck,panic,collapse,risk,fraud,no,emergency,poor,shame,shortage,low,war,forced,died
crude,empty,sc,fears,shit,anxiety,kill,stop,warning,fight,crisis,fuck,panic,collapse,risk,fraud,no,emergency,poor,shame,shortage,low,war,forced,died
crude,empty,sc,fears,shit,anxiety,kill,selfish,stop,warning,fight,crisis,fuck,panic,collapse,risk,fraud,no,emergency,shame,shortage,low,war,forced,died
crude,empty,sc,fears,shit,anxiety,kill,selfish,stop,warning,fight,crisis,fuck,panic,collapse,risk,fraud,no,emergency,shame,shortage,low,war,forced,died
crude,empty,sc,fears,shit,anxiety,kill,selfish,stop,warning,fight,crisis,fuck,panic,collapse,risk,fraud,no,emergency,shame,shortage,low,war,forced,died
crude,empty,sc,fears,shit,anxiety,kill,selfish,stop,warning,fight,crisis,fuck,panic,collapse,risk,fraud,no,emergency,shame,shortage,low,war,forced,died
crude,empty,sc,fears,shit,anxiety,kill,selfish,stop,warning,fight,crisis,fuck,panic,collapse,risk,fraud,no,emergency,shame,shortage,low,war,forced,died
crude,empty,sc,fears,shit,anxiety,kill,selfish,stop,warning,fight,crisis,fuck,panic,collapse,risk,fraud,no,emergency,shame,shortage,low,war,forced,died
crude,empty,sc,fears,shit,anxiety,kill,selfish,stop,warning,fight,crisis,fuck,panic,collapse,risk,fraud,no,emergency,shame,shortage,low,war,forced,died
crude,empty,sc,fears,shit,anxiety,kill,selfish,stop,warning,fight,crisis,fuck,panic,collapse,risk,fraud,no,emergency,shame,shortage,low,war,forced,died
crude,empty,sc,fears,shit,anxiety,kill,selfish,stop,warning,fight,crisis,fuck,panic,collapse,risk,fraud,no,emergency,shame,shortage,low,war,forced,died
crude,empty,sc,fears,shit,anxiety,kill,selfish,stop,warning,fight,crisis,fuck,panic,collapse,risk,fraud,no,emergency,shame,shortage,low,war,forced,died
crude,empty,sc,fears,shit,anxiety,kill,selfish,stop,warning,fight,crisis,fuck,panic,collapse,risk,fraud,no,emergency,shame,shortage,low,war,forced,died
crude,empty,sc,fears,shit,anxiety,kill,selfish,stop,warning,fight,crisis,fuck,panic,collapse,risk,fraud,no,emergency,shame,shortage,low,war,forced,died
crude,empty,sc,fears,shit,anxiety,kill,selfish,stop,warning,fight,crisis,fuck,panic,collapse,risk,fraud,no,emergency,shame,shortage,low,war,forced,died
crude,empty,sc,fears,shit,anxiety,kill,selfish,stop,warning,fight,crisis,fuck,panic,collapse,risk,fraud,no,emergency,shame,shortage,low,war,forced,died
crude,empty,sc,fears,shit,anxiety,kill,selfish,stop,warning,fight,crisis,fuck,panic,collapse,risk,fraud,no,emergency,shame,shortage,low,war,forced,died
crude,empty,sc,fears,shit,anxiety,kill,selfish,stop,warning,fight,crisis,fuck,panic,collapse,risk,fraud,no,emergency,shame,shortage,low,war,forced,died
crude,empty,sc,fears,shit,anxiety,kill,selfish,stop,warning,fight,crisis,fuck,panic,collapse,risk,fraud,no,emergency,shame,shortage,low,war,forced,died
crude,empty,sc,fears,shit,anxiety,kill,selfish,stop,warning,fight,crisis,fuck,panic,collapse,risk,fraud,no,emergency,shame,shortage,low,war,forced,died
crude,empty,sc,fears,shit,anxiety,kill,selfish,stop,warning,drop,fight,crisis,fuck,panic,collapse,risk,fraud,no,emergency,shame,shortage,low,war,forced
crude,empty,sc,fears,shit,anxiety,kill,selfish,stop,warning,drop,fight,crisis,fuck,panic,collapse,risk,fraud,no,emergency,shame,shortage,low,war,forced
crude,empty,sc,fears,shit,anxiety,kill,selfish,stop,warning,drop,fight,crisis,fuck,panic,collapse,risk,fraud,no,emergency,shame,shortage,low,war,forced
crude,empty,sc,fears,shit,anxiety,kill,selfish,stop,warning,drop,fight,crisis,fuck,panic,collapse,risk,fraud,no,emergency,shame,shortage,low,war,forced
crude,empty,sc,fears,shit,anxiety,kill,selfish,stop,warning,drop,fight,crisis,fuck,panic,collapse,risk,fraud,no,emergency,shame,shortage,low,war,forced
crude,empty,sc,fears,shit,anxiety,kill,selfish,stop,warning,drop,fight,crisis,fuck,panic,collapse,risk,fraud,no,emergency,shame,shortage,low,war,forced
crude,empty,sc,fears,shit,anxiety,kill,selfish,stop,warning,drop,fight,crisis,fuck,panic,collapse,risk,fraud,no,emergency,shame,shortage,low,war,forced
crude,empty,sc,fears,shit,anxiety,kill,selfish,stop,warning,drop,fight,crisis,fuck,panic,collapse,risk,fraud,no,emergency,shame,shortage,low,war,forced
crude,empty,sc,fears,shit,anxiety,kill,selfish,stop,warning,drop,fight,crisis,fuck,panic,collapse,risk,fraud,no,emergency,shame,shortage,low,war,forced
crude,empty,sc,fears,shit,anxiety,kill,selfish,stop,warning,drop,fight,crisis,fuck,panic,collapse,risk,fraud,no,emergency,shame,shortage,low,war,forced
crude,empty,sc,fears,shit,anxiety,kill,selfish,stop,warning,drop,fight,crisis,fuck,panic,collapse,risk,fraud,no,emergency,shame,shortage,low,war,forced
crude,empty,sc,fears,shit,anxiety,kill,selfish,stop,warning,drop,fight,crisis,fuck,panic,collapse,risk,fraud,no,emergency,shame,shortage,low,war,forced
crude,empty,sc,fears,shit,anxiety,kill,selfish,stop,warning,drop,fight,crisis,fuck,panic,collapse,risk,fraud,no,emergency,shame,shortage,low,war,forced
crude,empty,sc,fears,shit,anxiety,kill,selfish,stop,warning,drop,fight,crisis,fuck,panic,collapse,risk,fraud,no,emergency,shame,shortage,low,war,forced
crude,empty,sc,fears,shit,anxiety,kill,selfish,stop,warning,drop,fight,crisis,fuck,panic,collapse,risk,fraud,no,emergency,shame,shortage,low,war,forced
crude,empty,sc,fears,shit,anxiety,kill,selfish,stop,warning,drop,fight,crisis,fuck,panic,collapse,risk,fraud,no,emergency,shame,shortage,low,war,forced
crude,empty,sc,fears,shit,anxiety,kill,selfish,stop,warning,drop,fight,crisis,fuck,panic,collapse,risk,fraud,no,emergency,shame,shortage,low,war,forced
crude,empty,sc,fears,shit,anxiety,kill,selfish,stop,warning,drop,fight,crisis,fuck,panic,collapse,risk,fraud,no,emergency,shame,shortage,low,war,forced
crude,empty,sc,fears,shit,anxiety,kill,selfish,stop,warning,drop,fight,crisis,fuck,panic,collapse,risk,fraud,no,emergency,shame,shortage,low,war,forced
crude,empty,sc,fears,shit,anxiety,kill,selfish,stop,warning,drop,fight,crisis,fuck,panic,collapse,risk,fraud,no,emergency,shame,shortage,low,war,forced
crude,empty,sc,fears,shit,anxiety,kill,selfish,stop,warning,drop,fight,crisis,fuck,panic,collapse,risk,fraud,no,emergency,shame,shortage,low,war,forced
crude,empty,sc,fears,shit,anxiety,kill,selfish,stop,warning,drop,fight,crisis,fuck,panic,collapse,risk,fraud,no,emergency,shame,shortage,low,war,forced
crude,empty,sc,fears,shit,anxiety,kill,selfish,stop,warning,drop,fight,crisis,fuck,panic,collapse,risk,fraud,no,emergency,shame,shortage,low,war,forced
crude,empty,sc,fears,shit,anxiety,kill,selfish,stop,warning,drop,fight,crisis,fuck,panic,collapse,risk,fraud,no,emergency,shame,shortage,low,war,forced
crude,empty,sc,fears,shit,anxiety,kill,selfish,stop,warning,drop,fight,crisis,fuck,panic,collapse,risk,fraud,no,emergency,shame,shortage,low,war,forced
crude,empty,sc,fears,shit,anxiety,kill,selfish,stop,warning,drop,fight,crisis,fuck,panic,collapse,risk,fraud,no,emergency,shame,shortage,low,war,forced
crude,empty,sc,fears,shit,anxiety,kill,selfish,stop,warning,drop,fight,crisis,fuck,panic,collapse,risk,fraud,no,emergency,shame,shortage,low,war,forced
crude,empty,sc,fears,shit,anxiety,kill,selfish,stop,warning,drop,fight,crisis,fuck,panic,collapse,risk,fraud,no,emergency,shame,shortage,low,war,forced
crude,empty,sc,fears,shit,anxiety,kill,selfish,stop,warning,drop,fight,crisis,fuck,panic,collapse,risk,fraud,no,emergency,shame,shortage,low,war,forced
crude,empty,sc,fears,shit,anxiety,kill,selfish,stop,warning,drop,fight,crisis,fuck,panic,collapse,risk,fraud,no,emergency,shame,shortage,low,war,forced
crude,empty,sc,fears,shit,anxiety,kill,selfish,stop,warning,drop,fight,crisis,fuck,panic,collapse,risk,fraud,no,emergency,shame,shortage,low,war,forced
crude,empty,sc,fears,shit,anxiety,kill,selfish,stop,warning,drop,fight,crisis,fuck,panic,collapse,risk,fraud,no,emergency,shame,shortage,low,war,forced
crude,empty,sc,fears,shit,anxiety,kill,selfish,stop,warning,drop,fight,crisis,fuck,panic,collapse,risk,fraud,no,emergency,shame,shortage,low,war,forced
crude,empty,sc,fears,shit,anxiety,kill,selfish,stop,warning,drop,fight,crisis,fuck,panic,collapse,risk,fraud,no,emergency,shame,shortage,low,war,forced
crude,empty,sc,fears,shit,anxiety,kill,selfish,stop,warning,drop,fight,crisis,fuck,panic,collapse,risk,fraud,no,emergency,shame,shortage,low,war,forced
crude,empty,sc,fears,shit,anxiety,kill,selfish,stop,warning,drop,fight,crisis,fuck,panic,collapse,risk,fraud,no,emergency,shame,shortage,low,war,forced
crude,empty,sc,fears,shit,anxiety,kill,selfish,stop,warning,drop,fight,crisis,fuck,panic,collapse,risk,fraud,no,emergency,shame,shortage,low,war,forced
crude,empty,sc,fears,shit,anxiety,kill,selfish,stop,warning,drop,fight,crisis,fuck,panic,collapse,risk,fraud,no,emergency,shame,shortage,low,war,forced
crude,empty,sc,fears,shit,anxiety,kill,selfish,stop,warning,drop,fight,crisis,fuck,panic,collapse,risk,fraud,no,emergency,shame,shortage,low,war,forced
crude,empty,sc,fears,shit,anxiety,kill,selfish,stop,warning,drop,fight,crisis,fuck,panic,collapse,risk,fraud,no,emergency,shame,shortage,low,war,forced
crude,empty,sc,fears,shit,anxiety,kill,selfish,stop,warning,drop,fight,crisis,fuck,panic,collapse,risk,fraud,no,emergency,shame,shortage,low,war,forced
crude,empty,sc,fears,shit,anxiety,kill,selfish,stop,warning,drop,fight,crisis,fuck,panic,collapse,risk,fraud,no,emergency,shame,shortage,low,war,forced
crude,empty,sc,fears,shit,anxiety,kill,selfish,stop,warning,drop,fight,crisis,fuck,panic,collapse,risk,fraud,no,emergency,shame,shortage,low,war,forced
crude,empty,sc,fears,shit,anxiety,kill,selfish,stop,warning,drop,fight,crisis,fuck,panic,collapse,risk,fraud,no,emergency,shame,shortage,low,war,forced
crude,empty,sc,fears,shit,anxiety,kill,selfish,stop,warning,drop,fight,crisis,fuck,panic,collapse,risk,fraud,no,emergency,shame,shortage,low,war,forced
crude,empty,sc,fears,shit,anxiety,kill,selfish,stop,warning,drop,fight,crisis,fuck,panic,collapse,risk,fraud,no,emergency,shame,shortage,low,war,forced
crude,empty,sc,fears,shit,anxiety,kill,selfish,stop,warning,drop,fight,crisis,fuck,panic,collapse,risk,fraud,no,emergency,shame,shortage,low,war,forced
crude,empty,sc,fears,shit,anxiety,kill,selfish,stop,warning,drop,fight,crisis,fuck,panic,collapse,risk,fraud,no,emergency,shame,shortage,low,war,forced
crude,empty,sc,fears,shit,anxiety,kill,selfish,stop,warning,drop,fight,crisis,fuck,panic,collapse,risk,fraud,no,emergency,shame,shortage,low,war,forced
crude,empty,sc,fears,shit,anxiety,selfish,stop,warning,drop,fight,crisis,fuck,panic,collapse,risk,fraud,no,emergency,shame,shortage,low,war,forced,died
crude,empty,sc,fears,shit,anxiety,selfish,stop,warning,drop,fight,crisis,fuck,panic,collapse,risk,fraud,no,emergency,shame,shortage,low,war,forced,died
crude,empty,sc,fears,shit,anxiety,selfish,stop,warning,drop,fight,crisis,fuck,panic,collapse,risk,fraud,no,emergency,shame,shortage,low,war,forced,died
crude,empty,sc,fears,shit,anxiety,selfish,stop,warning,drop,fight,crisis,fuck,panic,collapse,risk,fraud,no,emergency,shame,shortage,low,war,forced,died
crude,empty,sc,fears,shit,anxiety,selfish,stop,warning,drop,fight,crisis,fuck,panic,collapse,risk,fraud,no,emergency,shame,shortage,low,war,forced,died
crude,empty,sc,fears,shit,anxiety,selfish,stop,warning,drop,fight,crisis,fuck,panic,collapse,risk,fraud,no,emergency,shame,shortage,low,war,forced,died
crude,empty,sc,fears,shit,anxiety,selfish,stop,warning,drop,fight,crisis,fuck,panic,collapse,risk,fraud,no,emergency,shame,shortage,low,war,forced,died
crude,empty,sc,fears,shit,anxiety,selfish,stop,warning,drop,fight,crisis,fuck,panic,collapse,risk,fraud,no,emergency,shame,shortage,low,war,forced,died
crude,empty,sc,fears,shit,anxiety,selfish,stop,warning,drop,fight,crisis,fuck,panic,collapse,risk,fraud,no,emergency,shame,shortage,low,war,forced,died
crude,empty,sc,fears,shit,anxiety,selfish,stop,warning,drop,fight,crisis,fuck,panic,collapse,risk,fraud,no,emergency,shame,shortage,low,war,forced,died
crude,empty,sc,fears,shit,anxiety,selfish,stop,warning,drop,fight,crisis,fuck,panic,collapse,risk,fraud,no,emergency,shame,shortage,low,war,forced,died
crude,empty,sc,fears,shit,anxiety,selfish,stop,warning,drop,fight,crisis,fuck,panic,collapse,risk,fraud,no,emergency,shame,shortage,low,war,forced,died
crude,empty,sc,fears,shit,anxiety,selfish,stop,warning,drop,fight,crisis,fuck,panic,collapse,risk,fraud,no,emergency,shame,shortage,low,war,forced,died
crude,empty,sc,fears,shit,anxiety,selfish,stop,warning,drop,fight,crisis,fuck,panic,collapse,risk,fraud,no,emergency,shame,shortage,low,war,forced,died
crude,empty,sc,fears,shit,anxiety,selfish,stop,warning,drop,fight,crisis,fuck,panic,collapse,risk,fraud,no,emergency,shame,shortage,low,war,forced,died
crude,empty,sc,fears,shit,anxiety,selfish,stop,warning,drop,fight,crisis,fuck,panic,collapse,risk,fraud,no,emergency,shame,shortage,low,war,forced,died
crude,empty,sc,fears,shit,anxiety,selfish,stop,warning,drop,fight,crisis,fuck,panic,collapse,risk,fraud,no,emergency,shame,shortage,low,war,forced,died
crude,empty,sc,fears,shit,anxiety,selfish,stop,warning,drop,fight,crisis,fuck,panic,collapse,risk,fraud,no,emergency,shame,shortage,low,war,forced,died
crude,empty,sc,fears,shit,anxiety,selfish,stop,warning,drop,fight,crisis,fuck,panic,collapse,risk,fraud,no,emergency,shame,shortage,low,war,forced,died
crude,empty,sc,fears,shit,anxiety,selfish,stop,warning,drop,fight,crisis,fuck,panic,collapse,risk,fraud,no,emergency,shame,shortage,low,war,forced,died
crude,empty,sc,fears,shit,anxiety,selfish,stop,warning,drop,fight,crisis,fuck,panic,collapse,risk,fraud,no,emergency,shame,shortage,low,war,forced,died
crude,empty,sc,fears,shit,anxiety,selfish,stop,warning,drop,fight,crisis,fuck,panic,collapse,risk,fraud,no,emergency,shame,shortage,low,war,forced,died
crude,empty,sc,fears,shit,anxiety,selfish,stop,warning,drop,fight,crisis,fuck,panic,collapse,risk,fraud,no,emergency,shame,shortage,low,war,forced,died
crude,empty,sc,fears,shit,anxiety,selfish,stop,warning,drop,fight,crisis,fuck,panic,collapse,risk,fraud,no,emergency,shame,shortage,low,war,forced,died
crude,empty,sc,fears,shit,anxiety,selfish,stop,warning,drop,fight,crisis,fuck,panic,collapse,risk,fraud,no,emergency,shame,shortage,low,war,forced,died
crude,empty,sc,fears,shit,anxiety,selfish,stop,warning,drop,fight,crisis,fuck,panic,collapse,risk,fraud,no,emergency,shame,shortage,low,war,forced,died
crude,empty,sc,fears,shit,anxiety,selfish,stop,warning,drop,fight,crisis,fuck,panic,collapse,risk,fraud,no,emergency,shame,shortage,low,war,forced,died
crude,empty,sc,fears,shit,anxiety,selfish,stop,warning,drop,fight,crisis,fuck,panic,collapse,risk,fraud,no,emergency,shame,shortage,low,war,forced,died
crude,empty,sc,fears,shit,anxiety,selfish,stop,warning,drop,fight,crisis,fuck,panic,collapse,risk,fraud,no,emergency,shame,shortage,low,war,forced,died
crude,empty,sc,fears,shit,anxiety,selfish,stop,warning,drop,fight,crisis,fuck,panic,collapse,risk,fraud,no,emergency,shame,shortage,low,war,forced,died
crude,empty,sc,fears,shit,anxiety,selfish,stop,warning,drop,fight,crisis,fuck,panic,collapse,risk,fraud,no,emergency,shame,shortage,low,war,forced,died
crude,empty,sc,fears,shit,anxiety,selfish,stop,warning,drop,fight,crisis,fuck,panic,collapse,risk,fraud,no,emergency,shame,shortage,low,war,forced,died
crude,empty,sc,fears,shit,anxiety,selfish,stop,warning,drop,fight,crisis,fuck,panic,collapse,risk,fraud,no,emergency,shame,shortage,low,war,forced,died
crude,empty,sc,fears,shit,anxiety,selfish,stop,warning,drop,fight,crisis,fuck,panic,collapse,risk,fraud,no,emergency,shame,shortage,low,war,forced,died
crude,empty,sc,fears,shit,anxiety,selfish,stop,warning,drop,fight,crisis,fuck,panic,collapse,risk,fraud,no,emergency,shame,shortage,low,war,forced,died
crude,empty,sc,fears,shit,anxiety,selfish,stop,warning,drop,fight,crisis,fuck,panic,collapse,risk,fraud,no,emergency,shame,shortage,low,war,forced,died
crude,empty,sc,fears,shit,anxiety,selfish,stop,warning,drop,fight,crisis,fuck,panic,collapse,risk,fraud,no,emergency,shame,shortage,low,war,forced,died
crude,empty,sc,fears,shit,anxiety,selfish,stop,warning,drop,fight,crisis,fuck,panic,collapse,risk,fraud,no,emergency,shame,shortage,low,war,forced,died
crude,empty,sc,fears,shit,anxiety,selfish,stop,warning,drop,fight,crisis,fuck,panic,collapse,risk,fraud,no,emergency,shame,shortage,low,war,forced,died
crude,empty,sc,fears,shit,anxiety,selfish,stop,warning,drop,fight,crisis,fuck,panic,collapse,risk,fraud,no,emergency,shame,shortage,low,war,forced,died
crude,empty,sc,fears,shit,anxiety,selfish,stop,warning,drop,fight,crisis,fuck,panic,collapse,risk,fraud,no,emergency,shame,shortage,low,war,forced,died
crude,empty,sc,fears,shit,anxiety,selfish,stop,warning,drop,fight,crisis,fuck,panic,collapse,risk,fraud,no,emergency,shame,shortage,low,war,forced,died
crude,empty,sc,fears,shit,anxiety,selfish,stop,warning,drop,fight,crisis,fuck,panic,collapse,risk,fraud,no,emergency,shame,shortage,low,war,forced,died
crude,empty,sc,fears,shit,anxiety,selfish,stop,warning,drop,fight,crisis,fuck,panic,collapse,risk,fraud,no,emergency,shame,shortage,low,war,forced,died
crude,empty,sc,fears,shit,anxiety,selfish,stop,warning,drop,fight,crisis,fuck,panic,collapse,risk,fraud,no,emergency,shame,shortage,low,war,forced,died
crude,empty,sc,fears,shit,anxiety,selfish,stop,warning,drop,fight,crisis,fuck,panic,collapse,risk,fraud,no,emergency,shame,shortage,low,war,forced,died
crude,empty,sc,fears,shit,anxiety,selfish,stop,warning,drop,fight,crisis,fuck,panic,collapse,risk,fraud,no,emergency,shame,shortage,low,war,forced,died
crude,empty,sc,fears,shit,anxiety,selfish,stop,warning,drop,fight,crisis,fuck,panic,collapse,risk,fraud,no,emergency,shame,shortage,low,war,forced,died
crude,empty,sc,fears,shit,anxiety,selfish,stop,warning,drop,fight,crisis,fuck,panic,collapse,risk,fraud,no,emergency,shame,shortage,low,war,forced,died
crude,empty,sc,fears,shit,anxiety,selfish,stop,warning,drop,fight,crisis,fuck,panic,collapse,risk,fraud,no,emergency,shame,shortage,low,war,forced,died
crude,empty,sc,fears,shit,anxiety,selfish,stop,warning,drop,fight,crisis,fuck,panic,collapse,risk,fraud,no,emergency,shame,shortage,low,war,forced,died
crude,empty,sc,fears,shit,anxiety,selfish,stop,warning,drop,fight,crisis,fuck,panic,collapse,risk,fraud,no,emergency,shame,shortage,low,war,forced,died
crude,empty,sc,fears,shit,anxiety,selfish,stop,warning,drop,fight,crisis,fuck,panic,collapse,risk,fraud,no,emergency,shame,shortage,low,war,forced,died
crude,empty,sc,fears,shit,anxiety,selfish,stop,warning,drop,fight,crisis,fuck,panic,collapse,risk,fraud,no,emergency,shame,shortage,low,war,forced,died
crude,empty,sc,fears,shit,anxiety,selfish,stop,warning,drop,fight,crisis,fuck,panic,collapse,risk,fraud,no,emergency,shame,shortage,low,war,forced,died
crude,empty,sc,fears,shit,anxiety,selfish,stop,warning,drop,fight,crisis,fuck,panic,collapse,risk,fraud,no,emergency,shame,shortage,low,war,forced,died
crude,empty,sc,fears,shit,anxiety,selfish,stop,warning,drop,fight,crisis,fuck,panic,collapse,risk,fraud,no,emergency,shame,shortage,low,war,forced,died
crude,empty,sc,fears,shit,anxiety,selfish,stop,warning,drop,fight,crisis,fuck,panic,collapse,risk,fraud,no,emergency,shame,shortage,low,war,forced,died
crude,empty,sc,fears,shit,anxiety,selfish,stop,warning,drop,fight,crisis,fuck,panic,collapse,risk,fraud,no,emergency,shame,shortage,low,war,forced,died
crude,empty,sc,fears,shit,anxiety,selfish,stop,warning,drop,fight,crisis,fuck,panic,collapse,risk,fraud,no,emergency,shame,shortage,low,war,forced,died
crude,empty,sc,fears,shit,anxiety,selfish,stop,warning,drop,fight,crisis,fuck,panic,collapse,risk,fraud,no,emergency,shame,shortage,low,war,forced,died
crude,empty,sc,fears,shit,anxiety,selfish,stop,warning,drop,fight,crisis,fuck,panic,collapse,risk,fraud,no,emergency,shame,shortage,low,war,forced,died
crude,empty,sc,fears,shit,anxiety,selfish,stop,warning,drop,fight,crisis,fuck,panic,collapse,risk,fraud,no,emergency,shame,shortage,low,war,forced,died
crude,empty,sc,fears,shit,anxiety,selfish,stop,warning,drop,fight,crisis,fuck,panic,collapse,risk,fraud,no,emergency,shame,shortage,low,war,forced,died
crude,empty,sc,fears,shit,anxiety,selfish,stop,warning,drop,fight,crisis,fuck,panic,collapse,risk,fraud,no,emergency,shame,shortage,low,war,forced,died
crude,empty,sc,fears,shit,anxiety,selfish,stop,warning,fight,crisis,fuck,panic,collapse,risk,fraud,no,emergency,shame,shortage,low,war,forced,die,died
crude,empty,sc,fears,shit,anxiety,selfish,stop,warning,fight,crisis,fuck,panic,collapse,risk,fraud,no,emergency,shame,shortage,low,war,forced,die,died
crude,empty,sc,fears,shit,anxiety,selfish,stop,warning,fight,crisis,fuck,panic,collapse,risk,fraud,no,emergency,shame,shortage,low,war,forced,die,died
crude,empty,sc,fears,shit,anxiety,selfish,stop,warning,fight,crisis,fuck,panic,collapse,risk,fraud,no,emergency,shame,shortage,low,war,forced,die,died
crude,empty,sc,fears,shit,anxiety,selfish,stop,warning,fight,crisis,fuck,panic,collapse,risk,fraud,no,emergency,shame,shortage,low,war,forced,die,died
crude,empty,sc,fears,shit,anxiety,selfish,stop,warning,fight,crisis,fuck,panic,collapse,risk,fraud,no,emergency,shame,shortage,low,war,forced,die,died
crude,empty,sc,fears,shit,anxiety,selfish,stop,warning,fight,crisis,fuck,panic,collapse,risk,fraud,no,emergency,shame,shortage,low,war,forced,die,died
crude,empty,sc,fears,shit,anxiety,selfish,stop,warning,fight,crisis,fuck,panic,collapse,risk,fraud,no,emergency,shame,shortage,low,war,forced,die,died
crude,empty,sc,fears,shit,anxiety,selfish,stop,warning,fight,crisis,fuck,panic,collapse,risk,fraud,no,emergency,shame,shortage,low,war,forced,die,died
crude,empty,sc,fears,shit,anxiety,selfish,stop,warning,fight,crisis,fuck,panic,collapse,risk,fraud,no,emergency,shame,shortage,low,war,forced,die,died
crude,empty,sc,fears,shit,anxiety,selfish,stop,warning,fight,crisis,fuck,panic,collapse,risk,fraud,no,emergency,shame,shortage,low,war,forced,die,died
crude,empty,sc,fears,shit,anxiety,selfish,stop,warning,fight,crisis,fuck,panic,collapse,risk,fraud,no,emergency,shame,shortage,low,war,forced,die,died
crude,empty,sc,fears,shit,anxiety,selfish,stop,warning,fight,crisis,fuck,panic,collapse,risk,fraud,no,emergency,shame,shortage,low,war,forced,die,died
crude,empty,sc,fears,shit,anxiety,selfish,stop,warning,fight,crisis,fuck,panic,collapse,risk,fraud,no,emergency,shame,shortage,low,war,forced,die,died
crude,empty,sc,fears,shit,anxiety,selfish,stop,warning,fight,crisis,fuck,panic,collapse,risk,fraud,no,emergency,shame,shortage,low,war,forced,die,died
crude,empty,sc,fears,shit,anxiety,selfish,stop,warning,fight,crisis,fuck,panic,collapse,risk,fraud,no,emergency,shame,shortage,low,war,forced,die,died
crude,empty,sc,fears,shit,anxiety,selfish,stop,warning,fight,crisis,fuck,panic,collapse,risk,fraud,no,emergency,shame,shortage,low,war,forced,die,died
crude,empty,sc,fears,shit,anxiety,selfish,stop,warning,fight,crisis,fuck,panic,collapse,risk,fraud,no,emergency,shame,shortage,low,war,forced,die,died
crude,empty,sc,fears,shit,anxiety,selfish,stop,warning,fight,crisis,fuck,panic,collapse,risk,fraud,no,emergency,shame,shortage,low,war,forced,die,died
crude,empty,sc,fears,shit,anxiety,selfish,stop,warning,fight,crisis,fuck,panic,collapse,risk,fraud,no,emergency,shame,shortage,low,war,forced,die,died
crude,empty,sc,fears,shit,anxiety,selfish,stop,warning,fight,crisis,fuck,panic,collapse,risk,fraud,no,emergency,shame,shortage,low,war,forced,die,died
crude,empty,sc,fears,shit,anxiety,selfish,stop,warning,fight,crisis,fuck,panic,collapse,risk,fraud,no,emergency,shame,shortage,low,war,forced,die,died
crude,empty,sc,fears,shit,anxiety,selfish,stop,warning,fight,crisis,fuck,panic,collapse,risk,fraud,no,emergency,shame,shortage,low,war,forced,die,died
crude,empty,sc,fears,shit,anxiety,selfish,stop,warning,fight,crisis,fuck,panic,collapse,risk,fraud,no,emergency,shame,shortage,low,war,forced,die,died
crude,empty,sc,fears,shit,anxiety,selfish,stop,warning,fight,crisis,fuck,panic,collapse,risk,fraud,no,emergency,shame,shortage,low,war,forced,die,died
crude,empty,sc,fears,shit,anxiety,selfish,stop,warning,fight,crisis,fuck,panic,collapse,risk,fraud,no,emergency,shame,shortage,low,war,forced,die,died
crude,empty,sc,fears,shit,anxiety,selfish,stop,warning,fight,crisis,fuck,panic,collapse,risk,fraud,no,emergency,shame,shortage,low,war,forced,die,died
crude,empty,sc,fears,shit,anxiety,selfish,stop,warning,fight,crisis,fuck,panic,collapse,risk,fraud,no,emergency,shame,shortage,low,war,forced,die,died
crude,empty,sc,fears,shit,anxiety,selfish,stop,warning,fight,crisis,fuck,panic,collapse,risk,fraud,no,emergency,shame,shortage,low,war,forced,die,died
crude,empty,sc,fears,shit,anxiety,selfish,stop,warning,fight,crisis,fuck,panic,collapse,risk,fraud,no,emergency,shame,shortage,low,war,forced,die,died
crude,empty,sc,fears,shit,anxiety,selfish,stop,warning,fight,crisis,fuck,panic,collapse,risk,fraud,no,emergency,shame,shortage,low,war,forced,die,died
crude,empty,sc,fears,shit,anxiety,selfish,stop,warning,fight,crisis,fuck,panic,collapse,risk,fraud,no,emergency,shame,shortage,low,war,forced,die,died
crude,empty,sc,fears,shit,anxiety,selfish,stop,warning,fight,crisis,fuck,panic,collapse,risk,fraud,no,emergency,shame,shortage,low,war,forced,die,died
crude,empty,sc,fears,shit,anxiety,selfish,stop,warning,fight,crisis,fuck,panic,collapse,risk,fraud,no,emergency,shame,shortage,low,war,forced,die,died
crude,empty,sc,fears,shit,anxiety,selfish,stop,warning,fight,crisis,fuck,panic,collapse,risk,fraud,no,emergency,shame,shortage,low,war,forced,die,died
crude,empty,sc,fears,shit,anxiety,selfish,stop,warning,fight,crisis,fuck,panic,collapse,risk,fraud,no,emergency,shame,shortage,low,war,forced,die,died
crude,empty,sc,fears,shit,anxiety,selfish,stop,warning,fight,crisis,fuck,panic,collapse,risk,fraud,no,emergency,shame,shortage,low,war,forced,die,died
crude,empty,sc,fears,shit,anxiety,selfish,stop,warning,fight,crisis,fuck,panic,collapse,risk,fraud,no,emergency,shame,shortage,low,war,forced,die,died
crude,empty,sc,fears,shit,anxiety,selfish,stop,warning,fight,crisis,fuck,panic,collapse,risk,fraud,no,emergency,shame,shortage,low,war,forced,die,died
crude,empty,sc,fears,shit,anxiety,selfish,stop,warning,fight,crisis,fuck,panic,collapse,risk,fraud,no,emergency,shame,shortage,low,war,forced,die,died
crude,empty,sc,fears,shit,anxiety,selfish,stop,warning,fight,crisis,fuck,panic,collapse,risk,fraud,no,emergency,shame,shortage,low,war,forced,die,died
crude,empty,sc,fears,shit,anxiety,selfish,stop,warning,fight,crisis,fuck,panic,collapse,risk,fraud,no,emergency,shame,shortage,low,war,forced,die,died
crude,empty,sc,fears,shit,anxiety,selfish,stop,warning,fight,crisis,fuck,panic,collapse,risk,fraud,no,emergency,shame,shortage,low,war,forced,die,died
crude,empty,sc,fears,shit,anxiety,selfish,stop,warning,fight,crisis,fuck,panic,collapse,risk,fraud,no,emergency,shame,shortage,low,war,forced,die,died
crude,empty,sc,fears,shit,anxiety,selfish,stop,warning,fight,crisis,fuck,panic,collapse,risk,fraud,no,emergency,shame,shortage,low,war,forced,die,died
crude,empty,sc,fears,shit,anxiety,selfish,stop,warning,fight,crisis,fuck,panic,collapse,risk,fraud,no,emergency,shame,shortage,low,war,forced,die,died
crude,empty,sc,fears,shit,anxiety,selfish,stop,warning,fight,crisis,fuck,panic,collapse,risk,fraud,no,emergency,shame,shortage,low,war,forced,die,died
crude,empty,sc,fears,shit,anxiety,selfish,stop,warning,fight,crisis,fuck,panic,collapse,risk,fraud,no,emergency,shame,shortage,low,war,forced,die,died
crude,empty,sc,fears,shit,anxiety,selfish,stop,warning,fight,crisis,fuck,panic,collapse,risk,fraud,no,emergency,shame,shortage,low,war,forced,die,died
crude,empty,sc,fears,shit,anxiety,selfish,stop,warning,fight,crisis,fuck,panic,collapse,risk,fraud,no,emergency,shame,shortage,low,war,forced,die,died
crude,empty,sc,fears,shit,anxiety,selfish,stop,warning,fight,crisis,fuck,panic,collapse,risk,fraud,no,emergency,shame,shortage,low,war,forced,die,died
crude,empty,sc,fears,shit,anxiety,selfish,stop,warning,fight,crisis,fuck,panic,collapse,risk,fraud,no,emergency,shame,shortage,low,war,forced,die,died
crude,empty,sc,fears,shit,anxiety,selfish,stop,warning,fight,crisis,fuck,panic,collapse,risk,fraud,no,emergency,shame,shortage,low,war,forced,die,died
crude,empty,sc,fears,shit,anxiety,selfish,stop,warning,fight,crisis,fuck,panic,collapse,risk,fraud,no,emergency,shame,shortage,low,war,forced,die,died
crude,empty,sc,fears,shit,anxiety,selfish,stop,warning,fight,crisis,fuck,panic,collapse,risk,fraud,no,emergency,shame,shortage,low,war,forced,die,died
crude,empty,sc,fears,shit,anxiety,selfish,stop,warning,fight,crisis,fuck,panic,collapse,risk,fraud,no,emergency,shame,shortage,low,war,forced,die,died
crude,empty,sc,fears,shit,anxiety,selfish,stop,warning,fight,crisis,fuck,panic,collapse,risk,fraud,no,emergency,shame,shortage,low,war,forced,die,died
crude,empty,sc,fears,shit,anxiety,selfish,stop,warning,fight,crisis,fuck,panic,collapse,risk,fraud,no,emergency,shame,shortage,low,war,forced,die,died
crude,empty,sc,fears,shit,anxiety,selfish,stop,warning,fight,crisis,fuck,panic,collapse,risk,fraud,no,emergency,shame,shortage,low,war,forced,die,died
crude,empty,sc,fears,shit,anxiety,selfish,stop,warning,fight,crisis,fuck,panic,collapse,risk,fraud,no,emergency,shame,shortage,low,war,forced,die,died
crude,empty,sc,fears,shit,anxiety,selfish,stop,warning,fight,crisis,fuck,panic,collapse,risk,fraud,no,emergency,shame,shortage,low,war,forced,die,died
crude,empty,sc,fears,shit,anxiety,selfish,stop,warning,fight,crisis,fuck,panic,collapse,risk,fraud,no,emergency,shame,shortage,low,war,forced,die,died
crude,empty,sc,fears,shit,anxiety,selfish,stop,warning,fight,crisis,fuck,panic,collapse,risk,fraud,no,emergency,shame,shortage,low,war,forced,die,died
crude,empty,sc,fears,shit,anxiety,selfish,stop,warning,fight,crisis,fuck,panic,collapse,risk,fraud,no,emergency,shame,shortage,low,war,forced,die,died
crude,empty,sc,fears,shit,anxiety,selfish,stop,warning,fight,crisis,fuck,panic,collapse,risk,fraud,no,emergency,shame,shortage,low,war,forced,die,died
crude,empty,sc,fears,shit,anxiety,selfish,stop,warning,fight,crisis,fuck,panic,collapse,risk,fraud,no,emergency,shame,shortage,low,war,forced,die,died
crude,empty,sc,fears,shit,anxiety,selfish,stop,warning,fight,crisis,fuck,panic,collapse,risk,fraud,no,emergency,shame,shortage,low,war,forced,die,died
crude,empty,sc,fears,shit,anxiety,selfish,stop,warning,fight,crisis,fuck,panic,collapse,risk,fraud,no,emergency,shame,shortage,low,war,forced,die,died
crude,empty,sc,fears,shit,anxiety,selfish,stop,warning,fight,crisis,fuck,panic,collapse,risk,fraud,no,emergency,shame,shortage,low,war,forced,die,died
crude,empty,sc,fears,shit,anxiety,selfish,stop,warning,fight,crisis,fuck,panic,collapse,risk,fraud,no,emergency,shame,shortage,low,war,forced,die,died
crude,empty,sc,fears,shit,anxiety,selfish,stop,warning,fight,crisis,fuck,panic,collapse,risk,fraud,no,emergency,shame,shortage,low,war,forced,die,died
crude,empty,sc,fears,shit,anxiety,selfish,stop,warning,fight,crisis,fuck,panic,collapse,risk,fraud,no,emergency,shame,shortage,low,war,forced,die,died
crude,empty,sc,fears,shit,anxiety,selfish,stop,warning,fight,crisis,fuck,panic,collapse,risk,fraud,no,emergency,shame,shortage,low,war,forced,die,died
crude,empty,sc,fears,shit,anxiety,selfish,stop,warning,fight,crisis,fuck,panic,collapse,risk,fraud,no,emergency,shame,shortage,low,war,forced,die,died
crude,empty,sc,fears,shit,anxiety,selfish,stop,warning,fight,crisis,fuck,panic,collapse,risk,fraud,no,emergency,shame,shortage,low,war,forced,die,died
crude,empty,sc,fears,shit,anxiety,selfish,stop,warning,fight,crisis,fuck,panic,collapse,risk,fraud,no,emergency,shame,shortage,low,war,forced,die,died
crude,empty,sc,fears,shit,anxiety,selfish,stop,warning,fight,crisis,fuck,panic,collapse,risk,fraud,no,emergency,shame,shortage,low,war,forced,die,died
crude,empty,sc,fears,shit,anxiety,selfish,stop,warning,fight,crisis,fuck,panic,collapse,risk,fraud,no,emergency,shame,shortage,low,war,forced,die,died
crude,empty,sc,fears,shit,anxiety,selfish,stop,warning,fight,crisis,fuck,panic,collapse,risk,fraud,no,emergency,shame,shortage,low,war,forced,die,died
crude,empty,sc,fears,shit,anxiety,selfish,stop,warning,fight,crisis,fuck,panic,collapse,risk,fraud,no,emergency,shame,shortage,low,war,forced,die,died
crude,empty,sc,fears,shit,anxiety,selfish,stop,warning,fight,crisis,fuck,panic,collapse,risk,fraud,no,emergency,shame,shortage,low,war,forced,die,died
crude,empty,sc,fears,shit,anxiety,selfish,stop,warning,fight,crisis,fuck,panic,collapse,risk,fraud,no,emergency,shame,shortage,low,war,forced,die,died
crude,empty,sc,fears,shit,anxiety,selfish,stop,warning,fight,crisis,fuck,panic,collapse,risk,fraud,no,emergency,shame,shortage,low,war,forced,die,died
crude,empty,sc,fears,shit,anxiety,selfish,stop,warning,fight,crisis,fuck,panic,collapse,risk,fraud,no,emergency,shame,shortage,low,war,forced,die,died
crude,empty,sc,fears,shit,anxiety,selfish,stop,warning,fight,crisis,fuck,panic,collapse,risk,fraud,no,emergency,shame,shortage,low,war,forced,die,died
crude,empty,sc,fears,shit,anxiety,selfish,stop,warning,fight,crisis,fuck,panic,collapse,risk,fraud,no,emergency,shame,shortage,low,war,forced,die,died
crude,empty,sc,fears,shit,anxiety,selfish,stop,warning,fight,crisis,fuck,panic,collapse,risk,fraud,no,emergency,shame,shortage,low,war,forced,die,died
crude,empty,sc,fears,shit,anxiety,selfish,stop,warning,fight,crisis,fuck,panic,collapse,risk,fraud,no,emergency,shame,shortage,low,war,forced,die,died
crude,empty,sc,fears,shit,anxiety,selfish,stop,warning,fight,crisis,fuck,panic,collapse,risk,fraud,no,emergency,shame,shortage,low,war,forced,die,died
crude,empty,sc,fears,shit,anxiety,selfish,stop,warning,fight,crisis,fuck,panic,collapse,risk,fraud,no,emergency,shame,shortage,low,war,forced,die,died
crude,empty,sc,fears,shit,anxiety,selfish,stop,warning,fight,crisis,fuck,panic,collapse,risk,fraud,no,emergency,shame,shortage,low,war,forced,die,died
crude,empty,sc,fears,shit,anxiety,selfish,stop,warning,fight,crisis,fuck,panic,collapse,risk,fraud,no,emergency,shame,shortage,low,war,forced,die,died
crude,empty,sc,fears,shit,anxiety,selfish,stop,warning,fight,crisis,fuck,panic,collapse,risk,fraud,no,emergency,shame,shortage,low,war,forced,die,died
crude,empty,sc,fears,shit,anxiety,selfish,stop,warning,fight,crisis,fuck,panic,collapse,risk,fraud,no,emergency,shame,shortage,low,war,forced,die,died
crude,empty,sc,fears,shit,anxiety,selfish,stop,warning,fight,crisis,fuck,panic,collapse,risk,fraud,no,emergency,shame,shortage,low,war,forced,die,died
crude,empty,sc,fears,shit,anxiety,selfish,stop,warning,fight,crisis,fuck,panic,collapse,risk,fraud,no,emergency,shame,shortage,low,war,forced,die,died
crude,empty,sc,fears,shit,anxiety,selfish,stop,warning,fight,crisis,fuck,panic,collapse,risk,fraud,no,emergency,shame,shortage,low,war,forced,die,died
crude,empty,sc,fears,shit,anxiety,selfish,stop,warning,fight,crisis,fuck,panic,collapse,risk,fraud,no,emergency,shame,shortage,low,war,forced,die,died
crude,empty,sc,fears,shit,anxiety,selfish,stop,warning,fight,crisis,fuck,panic,collapse,risk,fraud,no,emergency,shame,shortage,low,war,forced,die,died
crude,empty,sc,fears,shit,anxiety,selfish,stop,warning,fight,crisis,fuck,panic,collapse,risk,fraud,no,emergency,shame,shortage,low,war,forced,die,died
crude,empty,sc,fears,shit,anxiety,selfish,stop,warning,fight,crisis,fuck,panic,collapse,risk,fraud,no,emergency,shame,shortage,low,war,forced,die,died
crude,empty,sc,fears,shit,anxiety,selfish,stop,warning,fight,crisis,fuck,panic,collapse,risk,fraud,no,emergency,shame,shortage,low,war,forced,die,died
crude,empty,sc,fears,shit,anxiety,selfish,stop,warning,fight,crisis,fuck,panic,collapse,risk,fraud,no,emergency,shame,shortage,low,war,forced,die,died
crude,empty,sc,fears,shit,anxiety,selfish,stop,warning,fight,crisis,fuck,panic,collapse,risk,fraud,no,emergency,shame,shortage,low,war,forced,die,died
crude,empty,sc,fears,shit,anxiety,selfish,stop,warning,fight,crisis,fuck,panic,collapse,risk,fraud,no,emergency,shame,shortage,low,war,forced,die,died
crude,empty,sc,fears,shit,anxiety,selfish,stop,warning,fight,crisis,fuck,panic,collapse,risk,fraud,no,emergency,shame,shortage,low,war,forced,die,died
crude,empty,sc,fears,shit,anxiety,kill,selfish,stop,warning,fight,crisis,fuck,panic,collapse,risk,fraud,no,emergency,shame,shortage,low,war,forced,died
crude,empty,sc,fears,shit,anxiety,kill,selfish,stop,warning,fight,crisis,fuck,panic,collapse,risk,fraud,no,emergency,shame,shortage,low,war,forced,died
crude,empty,sc,fears,shit,anxiety,kill,selfish,stop,warning,fight,crisis,fuck,panic,collapse,risk,fraud,no,emergency,shame,shortage,low,war,forced,died
crude,empty,sc,fears,shit,anxiety,kill,selfish,stop,warning,fight,crisis,fuck,panic,collapse,risk,fraud,no,emergency,shame,shortage,low,war,forced,died
crude,empty,sc,fears,shit,anxiety,kill,selfish,stop,warning,fight,crisis,fuck,panic,collapse,risk,fraud,no,emergency,shame,shortage,low,war,forced,died
crude,empty,sc,fears,shit,anxiety,kill,selfish,stop,warning,fight,crisis,fuck,panic,collapse,risk,fraud,no,emergency,shame,shortage,low,war,forced,died
crude,empty,sc,fears,shit,anxiety,kill,selfish,stop,warning,fight,crisis,fuck,panic,collapse,risk,fraud,no,emergency,shame,shortage,low,war,forced,died
crude,empty,sc,fears,shit,anxiety,kill,selfish,stop,warning,fight,crisis,fuck,panic,collapse,risk,fraud,no,emergency,shame,shortage,low,war,forced,died
crude,empty,sc,fears,shit,anxiety,kill,selfish,stop,warning,fight,crisis,fuck,panic,collapse,risk,fraud,no,emergency,shame,shortage,low,war,forced,died
crude,empty,sc,fears,shit,anxiety,kill,selfish,stop,warning,fight,crisis,fuck,panic,collapse,risk,fraud,no,emergency,shame,shortage,low,war,forced,died
crude,empty,sc,fears,shit,anxiety,kill,selfish,stop,warning,fight,crisis,fuck,panic,collapse,risk,fraud,no,emergency,shame,shortage,low,war,forced,died
crude,empty,sc,fears,shit,anxiety,kill,selfish,stop,warning,fight,crisis,fuck,panic,collapse,risk,fraud,no,emergency,shame,shortage,low,war,forced,died
crude,empty,sc,fears,shit,anxiety,kill,selfish,stop,warning,fight,crisis,fuck,panic,collapse,risk,fraud,no,emergency,shame,shortage,low,war,forced,died
crude,empty,sc,fears,shit,anxiety,kill,selfish,stop,warning,fight,crisis,fuck,panic,collapse,risk,fraud,no,emergency,shame,shortage,low,war,forced,died
crude,empty,sc,fears,shit,anxiety,kill,selfish,stop,warning,fight,crisis,fuck,panic,collapse,risk,fraud,no,emergency,shame,shortage,low,war,forced,died
crude,empty,sc,fears,shit,anxiety,kill,selfish,stop,warning,fight,crisis,fuck,panic,collapse,risk,fraud,no,emergency,shame,shortage,low,war,forced,died
crude,empty,sc,fears,shit,anxiety,selfish,stop,warning,drop,fight,crisis,fuck,panic,collapse,risk,fraud,no,emergency,shame,shortage,low,war,forced,died
crude,empty,sc,fears,shit,anxiety,selfish,stop,warning,drop,fight,crisis,fuck,panic,collapse,risk,fraud,no,emergency,shame,shortage,low,war,forced,died
crude,empty,sc,fears,shit,anxiety,selfish,stop,warning,drop,fight,crisis,fuck,panic,collapse,risk,fraud,no,emergency,shame,shortage,low,war,forced,died
crude,empty,sc,fears,shit,anxiety,selfish,stop,warning,drop,fight,crisis,fuck,panic,collapse,risk,fraud,no,emergency,shame,shortage,low,war,forced,died
crude,empty,sc,fears,shit,anxiety,selfish,stop,warning,drop,fight,crisis,fuck,panic,collapse,risk,fraud,no,emergency,shame,shortage,low,war,forced,died
crude,empty,sc,fears,shit,anxiety,selfish,stop,warning,drop,fight,crisis,fuck,panic,collapse,risk,fraud,no,emergency,shame,shortage,low,war,forced,died
crude,empty,sc,fears,shit,anxiety,selfish,stop,warning,drop,fight,crisis,fuck,panic,collapse,risk,fraud,no,emergency,shame,shortage,low,war,forced,died
crude,empty,sc,fears,shit,anxiety,selfish,stop,warning,drop,fight,crisis,fuck,panic,collapse,risk,fraud,no,emergency,shame,shortage,low,war,forced,died
crude,empty,sc,fears,shit,anxiety,selfish,stop,warning,drop,fight,crisis,fuck,panic,collapse,risk,fraud,no,emergency,shame,shortage,low,war,forced,died
crude,empty,sc,fears,shit,anxiety,selfish,stop,warning,drop,fight,crisis,fuck,panic,collapse,risk,fraud,no,emergency,shame,shortage,low,war,forced,died
crude,empty,sc,fears,shit,anxiety,selfish,stop,warning,drop,fight,crisis,fuck,panic,collapse,risk,fraud,no,emergency,shame,shortage,low,war,forced,died
crude,empty,sc,fears,shit,anxiety,selfish,stop,warning,drop,fight,crisis,fuck,panic,collapse,risk,fraud,no,emergency,shame,shortage,low,war,forced,died
crude,empty,sc,fears,shit,anxiety,selfish,stop,warning,drop,fight,crisis,fuck,panic,collapse,risk,fraud,no,emergency,shame,shortage,low,war,forced,died
crude,empty,sc,fears,shit,anxiety,selfish,stop,warning,drop,fight,crisis,fuck,panic,collapse,risk,fraud,no,emergency,shame,shortage,low,war,forced,died
crude,empty,sc,fears,shit,anxiety,selfish,stop,warning,drop,fight,crisis,fuck,panic,collapse,risk,fraud,no,emergency,shame,shortage,low,war,forced,died
crude,empty,sc,fears,shit,anxiety,selfish,stop,warning,drop,fight,crisis,fuck,panic,collapse,risk,fraud,no,emergency,shame,shortage,low,war,forced,died
crude,empty,sc,fears,shit,anxiety,selfish,stop,warning,drop,fight,crisis,fuck,panic,collapse,risk,fraud,no,emergency,shame,shortage,low,war,forced,died
crude,empty,sc,fears,shit,anxiety,selfish,stop,warning,drop,fight,crisis,fuck,panic,collapse,risk,fraud,no,emergency,shame,shortage,low,war,forced,died
crude,empty,sc,fears,shit,anxiety,selfish,stop,warning,drop,fight,crisis,fuck,panic,collapse,risk,fraud,no,emergency,shame,shortage,low,war,forced,died
crude,empty,sc,fears,shit,anxiety,selfish,stop,warning,drop,fight,crisis,fuck,panic,collapse,risk,fraud,no,emergency,shame,shortage,low,war,forced,died
crude,empty,sc,fears,shit,anxiety,selfish,stop,warning,drop,fight,crisis,fuck,panic,collapse,risk,fraud,no,emergency,shame,shortage,low,war,forced,died
crude,empty,sc,fears,shit,anxiety,selfish,stop,warning,drop,fight,crisis,fuck,panic,collapse,risk,fraud,no,emergency,shame,shortage,low,war,forced,died
crude,empty,sc,fears,shit,anxiety,selfish,stop,warning,drop,fight,crisis,fuck,panic,collapse,risk,fraud,no,emergency,shame,shortage,low,war,forced,died
crude,empty,sc,fears,shit,anxiety,selfish,stop,warning,drop,fight,crisis,fuck,panic,collapse,risk,fraud,no,emergency,shame,shortage,low,war,forced,died
crude,empty,sc,fears,shit,anxiety,selfish,stop,warning,drop,fight,crisis,fuck,panic,collapse,risk,fraud,no,emergency,shame,shortage,low,war,forced,died
crude,empty,sc,fears,shit,anxiety,selfish,stop,warning,drop,fight,crisis,fuck,panic,collapse,risk,fraud,no,emergency,shame,shortage,low,war,forced,died
crude,empty,sc,fears,shit,anxiety,selfish,stop,warning,drop,fight,crisis,fuck,panic,collapse,risk,fraud,no,emergency,shame,shortage,low,war,forced,died
crude,empty,sc,fears,shit,anxiety,selfish,stop,warning,drop,fight,crisis,fuck,panic,collapse,risk,fraud,no,emergency,shame,shortage,low,war,forced,died
crude,empty,sc,fears,shit,anxiety,selfish,stop,warning,drop,fight,crisis,fuck,panic,collapse,risk,fraud,no,emergency,shame,shortage,low,war,forced,died
crude,empty,sc,fears,shit,anxiety,selfish,stop,warning,drop,fight,crisis,fuck,panic,collapse,risk,fraud,no,emergency,shame,shortage,low,war,forced,died
crude,empty,sc,fears,shit,anxiety,selfish,stop,warning,drop,fight,crisis,fuck,panic,collapse,risk,fraud,no,emergency,shame,shortage,low,war,forced,died
crude,empty,sc,fears,shit,anxiety,selfish,stop,warning,drop,fight,crisis,fuck,panic,collapse,risk,fraud,no,emergency,shame,shortage,low,war,forced,died
crude,empty,sc,fears,shit,anxiety,selfish,stop,warning,drop,fight,crisis,fuck,panic,collapse,risk,fraud,no,emergency,shame,shortage,low,war,forced,died
crude,empty,sc,fears,shit,anxiety,selfish,stop,warning,drop,fight,crisis,fuck,panic,collapse,risk,fraud,no,emergency,shame,shortage,low,war,forced,died
crude,empty,sc,fears,shit,anxiety,selfish,stop,warning,drop,fight,crisis,fuck,panic,collapse,risk,fraud,no,emergency,shame,shortage,low,war,forced,died
crude,empty,sc,fears,shit,anxiety,selfish,stop,warning,drop,fight,crisis,fuck,panic,collapse,risk,fraud,no,emergency,shame,shortage,low,war,forced,died
crude,empty,sc,fears,shit,anxiety,selfish,stop,warning,drop,fight,crisis,fuck,panic,collapse,risk,fraud,no,emergency,shame,shortage,low,war,forced,died
crude,empty,sc,fears,shit,anxiety,selfish,stop,warning,drop,fight,crisis,fuck,panic,collapse,risk,fraud,no,emergency,shame,shortage,low,war,forced,died
crude,empty,sc,fears,shit,anxiety,selfish,stop,warning,drop,fight,crisis,fuck,panic,collapse,risk,fraud,no,emergency,shame,shortage,low,war,forced,died
crude,empty,sc,fears,shit,anxiety,selfish,stop,warning,drop,fight,crisis,fuck,panic,collapse,risk,fraud,no,emergency,shame,shortage,low,war,forced,died
crude,empty,sc,fears,shit,anxiety,selfish,stop,warning,drop,fight,crisis,fuck,panic,collapse,risk,fraud,no,emergency,shame,shortage,low,war,forced,died
crude,empty,sc,fears,shit,anxiety,selfish,stop,warning,drop,fight,crisis,fuck,panic,collapse,risk,fraud,no,emergency,shame,shortage,low,war,forced,died
crude,empty,sc,fears,shit,anxiety,selfish,stop,warning,drop,fight,crisis,fuck,panic,collapse,risk,fraud,no,emergency,shame,shortage,low,war,forced,died
crude,empty,sc,fears,shit,anxiety,selfish,stop,warning,drop,fight,crisis,fuck,panic,collapse,risk,fraud,no,emergency,shame,shortage,low,war,forced,died
crude,empty,sc,fears,shit,anxiety,selfish,stop,warning,drop,fight,crisis,fuck,panic,collapse,risk,fraud,no,emergency,shame,shortage,low,war,forced,died
crude,empty,sc,fears,shit,anxiety,selfish,stop,warning,drop,fight,crisis,fuck,panic,collapse,risk,fraud,no,emergency,shame,shortage,low,war,forced,died
crude,empty,sc,fears,shit,anxiety,selfish,stop,warning,drop,fight,crisis,fuck,panic,collapse,risk,fraud,no,emergency,shame,shortage,low,war,forced,died
crude,empty,sc,fears,shit,anxiety,selfish,stop,warning,drop,fight,crisis,fuck,panic,collapse,risk,fraud,no,emergency,shame,shortage,low,war,forced,died
crude,empty,sc,fears,shit,anxiety,selfish,stop,warning,drop,fight,crisis,fuck,panic,collapse,risk,fraud,no,emergency,shame,shortage,low,war,forced,died
crude,empty,sc,fears,shit,anxiety,selfish,stop,warning,drop,fight,crisis,fuck,panic,collapse,risk,fraud,no,emergency,shame,shortage,low,war,forced,died
crude,empty,sc,fears,shit,anxiety,selfish,stop,warning,drop,fight,crisis,fuck,panic,collapse,risk,fraud,no,emergency,shame,shortage,low,war,forced,died
crude,empty,sc,fears,shit,anxiety,selfish,stop,warning,drop,fight,crisis,fuck,panic,collapse,risk,fraud,no,emergency,shame,shortage,low,war,forced,died
crude,empty,sc,fears,shit,anxiety,selfish,stop,warning,drop,fight,crisis,fuck,panic,collapse,risk,fraud,no,emergency,shame,shortage,low,war,forced,died
crude,empty,sc,fears,shit,anxiety,selfish,stop,warning,drop,fight,crisis,fuck,panic,collapse,risk,fraud,no,emergency,shame,shortage,low,war,forced,died
crude,empty,sc,fears,shit,anxiety,selfish,stop,warning,drop,fight,crisis,fuck,panic,collapse,risk,fraud,no,emergency,shame,shortage,low,war,forced,died
crude,empty,sc,fears,shit,anxiety,selfish,stop,warning,drop,fight,crisis,fuck,panic,collapse,risk,fraud,no,emergency,shame,shortage,low,war,forced,died
crude,empty,sc,fears,shit,anxiety,selfish,stop,warning,drop,fight,crisis,fuck,panic,collapse,risk,fraud,no,emergency,shame,shortage,low,war,forced,died
crude,empty,sc,fears,shit,anxiety,selfish,stop,warning,drop,fight,crisis,fuck,panic,collapse,risk,fraud,no,emergency,shame,shortage,low,war,forced,died
crude,empty,sc,fears,shit,anxiety,selfish,stop,warning,drop,fight,crisis,fuck,panic,collapse,risk,fraud,no,emergency,shame,shortage,low,war,forced,died
crude,empty,sc,fears,shit,anxiety,selfish,stop,warning,drop,fight,crisis,fuck,panic,collapse,risk,fraud,no,emergency,shame,shortage,low,war,forced,died
crude,empty,sc,fears,shit,anxiety,selfish,stop,warning,drop,fight,crisis,fuck,panic,collapse,risk,fraud,no,emergency,shame,shortage,low,war,forced,died
crude,empty,sc,fears,shit,anxiety,selfish,stop,warning,drop,fight,crisis,fuck,panic,collapse,risk,fraud,no,emergency,shame,shortage,low,war,forced,died
crude,empty,sc,fears,shit,anxiety,selfish,stop,warning,drop,fight,crisis,fuck,panic,collapse,risk,fraud,no,emergency,shame,shortage,low,war,forced,died
crude,empty,sc,fears,shit,anxiety,selfish,stop,warning,drop,fight,crisis,fuck,panic,collapse,risk,fraud,no,emergency,shame,shortage,low,war,forced,died
crude,empty,sc,fears,shit,anxiety,selfish,stop,warning,drop,fight,crisis,fuck,panic,collapse,risk,fraud,no,emergency,shame,shortage,low,war,forced,died
crude,empty,sc,fears,shit,anxiety,selfish,stop,warning,drop,fight,crisis,fuck,panic,collapse,risk,fraud,no,emergency,shame,shortage,low,war,forced,died
crude,empty,sc,fears,shit,anxiety,selfish,stop,warning,drop,fight,crisis,fuck,panic,collapse,risk,fraud,no,emergency,shame,shortage,low,war,forced,died
crude,empty,sc,fears,shit,anxiety,selfish,stop,warning,drop,fight,crisis,fuck,panic,collapse,risk,fraud,no,emergency,shame,shortage,low,war,forced,died
crude,empty,sc,fears,shit,anxiety,selfish,stop,warning,drop,fight,crisis,fuck,panic,collapse,risk,fraud,no,emergency,shame,shortage,low,war,forced,died
crude,empty,sc,fears,shit,anxiety,selfish,stop,warning,drop,fight,crisis,fuck,panic,collapse,risk,fraud,no,emergency,shame,shortage,low,war,forced,died
crude,empty,sc,fears,shit,anxiety,selfish,stop,warning,drop,fight,crisis,fuck,panic,collapse,risk,fraud,no,emergency,shame,shortage,low,war,forced,died
crude,empty,sc,fears,shit,anxiety,selfish,stop,warning,drop,fight,crisis,fuck,panic,collapse,risk,fraud,no,emergency,shame,shortage,low,war,forced,died
crude,empty,sc,fears,shit,anxiety,selfish,stop,warning,drop,fight,crisis,fuck,panic,collapse,risk,fraud,no,emergency,shame,shortage,low,war,forced,died
crude,empty,sc,fears,shit,anxiety,selfish,stop,warning,drop,fight,crisis,fuck,panic,collapse,risk,fraud,no,emergency,shame,shortage,low,war,forced,died
crude,empty,sc,fears,shit,anxiety,selfish,stop,warning,drop,fight,crisis,fuck,panic,collapse,risk,fraud,no,emergency,shame,shortage,low,war,forced,died
crude,empty,sc,fears,shit,anxiety,selfish,stop,warning,drop,fight,crisis,fuck,panic,collapse,risk,fraud,no,emergency,shame,shortage,low,war,forced,died
crude,empty,sc,fears,shit,anxiety,selfish,stop,warning,drop,fight,crisis,fuck,panic,collapse,risk,fraud,no,emergency,shame,shortage,low,war,forced,died
crude,empty,sc,fears,shit,anxiety,selfish,stop,warning,drop,fight,crisis,fuck,panic,collapse,risk,fraud,no,emergency,shame,shortage,low,war,forced,died
crude,empty,sc,fears,shit,anxiety,selfish,stop,warning,drop,fight,crisis,fuck,panic,collapse,risk,fraud,no,emergency,shame,shortage,low,war,forced,died
crude,empty,sc,fears,shit,anxiety,selfish,stop,warning,drop,fight,crisis,fuck,panic,collapse,risk,fraud,no,emergency,shame,shortage,low,war,forced,died
crude,empty,sc,fears,shit,anxiety,selfish,stop,warning,drop,fight,crisis,fuck,panic,collapse,risk,fraud,no,emergency,shame,shortage,low,war,forced,died
crude,empty,sc,fears,shit,anxiety,selfish,stop,warning,drop,fight,crisis,fuck,panic,collapse,risk,fraud,no,emergency,shame,shortage,low,war,forced,died
crude,empty,sc,fears,shit,anxiety,selfish,stop,warning,drop,fight,crisis,fuck,panic,collapse,risk,fraud,no,emergency,shame,shortage,low,war,forced,died
crude,empty,sc,fears,shit,anxiety,selfish,stop,warning,drop,fight,crisis,fuck,panic,collapse,risk,fraud,no,emergency,shame,shortage,low,war,forced,died
crude,empty,sc,fears,shit,anxiety,selfish,stop,warning,drop,fight,crisis,fuck,panic,collapse,risk,fraud,no,emergency,shame,shortage,low,war,forced,died
crude,empty,sc,fears,shit,anxiety,selfish,stop,warning,drop,fight,crisis,fuck,panic,collapse,risk,fraud,no,emergency,shame,shortage,low,war,forced,died
crude,empty,sc,fears,shit,anxiety,selfish,stop,warning,drop,fight,crisis,fuck,panic,collapse,risk,fraud,no,emergency,shame,shortage,low,war,forced,died
crude,empty,sc,fears,shit,anxiety,selfish,stop,warning,drop,fight,crisis,fuck,panic,collapse,risk,fraud,no,emergency,shame,shortage,low,war,forced,died
crude,empty,sc,fears,shit,anxiety,selfish,stop,warning,drop,fight,crisis,fuck,panic,collapse,risk,fraud,no,emergency,shame,shortage,low,war,forced,died
crude,empty,sc,fears,shit,anxiety,selfish,stop,warning,drop,fight,crisis,fuck,panic,collapse,risk,fraud,no,emergency,shame,shortage,low,war,forced,died
crude,empty,sc,fears,shit,anxiety,selfish,stop,warning,drop,fight,crisis,fuck,panic,collapse,risk,fraud,no,emergency,shame,shortage,low,war,forced,died
crude,empty,sc,fears,shit,anxiety,selfish,stop,warning,drop,fight,crisis,fuck,panic,collapse,risk,fraud,no,emergency,shame,shortage,low,war,forced,died
crude,empty,sc,fears,shit,anxiety,selfish,stop,warning,drop,fight,crisis,fuck,panic,collapse,risk,fraud,no,emergency,shame,shortage,low,war,forced,died
crude,empty,sc,fears,shit,anxiety,selfish,stop,warning,drop,fight,crisis,fuck,panic,collapse,risk,fraud,no,emergency,shame,shortage,low,war,forced,died
crude,empty,sc,fears,shit,anxiety,selfish,stop,warning,drop,fight,crisis,fuck,panic,collapse,risk,fraud,no,emergency,shame,shortage,low,war,forced,died
crude,empty,sc,fears,shit,anxiety,selfish,stop,warning,drop,fight,crisis,fuck,panic,collapse,risk,fraud,no,emergency,shame,shortage,low,war,forced,died
crude,empty,sc,fears,shit,anxiety,selfish,stop,warning,drop,fight,crisis,fuck,panic,collapse,risk,fraud,no,emergency,shame,shortage,low,war,forced,died
crude,empty,sc,fears,shit,anxiety,selfish,stop,warning,drop,fight,crisis,fuck,panic,collapse,risk,fraud,no,emergency,shame,shortage,low,war,forced,died
crude,empty,sc,fears,shit,anxiety,selfish,stop,warning,drop,fight,crisis,fuck,panic,collapse,risk,fraud,no,emergency,shame,shortage,low,war,forced,died
crude,empty,sc,fears,shit,anxiety,selfish,stop,warning,drop,fight,crisis,fuck,panic,collapse,risk,fraud,no,emergency,shame,shortage,low,war,forced,died
crude,empty,sc,fears,shit,anxiety,selfish,stop,warning,drop,fight,crisis,fuck,panic,collapse,risk,fraud,no,emergency,shame,shortage,low,war,forced,died
crude,empty,sc,fears,shit,anxiety,selfish,stop,warning,drop,fight,crisis,fuck,panic,collapse,risk,fraud,no,emergency,shame,shortage,low,war,forced,died
crude,empty,sc,fears,shit,anxiety,selfish,stop,warning,drop,fight,crisis,fuck,panic,collapse,risk,fraud,no,emergency,shame,shortage,low,war,forced,died
crude,empty,sc,fears,shit,anxiety,selfish,stop,warning,drop,fight,crisis,fuck,panic,collapse,risk,fraud,no,emergency,shame,shortage,low,war,forced,died
crude,empty,sc,fears,shit,anxiety,selfish,stop,warning,drop,fight,crisis,fuck,panic,collapse,risk,fraud,no,emergency,shame,shortage,low,war,forced,died
crude,empty,sc,fears,shit,anxiety,selfish,stop,warning,drop,fight,crisis,fuck,panic,collapse,risk,fraud,no,emergency,shame,shortage,low,war,forced,died
crude,empty,sc,fears,shit,anxiety,selfish,stop,warning,drop,fight,crisis,fuck,panic,collapse,risk,fraud,no,emergency,shame,shortage,low,war,forced,died
crude,empty,sc,fears,shit,anxiety,selfish,stop,warning,drop,fight,crisis,fuck,panic,collapse,risk,fraud,no,emergency,shame,shortage,low,war,forced,died
crude,empty,sc,fears,shit,anxiety,selfish,stop,warning,drop,fight,crisis,fuck,panic,collapse,risk,fraud,no,emergency,shame,shortage,low,war,forced,died
crude,empty,sc,fears,shit,anxiety,selfish,stop,warning,drop,fight,crisis,fuck,panic,collapse,risk,fraud,no,emergency,shame,shortage,low,war,forced,died
crude,empty,sc,fears,shit,anxiety,selfish,stop,warning,drop,fight,crisis,fuck,panic,collapse,risk,fraud,no,emergency,shame,shortage,low,war,forced,died
crude,empty,sc,fears,shit,anxiety,selfish,stop,warning,drop,fight,crisis,fuck,panic,collapse,risk,fraud,no,emergency,shame,shortage,low,war,forced,died
crude,empty,sc,fears,shit,anxiety,selfish,stop,warning,drop,fight,crisis,fuck,panic,collapse,risk,fraud,no,emergency,shame,shortage,low,war,forced,died
crude,empty,sc,fears,shit,anxiety,selfish,stop,warning,drop,fight,crisis,fuck,panic,collapse,risk,fraud,no,emergency,shame,shortage,low,war,forced,died
crude,empty,sc,fears,shit,anxiety,selfish,stop,warning,drop,fight,crisis,fuck,panic,collapse,risk,fraud,no,emergency,shame,shortage,low,war,forced,died
crude,empty,sc,fears,shit,anxiety,selfish,stop,warning,drop,fight,crisis,fuck,panic,collapse,risk,fraud,no,emergency,shame,shortage,low,war,forced,died
crude,empty,sc,fears,shit,anxiety,selfish,stop,warning,drop,fight,crisis,fuck,panic,collapse,risk,fraud,no,emergency,shame,shortage,low,war,forced,died
crude,empty,sc,fears,shit,anxiety,selfish,stop,warning,drop,fight,crisis,fuck,panic,collapse,risk,fraud,no,emergency,shame,shortage,low,war,forced,died
crude,empty,sc,fears,shit,anxiety,selfish,stop,warning,drop,fight,crisis,fuck,panic,collapse,risk,fraud,no,emergency,shame,shortage,low,war,forced,died
crude,empty,sc,fears,shit,anxiety,selfish,stop,warning,drop,fight,crisis,fuck,panic,collapse,risk,fraud,no,emergency,shame,shortage,low,war,forced,died
crude,empty,sc,fears,shit,anxiety,stop,warning,drop,fight,crisis,fuck,panic,collapse,risk,fraud,no,emergency,shame,shortage,low,war,forced,die,died
crude,empty,sc,fears,shit,anxiety,stop,warning,drop,fight,crisis,fuck,panic,collapse,risk,fraud,no,emergency,shame,shortage,low,war,forced,die,died
crude,empty,sc,fears,shit,anxiety,stop,warning,drop,fight,crisis,fuck,panic,collapse,risk,fraud,no,emergency,shame,shortage,low,war,forced,die,died
crude,empty,sc,fears,shit,anxiety,stop,warning,drop,fight,crisis,fuck,panic,collapse,risk,fraud,no,emergency,shame,shortage,low,war,forced,die,died
crude,empty,sc,fears,shit,anxiety,stop,warning,drop,fight,crisis,fuck,panic,collapse,risk,fraud,no,emergency,shame,shortage,low,war,forced,die,died
crude,empty,sc,fears,shit,anxiety,stop,warning,drop,fight,crisis,fuck,panic,collapse,risk,fraud,no,emergency,shame,shortage,low,war,forced,die,died
crude,empty,sc,fears,shit,anxiety,stop,warning,drop,fight,crisis,fuck,panic,collapse,risk,fraud,no,emergency,shame,shortage,low,war,forced,die,died
crude,empty,sc,fears,shit,anxiety,stop,warning,drop,fight,crisis,fuck,panic,collapse,risk,fraud,no,emergency,shame,shortage,low,war,forced,die,died
crude,empty,sc,fears,shit,anxiety,stop,warning,drop,fight,crisis,fuck,panic,collapse,risk,fraud,no,emergency,shame,shortage,low,war,forced,die,died
crude,empty,sc,fears,shit,anxiety,stop,warning,drop,fight,crisis,fuck,panic,collapse,risk,fraud,no,emergency,shame,shortage,low,war,forced,die,died
crude,empty,sc,fears,shit,anxiety,stop,warning,drop,fight,crisis,fuck,panic,collapse,risk,fraud,no,emergency,shame,shortage,low,war,forced,die,died
crude,empty,sc,fears,shit,anxiety,stop,warning,drop,fight,crisis,fuck,panic,collapse,risk,fraud,no,emergency,shame,shortage,low,war,forced,die,died
crude,empty,sc,fears,shit,anxiety,stop,warning,drop,fight,crisis,fuck,panic,collapse,risk,fraud,no,emergency,shame,shortage,low,war,forced,die,died
crude,empty,sc,fears,shit,anxiety,stop,warning,drop,fight,crisis,fuck,panic,collapse,risk,fraud,no,emergency,shame,shortage,low,war,forced,die,died
crude,empty,sc,fears,shit,anxiety,stop,warning,drop,fight,crisis,fuck,panic,collapse,risk,fraud,no,emergency,shame,shortage,low,war,forced,die,died
crude,empty,sc,fears,shit,anxiety,stop,warning,drop,fight,crisis,fuck,panic,collapse,risk,fraud,no,emergency,shame,shortage,low,war,forced,die,died
crude,empty,sc,fears,shit,anxiety,stop,warning,drop,fight,crisis,fuck,panic,collapse,risk,fraud,no,emergency,shame,shortage,low,war,forced,die,died
crude,empty,sc,fears,shit,anxiety,stop,warning,drop,fight,crisis,fuck,panic,collapse,risk,fraud,no,emergency,shame,shortage,low,war,forced,die,died
crude,empty,sc,fears,shit,anxiety,stop,warning,drop,fight,crisis,fuck,panic,collapse,risk,fraud,no,emergency,shame,shortage,low,war,forced,die,died
crude,empty,sc,fears,shit,anxiety,stop,warning,drop,fight,crisis,fuck,panic,collapse,risk,fraud,no,emergency,shame,shortage,low,war,forced,die,died
crude,empty,sc,fears,shit,anxiety,stop,warning,drop,fight,crisis,fuck,panic,collapse,risk,fraud,no,emergency,shame,shortage,low,war,forced,die,died
crude,empty,sc,fears,shit,anxiety,stop,warning,drop,fight,crisis,fuck,panic,collapse,risk,fraud,no,emergency,shame,shortage,low,war,forced,die,died
crude,empty,sc,fears,shit,anxiety,stop,warning,drop,fight,crisis,fuck,panic,collapse,risk,fraud,no,emergency,shame,shortage,low,war,forced,die,died
crude,empty,sc,fears,shit,anxiety,stop,warning,drop,fight,crisis,fuck,panic,collapse,risk,fraud,no,emergency,shame,shortage,low,war,forced,die,died
crude,empty,sc,fears,shit,anxiety,stop,warning,drop,fight,crisis,fuck,panic,collapse,risk,fraud,no,emergency,shame,shortage,low,war,forced,die,died
crude,empty,sc,fears,shit,anxiety,stop,warning,drop,fight,crisis,fuck,panic,collapse,risk,fraud,no,emergency,shame,shortage,low,war,forced,die,died
crude,empty,sc,fears,shit,anxiety,stop,warning,drop,fight,crisis,fuck,panic,collapse,risk,fraud,no,emergency,shame,shortage,low,war,forced,die,died
crude,empty,sc,fears,shit,anxiety,stop,warning,drop,fight,crisis,fuck,panic,collapse,risk,fraud,no,emergency,shame,shortage,low,war,forced,die,died
crude,empty,sc,fears,shit,anxiety,stop,warning,drop,fight,crisis,fuck,panic,collapse,risk,fraud,no,emergency,shame,shortage,low,war,forced,die,died
crude,empty,sc,fears,shit,anxiety,stop,warning,drop,fight,crisis,fuck,panic,collapse,risk,fraud,no,emergency,shame,shortage,low,war,forced,die,died
crude,empty,sc,fears,shit,anxiety,stop,warning,drop,fight,crisis,fuck,panic,collapse,risk,fraud,no,emergency,shame,shortage,low,war,forced,die,died
crude,empty,sc,fears,shit,anxiety,stop,warning,drop,fight,crisis,fuck,panic,collapse,risk,fraud,no,emergency,shame,shortage,low,war,forced,die,died
crude,empty,sc,fears,shit,anxiety,stop,warning,drop,fight,crisis,fuck,panic,collapse,risk,fraud,no,emergency,shame,shortage,low,war,forced,die,died
crude,empty,sc,fears,shit,anxiety,selfish,stop,warning,drop,fight,crisis,fuck,panic,risk,fraud,no,emergency,shame,shortage,low,war,forced,die,died
crude,empty,sc,fears,shit,anxiety,selfish,stop,warning,drop,fight,crisis,fuck,panic,risk,fraud,no,emergency,shame,shortage,low,war,forced,die,died
crude,empty,sc,fears,shit,anxiety,selfish,stop,warning,drop,fight,crisis,fuck,panic,risk,fraud,no,emergency,shame,shortage,low,war,forced,die,died
crude,empty,sc,fears,shit,anxiety,selfish,stop,warning,drop,fight,crisis,fuck,panic,risk,fraud,no,emergency,shame,shortage,low,war,forced,die,died
crude,empty,sc,fears,shit,anxiety,selfish,stop,warning,drop,fight,crisis,fuck,panic,risk,fraud,no,emergency,shame,shortage,low,war,forced,die,died
crude,empty,sc,fears,shit,anxiety,selfish,stop,warning,drop,fight,crisis,fuck,panic,risk,fraud,no,emergency,shame,shortage,low,war,forced,die,died
crude,empty,sc,fears,shit,anxiety,selfish,stop,warning,drop,fight,crisis,fuck,panic,risk,fraud,no,emergency,shame,shortage,low,war,forced,die,died
crude,empty,sc,fears,shit,anxiety,selfish,stop,warning,drop,fight,crisis,fuck,panic,risk,fraud,no,emergency,shame,shortage,low,war,forced,die,died
crude,empty,sc,fears,shit,anxiety,selfish,stop,warning,drop,fight,crisis,fuck,panic,risk,fraud,no,emergency,shame,shortage,low,war,forced,die,died
crude,empty,sc,fears,shit,anxiety,selfish,stop,warning,drop,fight,crisis,fuck,panic,risk,fraud,no,emergency,shame,shortage,low,war,forced,die,died
crude,empty,sc,fears,shit,anxiety,selfish,stop,warning,drop,fight,crisis,fuck,panic,risk,fraud,no,emergency,shame,shortage,low,war,forced,die,died
crude,empty,sc,fears,shit,anxiety,selfish,stop,warning,drop,fight,crisis,fuck,panic,risk,fraud,no,emergency,shame,shortage,low,war,forced,die,died
crude,empty,sc,fears,shit,anxiety,selfish,stop,warning,drop,fight,crisis,fuck,panic,risk,fraud,no,emergency,shame,shortage,low,war,forced,die,died
crude,empty,sc,fears,shit,anxiety,selfish,stop,warning,drop,fight,crisis,fuck,panic,risk,fraud,no,emergency,shame,shortage,low,war,forced,die,died
crude,empty,sc,fears,shit,anxiety,selfish,stop,warning,drop,fight,crisis,fuck,panic,risk,fraud,no,emergency,shame,shortage,low,war,forced,die,died
crude,empty,sc,fears,shit,anxiety,selfish,stop,warning,drop,fight,crisis,fuck,panic,risk,fraud,no,emergency,shame,shortage,low,war,forced,die,died
crude,empty,sc,fears,shit,anxiety,selfish,stop,warning,drop,fight,crisis,fuck,panic,risk,fraud,no,emergency,shame,shortage,low,war,forced,die,died
crude,empty,sc,fears,shit,anxiety,selfish,stop,warning,drop,fight,crisis,fuck,panic,risk,fraud,no,emergency,shame,shortage,low,war,forced,die,died
crude,empty,sc,fears,shit,anxiety,selfish,stop,warning,drop,fight,crisis,fuck,panic,risk,fraud,no,emergency,shame,shortage,low,war,forced,die,died
crude,empty,sc,fears,shit,anxiety,selfish,stop,warning,drop,fight,crisis,fuck,panic,risk,fraud,no,emergency,shame,shortage,low,war,forced,die,died
crude,empty,sc,fears,shit,anxiety,selfish,stop,warning,drop,fight,crisis,fuck,panic,risk,fraud,no,emergency,shame,shortage,low,war,forced,die,died
crude,empty,sc,fears,shit,anxiety,selfish,stop,warning,drop,fight,crisis,fuck,panic,risk,fraud,no,emergency,shame,shortage,low,war,forced,die,died
crude,empty,sc,fears,shit,anxiety,selfish,stop,warning,drop,fight,crisis,fuck,panic,risk,fraud,no,emergency,shame,shortage,low,war,forced,die,died
crude,empty,sc,fears,shit,anxiety,selfish,stop,warning,drop,fight,crisis,fuck,panic,risk,fraud,no,emergency,shame,shortage,low,war,forced,die,died
crude,empty,sc,fears,shit,anxiety,selfish,stop,warning,drop,fight,crisis,fuck,panic,risk,fraud,no,emergency,shame,shortage,low,war,forced,die,died
crude,empty,sc,fears,shit,anxiety,selfish,stop,warning,drop,fight,crisis,fuck,panic,risk,fraud,no,emergency,shame,shortage,low,war,forced,die,died
crude,empty,sc,fears,shit,anxiety,selfish,stop,warning,drop,fight,crisis,fuck,panic,risk,fraud,no,emergency,shame,shortage,low,war,forced,die,died
crude,empty,sc,fears,shit,anxiety,selfish,stop,warning,drop,fight,crisis,fuck,panic,risk,fraud,no,emergency,shame,shortage,low,war,forced,die,died
crude,empty,sc,fears,shit,anxiety,selfish,stop,warning,drop,fight,crisis,fuck,panic,risk,fraud,no,emergency,shame,shortage,low,war,forced,die,died
crude,empty,sc,fears,shit,anxiety,selfish,stop,warning,drop,fight,crisis,fuck,panic,risk,fraud,no,emergency,shame,shortage,low,war,forced,die,died
crude,empty,sc,fears,shit,anxiety,selfish,stop,warning,drop,fight,crisis,fuck,panic,risk,fraud,no,emergency,shame,shortage,low,war,forced,die,died
crude,empty,sc,fears,shit,anxiety,selfish,stop,warning,drop,fight,crisis,fuck,panic,risk,fraud,no,emergency,shame,shortage,low,war,forced,die,died
crude,empty,sc,fears,shit,anxiety,selfish,stop,warning,drop,fight,crisis,fuck,panic,risk,fraud,no,emergency,shame,shortage,low,war,forced,die,died
crude,empty,sc,fears,shit,anxiety,selfish,stop,warning,drop,fight,crisis,fuck,panic,risk,fraud,no,emergency,shame,shortage,low,war,forced,die,died
crude,empty,sc,fears,shit,anxiety,selfish,stop,warning,drop,fight,crisis,fuck,panic,risk,fraud,no,emergency,shame,shortage,low,war,forced,die,died
crude,empty,sc,fears,shit,anxiety,selfish,stop,warning,drop,fight,crisis,fuck,panic,risk,fraud,no,emergency,shame,shortage,low,war,forced,die,died
crude,empty,sc,fears,shit,anxiety,selfish,stop,warning,drop,fight,crisis,fuck,panic,risk,fraud,no,emergency,shame,shortage,low,war,forced,die,died
crude,empty,sc,fears,shit,anxiety,selfish,stop,warning,drop,fight,crisis,fuck,panic,risk,fraud,no,emergency,shame,shortage,low,war,forced,die,died
crude,empty,sc,fears,shit,anxiety,selfish,stop,warning,drop,fight,crisis,fuck,panic,risk,fraud,no,emergency,shame,shortage,low,war,forced,die,died
crude,empty,sc,fears,shit,anxiety,selfish,stop,warning,drop,fight,crisis,fuck,panic,risk,fraud,no,emergency,shame,shortage,low,war,forced,die,died
crude,empty,sc,fears,shit,anxiety,selfish,stop,warning,drop,fight,crisis,fuck,panic,risk,fraud,no,emergency,shame,shortage,low,war,forced,die,died
crude,empty,sc,fears,shit,anxiety,selfish,stop,warning,drop,fight,crisis,fuck,panic,risk,fraud,no,emergency,shame,shortage,low,war,forced,die,died
crude,empty,sc,fears,shit,anxiety,selfish,stop,warning,drop,fight,crisis,panic,collapse,risk,fraud,no,emergency,shame,shortage,low,war,forced,die,died
crude,empty,sc,fears,shit,anxiety,selfish,stop,warning,drop,fight,crisis,panic,collapse,risk,fraud,no,emergency,shame,shortage,low,war,forced,die,died
crude,empty,sc,fears,shit,anxiety,selfish,stop,warning,drop,fight,crisis,panic,collapse,risk,fraud,no,emergency,shame,shortage,low,war,forced,die,died
crude,empty,sc,fears,shit,anxiety,selfish,stop,warning,drop,fight,crisis,panic,collapse,risk,fraud,no,emergency,shame,shortage,low,war,forced,die,died
crude,empty,sc,fears,shit,anxiety,selfish,stop,warning,drop,fight,crisis,panic,collapse,risk,fraud,no,emergency,shame,shortage,low,war,forced,die,died
crude,empty,sc,fears,shit,anxiety,selfish,stop,warning,drop,fight,crisis,panic,collapse,risk,fraud,no,emergency,shame,shortage,low,war,forced,die,died
crude,empty,sc,fears,shit,anxiety,selfish,stop,warning,drop,fight,crisis,panic,collapse,risk,fraud,no,emergency,shame,shortage,low,war,forced,die,died
crude,empty,sc,fears,shit,anxiety,selfish,stop,warning,drop,fight,crisis,panic,collapse,risk,fraud,no,emergency,shame,shortage,low,war,forced,die,died
crude,empty,sc,fears,shit,anxiety,selfish,stop,warning,drop,fight,crisis,panic,collapse,risk,fraud,no,emergency,shame,shortage,low,war,forced,die,died
crude,empty,sc,fears,shit,anxiety,selfish,stop,warning,drop,fight,crisis,panic,collapse,risk,fraud,no,emergency,shame,shortage,low,war,forced,die,died
crude,empty,sc,fears,shit,anxiety,selfish,stop,warning,drop,fight,crisis,panic,collapse,risk,fraud,no,emergency,shame,shortage,low,war,forced,die,died
crude,empty,sc,fears,shit,anxiety,selfish,stop,warning,drop,fight,crisis,panic,collapse,risk,fraud,no,emergency,shame,shortage,low,war,forced,die,died
crude,empty,sc,fears,shit,anxiety,selfish,stop,warning,drop,fight,crisis,panic,collapse,risk,fraud,no,emergency,shame,shortage,low,war,forced,die,died
crude,empty,sc,fears,shit,anxiety,selfish,stop,warning,drop,fight,crisis,panic,collapse,risk,fraud,no,emergency,shame,shortage,low,war,forced,die,died
crude,empty,sc,fears,shit,anxiety,selfish,stop,warning,drop,fight,crisis,panic,collapse,risk,fraud,no,emergency,shame,shortage,low,war,forced,die,died
crude,empty,sc,fears,shit,anxiety,selfish,stop,warning,drop,fight,crisis,panic,collapse,risk,fraud,no,emergency,shame,shortage,low,war,forced,die,died
crude,empty,sc,fears,shit,anxiety,selfish,stop,warning,drop,fight,crisis,panic,collapse,risk,fraud,no,emergency,shame,shortage,low,war,forced,die,died
crude,empty,sc,fears,shit,anxiety,selfish,stop,warning,drop,fight,crisis,panic,collapse,risk,fraud,no,emergency,shame,shortage,low,war,forced,die,died
crude,empty,sc,fears,shit,anxiety,selfish,stop,warning,drop,fight,crisis,panic,collapse,risk,fraud,no,emergency,shame,shortage,low,war,forced,die,died
crude,empty,sc,fears,shit,anxiety,selfish,stop,warning,drop,fight,crisis,panic,collapse,risk,fraud,no,emergency,shame,shortage,low,war,forced,die,died
crude,empty,sc,fears,shit,anxiety,selfish,stop,warning,drop,fight,crisis,panic,collapse,risk,fraud,no,emergency,shame,shortage,low,war,forced,die,died
crude,empty,sc,fears,shit,anxiety,selfish,stop,warning,drop,fight,crisis,panic,collapse,risk,fraud,no,emergency,shame,shortage,low,war,forced,die,died
crude,empty,sc,fears,shit,anxiety,selfish,stop,warning,drop,fight,crisis,panic,collapse,risk,fraud,no,emergency,shame,shortage,low,war,forced,die,died
crude,empty,sc,fears,shit,anxiety,selfish,stop,warning,drop,fight,crisis,panic,collapse,risk,fraud,no,emergency,shame,shortage,low,war,forced,die,died
crude,empty,sc,fears,shit,anxiety,selfish,stop,warning,drop,fight,crisis,panic,collapse,risk,fraud,no,emergency,shame,shortage,low,war,forced,die,died
crude,empty,sc,fears,shit,anxiety,selfish,stop,warning,drop,fight,crisis,panic,collapse,risk,fraud,no,emergency,shame,shortage,low,war,forced,die,died
crude,empty,sc,fears,shit,anxiety,selfish,stop,warning,drop,fight,crisis,panic,collapse,risk,fraud,no,emergency,shame,shortage,low,war,forced,die,died
crude,empty,sc,fears,shit,anxiety,selfish,stop,warning,drop,fight,crisis,panic,collapse,risk,fraud,no,emergency,shame,shortage,low,war,forced,die,died
crude,empty,sc,fears,shit,anxiety,selfish,stop,warning,drop,fight,crisis,panic,collapse,risk,fraud,no,emergency,shame,shortage,low,war,forced,die,died
crude,empty,sc,fears,shit,anxiety,selfish,stop,warning,drop,fight,crisis,panic,collapse,risk,fraud,no,emergency,shame,shortage,low,war,forced,die,died
crude,empty,sc,fears,shit,anxiety,selfish,stop,warning,drop,fight,crisis,panic,collapse,risk,fraud,no,emergency,shame,shortage,low,war,forced,die,died
crude,empty,sc,fears,shit,anxiety,selfish,stop,warning,drop,fight,crisis,panic,collapse,risk,fraud,no,emergency,shame,shortage,low,war,forced,die,died
crude,empty,sc,fears,shit,anxiety,selfish,stop,warning,drop,fight,crisis,panic,collapse,risk,fraud,no,emergency,shame,shortage,low,war,forced,die,died
crude,empty,sc,fears,shit,anxiety,selfish,stop,warning,drop,fight,crisis,panic,collapse,risk,fraud,no,emergency,shame,shortage,low,war,forced,die,died
crude,empty,sc,fears,shit,anxiety,selfish,stop,warning,drop,fight,crisis,panic,collapse,risk,fraud,no,emergency,shame,shortage,low,war,forced,die,died
crude,empty,sc,fears,shit,anxiety,selfish,stop,warning,drop,fight,crisis,panic,collapse,risk,fraud,no,emergency,shame,shortage,low,war,forced,die,died
crude,empty,sc,fears,shit,anxiety,selfish,stop,warning,drop,fight,crisis,panic,collapse,risk,fraud,no,emergency,shame,shortage,low,war,forced,die,died
crude,empty,sc,fears,shit,anxiety,selfish,stop,warning,drop,fight,crisis,panic,collapse,risk,fraud,no,emergency,shame,shortage,low,war,forced,die,died
crude,empty,sc,fears,shit,anxiety,selfish,stop,warning,drop,fight,crisis,panic,collapse,risk,fraud,no,emergency,shame,shortage,low,war,forced,die,died
crude,empty,sc,fears,shit,anxiety,selfish,stop,warning,drop,fight,crisis,panic,collapse,risk,fraud,no,emergency,shame,shortage,low,war,forced,die,died
crude,empty,sc,fears,shit,anxiety,selfish,stop,warning,drop,fight,crisis,panic,collapse,risk,fraud,no,emergency,shame,shortage,low,war,forced,die,died
crude,empty,sc,fears,shit,anxiety,selfish,stop,warning,drop,fight,crisis,panic,collapse,risk,fraud,no,emergency,shame,shortage,low,war,forced,die,died
crude,empty,sc,fears,shit,anxiety,selfish,stop,warning,drop,fight,crisis,panic,collapse,risk,fraud,no,emergency,shame,shortage,low,war,forced,die,died
crude,empty,sc,fears,shit,anxiety,selfish,stop,warning,drop,fight,crisis,panic,collapse,risk,fraud,no,emergency,shame,shortage,low,war,forced,die,died
crude,empty,sc,fears,shit,anxiety,selfish,stop,warning,drop,fight,crisis,panic,collapse,risk,fraud,no,emergency,shame,shortage,low,war,forced,die,died
crude,empty,sc,fears,shit,anxiety,selfish,stop,warning,drop,fight,crisis,panic,collapse,risk,fraud,no,emergency,shame,shortage,low,war,forced,die,died
crude,empty,sc,fears,shit,anxiety,selfish,stop,warning,drop,fight,crisis,panic,collapse,risk,fraud,no,emergency,shame,shortage,low,war,forced,die,died
crude,empty,sc,fears,shit,anxiety,selfish,stop,warning,drop,fight,crisis,panic,collapse,risk,fraud,no,emergency,shame,shortage,low,war,forced,die,died
crude,empty,sc,fears,shit,anxiety,selfish,stop,warning,drop,fight,crisis,panic,collapse,risk,fraud,no,emergency,shame,shortage,low,war,forced,die,died
crude,empty,sc,fears,shit,anxiety,selfish,stop,warning,drop,fight,crisis,panic,collapse,risk,fraud,no,emergency,shame,shortage,low,war,forced,die,died
crude,empty,sc,fears,shit,anxiety,selfish,stop,warning,drop,fight,crisis,panic,collapse,risk,fraud,no,emergency,shame,shortage,low,war,forced,die,died
crude,empty,sc,fears,shit,anxiety,selfish,stop,warning,drop,fight,crisis,panic,collapse,risk,fraud,no,emergency,shame,shortage,low,war,forced,die,died
crude,empty,sc,fears,shit,anxiety,selfish,stop,warning,drop,fight,crisis,panic,collapse,risk,fraud,no,emergency,shame,shortage,low,war,forced,die,died
crude,empty,sc,fears,shit,anxiety,selfish,stop,warning,drop,fight,crisis,panic,collapse,risk,fraud,no,emergency,shame,shortage,low,war,forced,die,died
crude,empty,sc,fears,shit,anxiety,selfish,stop,warning,drop,fight,crisis,panic,collapse,risk,fraud,no,emergency,shame,shortage,low,war,forced,die,died
crude,empty,sc,fears,shit,anxiety,selfish,stop,warning,drop,fight,crisis,panic,collapse,risk,fraud,no,emergency,shame,shortage,low,war,forced,die,died
crude,empty,sc,fears,shit,anxiety,selfish,stop,warning,drop,fight,crisis,panic,collapse,risk,fraud,no,emergency,shame,shortage,low,war,forced,die,died
crude,empty,sc,fears,shit,anxiety,selfish,stop,warning,drop,fight,crisis,panic,collapse,risk,fraud,no,emergency,shame,shortage,low,war,forced,die,died
crude,empty,sc,fears,shit,anxiety,selfish,stop,warning,drop,fight,crisis,panic,collapse,risk,fraud,no,emergency,shame,shortage,low,war,forced,die,died
crude,empty,sc,fears,shit,anxiety,selfish,stop,warning,drop,fight,crisis,panic,collapse,risk,fraud,no,emergency,shame,shortage,low,war,forced,die,died
crude,empty,sc,fears,shit,anxiety,selfish,stop,warning,drop,fight,crisis,panic,collapse,risk,fraud,no,emergency,shame,shortage,low,war,forced,die,died
crude,empty,sc,fears,shit,anxiety,selfish,stop,warning,drop,fight,crisis,panic,collapse,risk,fraud,no,emergency,shame,shortage,low,war,forced,die,died
crude,empty,sc,fears,shit,anxiety,selfish,stop,warning,drop,fight,crisis,panic,collapse,risk,fraud,no,emergency,shame,shortage,low,war,forced,die,died
crude,empty,sc,fears,shit,anxiety,selfish,stop,warning,drop,fight,crisis,panic,collapse,risk,fraud,no,emergency,shame,shortage,low,war,forced,die,died
crude,empty,sc,fears,shit,anxiety,selfish,stop,warning,drop,fight,crisis,panic,collapse,risk,fraud,no,emergency,shame,shortage,low,war,forced,die,died
crude,empty,sc,fears,shit,anxiety,selfish,stop,warning,drop,fight,crisis,panic,collapse,risk,fraud,no,emergency,shame,shortage,low,war,forced,die,died
crude,empty,sc,fears,shit,anxiety,selfish,stop,warning,drop,fight,crisis,panic,collapse,risk,fraud,no,emergency,shame,shortage,low,war,forced,die,died
crude,empty,sc,fears,shit,anxiety,selfish,stop,warning,drop,fight,crisis,panic,collapse,risk,fraud,no,emergency,shame,shortage,low,war,forced,die,died
crude,empty,sc,fears,shit,anxiety,selfish,stop,warning,drop,fight,crisis,panic,collapse,risk,fraud,no,emergency,shame,shortage,low,war,forced,die,died
crude,empty,sc,fears,shit,anxiety,selfish,stop,warning,drop,fight,crisis,panic,collapse,risk,fraud,no,emergency,shame,shortage,low,war,forced,die,died
crude,empty,sc,fears,shit,anxiety,selfish,stop,warning,drop,fight,crisis,panic,collapse,risk,fraud,no,emergency,shame,shortage,low,war,forced,die,died
crude,empty,sc,fears,shit,anxiety,selfish,stop,warning,drop,fight,crisis,panic,collapse,risk,fraud,no,emergency,shame,shortage,low,war,forced,die,died
crude,empty,sc,fears,shit,anxiety,selfish,stop,warning,drop,fight,crisis,panic,collapse,risk,fraud,no,emergency,shame,shortage,low,war,forced,die,died
crude,empty,sc,fears,shit,anxiety,selfish,stop,warning,drop,fight,crisis,panic,collapse,risk,fraud,no,emergency,shame,shortage,low,war,forced,die,died
crude,empty,sc,fears,shit,anxiety,selfish,stop,warning,drop,fight,crisis,panic,collapse,risk,fraud,no,emergency,shame,shortage,low,war,forced,die,died
crude,empty,sc,fears,shit,anxiety,selfish,stop,warning,drop,fight,crisis,panic,collapse,risk,fraud,no,emergency,shame,shortage,low,war,forced,die,died
crude,empty,sc,fears,shit,anxiety,selfish,stop,warning,drop,fight,crisis,panic,collapse,risk,fraud,no,emergency,shame,shortage,low,war,forced,die,died
crude,empty,sc,fears,shit,anxiety,selfish,stop,warning,drop,fight,crisis,panic,collapse,risk,fraud,no,emergency,shame,shortage,low,war,forced,die,died
crude,empty,sc,fears,shit,anxiety,selfish,stop,warning,drop,fight,crisis,panic,collapse,risk,fraud,no,emergency,shame,shortage,low,war,forced,die,died
crude,empty,sc,fears,shit,anxiety,selfish,stop,warning,drop,fight,crisis,panic,collapse,risk,fraud,no,emergency,shame,shortage,low,war,forced,die,died
crude,empty,sc,fears,shit,anxiety,selfish,stop,warning,drop,fight,crisis,panic,collapse,risk,fraud,no,emergency,shame,shortage,low,war,forced,die,died
crude,empty,sc,fears,shit,anxiety,selfish,stop,warning,drop,fight,crisis,panic,collapse,risk,fraud,no,emergency,shame,shortage,low,war,forced,die,died
crude,empty,sc,fears,shit,anxiety,selfish,stop,warning,drop,fight,crisis,panic,collapse,risk,fraud,no,emergency,shame,shortage,low,war,forced,die,died
crude,empty,sc,fears,shit,anxiety,selfish,stop,warning,drop,fight,crisis,panic,collapse,risk,fraud,no,emergency,shame,shortage,low,war,forced,die,died
crude,empty,sc,fears,shit,anxiety,selfish,stop,warning,drop,fight,crisis,panic,collapse,risk,fraud,no,emergency,shame,shortage,low,war,forced,die,died
crude,empty,sc,fears,shit,anxiety,selfish,stop,warning,drop,fight,crisis,panic,collapse,risk,fraud,no,emergency,shame,shortage,low,war,forced,die,died
crude,empty,sc,fears,shit,anxiety,selfish,stop,warning,drop,fight,crisis,panic,collapse,risk,fraud,no,emergency,shame,shortage,low,war,forced,die,died
crude,empty,sc,fears,shit,anxiety,selfish,stop,warning,drop,fight,crisis,panic,collapse,risk,fraud,no,emergency,shame,shortage,low,war,forced,die,died
crude,empty,sc,fears,shit,anxiety,selfish,stop,warning,drop,fight,crisis,panic,collapse,risk,fraud,no,emergency,shame,shortage,low,war,forced,die,died
crude,empty,sc,fears,shit,anxiety,selfish,stop,warning,drop,fight,crisis,panic,collapse,risk,fraud,no,emergency,shame,shortage,low,war,forced,die,died
crude,empty,sc,fears,shit,anxiety,selfish,stop,warning,drop,fight,crisis,panic,collapse,risk,fraud,no,emergency,shame,shortage,low,war,forced,die,died
crude,empty,sc,fears,shit,anxiety,selfish,stop,warning,drop,fight,crisis,panic,collapse,risk,fraud,no,emergency,shame,shortage,low,war,forced,die,died
crude,empty,sc,fears,shit,anxiety,selfish,stop,warning,drop,fight,crisis,panic,collapse,risk,fraud,no,emergency,shame,shortage,low,war,forced,die,died
crude,empty,sc,fears,shit,anxiety,selfish,stop,warning,drop,fight,crisis,panic,collapse,risk,fraud,no,emergency,shame,shortage,low,war,forced,die,died
crude,empty,sc,fears,shit,anxiety,selfish,stop,warning,drop,fight,crisis,panic,collapse,risk,fraud,no,emergency,shame,shortage,low,war,forced,die,died
crude,empty,sc,fears,shit,anxiety,selfish,stop,warning,drop,fight,crisis,panic,collapse,risk,fraud,no,emergency,shame,shortage,low,war,forced,die,died
crude,empty,sc,fears,shit,anxiety,selfish,stop,warning,drop,fight,crisis,panic,collapse,risk,fraud,no,emergency,shame,shortage,low,war,forced,die,died
crude,empty,sc,fears,shit,anxiety,selfish,stop,warning,drop,fight,crisis,panic,collapse,risk,fraud,no,emergency,shame,shortage,low,war,forced,die,died
crude,empty,sc,fears,shit,anxiety,selfish,stop,warning,drop,fight,crisis,panic,collapse,risk,fraud,no,emergency,shame,shortage,low,war,forced,die,died
crude,empty,sc,fears,shit,anxiety,selfish,stop,warning,drop,fight,crisis,panic,collapse,risk,fraud,no,emergency,shame,shortage,low,war,forced,die,died
crude,empty,sc,fears,shit,anxiety,selfish,stop,warning,drop,fight,crisis,panic,collapse,risk,fraud,no,emergency,shame,shortage,low,war,forced,die,died
crude,empty,sc,fears,shit,anxiety,selfish,stop,warning,drop,fight,crisis,panic,collapse,risk,fraud,no,emergency,shame,shortage,low,war,forced,die,died
crude,empty,sc,fears,shit,anxiety,selfish,stop,warning,drop,fight,crisis,panic,collapse,risk,fraud,no,emergency,shame,shortage,low,war,forced,die,died
crude,empty,sc,fears,shit,anxiety,selfish,stop,warning,drop,fight,crisis,panic,collapse,risk,fraud,no,emergency,shame,shortage,low,war,forced,die,died
crude,empty,sc,fears,shit,anxiety,selfish,stop,warning,drop,fight,crisis,panic,collapse,risk,fraud,no,emergency,shame,shortage,low,war,forced,die,died
crude,empty,sc,fears,shit,anxiety,selfish,stop,warning,drop,fight,crisis,panic,collapse,risk,fraud,no,emergency,shame,shortage,low,war,forced,die,died
crude,empty,sc,fears,shit,anxiety,selfish,stop,warning,drop,fight,crisis,panic,collapse,risk,fraud,no,emergency,shame,shortage,low,war,forced,die,died
crude,empty,sc,fears,shit,anxiety,selfish,stop,warning,drop,fight,crisis,panic,collapse,risk,fraud,no,emergency,shame,shortage,low,war,forced,die,died
crude,empty,sc,fears,shit,anxiety,selfish,stop,warning,drop,fight,crisis,panic,collapse,risk,fraud,no,emergency,shame,shortage,low,war,forced,die,died
crude,empty,sc,fears,shit,anxiety,selfish,stop,warning,drop,fight,crisis,panic,collapse,risk,fraud,no,emergency,shame,shortage,low,war,forced,die,died
crude,empty,sc,fears,shit,anxiety,selfish,stop,warning,drop,fight,crisis,panic,collapse,risk,fraud,no,emergency,shame,shortage,low,war,forced,die,died
crude,empty,sc,fears,shit,anxiety,selfish,stop,warning,drop,fight,crisis,panic,collapse,risk,fraud,no,emergency,shame,shortage,low,war,forced,die,died
crude,empty,sc,fears,shit,anxiety,selfish,stop,warning,drop,fight,crisis,panic,collapse,risk,fraud,no,emergency,shame,shortage,low,war,forced,die,died
crude,empty,sc,fears,shit,anxiety,selfish,stop,warning,drop,fight,crisis,panic,collapse,risk,fraud,no,emergency,shame,shortage,low,war,forced,die,died
crude,empty,sc,fears,shit,anxiety,selfish,stop,warning,drop,fight,crisis,panic,collapse,risk,fraud,no,emergency,shame,shortage,low,war,forced,die,died
crude,empty,sc,fears,shit,anxiety,selfish,stop,warning,drop,fight,crisis,panic,collapse,risk,fraud,no,emergency,shame,shortage,low,war,forced,die,died
crude,empty,sc,fears,shit,anxiety,selfish,stop,warning,drop,fight,crisis,panic,collapse,risk,fraud,no,emergency,shame,shortage,low,war,forced,die,died
crude,empty,sc,fears,shit,anxiety,selfish,stop,warning,drop,fight,crisis,panic,collapse,risk,fraud,no,emergency,shame,shortage,low,war,forced,die,died
crude,empty,sc,fears,shit,anxiety,selfish,stop,warning,drop,fight,crisis,panic,collapse,risk,fraud,no,emergency,shame,shortage,low,war,forced,die,died
crude,empty,sc,fears,shit,anxiety,selfish,stop,warning,drop,fight,crisis,panic,collapse,risk,fraud,no,emergency,shame,shortage,low,war,forced,die,died
crude,empty,sc,fears,shit,anxiety,selfish,stop,warning,drop,fight,crisis,panic,collapse,risk,fraud,no,emergency,shame,shortage,low,war,forced,die,died
crude,empty,sc,fears,shit,anxiety,selfish,stop,warning,drop,fight,crisis,panic,collapse,risk,fraud,no,emergency,shame,shortage,low,war,forced,die,died
crude,empty,sc,fears,shit,anxiety,selfish,stop,warning,drop,fight,crisis,panic,collapse,risk,fraud,no,emergency,shame,shortage,low,war,forced,die,died
crude,empty,sc,fears,shit,anxiety,selfish,stop,warning,drop,fight,crisis,panic,collapse,risk,fraud,no,emergency,shame,shortage,low,war,forced,die,died
crude,empty,sc,fears,shit,anxiety,selfish,stop,warning,drop,fight,crisis,panic,collapse,risk,fraud,no,emergency,shame,shortage,low,war,forced,die,died
crude,empty,sc,fears,shit,anxiety,selfish,stop,warning,drop,fight,crisis,panic,collapse,risk,fraud,no,emergency,shame,shortage,low,war,forced,die,died
crude,empty,sc,fears,shit,anxiety,selfish,stop,warning,drop,fight,crisis,panic,collapse,risk,fraud,no,emergency,shame,shortage,low,war,forced,die,died
crude,empty,sc,fears,shit,anxiety,selfish,stop,warning,drop,fight,crisis,panic,collapse,risk,fraud,no,emergency,shame,shortage,low,war,forced,die,died
crude,empty,sc,fears,shit,anxiety,selfish,stop,warning,drop,fight,crisis,panic,collapse,risk,fraud,no,emergency,shame,shortage,low,war,forced,die,died
crude,empty,sc,fears,shit,anxiety,selfish,stop,warning,drop,fight,crisis,panic,collapse,risk,fraud,no,emergency,shame,shortage,low,war,forced,die,died
crude,empty,sc,fears,shit,anxiety,selfish,stop,warning,drop,fight,crisis,panic,collapse,risk,fraud,no,emergency,shame,shortage,low,war,forced,die,died
crude,empty,sc,fears,shit,anxiety,selfish,stop,warning,drop,fight,crisis,panic,collapse,risk,fraud,no,emergency,shame,shortage,low,war,forced,die,died
crude,empty,sc,fears,shit,anxiety,selfish,stop,warning,drop,fight,crisis,panic,collapse,risk,fraud,no,emergency,shame,shortage,low,war,forced,die,died
crude,empty,sc,fears,shit,anxiety,selfish,stop,warning,drop,fight,crisis,panic,collapse,risk,fraud,no,emergency,shame,shortage,low,war,forced,die,died
crude,empty,sc,fears,shit,anxiety,selfish,stop,warning,drop,fight,crisis,panic,collapse,risk,fraud,no,emergency,shame,shortage,low,war,forced,die,died
crude,empty,sc,fears,shit,anxiety,selfish,stop,warning,drop,fight,crisis,panic,collapse,risk,fraud,no,emergency,shame,shortage,low,war,forced,die,died
crude,empty,sc,fears,shit,anxiety,selfish,stop,warning,drop,fight,crisis,panic,collapse,risk,fraud,no,emergency,shame,shortage,low,war,forced,die,died
crude,empty,sc,fears,shit,anxiety,selfish,stop,warning,drop,fight,crisis,panic,collapse,risk,fraud,no,emergency,shame,shortage,low,war,forced,die,died
crude,empty,sc,fears,shit,anxiety,selfish,stop,warning,drop,fight,crisis,panic,collapse,risk,fraud,no,emergency,shame,shortage,low,war,forced,die,died
crude,empty,sc,fears,shit,anxiety,selfish,stop,warning,drop,fight,crisis,panic,collapse,risk,fraud,no,emergency,shame,shortage,low,war,forced,die,died
crude,empty,sc,fears,shit,anxiety,selfish,stop,warning,drop,fight,crisis,panic,collapse,risk,fraud,no,emergency,shame,shortage,low,war,forced,die,died
crude,empty,sc,fears,shit,anxiety,selfish,stop,warning,drop,fight,crisis,panic,collapse,risk,fraud,no,emergency,shame,shortage,low,war,forced,die,died
crude,empty,sc,fears,shit,anxiety,selfish,stop,warning,drop,fight,crisis,panic,collapse,risk,fraud,no,emergency,shame,shortage,low,war,forced,die,died
crude,empty,sc,fears,shit,anxiety,selfish,stop,warning,drop,fight,crisis,panic,collapse,risk,fraud,no,emergency,shame,shortage,low,war,forced,die,died
crude,empty,sc,fears,shit,anxiety,selfish,stop,warning,drop,fight,crisis,panic,collapse,risk,fraud,no,emergency,shame,shortage,low,war,forced,die,died
crude,empty,sc,fears,shit,anxiety,selfish,stop,warning,drop,fight,crisis,panic,collapse,risk,fraud,no,emergency,shame,shortage,low,war,forced,die,died
crude,empty,sc,fears,shit,anxiety,selfish,stop,warning,drop,fight,crisis,panic,collapse,risk,fraud,no,emergency,shame,shortage,low,war,forced,die,died
crude,empty,sc,fears,shit,anxiety,selfish,stop,warning,drop,fight,crisis,panic,collapse,risk,fraud,no,emergency,shame,shortage,low,war,forced,die,died
crude,empty,sc,fears,shit,anxiety,selfish,stop,warning,drop,fight,crisis,panic,collapse,risk,fraud,no,emergency,shame,shortage,low,war,forced,die,died
crude,empty,sc,fears,shit,anxiety,selfish,stop,warning,drop,fight,crisis,panic,collapse,risk,fraud,no,emergency,shame,shortage,low,war,forced,die,died
crude,empty,sc,fears,shit,anxiety,selfish,stop,warning,drop,fight,crisis,panic,collapse,risk,fraud,no,emergency,shame,shortage,low,war,forced,die,died
crude,empty,sc,fears,shit,anxiety,selfish,stop,warning,drop,fight,crisis,panic,collapse,risk,fraud,no,emergency,shame,shortage,low,war,forced,die,died
crude,empty,sc,fears,shit,anxiety,selfish,stop,warning,drop,fight,crisis,panic,collapse,risk,fraud,no,emergency,shame,shortage,low,war,forced,die,died
crude,empty,sc,fears,shit,anxiety,selfish,stop,warning,drop,fight,crisis,panic,collapse,risk,fraud,no,emergency,shame,shortage,low,war,forced,die,died
crude,empty,sc,fears,shit,anxiety,selfish,stop,warning,drop,fight,crisis,panic,collapse,risk,fraud,no,emergency,shame,shortage,low,war,forced,die,died
crude,empty,sc,fears,shit,anxiety,selfish,stop,warning,drop,fight,crisis,panic,collapse,risk,fraud,no,emergency,shame,shortage,low,war,forced,die,died
crude,empty,sc,fears,shit,anxiety,selfish,stop,warning,drop,fight,crisis,panic,collapse,risk,fraud,no,emergency,shame,shortage,low,war,forced,die,died
crude,empty,sc,fears,shit,anxiety,selfish,stop,warning,drop,fight,crisis,panic,collapse,risk,fraud,no,emergency,shame,shortage,low,war,forced,die,died
crude,empty,sc,fears,shit,anxiety,selfish,stop,warning,drop,fight,crisis,panic,collapse,risk,fraud,no,emergency,shame,shortage,low,war,forced,die,died
crude,empty,sc,fears,shit,anxiety,selfish,stop,warning,drop,fight,crisis,panic,collapse,risk,fraud,no,emergency,shame,shortage,low,war,forced,die,died
crude,empty,sc,fears,shit,anxiety,selfish,stop,warning,drop,fight,crisis,panic,collapse,risk,fraud,no,emergency,shame,shortage,low,war,forced,die,died
crude,empty,sc,fears,shit,anxiety,selfish,stop,warning,drop,fight,crisis,panic,collapse,risk,fraud,no,emergency,shame,shortage,low,war,forced,die,died
crude,empty,sc,fears,shit,anxiety,selfish,stop,warning,drop,fight,crisis,panic,collapse,risk,fraud,no,emergency,shame,shortage,low,war,forced,die,died
crude,empty,sc,fears,shit,anxiety,selfish,stop,warning,drop,fight,crisis,panic,collapse,risk,fraud,no,emergency,shame,shortage,low,war,forced,die,died
crude,empty,sc,fears,shit,anxiety,selfish,stop,warning,drop,fight,crisis,panic,collapse,risk,fraud,no,emergency,shame,shortage,low,war,forced,die,died
crude,empty,sc,fears,shit,anxiety,selfish,stop,warning,drop,fight,crisis,panic,collapse,risk,fraud,no,emergency,shame,shortage,low,war,forced,die,died
crude,empty,sc,fears,shit,anxiety,selfish,stop,warning,drop,fight,crisis,panic,collapse,risk,fraud,no,emergency,shame,shortage,low,war,forced,die,died
crude,empty,sc,fears,shit,anxiety,selfish,stop,warning,drop,fight,crisis,panic,collapse,risk,fraud,no,emergency,shame,shortage,low,war,forced,die,died
crude,empty,sc,fears,shit,anxiety,selfish,stop,warning,drop,fight,crisis,panic,collapse,risk,fraud,no,emergency,shame,shortage,low,war,forced,die,died
crude,empty,sc,fears,shit,anxiety,selfish,stop,warning,drop,fight,crisis,panic,collapse,risk,fraud,no,emergency,shame,shortage,low,war,forced,die,died
crude,empty,sc,fears,shit,anxiety,selfish,stop,warning,drop,fight,crisis,panic,collapse,risk,fraud,no,emergency,shame,shortage,low,war,forced,die,died
crude,empty,sc,fears,shit,anxiety,selfish,stop,warning,drop,fight,crisis,panic,collapse,risk,fraud,no,emergency,shame,shortage,low,war,forced,die,died
crude,empty,sc,fears,shit,anxiety,selfish,stop,warning,drop,fight,crisis,panic,collapse,risk,fraud,no,emergency,shame,shortage,low,war,forced,die,died
crude,empty,sc,fears,shit,anxiety,selfish,stop,warning,drop,fight,crisis,panic,collapse,risk,fraud,no,emergency,shame,shortage,low,war,forced,die,died
crude,empty,sc,fears,shit,anxiety,selfish,stop,warning,drop,fight,crisis,panic,collapse,risk,fraud,no,emergency,shame,shortage,low,war,forced,die,died
crude,empty,sc,fears,shit,anxiety,selfish,stop,warning,drop,fight,crisis,panic,collapse,risk,fraud,no,emergency,shame,shortage,low,war,forced,die,died
crude,empty,sc,fears,shit,anxiety,selfish,stop,warning,drop,fight,crisis,panic,collapse,risk,fraud,no,emergency,shame,shortage,low,war,forced,die,died
crude,empty,sc,fears,shit,anxiety,selfish,stop,warning,drop,fight,crisis,panic,collapse,risk,fraud,no,emergency,shame,shortage,low,war,forced,die,died
crude,empty,sc,fears,shit,anxiety,selfish,stop,warning,drop,fight,crisis,panic,collapse,risk,fraud,no,emergency,shame,shortage,low,war,forced,die,died
crude,empty,sc,fears,shit,anxiety,selfish,stop,warning,drop,fight,crisis,panic,collapse,risk,fraud,no,emergency,shame,shortage,low,war,forced,die,died
crude,empty,sc,fears,shit,anxiety,selfish,stop,warning,drop,fight,crisis,panic,collapse,risk,fraud,no,emergency,shame,shortage,low,war,forced,die,died
crude,empty,sc,fears,shit,anxiety,selfish,stop,warning,drop,fight,crisis,panic,collapse,risk,fraud,no,emergency,shame,shortage,low,war,forced,die,died
crude,empty,sc,fears,shit,anxiety,selfish,stop,warning,drop,fight,crisis,panic,collapse,risk,fraud,no,emergency,shame,shortage,low,war,forced,die,died
crude,empty,sc,fears,shit,anxiety,selfish,stop,warning,drop,fight,crisis,panic,collapse,risk,fraud,no,emergency,shame,shortage,low,war,forced,die,died
crude,empty,sc,fears,shit,anxiety,selfish,stop,warning,drop,fight,crisis,panic,collapse,risk,fraud,no,emergency,shame,shortage,low,war,forced,die,died
crude,empty,sc,fears,shit,anxiety,selfish,stop,warning,drop,fight,crisis,panic,collapse,risk,fraud,no,emergency,shame,shortage,low,war,forced,die,died
crude,empty,sc,fears,shit,anxiety,selfish,stop,warning,drop,fight,crisis,panic,collapse,risk,fraud,no,emergency,shame,shortage,low,war,forced,die,died
crude,empty,sc,fears,shit,anxiety,selfish,stop,warning,drop,fight,crisis,panic,collapse,risk,fraud,no,emergency,shame,shortage,low,war,forced,die,died
crude,empty,sc,fears,shit,anxiety,selfish,stop,warning,drop,fight,crisis,panic,collapse,risk,fraud,no,emergency,shame,shortage,low,war,forced,die,died
crude,empty,sc,fears,shit,anxiety,selfish,stop,warning,drop,fight,crisis,panic,collapse,risk,fraud,no,emergency,shame,shortage,low,war,forced,die,died
crude,empty,sc,fears,shit,anxiety,selfish,stop,warning,drop,fight,crisis,panic,collapse,risk,fraud,no,emergency,shame,shortage,low,war,forced,die,died
crude,empty,sc,fears,shit,anxiety,selfish,stop,warning,drop,fight,crisis,panic,collapse,risk,fraud,no,emergency,shame,shortage,low,war,forced,die,died
crude,empty,sc,fears,shit,anxiety,selfish,stop,warning,drop,fight,crisis,panic,collapse,risk,fraud,no,emergency,shame,shortage,low,war,forced,die,died
crude,empty,sc,fears,shit,anxiety,selfish,stop,warning,drop,fight,crisis,panic,collapse,risk,fraud,no,emergency,shame,shortage,low,war,forced,die,died
crude,empty,sc,fears,shit,anxiety,selfish,stop,warning,drop,fight,crisis,panic,collapse,risk,fraud,no,emergency,shame,shortage,low,war,forced,die,died
crude,empty,sc,fears,shit,anxiety,selfish,stop,warning,drop,fight,crisis,panic,collapse,risk,fraud,no,emergency,shame,shortage,low,war,forced,die,died
crude,empty,sc,fears,shit,anxiety,selfish,stop,warning,drop,fight,crisis,panic,collapse,risk,fraud,no,emergency,shame,shortage,low,war,forced,die,died
crude,empty,sc,fears,shit,anxiety,selfish,stop,warning,drop,fight,crisis,panic,collapse,risk,fraud,no,emergency,shame,shortage,low,war,forced,die,died
crude,empty,sc,fears,shit,anxiety,selfish,stop,warning,drop,fight,crisis,panic,collapse,risk,fraud,no,emergency,shame,shortage,low,war,forced,die,died
crude,empty,sc,fears,shit,anxiety,selfish,stop,warning,drop,fight,crisis,panic,collapse,risk,fraud,no,emergency,shame,shortage,low,war,forced,die,died
crude,empty,sc,fears,shit,anxiety,selfish,stop,warning,drop,fight,crisis,panic,collapse,risk,fraud,no,emergency,shame,shortage,low,war,forced,die,died
crude,empty,sc,fears,shit,anxiety,selfish,stop,warning,drop,fight,crisis,panic,collapse,risk,fraud,no,emergency,shame,shortage,low,war,forced,die,died
crude,empty,sc,fears,shit,anxiety,selfish,stop,warning,drop,fight,crisis,panic,collapse,risk,fraud,no,emergency,shame,shortage,low,war,forced,die,died
crude,empty,sc,fears,shit,anxiety,selfish,stop,warning,drop,fight,crisis,panic,collapse,risk,fraud,no,emergency,shame,shortage,low,war,forced,die,died
crude,empty,sc,fears,shit,anxiety,selfish,stop,warning,drop,fight,crisis,panic,collapse,risk,fraud,no,emergency,shame,shortage,low,war,forced,die,died
crude,empty,sc,fears,shit,anxiety,selfish,stop,warning,drop,fight,crisis,panic,collapse,risk,fraud,no,emergency,shame,shortage,low,war,forced,die,died
crude,empty,sc,fears,shit,anxiety,selfish,stop,warning,drop,fight,crisis,panic,collapse,risk,fraud,no,emergency,shame,shortage,low,war,forced,die,died
crude,empty,sc,fears,shit,anxiety,selfish,stop,warning,drop,fight,crisis,panic,collapse,risk,fraud,no,emergency,shame,shortage,low,war,forced,die,died
crude,empty,sc,fears,shit,anxiety,selfish,stop,warning,drop,fight,crisis,panic,collapse,risk,fraud,no,emergency,shame,shortage,low,war,forced,die,died
crude,empty,sc,fears,shit,anxiety,selfish,stop,warning,drop,fight,crisis,panic,collapse,risk,fraud,no,emergency,shame,shortage,low,war,forced,die,died
crude,empty,sc,fears,shit,anxiety,selfish,stop,warning,drop,fight,crisis,panic,collapse,risk,fraud,no,emergency,shame,shortage,low,war,forced,die,died
crude,empty,sc,fears,shit,anxiety,selfish,stop,warning,drop,fight,crisis,panic,collapse,risk,fraud,no,emergency,shame,shortage,low,war,forced,die,died
crude,empty,sc,fears,shit,anxiety,selfish,stop,warning,drop,fight,crisis,panic,collapse,risk,fraud,no,emergency,shame,shortage,low,war,forced,die,died
crude,empty,sc,fears,shit,anxiety,selfish,stop,warning,drop,fight,crisis,panic,collapse,risk,fraud,no,emergency,shame,shortage,low,war,forced,die,died
crude,empty,sc,fears,shit,anxiety,selfish,stop,warning,drop,fight,crisis,panic,collapse,risk,fraud,no,emergency,shame,shortage,low,war,forced,die,died
crude,empty,sc,fears,shit,anxiety,selfish,stop,warning,drop,fight,crisis,panic,collapse,risk,fraud,no,emergency,shame,shortage,low,war,forced,die,died
crude,empty,sc,fears,shit,anxiety,selfish,stop,warning,drop,fight,crisis,panic,collapse,risk,fraud,no,emergency,shame,shortage,low,war,forced,die,died
crude,empty,sc,fears,shit,anxiety,selfish,stop,warning,drop,fight,crisis,panic,collapse,risk,fraud,no,emergency,shame,shortage,low,war,forced,die,died
crude,empty,sc,fears,shit,anxiety,selfish,stop,warning,drop,fight,crisis,panic,collapse,risk,fraud,no,emergency,shame,shortage,low,war,forced,die,died
crude,empty,sc,fears,shit,anxiety,selfish,stop,warning,drop,fight,crisis,panic,collapse,risk,fraud,no,emergency,shame,shortage,low,war,forced,die,died
crude,empty,sc,fears,shit,anxiety,selfish,stop,warning,drop,fight,crisis,panic,collapse,risk,fraud,no,emergency,shame,shortage,low,war,forced,die,died
crude,empty,sc,fears,shit,anxiety,selfish,stop,warning,drop,fight,crisis,panic,collapse,risk,fraud,no,emergency,shame,shortage,low,war,forced,die,died
crude,empty,sc,fears,shit,anxiety,selfish,stop,warning,drop,fight,crisis,panic,collapse,risk,fraud,no,emergency,shame,shortage,low,war,forced,die,died
crude,empty,sc,fears,shit,anxiety,selfish,stop,warning,drop,fight,crisis,panic,collapse,risk,fraud,no,emergency,shame,shortage,low,war,forced,die,died
crude,empty,sc,fears,shit,anxiety,selfish,stop,warning,drop,fight,crisis,panic,collapse,risk,fraud,no,emergency,shame,shortage,low,war,forced,die,died
crude,empty,sc,fears,shit,anxiety,selfish,stop,warning,drop,fight,crisis,panic,collapse,risk,fraud,no,emergency,shame,shortage,low,war,forced,die,died
crude,empty,sc,fears,shit,anxiety,selfish,stop,warning,drop,fight,crisis,panic,collapse,risk,fraud,no,emergency,shame,shortage,low,war,forced,die,died
crude,empty,sc,fears,shit,anxiety,selfish,stop,warning,drop,fight,crisis,panic,collapse,risk,fraud,no,emergency,shame,shortage,low,war,forced,die,died
crude,empty,sc,fears,shit,anxiety,selfish,stop,warning,drop,fight,crisis,panic,collapse,risk,fraud,no,emergency,shame,shortage,low,war,forced,die,died
crude,empty,sc,fears,shit,anxiety,selfish,stop,warning,drop,fight,crisis,panic,collapse,risk,fraud,no,emergency,shame,shortage,low,war,forced,die,died
crude,empty,sc,fears,shit,anxiety,selfish,stop,warning,drop,fight,crisis,panic,collapse,risk,fraud,no,emergency,shame,shortage,low,war,forced,die,died
crude,empty,sc,fears,shit,anxiety,selfish,stop,warning,drop,fight,crisis,panic,collapse,risk,fraud,no,emergency,shame,shortage,low,war,forced,die,died
crude,empty,sc,fears,shit,anxiety,selfish,stop,warning,drop,fight,crisis,panic,collapse,risk,fraud,no,emergency,shame,shortage,low,war,forced,die,died
crude,empty,sc,fears,shit,anxiety,selfish,stop,warning,drop,fight,crisis,panic,collapse,risk,fraud,no,emergency,shame,shortage,low,war,forced,die,died
crude,empty,sc,fears,shit,anxiety,selfish,stop,warning,drop,fight,crisis,panic,collapse,risk,fraud,no,emergency,shame,shortage,low,war,forced,die,died
crude,empty,sc,fears,shit,anxiety,selfish,stop,warning,drop,fight,crisis,panic,collapse,risk,fraud,no,emergency,shame,shortage,low,war,forced,die,died
crude,empty,sc,fears,shit,anxiety,selfish,stop,warning,drop,fight,crisis,panic,collapse,risk,fraud,no,emergency,shame,shortage,low,war,forced,die,died
crude,empty,sc,fears,shit,anxiety,selfish,stop,warning,drop,fight,crisis,panic,collapse,risk,fraud,no,emergency,shame,shortage,low,war,forced,die,died
crude,empty,sc,fears,shit,anxiety,selfish,stop,warning,drop,fight,crisis,panic,collapse,risk,fraud,no,emergency,shame,shortage,low,war,forced,die,died
crude,empty,sc,fears,shit,anxiety,selfish,stop,warning,drop,fight,crisis,panic,collapse,risk,fraud,no,emergency,shame,shortage,low,war,forced,die,died
crude,empty,sc,fears,shit,anxiety,selfish,stop,warning,drop,fight,crisis,panic,collapse,risk,fraud,no,emergency,shame,shortage,low,war,forced,die,died
crude,empty,sc,fears,shit,anxiety,selfish,stop,warning,drop,fight,crisis,panic,collapse,risk,fraud,no,emergency,shame,shortage,low,war,forced,die,died
crude,empty,sc,fears,shit,anxiety,selfish,stop,warning,drop,fight,crisis,panic,collapse,risk,fraud,no,emergency,shame,shortage,low,war,forced,die,died
crude,empty,sc,fears,shit,anxiety,selfish,stop,warning,drop,fight,crisis,panic,collapse,risk,fraud,no,emergency,shame,shortage,low,war,forced,die,died
crude,empty,sc,fears,shit,anxiety,selfish,stop,warning,drop,fight,crisis,panic,collapse,risk,fraud,no,emergency,shame,shortage,low,war,forced,die,died
crude,empty,sc,fears,shit,anxiety,selfish,stop,warning,drop,fight,crisis,panic,collapse,risk,fraud,no,emergency,shame,shortage,low,war,forced,die,died
crude,empty,sc,fears,shit,anxiety,selfish,stop,warning,drop,fight,crisis,panic,collapse,risk,fraud,no,emergency,shame,shortage,low,war,forced,die,died
crude,empty,sc,fears,shit,anxiety,selfish,stop,warning,drop,fight,crisis,panic,collapse,risk,fraud,no,emergency,shame,shortage,low,war,forced,die,died
crude,empty,sc,fears,shit,anxiety,selfish,stop,warning,drop,fight,crisis,panic,collapse,risk,fraud,no,emergency,shame,shortage,low,war,forced,die,died
crude,empty,sc,fears,shit,anxiety,selfish,stop,warning,drop,fight,crisis,panic,collapse,risk,fraud,no,emergency,shame,shortage,low,war,forced,die,died
crude,empty,sc,fears,shit,anxiety,selfish,stop,warning,drop,fight,crisis,panic,collapse,risk,fraud,no,emergency,shame,shortage,low,war,forced,die,died
crude,empty,sc,fears,shit,anxiety,selfish,stop,warning,drop,fight,crisis,panic,collapse,risk,fraud,no,emergency,shame,shortage,low,war,forced,die,died
crude,empty,sc,fears,shit,anxiety,selfish,stop,warning,drop,fight,crisis,panic,collapse,risk,fraud,no,emergency,shame,shortage,low,war,forced,die,died
crude,empty,sc,fears,shit,anxiety,selfish,stop,warning,drop,fight,crisis,panic,collapse,risk,fraud,no,emergency,shame,shortage,low,war,forced,die,died
crude,empty,sc,fears,shit,anxiety,selfish,stop,warning,drop,fight,crisis,panic,collapse,risk,fraud,no,emergency,shame,shortage,low,war,forced,die,died
crude,empty,sc,fears,shit,anxiety,selfish,stop,warning,drop,fight,crisis,panic,collapse,risk,fraud,no,emergency,shame,shortage,low,war,forced,die,died
crude,empty,sc,fears,shit,anxiety,selfish,stop,warning,drop,fight,crisis,panic,collapse,risk,fraud,no,emergency,shame,shortage,low,war,forced,die,died
crude,empty,sc,fears,shit,anxiety,selfish,stop,warning,drop,fight,crisis,panic,collapse,risk,fraud,no,emergency,shame,shortage,low,war,forced,die,died
crude,empty,sc,fears,shit,anxiety,selfish,stop,warning,drop,fight,crisis,panic,collapse,risk,fraud,no,emergency,shame,shortage,low,war,forced,die,died
crude,empty,sc,fears,shit,anxiety,selfish,stop,warning,drop,fight,crisis,panic,collapse,risk,fraud,no,emergency,shame,shortage,low,war,forced,die,died
crude,empty,sc,fears,shit,anxiety,selfish,stop,warning,drop,fight,crisis,panic,collapse,risk,fraud,no,emergency,shame,shortage,low,war,forced,die,died
crude,empty,sc,fears,shit,anxiety,selfish,stop,warning,drop,fight,crisis,panic,collapse,risk,fraud,no,emergency,shame,shortage,low,war,forced,die,died
crude,empty,sc,fears,shit,anxiety,selfish,stop,warning,drop,fight,crisis,panic,collapse,risk,fraud,no,emergency,shame,shortage,low,war,forced,die,died
crude,empty,sc,fears,shit,anxiety,selfish,stop,warning,drop,fight,crisis,panic,collapse,risk,fraud,no,emergency,shame,shortage,low,war,forced,die,died
crude,empty,sc,fears,shit,anxiety,selfish,stop,warning,drop,fight,crisis,panic,collapse,risk,fraud,no,emergency,shame,shortage,low,war,forced,die,died
crude,empty,sc,fears,shit,anxiety,selfish,stop,warning,problem,fight,crisis,panic,collapse,risk,fraud,no,emergency,shame,shortage,low,war,forced,die,died
crude,empty,sc,fears,shit,anxiety,selfish,stop,warning,problem,fight,crisis,panic,collapse,risk,fraud,no,emergency,shame,shortage,low,war,forced,die,died
crude,empty,sc,fears,shit,anxiety,selfish,stop,warning,problem,fight,crisis,panic,collapse,risk,fraud,no,emergency,shame,shortage,low,war,forced,die,died
crude,empty,sc,fears,shit,anxiety,selfish,stop,warning,problem,fight,crisis,panic,collapse,risk,fraud,no,emergency,shame,shortage,low,war,forced,die,died
crude,empty,sc,fears,shit,anxiety,selfish,stop,warning,problem,fight,crisis,panic,collapse,risk,fraud,no,emergency,shame,shortage,low,war,forced,die,died
crude,empty,sc,fears,shit,anxiety,selfish,stop,warning,problem,fight,crisis,panic,collapse,risk,fraud,no,emergency,shame,shortage,low,war,forced,die,died
crude,empty,sc,fears,shit,anxiety,selfish,stop,warning,problem,fight,crisis,panic,collapse,risk,fraud,no,emergency,shame,shortage,low,war,forced,die,died
crude,empty,sc,fears,shit,anxiety,selfish,stop,warning,problem,fight,crisis,panic,collapse,risk,fraud,no,emergency,shame,shortage,low,war,forced,die,died
crude,empty,sc,fears,shit,anxiety,selfish,stop,warning,problem,fight,crisis,panic,collapse,risk,fraud,no,emergency,shame,shortage,low,war,forced,die,died
crude,empty,sc,fears,shit,anxiety,selfish,stop,warning,problem,fight,crisis,panic,collapse,risk,fraud,no,emergency,shame,shortage,low,war,forced,die,died
crude,empty,sc,fears,shit,anxiety,selfish,stop,warning,problem,fight,crisis,panic,collapse,risk,fraud,no,emergency,shame,shortage,low,war,forced,die,died
crude,empty,sc,fears,shit,anxiety,selfish,stop,warning,problem,fight,crisis,panic,collapse,risk,fraud,no,emergency,shame,shortage,low,war,forced,die,died
crude,empty,sc,fears,shit,anxiety,selfish,stop,warning,problem,fight,crisis,panic,collapse,risk,fraud,no,emergency,shame,shortage,low,war,forced,die,died
crude,empty,sc,fears,shit,anxiety,selfish,stop,warning,problem,fight,crisis,panic,collapse,risk,fraud,no,emergency,shame,shortage,low,war,forced,die,died
crude,empty,sc,fears,shit,anxiety,selfish,stop,warning,drop,fight,crisis,panic,collapse,risk,fraud,no,emergency,shame,shortage,low,war,forced,die,died
crude,empty,sc,fears,shit,anxiety,selfish,stop,warning,drop,fight,crisis,panic,collapse,risk,fraud,no,emergency,shame,shortage,low,war,forced,die,died
crude,empty,sc,fears,shit,anxiety,selfish,stop,warning,drop,fight,crisis,panic,collapse,risk,fraud,no,emergency,shame,shortage,low,war,forced,die,died
crude,empty,sc,fears,shit,anxiety,selfish,stop,warning,drop,fight,crisis,panic,collapse,risk,fraud,no,emergency,shame,shortage,low,war,forced,die,died
crude,empty,sc,fears,shit,anxiety,selfish,stop,warning,drop,fight,crisis,panic,collapse,risk,fraud,no,emergency,shame,shortage,low,war,forced,die,died
crude,empty,sc,fears,shit,anxiety,selfish,stop,warning,drop,fight,crisis,panic,collapse,risk,fraud,no,emergency,shame,shortage,low,war,forced,die,died
crude,empty,sc,fears,shit,anxiety,selfish,stop,warning,drop,fight,crisis,panic,collapse,risk,fraud,no,emergency,shame,shortage,low,war,forced,die,died
crude,empty,sc,fears,shit,anxiety,selfish,stop,warning,drop,fight,crisis,panic,collapse,risk,fraud,no,emergency,shame,shortage,low,war,forced,die,died
crude,empty,sc,fears,shit,anxiety,selfish,stop,warning,drop,fight,crisis,panic,collapse,risk,fraud,no,emergency,shame,shortage,low,war,forced,die,died
crude,empty,sc,fears,shit,anxiety,selfish,stop,warning,drop,fight,crisis,panic,collapse,risk,fraud,no,emergency,shame,shortage,low,war,forced,die,died
crude,empty,sc,fears,shit,anxiety,selfish,stop,warning,drop,fight,crisis,panic,collapse,risk,fraud,no,emergency,shame,shortage,low,war,forced,die,died
crude,empty,sc,fears,shit,anxiety,selfish,stop,warning,drop,fight,crisis,panic,collapse,risk,fraud,no,emergency,shame,shortage,low,war,forced,die,died
crude,empty,sc,fears,shit,anxiety,selfish,stop,warning,drop,fight,crisis,panic,collapse,risk,fraud,no,emergency,shame,shortage,low,war,forced,die,died
crude,empty,sc,fears,shit,anxiety,selfish,stop,warning,drop,fight,crisis,panic,collapse,risk,fraud,no,emergency,shame,shortage,low,war,forced,die,died
crude,empty,sc,fears,shit,anxiety,selfish,stop,warning,drop,fight,crisis,panic,collapse,risk,fraud,no,emergency,shame,shortage,low,war,forced,die,died
crude,empty,sc,fears,shit,anxiety,selfish,stop,warning,drop,fight,crisis,panic,collapse,risk,fraud,no,emergency,shame,shortage,low,war,forced,die,died
crude,empty,sc,fears,shit,anxiety,selfish,stop,warning,drop,fight,crisis,panic,collapse,risk,fraud,no,emergency,shame,shortage,low,war,forced,die,died
crude,empty,sc,fears,shit,anxiety,selfish,stop,warning,drop,fight,crisis,panic,collapse,risk,fraud,no,emergency,shame,shortage,low,war,forced,die,died
crude,empty,sc,fears,shit,anxiety,selfish,stop,warning,drop,fight,crisis,panic,collapse,risk,fraud,no,emergency,shame,shortage,low,war,forced,die,died
crude,empty,sc,fears,shit,anxiety,selfish,stop,warning,drop,fight,crisis,panic,collapse,risk,fraud,no,emergency,shame,shortage,low,war,forced,die,died
crude,empty,sc,fears,shit,anxiety,selfish,stop,warning,drop,fight,crisis,panic,collapse,risk,fraud,no,emergency,shame,shortage,low,war,forced,die,died
crude,empty,sc,fears,shit,anxiety,selfish,stop,warning,drop,fight,crisis,panic,collapse,risk,fraud,no,emergency,shame,shortage,low,war,forced,die,died
crude,empty,sc,fears,shit,anxiety,selfish,stop,warning,drop,fight,crisis,panic,collapse,risk,fraud,no,emergency,shame,shortage,low,war,forced,die,died
crude,empty,sc,fears,shit,anxiety,selfish,stop,warning,drop,fight,crisis,panic,collapse,risk,fraud,no,emergency,shame,shortage,low,war,forced,die,died
crude,empty,sc,fears,shit,anxiety,selfish,stop,warning,drop,fight,crisis,panic,collapse,risk,fraud,no,emergency,shame,shortage,low,war,forced,die,died
crude,empty,sc,fears,shit,anxiety,selfish,stop,warning,drop,fight,crisis,panic,collapse,risk,fraud,no,emergency,shame,shortage,low,war,forced,die,died
crude,empty,sc,fears,shit,anxiety,selfish,stop,warning,drop,fight,crisis,panic,collapse,risk,fraud,no,emergency,shame,shortage,low,war,forced,die,died
crude,empty,sc,fears,shit,anxiety,selfish,stop,warning,drop,fight,crisis,panic,collapse,risk,fraud,no,emergency,shame,shortage,low,war,forced,die,died
crude,empty,sc,fears,shit,anxiety,selfish,stop,warning,drop,fight,crisis,panic,collapse,risk,fraud,no,emergency,shame,shortage,low,war,forced,die,died
crude,empty,sc,fears,shit,anxiety,selfish,stop,warning,drop,fight,crisis,panic,collapse,risk,fraud,no,emergency,shame,shortage,low,war,forced,die,died
crude,empty,sc,fears,shit,anxiety,selfish,stop,warning,drop,fight,crisis,panic,collapse,risk,fraud,no,emergency,shame,shortage,low,war,forced,die,died
crude,empty,sc,fears,shit,anxiety,selfish,stop,warning,drop,fight,crisis,panic,collapse,risk,fraud,no,emergency,shame,shortage,low,war,forced,die,died
crude,empty,sc,fears,shit,anxiety,selfish,stop,warning,drop,fight,crisis,panic,collapse,risk,fraud,no,emergency,shame,shortage,low,war,forced,die,died
crude,empty,sc,fears,shit,anxiety,selfish,stop,warning,drop,fight,crisis,panic,collapse,risk,fraud,no,emergency,shame,shortage,low,war,forced,die,died
crude,empty,sc,fears,shit,anxiety,selfish,stop,warning,drop,fight,crisis,panic,collapse,risk,fraud,no,emergency,shame,shortage,low,war,forced,die,died
crude,empty,sc,fears,shit,anxiety,selfish,stop,warning,drop,fight,crisis,panic,collapse,risk,fraud,no,emergency,shame,shortage,low,war,forced,die,died
crude,empty,sc,fears,shit,anxiety,selfish,stop,warning,drop,fight,crisis,panic,collapse,risk,fraud,no,emergency,shame,shortage,low,war,forced,die,died
crude,empty,sc,fears,shit,anxiety,selfish,stop,warning,drop,fight,crisis,panic,collapse,risk,fraud,no,emergency,shame,shortage,low,war,forced,die,died
crude,empty,sc,fears,shit,anxiety,selfish,stop,warning,drop,fight,crisis,panic,collapse,risk,fraud,no,emergency,shame,shortage,low,war,forced,die,died
crude,empty,sc,fears,shit,anxiety,selfish,stop,warning,drop,fight,crisis,panic,collapse,risk,fraud,no,emergency,shame,shortage,low,war,forced,die,died
crude,empty,sc,fears,shit,anxiety,selfish,stop,warning,drop,fight,crisis,panic,collapse,risk,fraud,no,emergency,shame,shortage,low,war,forced,die,died
crude,empty,sc,fears,shit,anxiety,selfish,stop,warning,drop,fight,crisis,panic,collapse,risk,fraud,no,emergency,shame,shortage,low,war,forced,die,died
crude,empty,sc,fears,shit,anxiety,selfish,stop,warning,drop,fight,crisis,panic,collapse,risk,fraud,no,emergency,shame,shortage,low,war,forced,die,died
crude,empty,sc,fears,shit,anxiety,selfish,stop,warning,drop,fight,crisis,panic,collapse,risk,fraud,no,emergency,shame,shortage,low,war,forced,die,died
crude,empty,sc,fears,shit,anxiety,selfish,stop,warning,drop,fight,crisis,panic,collapse,risk,fraud,no,emergency,shame,shortage,low,war,forced,die,died
crude,empty,sc,fears,shit,anxiety,selfish,stop,warning,drop,fight,crisis,panic,collapse,risk,fraud,no,emergency,shame,shortage,low,war,forced,die,died
crude,empty,sc,fears,shit,anxiety,selfish,stop,warning,drop,fight,crisis,panic,collapse,risk,fraud,no,emergency,shame,shortage,low,war,forced,die,died
crude,empty,sc,fears,shit,anxiety,selfish,stop,warning,drop,fight,crisis,panic,collapse,risk,fraud,no,emergency,shame,shortage,low,war,forced,die,died
crude,empty,sc,fears,shit,anxiety,selfish,stop,warning,drop,fight,crisis,panic,collapse,risk,fraud,no,emergency,shame,shortage,low,war,forced,die,died
crude,empty,sc,fears,shit,anxiety,selfish,stop,warning,drop,fight,crisis,panic,collapse,risk,fraud,no,emergency,shame,shortage,low,war,forced,die,died
crude,empty,sc,fears,shit,anxiety,selfish,stop,warning,drop,fight,crisis,panic,collapse,risk,fraud,no,emergency,shame,shortage,low,war,forced,die,died
crude,empty,sc,fears,shit,anxiety,selfish,stop,warning,drop,fight,crisis,panic,collapse,risk,fraud,no,emergency,shame,shortage,low,war,forced,die,died
crude,empty,sc,fears,shit,anxiety,selfish,stop,warning,drop,fight,crisis,panic,collapse,risk,fraud,no,emergency,shame,shortage,low,war,forced,die,died
crude,empty,sc,fears,shit,anxiety,selfish,stop,warning,drop,fight,crisis,panic,collapse,risk,fraud,no,emergency,shame,shortage,low,war,forced,die,died
crude,empty,sc,fears,shit,anxiety,selfish,stop,warning,drop,fight,crisis,panic,collapse,risk,fraud,no,emergency,shame,shortage,low,war,forced,die,died
crude,empty,sc,fears,shit,anxiety,selfish,stop,warning,drop,fight,crisis,panic,collapse,risk,fraud,no,emergency,shame,shortage,low,war,forced,die,died
crude,empty,sc,fears,shit,anxiety,selfish,stop,warning,drop,fight,crisis,panic,collapse,risk,fraud,no,emergency,shame,shortage,low,war,forced,die,died
crude,empty,sc,fears,shit,anxiety,selfish,stop,warning,drop,fight,crisis,panic,collapse,risk,fraud,no,emergency,shame,shortage,low,war,forced,die,died
crude,empty,sc,fears,shit,anxiety,selfish,stop,warning,drop,fight,crisis,panic,collapse,risk,fraud,no,emergency,shame,shortage,low,war,forced,die,died
crude,empty,sc,fears,shit,anxiety,selfish,stop,warning,drop,fight,crisis,panic,collapse,risk,fraud,no,emergency,shame,shortage,low,war,forced,die,died
crude,empty,sc,fears,shit,anxiety,selfish,stop,warning,drop,fight,crisis,panic,collapse,risk,fraud,no,emergency,shame,shortage,low,war,forced,die,died
crude,empty,sc,fears,shit,anxiety,selfish,stop,warning,drop,fight,crisis,panic,collapse,risk,fraud,no,emergency,shame,shortage,low,war,forced,die,died
crude,empty,sc,fears,shit,anxiety,selfish,stop,warning,drop,fight,crisis,panic,collapse,risk,fraud,no,emergency,shame,shortage,low,war,forced,die,died
crude,empty,sc,fears,shit,anxiety,selfish,stop,warning,drop,fight,crisis,panic,collapse,risk,fraud,no,emergency,shame,shortage,low,war,forced,die,died
crude,empty,sc,fears,shit,anxiety,selfish,stop,warning,drop,fight,crisis,panic,collapse,risk,fraud,no,emergency,shame,shortage,low,war,forced,die,died
crude,empty,sc,fears,shit,anxiety,selfish,stop,warning,drop,fight,crisis,panic,collapse,risk,fraud,no,emergency,shame,shortage,low,war,forced,die,died
crude,empty,sc,fears,shit,anxiety,selfish,stop,warning,drop,fight,crisis,panic,collapse,risk,fraud,no,emergency,shame,shortage,low,war,forced,die,died
crude,empty,sc,fears,shit,anxiety,selfish,stop,warning,drop,fight,crisis,panic,collapse,risk,fraud,no,emergency,shame,shortage,low,war,forced,die,died
crude,empty,sc,fears,shit,anxiety,selfish,stop,warning,drop,fight,crisis,panic,collapse,risk,fraud,no,emergency,shame,shortage,low,war,forced,die,died
crude,empty,sc,fears,shit,anxiety,selfish,stop,warning,drop,fight,crisis,panic,collapse,risk,fraud,no,emergency,shame,shortage,low,war,forced,die,died
crude,empty,sc,fears,shit,anxiety,selfish,stop,warning,drop,fight,crisis,panic,collapse,risk,fraud,no,emergency,shame,shortage,low,war,forced,die,died
crude,empty,sc,fears,shit,anxiety,selfish,stop,warning,drop,fight,crisis,panic,collapse,risk,fraud,no,emergency,shame,shortage,low,war,forced,die,died
crude,empty,sc,fears,shit,anxiety,selfish,stop,warning,drop,fight,crisis,panic,collapse,risk,fraud,no,emergency,shame,shortage,low,war,forced,die,died
crude,empty,sc,fears,shit,anxiety,selfish,stop,warning,drop,fight,crisis,panic,collapse,risk,fraud,no,emergency,shame,shortage,low,war,forced,die,died
crude,empty,sc,fears,shit,anxiety,selfish,stop,warning,drop,fight,crisis,panic,collapse,risk,fraud,no,emergency,shame,shortage,low,war,forced,die,died
crude,empty,sc,fears,shit,anxiety,selfish,stop,warning,drop,fight,crisis,panic,collapse,risk,fraud,no,emergency,shame,shortage,low,war,forced,die,died
crude,empty,sc,fears,shit,anxiety,selfish,stop,warning,drop,fight,crisis,panic,collapse,risk,fraud,no,emergency,shame,shortage,low,war,forced,die,died
crude,empty,sc,fears,shit,anxiety,selfish,stop,warning,drop,fight,crisis,panic,collapse,risk,fraud,no,emergency,shame,shortage,low,war,forced,die,died
crude,empty,sc,fears,shit,anxiety,selfish,stop,warning,drop,fight,crisis,panic,collapse,risk,fraud,no,emergency,shame,shortage,low,war,forced,die,died
crude,empty,sc,fears,shit,anxiety,selfish,stop,warning,drop,fight,crisis,panic,collapse,risk,fraud,no,emergency,shame,shortage,low,war,forced,die,died
crude,empty,sc,fears,shit,anxiety,selfish,stop,warning,drop,fight,crisis,panic,collapse,risk,fraud,no,emergency,shame,shortage,low,war,forced,die,died
crude,empty,sc,fears,shit,anxiety,selfish,stop,warning,drop,fight,crisis,panic,collapse,risk,fraud,no,emergency,shame,shortage,low,war,forced,die,died
crude,empty,sc,fears,shit,anxiety,selfish,stop,warning,drop,fight,crisis,panic,collapse,risk,fraud,no,emergency,shame,shortage,low,war,forced,die,died
crude,empty,sc,fears,shit,anxiety,selfish,stop,warning,drop,fight,crisis,panic,collapse,risk,fraud,no,emergency,shame,shortage,low,war,forced,die,died
crude,empty,sc,fears,shit,anxiety,selfish,stop,warning,drop,fight,crisis,panic,collapse,risk,fraud,no,emergency,shame,shortage,low,war,forced,die,died
crude,empty,sc,fears,shit,anxiety,selfish,stop,warning,drop,fight,crisis,panic,collapse,risk,fraud,no,emergency,shame,shortage,low,war,forced,die,died
crude,empty,sc,fears,shit,anxiety,selfish,stop,warning,drop,fight,crisis,panic,collapse,risk,fraud,no,emergency,shame,shortage,low,war,forced,die,died
crude,empty,sc,fears,shit,anxiety,selfish,stop,warning,drop,fight,crisis,panic,collapse,risk,fraud,no,emergency,shame,shortage,low,war,forced,die,died
crude,empty,sc,fears,shit,anxiety,selfish,stop,warning,drop,fight,crisis,panic,collapse,risk,fraud,no,emergency,shame,shortage,low,war,forced,die,died
crude,empty,sc,fears,shit,anxiety,selfish,stop,warning,drop,fight,crisis,panic,collapse,risk,fraud,no,emergency,shame,shortage,low,war,forced,die,died
crude,empty,sc,fears,shit,anxiety,selfish,stop,warning,drop,fight,crisis,panic,collapse,risk,fraud,no,emergency,shame,shortage,low,war,forced,die,died
crude,empty,sc,fears,shit,anxiety,selfish,stop,warning,drop,fight,crisis,panic,collapse,risk,fraud,no,emergency,shame,shortage,low,war,forced,die,died
crude,empty,sc,fears,shit,anxiety,selfish,stop,warning,drop,fight,crisis,panic,collapse,risk,fraud,no,emergency,shame,shortage,low,war,forced,die,died
crude,empty,sc,fears,shit,anxiety,selfish,stop,warning,drop,fight,crisis,panic,collapse,risk,fraud,no,emergency,shame,shortage,low,war,forced,die,died
crude,empty,sc,fears,shit,anxiety,selfish,stop,warning,drop,fight,crisis,panic,collapse,risk,fraud,no,emergency,shame,shortage,low,war,forced,die,died
crude,empty,sc,fears,shit,anxiety,selfish,stop,warning,drop,fight,crisis,panic,collapse,risk,fraud,no,emergency,shame,shortage,low,war,forced,die,died
crude,empty,sc,fears,shit,anxiety,selfish,stop,warning,drop,fight,crisis,panic,collapse,risk,fraud,no,emergency,shame,shortage,low,war,forced,die,died
crude,empty,sc,fears,shit,anxiety,selfish,stop,warning,drop,fight,crisis,panic,collapse,risk,fraud,no,emergency,shame,shortage,low,war,forced,die,died
crude,empty,sc,fears,shit,anxiety,selfish,stop,warning,drop,fight,crisis,panic,collapse,risk,fraud,no,emergency,shame,shortage,low,war,forced,die,died
crude,empty,sc,fears,shit,anxiety,selfish,stop,warning,drop,fight,crisis,panic,collapse,risk,fraud,no,emergency,shame,shortage,low,war,forced,die,died
crude,empty,sc,fears,shit,anxiety,selfish,stop,warning,drop,fight,crisis,panic,collapse,risk,fraud,no,emergency,shame,shortage,low,war,forced,die,died
crude,empty,sc,fears,shit,anxiety,selfish,stop,warning,drop,fight,crisis,panic,collapse,risk,fraud,no,emergency,shame,shortage,low,war,forced,die,died
crude,empty,sc,fears,shit,anxiety,selfish,stop,warning,drop,fight,crisis,panic,collapse,risk,fraud,no,emergency,shame,shortage,low,war,forced,die,died
crude,empty,sc,fears,shit,anxiety,selfish,stop,warning,drop,fight,crisis,panic,collapse,risk,fraud,no,emergency,shame,shortage,low,war,forced,die,died
crude,empty,sc,fears,shit,anxiety,selfish,stop,warning,drop,fight,crisis,panic,collapse,risk,fraud,no,emergency,shame,shortage,low,war,forced,die,died
crude,empty,sc,fears,shit,anxiety,selfish,stop,warning,drop,fight,crisis,panic,collapse,risk,fraud,no,emergency,shame,shortage,low,war,forced,die,died
crude,empty,sc,fears,shit,anxiety,selfish,stop,warning,drop,fight,crisis,panic,collapse,risk,fraud,no,emergency,shame,shortage,low,war,forced,die,died
crude,empty,sc,fears,shit,anxiety,selfish,stop,warning,drop,fight,crisis,panic,collapse,risk,fraud,no,emergency,shame,shortage,low,war,forced,die,died
crude,empty,sc,fears,shit,anxiety,selfish,stop,warning,drop,fight,crisis,panic,collapse,risk,fraud,no,emergency,shame,shortage,low,war,forced,die,died
crude,empty,sc,fears,shit,anxiety,selfish,stop,warning,drop,fight,crisis,panic,collapse,risk,fraud,no,emergency,shame,shortage,low,war,forced,die,died
crude,empty,sc,fears,shit,anxiety,selfish,stop,warning,drop,fight,crisis,panic,collapse,risk,fraud,no,emergency,shame,shortage,low,war,forced,die,died
crude,empty,sc,fears,shit,anxiety,selfish,stop,warning,drop,fight,crisis,panic,collapse,risk,fraud,no,emergency,shame,shortage,low,war,forced,die,died
crude,empty,sc,fears,shit,anxiety,selfish,stop,warning,drop,fight,crisis,panic,collapse,risk,fraud,no,emergency,shame,shortage,low,war,forced,die,died
crude,empty,sc,fears,shit,anxiety,selfish,stop,warning,drop,fight,crisis,panic,collapse,risk,fraud,no,emergency,shame,shortage,low,war,forced,die,died
crude,empty,sc,fears,shit,anxiety,selfish,stop,warning,drop,fight,crisis,panic,collapse,risk,fraud,no,emergency,shame,shortage,low,war,forced,die,died
crude,empty,sc,fears,shit,anxiety,selfish,stop,warning,drop,fight,crisis,panic,collapse,risk,fraud,no,emergency,shame,shortage,low,war,forced,die,died
crude,empty,sc,fears,shit,anxiety,selfish,stop,warning,drop,fight,crisis,panic,collapse,risk,fraud,no,emergency,shame,shortage,low,war,forced,die,died
crude,empty,sc,fears,shit,anxiety,selfish,stop,warning,drop,fight,crisis,panic,collapse,risk,fraud,no,emergency,shame,shortage,low,war,forced,die,died
crude,empty,sc,fears,shit,anxiety,selfish,stop,warning,drop,fight,crisis,panic,collapse,risk,fraud,no,emergency,shame,shortage,low,war,forced,die,died
crude,empty,sc,fears,shit,anxiety,selfish,stop,warning,drop,fight,crisis,panic,collapse,risk,fraud,no,emergency,shame,shortage,low,war,forced,die,died
crude,empty,sc,fears,shit,anxiety,selfish,stop,warning,drop,fight,crisis,panic,collapse,risk,fraud,no,emergency,shame,shortage,low,war,forced,die,died
crude,empty,sc,fears,shit,anxiety,selfish,stop,warning,drop,fight,crisis,panic,collapse,risk,fraud,no,emergency,shame,shortage,low,war,forced,die,died
crude,empty,sc,fears,shit,anxiety,selfish,stop,warning,drop,fight,crisis,panic,collapse,risk,fraud,no,emergency,shame,shortage,low,war,forced,die,died
crude,empty,sc,fears,shit,anxiety,selfish,stop,warning,drop,fight,crisis,panic,collapse,risk,fraud,no,emergency,shame,shortage,low,war,forced,die,died
crude,empty,sc,fears,shit,anxiety,selfish,stop,warning,drop,fight,crisis,panic,collapse,risk,fraud,no,emergency,shame,shortage,low,war,forced,die,died
crude,empty,sc,fears,shit,anxiety,selfish,stop,warning,drop,fight,crisis,panic,collapse,risk,fraud,no,emergency,shame,shortage,low,war,forced,die,died
crude,empty,sc,fears,shit,anxiety,selfish,stop,warning,drop,fight,crisis,panic,collapse,risk,fraud,no,emergency,shame,shortage,low,war,forced,die,died
crude,empty,sc,fears,shit,anxiety,selfish,stop,warning,drop,fight,crisis,panic,collapse,risk,fraud,no,emergency,shame,shortage,low,war,forced,die,died
crude,empty,sc,fears,shit,anxiety,selfish,stop,warning,drop,fight,crisis,panic,collapse,risk,fraud,no,emergency,shame,shortage,low,war,forced,die,died
crude,empty,sc,fears,shit,anxiety,selfish,stop,warning,drop,fight,crisis,panic,collapse,risk,fraud,no,emergency,shame,shortage,low,war,forced,die,died
crude,empty,sc,fears,shit,anxiety,selfish,stop,warning,drop,fight,crisis,panic,collapse,risk,fraud,no,emergency,shame,shortage,low,war,forced,die,died
crude,empty,sc,fears,shit,anxiety,selfish,stop,warning,drop,fight,crisis,panic,collapse,risk,fraud,no,emergency,shame,shortage,low,war,forced,die,died
crude,empty,sc,fears,shit,anxiety,selfish,stop,warning,drop,fight,crisis,panic,collapse,risk,fraud,no,emergency,shame,shortage,low,war,forced,die,died
crude,empty,sc,fears,shit,anxiety,selfish,stop,warning,drop,fight,crisis,panic,collapse,risk,fraud,no,emergency,shame,shortage,low,war,forced,die,died
crude,empty,sc,fears,shit,anxiety,selfish,stop,warning,drop,fight,crisis,panic,collapse,risk,fraud,no,emergency,shame,shortage,low,war,forced,die,died
crude,empty,sc,fears,shit,anxiety,selfish,stop,warning,drop,fight,crisis,panic,collapse,risk,fraud,no,emergency,shame,shortage,low,war,forced,die,died
crude,empty,sc,fears,shit,anxiety,selfish,stop,warning,drop,fight,crisis,panic,collapse,risk,fraud,no,emergency,shame,shortage,low,war,forced,die,died
crude,empty,sc,fears,shit,anxiety,selfish,stop,warning,drop,fight,crisis,panic,collapse,risk,fraud,no,emergency,shame,shortage,low,war,forced,die,died
crude,empty,sc,fears,shit,anxiety,selfish,stop,warning,drop,fight,crisis,panic,collapse,risk,fraud,no,emergency,shame,shortage,low,war,forced,die,died
crude,empty,sc,fears,shit,anxiety,selfish,stop,warning,drop,fight,crisis,panic,collapse,risk,fraud,no,emergency,shame,shortage,low,war,forced,die,died
crude,empty,sc,fears,shit,anxiety,selfish,stop,warning,drop,fight,crisis,panic,collapse,risk,fraud,no,emergency,shame,shortage,low,war,forced,die,died
crude,empty,sc,fears,shit,anxiety,selfish,stop,warning,drop,fight,crisis,panic,collapse,risk,fraud,no,emergency,shame,shortage,low,war,forced,die,died
crude,empty,sc,fears,shit,anxiety,selfish,stop,warning,drop,fight,crisis,panic,collapse,risk,fraud,no,emergency,shame,shortage,low,war,forced,die,died
crude,empty,sc,fears,shit,anxiety,selfish,stop,warning,drop,fight,crisis,panic,collapse,risk,fraud,no,emergency,shame,shortage,low,war,forced,die,died
crude,empty,sc,fears,shit,anxiety,selfish,stop,warning,drop,fight,crisis,panic,collapse,risk,fraud,no,emergency,shame,shortage,low,war,forced,die,died
crude,empty,sc,fears,shit,anxiety,selfish,stop,warning,drop,fight,crisis,panic,collapse,risk,fraud,no,emergency,shame,shortage,low,war,forced,die,died
crude,empty,sc,fears,shit,anxiety,selfish,stop,warning,drop,fight,crisis,panic,collapse,risk,fraud,no,emergency,shame,shortage,low,war,forced,die,died
crude,empty,sc,fears,shit,anxiety,selfish,stop,warning,drop,fight,crisis,panic,collapse,risk,fraud,no,emergency,shame,shortage,low,war,forced,die,died
crude,empty,sc,fears,shit,anxiety,selfish,stop,warning,drop,fight,crisis,panic,collapse,risk,fraud,no,emergency,shame,shortage,low,war,forced,die,died
crude,empty,sc,fears,shit,anxiety,selfish,stop,warning,drop,fight,crisis,panic,collapse,risk,fraud,no,emergency,shame,shortage,low,war,forced,die,died
crude,empty,sc,fears,shit,anxiety,selfish,stop,warning,drop,fight,crisis,panic,collapse,risk,fraud,no,emergency,shame,shortage,low,war,forced,die,died
crude,empty,sc,fears,shit,anxiety,selfish,stop,warning,drop,fight,crisis,panic,collapse,risk,fraud,no,emergency,shame,shortage,low,war,forced,die,died
crude,empty,sc,fears,shit,anxiety,selfish,stop,warning,drop,fight,crisis,panic,collapse,risk,fraud,no,emergency,shame,shortage,low,war,forced,die,died
crude,empty,sc,fears,shit,anxiety,selfish,stop,warning,drop,fight,crisis,panic,collapse,risk,fraud,no,emergency,shame,shortage,low,war,forced,die,died
crude,empty,sc,fears,shit,anxiety,selfish,stop,warning,drop,fight,crisis,panic,collapse,risk,fraud,no,emergency,shame,shortage,low,war,forced,die,died
crude,empty,sc,fears,shit,anxiety,selfish,stop,warning,drop,fight,crisis,panic,collapse,risk,fraud,no,emergency,shame,shortage,low,war,forced,die,died
crude,empty,sc,fears,shit,anxiety,selfish,stop,warning,drop,fight,crisis,panic,collapse,risk,fraud,no,emergency,shame,shortage,low,war,forced,die,died
crude,empty,sc,fears,shit,anxiety,selfish,stop,warning,drop,fight,crisis,panic,collapse,risk,fraud,no,emergency,shame,shortage,low,war,forced,die,died
crude,empty,sc,fears,shit,anxiety,selfish,stop,warning,drop,fight,crisis,panic,collapse,risk,fraud,no,emergency,shame,shortage,low,war,forced,die,died
crude,empty,sc,fears,shit,anxiety,selfish,stop,warning,drop,fight,crisis,panic,collapse,risk,fraud,no,emergency,shame,shortage,low,war,forced,die,died
crude,empty,sc,fears,shit,anxiety,selfish,stop,warning,drop,fight,crisis,panic,collapse,risk,fraud,no,emergency,shame,shortage,low,war,forced,die,died
crude,empty,sc,fears,shit,anxiety,selfish,stop,warning,drop,fight,crisis,panic,collapse,risk,fraud,no,emergency,shame,shortage,low,war,forced,die,died
crude,empty,sc,fears,shit,anxiety,selfish,stop,warning,drop,fight,crisis,panic,collapse,risk,fraud,no,emergency,shame,shortage,low,war,forced,die,died
crude,empty,sc,fears,shit,anxiety,selfish,stop,warning,drop,fight,crisis,panic,collapse,risk,fraud,no,emergency,shame,shortage,low,war,forced,die,died
crude,empty,sc,fears,shit,anxiety,selfish,stop,warning,drop,fight,crisis,panic,collapse,risk,fraud,no,emergency,shame,shortage,low,war,forced,die,died
crude,empty,sc,fears,shit,anxiety,selfish,stop,warning,drop,fight,crisis,panic,collapse,risk,fraud,no,emergency,shame,shortage,low,war,forced,die,died
crude,empty,sc,fears,shit,anxiety,selfish,stop,warning,drop,fight,crisis,panic,collapse,risk,fraud,no,emergency,shame,shortage,low,war,forced,die,died
crude,empty,sc,fears,shit,anxiety,selfish,stop,warning,drop,fight,crisis,panic,collapse,risk,fraud,no,emergency,shame,shortage,low,war,forced,die,died
crude,empty,sc,fears,shit,anxiety,selfish,stop,warning,drop,fight,crisis,panic,collapse,risk,fraud,no,emergency,shame,shortage,low,war,forced,die,died
crude,empty,sc,fears,shit,anxiety,selfish,stop,warning,drop,fight,crisis,panic,collapse,risk,fraud,no,emergency,shame,shortage,low,war,forced,die,died
crude,empty,sc,fears,shit,anxiety,selfish,stop,warning,drop,fight,crisis,panic,collapse,risk,fraud,no,emergency,shame,shortage,low,war,forced,die,died
crude,empty,sc,fears,shit,anxiety,selfish,stop,warning,drop,fight,crisis,panic,collapse,risk,fraud,no,emergency,shame,shortage,low,war,forced,die,died
crude,empty,sc,fears,shit,anxiety,selfish,stop,warning,drop,fight,crisis,panic,collapse,risk,fraud,no,emergency,shame,shortage,low,war,forced,die,died
crude,empty,sc,fears,shit,anxiety,selfish,stop,warning,drop,fight,crisis,panic,collapse,risk,fraud,no,emergency,shame,shortage,low,war,forced,die,died
crude,empty,sc,fears,shit,anxiety,selfish,stop,warning,drop,fight,crisis,panic,collapse,risk,fraud,no,emergency,shame,shortage,low,war,forced,die,died
crude,empty,sc,fears,shit,anxiety,selfish,stop,warning,drop,fight,crisis,panic,collapse,risk,fraud,no,emergency,shame,shortage,low,war,forced,die,died
crude,empty,sc,fears,shit,anxiety,selfish,stop,warning,drop,fight,crisis,panic,collapse,risk,fraud,no,emergency,shame,shortage,low,war,forced,die,died
crude,empty,sc,fears,shit,anxiety,selfish,stop,warning,drop,fight,crisis,panic,collapse,risk,fraud,no,emergency,shame,shortage,low,war,forced,die,died
crude,empty,sc,fears,shit,anxiety,selfish,stop,warning,fight,crisis,fuck,panic,collapse,risk,fraud,no,emergency,shame,shortage,low,war,forced,die,died
crude,empty,sc,fears,shit,anxiety,selfish,stop,warning,fight,crisis,fuck,panic,collapse,risk,fraud,no,emergency,shame,shortage,low,war,forced,die,died
crude,empty,sc,fears,shit,anxiety,selfish,stop,warning,fight,crisis,fuck,panic,collapse,risk,fraud,no,emergency,shame,shortage,low,war,forced,die,died
crude,empty,sc,fears,shit,anxiety,selfish,stop,warning,fight,crisis,fuck,panic,collapse,risk,fraud,no,emergency,shame,shortage,low,war,forced,die,died
crude,empty,sc,fears,shit,anxiety,selfish,stop,warning,fight,crisis,fuck,panic,collapse,risk,fraud,no,emergency,shame,shortage,low,war,forced,die,died
crude,empty,sc,fears,shit,anxiety,selfish,stop,warning,fight,crisis,fuck,panic,collapse,risk,fraud,no,emergency,shame,shortage,low,war,forced,die,died
crude,empty,sc,fears,shit,anxiety,selfish,stop,warning,fight,crisis,fuck,panic,collapse,risk,fraud,no,emergency,shame,shortage,low,war,forced,die,died
crude,empty,sc,fears,shit,anxiety,selfish,stop,warning,fight,crisis,fuck,panic,collapse,risk,fraud,no,emergency,shame,shortage,low,war,forced,die,died
crude,empty,sc,fears,shit,anxiety,selfish,stop,warning,fight,crisis,fuck,panic,collapse,risk,fraud,no,emergency,shame,shortage,low,war,forced,die,died
crude,empty,sc,fears,shit,anxiety,selfish,stop,warning,fight,crisis,fuck,panic,collapse,risk,fraud,no,emergency,shame,shortage,low,war,forced,die,died
crude,empty,sc,fears,shit,anxiety,selfish,stop,warning,fight,crisis,fuck,panic,collapse,risk,fraud,no,emergency,shame,shortage,low,war,forced,die,died
crude,empty,sc,fears,shit,anxiety,selfish,stop,warning,fight,crisis,fuck,panic,collapse,risk,fraud,no,emergency,shame,shortage,low,war,forced,die,died
crude,empty,sc,fears,shit,anxiety,selfish,stop,warning,fight,crisis,fuck,panic,collapse,risk,fraud,no,emergency,shame,shortage,low,war,forced,die,died
crude,empty,sc,fears,shit,anxiety,selfish,stop,warning,fight,crisis,fuck,panic,collapse,risk,fraud,no,emergency,shame,shortage,low,war,forced,die,died
crude,empty,sc,fears,shit,anxiety,selfish,stop,warning,fight,crisis,fuck,panic,collapse,risk,fraud,no,emergency,shame,shortage,low,war,forced,die,died
crude,empty,sc,fears,shit,anxiety,selfish,stop,warning,fight,crisis,fuck,panic,collapse,risk,fraud,no,emergency,shame,shortage,low,war,forced,die,died
crude,empty,sc,fears,shit,anxiety,selfish,stop,warning,fight,crisis,fuck,panic,collapse,risk,fraud,no,emergency,shame,shortage,low,war,forced,die,died
crude,empty,sc,fears,shit,anxiety,selfish,stop,warning,fight,crisis,fuck,panic,collapse,risk,fraud,no,emergency,shame,shortage,low,war,forced,die,died
crude,empty,sc,fears,shit,anxiety,selfish,stop,warning,fight,crisis,fuck,panic,collapse,risk,fraud,no,emergency,shame,shortage,low,war,forced,die,died
crude,empty,sc,fears,shit,anxiety,selfish,stop,warning,fight,crisis,fuck,panic,collapse,risk,fraud,no,emergency,shame,shortage,low,war,forced,die,died
crude,empty,sc,fears,shit,anxiety,selfish,stop,warning,fight,crisis,fuck,panic,collapse,risk,fraud,no,emergency,shame,shortage,low,war,forced,die,died
crude,empty,sc,fears,shit,anxiety,selfish,stop,warning,fight,crisis,fuck,panic,collapse,risk,fraud,no,emergency,shame,shortage,low,war,forced,die,died
crude,empty,sc,fears,shit,anxiety,selfish,stop,warning,fight,crisis,fuck,panic,collapse,risk,fraud,no,emergency,shame,shortage,low,war,forced,die,died
crude,empty,sc,fears,shit,anxiety,selfish,stop,warning,fight,crisis,fuck,panic,collapse,risk,fraud,no,emergency,shame,shortage,low,war,forced,die,died
crude,empty,sc,fears,shit,anxiety,selfish,stop,warning,fight,crisis,fuck,panic,collapse,risk,fraud,no,emergency,shame,shortage,low,war,forced,die,died
crude,empty,sc,fears,shit,anxiety,selfish,stop,warning,fight,crisis,fuck,panic,collapse,risk,fraud,no,emergency,shame,shortage,low,war,forced,die,died
crude,empty,sc,fears,shit,anxiety,selfish,stop,warning,fight,crisis,fuck,panic,collapse,risk,fraud,no,emergency,shame,shortage,low,war,forced,die,died
crude,empty,sc,fears,shit,anxiety,selfish,stop,warning,fight,crisis,fuck,panic,collapse,risk,fraud,no,emergency,shame,shortage,low,war,forced,die,died
crude,empty,sc,fears,shit,anxiety,selfish,stop,warning,fight,crisis,fuck,panic,collapse,risk,fraud,no,emergency,shame,shortage,low,war,forced,die,died
crude,empty,sc,fears,shit,anxiety,selfish,stop,warning,fight,crisis,fuck,panic,collapse,risk,fraud,no,emergency,shame,shortage,low,war,forced,die,died
crude,empty,sc,fears,shit,anxiety,selfish,stop,warning,fight,crisis,fuck,panic,collapse,risk,fraud,no,emergency,shame,shortage,low,war,forced,die,died
crude,empty,sc,fears,shit,anxiety,selfish,stop,warning,fight,crisis,fuck,panic,collapse,risk,fraud,no,emergency,shame,shortage,low,war,forced,die,died
crude,empty,sc,fears,shit,anxiety,selfish,stop,warning,fight,crisis,fuck,panic,collapse,risk,fraud,no,emergency,shame,shortage,low,war,forced,die,died
crude,empty,sc,fears,shit,anxiety,selfish,stop,warning,fight,crisis,fuck,panic,collapse,risk,fraud,no,emergency,shame,shortage,low,war,forced,die,died
crude,empty,sc,fears,shit,anxiety,selfish,stop,warning,fight,crisis,fuck,panic,collapse,risk,fraud,no,emergency,shame,shortage,low,war,forced,die,died
crude,empty,sc,fears,shit,anxiety,selfish,stop,warning,fight,crisis,fuck,panic,collapse,risk,fraud,no,emergency,shame,shortage,low,war,forced,die,died
crude,empty,sc,fears,shit,anxiety,selfish,stop,warning,fight,crisis,fuck,panic,collapse,risk,fraud,no,emergency,shame,shortage,low,war,forced,die,died
crude,empty,sc,fears,shit,anxiety,selfish,stop,warning,fight,crisis,fuck,panic,collapse,risk,fraud,no,emergency,shame,shortage,low,war,forced,die,died
crude,empty,sc,fears,shit,anxiety,selfish,stop,warning,fight,crisis,fuck,panic,collapse,risk,fraud,no,emergency,shame,shortage,low,war,forced,die,died
crude,empty,sc,fears,shit,anxiety,selfish,stop,warning,fight,crisis,fuck,panic,collapse,risk,fraud,no,emergency,shame,shortage,low,war,forced,die,died
crude,empty,sc,fears,shit,anxiety,selfish,stop,warning,fight,crisis,fuck,panic,collapse,risk,fraud,no,emergency,shame,shortage,low,war,forced,die,died
crude,empty,sc,fears,shit,anxiety,selfish,stop,warning,fight,crisis,fuck,panic,collapse,risk,fraud,no,emergency,shame,shortage,low,war,forced,die,died
crude,empty,sc,fears,shit,anxiety,selfish,stop,warning,fight,crisis,fuck,panic,collapse,risk,fraud,no,emergency,shame,shortage,low,war,forced,die,died
crude,empty,sc,fears,shit,anxiety,selfish,stop,warning,fight,crisis,fuck,panic,collapse,risk,fraud,no,emergency,shame,shortage,low,war,forced,die,died
crude,empty,sc,fears,shit,anxiety,selfish,stop,warning,fight,crisis,fuck,panic,collapse,risk,fraud,no,emergency,shame,shortage,low,war,forced,die,died
crude,empty,sc,fears,shit,anxiety,selfish,stop,warning,fight,crisis,fuck,panic,collapse,risk,fraud,no,emergency,shame,shortage,low,war,forced,die,died
crude,empty,sc,fears,shit,anxiety,selfish,stop,warning,fight,crisis,fuck,panic,collapse,risk,fraud,no,emergency,shame,shortage,low,war,forced,die,died
crude,empty,sc,fears,shit,anxiety,selfish,stop,warning,fight,crisis,fuck,panic,collapse,risk,fraud,no,emergency,shame,shortage,low,war,forced,die,died
crude,empty,sc,fears,shit,anxiety,selfish,stop,warning,fight,crisis,fuck,panic,collapse,risk,fraud,no,emergency,shame,shortage,low,war,forced,die,died
crude,empty,sc,fears,shit,anxiety,selfish,stop,warning,fight,crisis,fuck,panic,collapse,risk,fraud,no,emergency,shame,shortage,low,war,forced,die,died
crude,empty,sc,fears,shit,anxiety,selfish,stop,warning,fight,crisis,fuck,panic,collapse,risk,fraud,no,emergency,shame,shortage,low,war,forced,die,died
crude,empty,sc,fears,shit,anxiety,selfish,stop,warning,fight,crisis,fuck,panic,collapse,risk,fraud,no,emergency,shame,shortage,low,war,forced,die,died
crude,empty,sc,fears,shit,anxiety,selfish,stop,warning,fight,crisis,fuck,panic,collapse,risk,fraud,no,emergency,shame,shortage,low,war,forced,die,died
crude,empty,sc,fears,shit,anxiety,selfish,stop,warning,fight,crisis,fuck,panic,collapse,risk,fraud,no,emergency,shame,shortage,low,war,forced,die,died
crude,empty,sc,fears,shit,anxiety,selfish,stop,warning,fight,crisis,fuck,panic,collapse,risk,fraud,no,emergency,shame,shortage,low,war,forced,die,died
crude,empty,sc,fears,shit,anxiety,selfish,stop,warning,fight,crisis,fuck,panic,collapse,risk,fraud,no,emergency,shame,shortage,low,war,forced,die,died
crude,empty,sc,fears,shit,anxiety,selfish,stop,warning,fight,crisis,fuck,panic,collapse,risk,fraud,no,emergency,shame,shortage,low,war,forced,die,died
crude,empty,sc,fears,shit,anxiety,selfish,stop,warning,fight,crisis,fuck,panic,collapse,risk,fraud,no,emergency,shame,shortage,low,war,forced,die,died
crude,empty,sc,fears,shit,anxiety,selfish,stop,warning,fight,crisis,fuck,panic,collapse,risk,fraud,no,emergency,shame,shortage,low,war,forced,die,died
crude,empty,sc,fears,shit,anxiety,selfish,stop,warning,fight,crisis,fuck,panic,collapse,risk,fraud,no,emergency,shame,shortage,low,war,forced,die,died
crude,empty,sc,fears,shit,anxiety,selfish,stop,warning,fight,crisis,fuck,panic,collapse,risk,fraud,no,emergency,shame,shortage,low,war,forced,die,died
crude,empty,sc,fears,shit,anxiety,selfish,stop,warning,fight,crisis,fuck,panic,collapse,risk,fraud,no,emergency,shame,shortage,low,war,forced,die,died
crude,empty,sc,fears,shit,anxiety,selfish,stop,warning,fight,crisis,fuck,panic,collapse,risk,fraud,no,emergency,shame,shortage,low,war,forced,die,died
crude,empty,sc,fears,shit,anxiety,selfish,stop,warning,fight,crisis,fuck,panic,collapse,risk,fraud,no,emergency,shame,shortage,low,war,forced,die,died
crude,empty,sc,fears,shit,anxiety,selfish,stop,warning,fight,crisis,fuck,panic,collapse,risk,fraud,no,emergency,shame,shortage,low,war,forced,die,died
crude,empty,sc,fears,shit,anxiety,selfish,stop,warning,fight,crisis,fuck,panic,collapse,risk,fraud,no,emergency,shame,shortage,low,war,forced,die,died
crude,empty,sc,fears,shit,anxiety,selfish,stop,warning,fight,crisis,fuck,panic,collapse,risk,fraud,no,emergency,shame,shortage,low,war,forced,die,died
crude,empty,sc,fears,shit,anxiety,selfish,stop,warning,fight,crisis,fuck,panic,collapse,risk,fraud,no,emergency,shame,shortage,low,war,forced,die,died
crude,empty,sc,fears,shit,anxiety,selfish,stop,warning,fight,crisis,fuck,panic,collapse,risk,fraud,no,emergency,shame,shortage,low,war,forced,die,died
crude,empty,sc,fears,shit,anxiety,selfish,stop,warning,fight,crisis,fuck,panic,collapse,risk,fraud,no,emergency,shame,shortage,low,war,forced,die,died
crude,empty,sc,fears,shit,anxiety,selfish,stop,warning,fight,crisis,fuck,panic,collapse,risk,fraud,no,emergency,shame,shortage,low,war,forced,die,died
crude,empty,sc,fears,shit,anxiety,selfish,stop,warning,fight,crisis,fuck,panic,collapse,risk,fraud,no,emergency,shame,shortage,low,war,forced,die,died
crude,empty,sc,fears,shit,anxiety,selfish,stop,warning,fight,crisis,fuck,panic,collapse,risk,fraud,no,emergency,shame,shortage,low,war,forced,die,died
crude,empty,sc,fears,shit,anxiety,selfish,stop,warning,fight,crisis,fuck,panic,collapse,risk,fraud,no,emergency,shame,shortage,low,war,forced,die,died
crude,empty,sc,fears,shit,anxiety,selfish,stop,warning,fight,crisis,fuck,panic,collapse,risk,fraud,no,emergency,shame,shortage,low,war,forced,die,died
crude,empty,sc,fears,shit,anxiety,selfish,stop,warning,fight,crisis,fuck,panic,collapse,risk,fraud,no,emergency,shame,shortage,low,war,forced,die,died
crude,empty,sc,fears,shit,anxiety,selfish,stop,warning,fight,crisis,fuck,panic,collapse,risk,fraud,no,emergency,shame,shortage,low,war,forced,die,died
crude,empty,sc,fears,shit,anxiety,selfish,stop,warning,fight,crisis,fuck,panic,collapse,risk,fraud,no,emergency,shame,shortage,low,war,forced,die,died
crude,empty,sc,fears,shit,anxiety,selfish,stop,warning,fight,crisis,fuck,panic,collapse,risk,fraud,no,emergency,shame,shortage,low,war,forced,die,died
crude,empty,sc,fears,shit,anxiety,selfish,stop,warning,fight,crisis,fuck,panic,collapse,risk,fraud,no,emergency,shame,shortage,low,war,forced,die,died
crude,empty,sc,fears,shit,anxiety,selfish,stop,warning,fight,crisis,fuck,panic,collapse,risk,fraud,no,emergency,shame,shortage,low,war,forced,die,died
crude,empty,sc,fears,shit,anxiety,selfish,stop,warning,fight,crisis,fuck,panic,collapse,risk,fraud,no,emergency,shame,shortage,low,war,forced,die,died
crude,empty,sc,fears,shit,anxiety,selfish,stop,warning,fight,crisis,fuck,panic,collapse,risk,fraud,no,emergency,shame,shortage,low,war,forced,die,died
crude,empty,sc,fears,shit,anxiety,selfish,stop,warning,fight,crisis,fuck,panic,collapse,risk,fraud,no,emergency,shame,shortage,low,war,forced,die,died
crude,empty,sc,fears,shit,anxiety,selfish,stop,warning,fight,crisis,fuck,panic,collapse,risk,fraud,no,emergency,shame,shortage,low,war,forced,die,died
crude,empty,sc,fears,shit,anxiety,selfish,stop,warning,fight,crisis,fuck,panic,collapse,risk,fraud,no,emergency,shame,shortage,low,war,forced,die,died
crude,empty,sc,fears,shit,anxiety,selfish,stop,warning,fight,crisis,fuck,panic,collapse,risk,fraud,no,emergency,shame,shortage,low,war,forced,die,died
crude,empty,sc,fears,shit,anxiety,selfish,stop,warning,fight,crisis,fuck,panic,collapse,risk,fraud,no,emergency,shame,shortage,low,war,forced,die,died
crude,empty,sc,fears,shit,anxiety,selfish,stop,warning,fight,crisis,fuck,panic,collapse,risk,fraud,no,emergency,shame,shortage,low,war,forced,die,died
crude,empty,sc,fears,shit,anxiety,selfish,stop,warning,fight,crisis,fuck,panic,collapse,risk,fraud,no,emergency,shame,shortage,low,war,forced,die,died
crude,empty,sc,fears,shit,anxiety,selfish,stop,warning,fight,crisis,fuck,panic,collapse,risk,fraud,no,emergency,shame,shortage,low,war,forced,die,died
crude,empty,sc,fears,shit,anxiety,selfish,stop,warning,fight,crisis,fuck,panic,collapse,risk,fraud,no,emergency,shame,shortage,low,war,forced,die,died
crude,empty,sc,fears,shit,anxiety,selfish,stop,warning,fight,crisis,fuck,panic,collapse,risk,fraud,no,emergency,shame,shortage,low,war,forced,die,died
crude,empty,sc,fears,shit,anxiety,selfish,stop,warning,fight,crisis,fuck,panic,collapse,risk,fraud,no,emergency,shame,shortage,low,war,forced,die,died
crude,empty,sc,fears,shit,anxiety,selfish,stop,warning,fight,crisis,fuck,panic,collapse,risk,fraud,no,emergency,shame,shortage,low,war,forced,die,died
crude,empty,sc,fears,shit,anxiety,selfish,stop,warning,fight,crisis,fuck,panic,collapse,risk,fraud,no,emergency,shame,shortage,low,war,forced,die,died
crude,empty,sc,fears,shit,anxiety,selfish,stop,warning,fight,crisis,fuck,panic,collapse,risk,fraud,no,emergency,shame,shortage,low,war,forced,die,died
crude,empty,sc,fears,shit,anxiety,selfish,stop,warning,fight,crisis,fuck,panic,collapse,risk,fraud,no,emergency,shame,shortage,low,war,forced,die,died
crude,empty,sc,fears,shit,anxiety,selfish,stop,warning,fight,crisis,fuck,panic,collapse,risk,fraud,no,emergency,shame,shortage,low,war,forced,die,died
crude,empty,sc,fears,shit,anxiety,selfish,stop,warning,fight,crisis,fuck,panic,collapse,risk,fraud,no,emergency,shame,shortage,low,war,forced,die,died
crude,empty,sc,fears,shit,anxiety,selfish,stop,warning,fight,crisis,fuck,panic,collapse,risk,fraud,no,emergency,shame,shortage,low,war,forced,die,died
crude,empty,sc,fears,shit,anxiety,selfish,stop,warning,fight,crisis,fuck,panic,collapse,risk,fraud,no,emergency,shame,shortage,low,war,forced,die,died
crude,empty,sc,fears,shit,anxiety,selfish,stop,warning,fight,crisis,fuck,panic,collapse,risk,fraud,no,emergency,shame,shortage,low,war,forced,die,died
crude,empty,sc,fears,shit,anxiety,selfish,stop,warning,fight,crisis,fuck,panic,collapse,risk,fraud,no,emergency,shame,shortage,low,war,forced,die,died
crude,empty,sc,fears,shit,anxiety,selfish,stop,warning,fight,crisis,fuck,panic,collapse,risk,fraud,no,emergency,shame,shortage,low,war,forced,die,died
crude,empty,sc,fears,shit,anxiety,selfish,stop,warning,fight,crisis,fuck,panic,collapse,risk,fraud,no,emergency,shame,shortage,low,war,forced,die,died
crude,empty,sc,fears,shit,anxiety,selfish,stop,warning,fight,crisis,fuck,panic,collapse,risk,fraud,no,emergency,shame,shortage,low,war,forced,die,died
crude,empty,sc,fears,shit,anxiety,selfish,stop,warning,fight,crisis,fuck,panic,collapse,risk,fraud,no,emergency,shame,shortage,low,war,forced,die,died
crude,empty,sc,fears,shit,anxiety,selfish,stop,warning,fight,crisis,fuck,panic,collapse,risk,fraud,no,emergency,shame,shortage,low,war,forced,die,died
crude,empty,sc,fears,shit,anxiety,selfish,stop,warning,fight,crisis,fuck,panic,collapse,risk,fraud,no,emergency,shame,shortage,low,war,forced,die,died
crude,empty,sc,fears,shit,anxiety,selfish,stop,warning,fight,crisis,fuck,panic,collapse,risk,fraud,no,emergency,shame,shortage,low,war,forced,die,died
crude,empty,sc,fears,shit,anxiety,selfish,stop,warning,fight,crisis,fuck,panic,collapse,risk,fraud,no,emergency,shame,shortage,low,war,forced,die,died
crude,empty,sc,fears,shit,anxiety,selfish,stop,warning,fight,crisis,fuck,panic,collapse,risk,fraud,no,emergency,shame,shortage,low,war,forced,die,died
crude,empty,sc,fears,shit,anxiety,selfish,stop,warning,fight,crisis,fuck,panic,collapse,risk,fraud,no,emergency,shame,shortage,low,war,forced,die,died
crude,empty,sc,fears,shit,anxiety,selfish,stop,warning,fight,crisis,fuck,panic,collapse,risk,fraud,no,emergency,shame,shortage,low,war,forced,die,died
crude,empty,sc,fears,shit,anxiety,selfish,stop,warning,fight,crisis,fuck,panic,collapse,risk,fraud,no,emergency,shame,shortage,low,war,forced,die,died
crude,empty,sc,fears,shit,anxiety,selfish,stop,warning,fight,crisis,fuck,panic,collapse,risk,fraud,no,emergency,shame,shortage,low,war,forced,die,died
crude,empty,sc,fears,shit,anxiety,selfish,stop,warning,fight,crisis,fuck,panic,collapse,risk,fraud,no,emergency,shame,shortage,low,war,forced,die,died
crude,empty,sc,fears,shit,anxiety,selfish,stop,warning,fight,crisis,fuck,panic,collapse,risk,fraud,no,emergency,shame,shortage,low,war,forced,die,died
crude,empty,sc,fears,shit,anxiety,selfish,stop,warning,fight,crisis,fuck,panic,collapse,risk,fraud,no,emergency,shame,shortage,low,war,forced,die,died
crude,empty,sc,fears,shit,anxiety,selfish,stop,warning,fight,crisis,fuck,panic,collapse,risk,fraud,no,emergency,shame,shortage,low,war,forced,die,died
crude,empty,sc,fears,shit,anxiety,selfish,stop,warning,fight,crisis,fuck,panic,collapse,risk,fraud,no,emergency,shame,shortage,low,war,forced,die,died
crude,empty,sc,fears,shit,anxiety,selfish,stop,warning,fight,crisis,fuck,panic,collapse,risk,fraud,no,emergency,shame,shortage,low,war,forced,die,died
crude,empty,sc,fears,shit,anxiety,selfish,stop,warning,fight,crisis,fuck,panic,collapse,risk,fraud,no,emergency,shame,shortage,low,war,forced,die,died
crude,empty,sc,fears,shit,anxiety,selfish,stop,warning,fight,crisis,fuck,panic,collapse,risk,fraud,no,emergency,shame,shortage,low,war,forced,die,died
crude,empty,sc,fears,shit,anxiety,selfish,stop,warning,fight,crisis,fuck,panic,collapse,risk,fraud,no,emergency,shame,shortage,low,war,forced,die,died
crude,empty,sc,fears,shit,anxiety,selfish,stop,warning,fight,crisis,fuck,panic,collapse,risk,fraud,no,emergency,shame,shortage,low,war,forced,die,died
crude,empty,sc,fears,shit,anxiety,selfish,stop,warning,fight,crisis,fuck,panic,collapse,risk,fraud,no,emergency,shame,shortage,low,war,forced,die,died
crude,empty,sc,fears,shit,anxiety,selfish,stop,warning,fight,crisis,fuck,panic,collapse,risk,fraud,no,emergency,shame,shortage,low,war,forced,die,died
crude,empty,sc,fears,shit,anxiety,selfish,stop,warning,fight,crisis,fuck,panic,collapse,risk,fraud,no,emergency,shame,shortage,low,war,forced,die,died
crude,empty,sc,fears,shit,anxiety,selfish,stop,warning,fight,crisis,fuck,panic,collapse,risk,fraud,no,emergency,shame,shortage,low,war,forced,die,died
crude,empty,sc,fears,shit,anxiety,selfish,stop,warning,fight,crisis,fuck,panic,collapse,risk,fraud,no,emergency,shame,shortage,low,war,forced,die,died
crude,empty,sc,fears,shit,anxiety,selfish,stop,warning,fight,crisis,fuck,panic,collapse,risk,fraud,no,emergency,shame,shortage,low,war,forced,die,died
crude,empty,sc,fears,shit,anxiety,selfish,stop,warning,fight,crisis,fuck,panic,collapse,risk,fraud,no,emergency,shame,shortage,low,war,forced,die,died
crude,empty,sc,fears,shit,anxiety,selfish,stop,warning,fight,crisis,fuck,panic,collapse,risk,fraud,no,emergency,shame,shortage,low,war,forced,die,died
crude,empty,sc,fears,shit,anxiety,selfish,stop,warning,fight,crisis,fuck,panic,collapse,risk,fraud,no,emergency,shame,shortage,low,war,forced,die,died
crude,empty,sc,fears,shit,anxiety,selfish,stop,warning,fight,crisis,fuck,panic,collapse,risk,fraud,no,emergency,shame,shortage,low,war,forced,die,died
crude,empty,sc,fears,shit,anxiety,selfish,stop,warning,fight,crisis,fuck,panic,collapse,risk,fraud,no,emergency,shame,shortage,low,war,forced,die,died
crude,empty,sc,fears,shit,anxiety,selfish,stop,warning,fight,crisis,fuck,panic,collapse,risk,fraud,no,emergency,shame,shortage,low,war,forced,die,died
crude,empty,sc,fears,shit,anxiety,selfish,stop,warning,fight,crisis,fuck,panic,collapse,risk,fraud,no,emergency,shame,shortage,low,war,forced,die,died
crude,empty,recession,sc,fears,shit,anxiety,selfish,stop,warning,fight,crisis,panic,collapse,risk,fraud,no,emergency,shame,shortage,low,war,forced,die,died
crude,empty,recession,sc,fears,shit,anxiety,selfish,stop,warning,fight,crisis,panic,collapse,risk,fraud,no,emergency,shame,shortage,low,war,forced,die,died
crude,empty,recession,sc,fears,shit,anxiety,selfish,stop,warning,fight,crisis,panic,collapse,risk,fraud,no,emergency,shame,shortage,low,war,forced,die,died
crude,empty,recession,sc,fears,shit,anxiety,selfish,stop,warning,fight,crisis,panic,collapse,risk,fraud,no,emergency,shame,shortage,low,war,forced,die,died
crude,empty,recession,sc,fears,shit,anxiety,selfish,stop,warning,fight,crisis,panic,collapse,risk,fraud,no,emergency,shame,shortage,low,war,forced,die,died
crude,empty,recession,sc,fears,shit,anxiety,selfish,stop,warning,fight,crisis,panic,collapse,risk,fraud,no,emergency,shame,shortage,low,war,forced,die,died
crude,empty,recession,sc,fears,shit,anxiety,selfish,stop,warning,fight,crisis,panic,collapse,risk,fraud,no,emergency,shame,shortage,low,war,forced,die,died
crude,empty,recession,sc,fears,shit,anxiety,selfish,stop,warning,fight,crisis,panic,collapse,risk,fraud,no,emergency,shame,shortage,low,war,forced,die,died
crude,empty,recession,sc,fears,shit,anxiety,selfish,stop,warning,fight,crisis,panic,collapse,risk,fraud,no,emergency,shame,shortage,low,war,forced,die,died
crude,empty,recession,sc,fears,shit,anxiety,selfish,stop,warning,fight,crisis,panic,collapse,risk,fraud,no,emergency,shame,shortage,low,war,forced,die,died
crude,empty,recession,sc,fears,shit,anxiety,selfish,stop,warning,fight,crisis,panic,collapse,risk,fraud,no,emergency,shame,shortage,low,war,forced,die,died
crude,empty,recession,sc,fears,shit,anxiety,selfish,stop,warning,fight,crisis,panic,collapse,risk,fraud,no,emergency,shame,shortage,low,war,forced,die,died
crude,empty,recession,sc,fears,shit,anxiety,selfish,stop,warning,fight,crisis,panic,collapse,risk,fraud,no,emergency,shame,shortage,low,war,forced,die,died
crude,empty,recession,sc,fears,shit,anxiety,selfish,stop,warning,fight,crisis,panic,collapse,risk,fraud,no,emergency,shame,shortage,low,war,forced,die,died
crude,empty,recession,sc,fears,shit,anxiety,selfish,stop,warning,fight,crisis,panic,collapse,risk,fraud,no,emergency,shame,shortage,low,war,forced,die,died
crude,empty,recession,sc,fears,shit,anxiety,selfish,stop,warning,fight,crisis,panic,collapse,risk,fraud,no,emergency,shame,shortage,low,war,forced,die,died
crude,empty,recession,sc,fears,shit,anxiety,selfish,stop,warning,fight,crisis,panic,collapse,risk,fraud,no,emergency,shame,shortage,low,war,forced,die,died
crude,empty,recession,sc,fears,shit,anxiety,selfish,stop,warning,fight,crisis,panic,collapse,risk,fraud,no,emergency,shame,shortage,low,war,forced,die,died
crude,empty,recession,sc,fears,shit,anxiety,selfish,stop,warning,fight,crisis,panic,collapse,risk,fraud,no,emergency,shame,shortage,low,war,forced,die,died
crude,empty,recession,sc,fears,shit,anxiety,selfish,stop,warning,fight,crisis,panic,collapse,risk,fraud,no,emergency,shame,shortage,low,war,forced,die,died
crude,empty,recession,sc,fears,shit,anxiety,selfish,stop,warning,fight,crisis,panic,collapse,risk,fraud,no,emergency,shame,shortage,low,war,forced,die,died
crude,empty,recession,sc,fears,shit,anxiety,selfish,stop,warning,fight,crisis,panic,collapse,risk,fraud,no,emergency,shame,shortage,low,war,forced,die,died
crude,empty,recession,sc,fears,shit,anxiety,selfish,stop,warning,fight,crisis,panic,collapse,risk,fraud,no,emergency,shame,shortage,low,war,forced,die,died
crude,empty,recession,sc,fears,shit,anxiety,selfish,stop,warning,fight,crisis,panic,collapse,risk,fraud,no,emergency,shame,shortage,low,war,forced,die,died
crude,empty,recession,sc,fears,shit,anxiety,selfish,stop,warning,fight,crisis,panic,collapse,risk,fraud,no,emergency,shame,shortage,low,war,forced,die,died
crude,empty,recession,sc,fears,shit,anxiety,selfish,stop,warning,fight,crisis,panic,collapse,risk,fraud,no,emergency,shame,shortage,low,war,forced,die,died
crude,empty,recession,sc,fears,shit,anxiety,selfish,stop,warning,fight,crisis,panic,collapse,risk,fraud,no,emergency,shame,shortage,low,war,forced,die,died
crude,empty,recession,sc,fears,shit,anxiety,selfish,stop,warning,fight,crisis,panic,collapse,risk,fraud,no,emergency,shame,shortage,low,war,forced,die,died
crude,empty,recession,sc,fears,shit,anxiety,selfish,stop,warning,fight,crisis,panic,collapse,risk,fraud,no,emergency,shame,shortage,low,war,forced,die,died
crude,empty,recession,sc,fears,shit,anxiety,selfish,stop,warning,fight,crisis,panic,collapse,risk,fraud,no,emergency,shame,shortage,low,war,forced,die,died
crude,empty,recession,sc,fears,shit,anxiety,selfish,stop,warning,fight,crisis,panic,collapse,risk,fraud,no,emergency,shame,shortage,low,war,forced,die,died
crude,empty,recession,sc,fears,shit,anxiety,selfish,stop,warning,fight,crisis,panic,collapse,risk,fraud,no,emergency,shame,shortage,low,war,forced,die,died
crude,empty,recession,sc,fears,shit,anxiety,selfish,stop,warning,fight,crisis,panic,collapse,risk,fraud,no,emergency,shame,shortage,low,war,forced,die,died
crude,empty,recession,sc,fears,shit,anxiety,selfish,stop,warning,fight,crisis,panic,collapse,risk,fraud,no,emergency,shame,shortage,low,war,forced,die,died
crude,empty,recession,sc,fears,shit,anxiety,selfish,stop,warning,fight,crisis,panic,collapse,risk,fraud,no,emergency,shame,shortage,low,war,forced,die,died
crude,empty,recession,sc,fears,shit,anxiety,selfish,stop,warning,fight,crisis,panic,collapse,risk,fraud,no,emergency,shame,shortage,low,war,forced,die,died
crude,empty,recession,sc,fears,shit,anxiety,selfish,stop,warning,fight,crisis,panic,collapse,risk,fraud,no,emergency,shame,shortage,low,war,forced,die,died
crude,empty,recession,sc,fears,shit,anxiety,selfish,stop,warning,fight,crisis,panic,collapse,risk,fraud,no,emergency,shame,shortage,low,war,forced,die,died
crude,empty,recession,sc,fears,shit,anxiety,selfish,stop,warning,fight,crisis,panic,collapse,risk,fraud,no,emergency,shame,shortage,low,war,forced,die,died
crude,empty,recession,sc,fears,shit,anxiety,selfish,stop,warning,fight,crisis,panic,collapse,risk,fraud,no,emergency,shame,shortage,low,war,forced,die,died
crude,empty,recession,sc,fears,shit,anxiety,selfish,stop,warning,fight,crisis,panic,collapse,risk,fraud,no,emergency,shame,shortage,low,war,forced,die,died
crude,empty,recession,sc,fears,shit,anxiety,selfish,stop,warning,fight,crisis,panic,collapse,risk,fraud,no,emergency,shame,shortage,low,war,forced,die,died
crude,empty,recession,sc,fears,shit,anxiety,selfish,stop,warning,fight,crisis,panic,collapse,risk,fraud,no,emergency,shame,shortage,low,war,forced,die,died
crude,empty,recession,sc,fears,shit,anxiety,selfish,stop,warning,fight,crisis,panic,collapse,risk,fraud,no,emergency,shame,shortage,low,war,forced,die,died
crude,empty,recession,sc,fears,shit,anxiety,selfish,stop,warning,fight,crisis,panic,collapse,risk,fraud,no,emergency,shame,shortage,low,war,forced,die,died
crude,empty,recession,sc,fears,shit,anxiety,selfish,stop,warning,fight,crisis,panic,collapse,risk,fraud,no,emergency,shame,shortage,low,war,forced,die,died
crude,empty,recession,sc,fears,shit,anxiety,selfish,stop,warning,fight,crisis,panic,collapse,risk,fraud,no,emergency,shame,shortage,low,war,forced,die,died
crude,empty,recession,sc,fears,shit,anxiety,selfish,stop,warning,fight,crisis,panic,collapse,risk,fraud,no,emergency,shame,shortage,low,war,forced,die,died
crude,empty,recession,sc,fears,shit,anxiety,selfish,stop,warning,fight,crisis,panic,collapse,risk,fraud,no,emergency,shame,shortage,low,war,forced,die,died
crude,empty,recession,sc,fears,shit,anxiety,selfish,stop,warning,fight,crisis,panic,collapse,risk,fraud,no,emergency,shame,shortage,low,war,forced,die,died
crude,empty,recession,sc,fears,shit,anxiety,selfish,stop,warning,fight,crisis,panic,collapse,risk,fraud,no,emergency,shame,shortage,low,war,forced,die,died
crude,empty,recession,sc,fears,shit,anxiety,selfish,stop,warning,fight,crisis,panic,collapse,risk,fraud,no,emergency,shame,shortage,low,war,forced,die,died
crude,empty,recession,sc,fears,shit,anxiety,selfish,stop,warning,fight,crisis,panic,collapse,risk,fraud,no,emergency,shame,shortage,low,war,forced,die,died
crude,empty,recession,sc,fears,shit,anxiety,selfish,stop,warning,fight,crisis,panic,collapse,risk,fraud,no,emergency,shame,shortage,low,war,forced,die,died
crude,empty,recession,sc,fears,shit,anxiety,selfish,stop,warning,fight,crisis,panic,collapse,risk,fraud,no,emergency,shame,shortage,low,war,forced,die,died
crude,empty,recession,sc,fears,shit,anxiety,selfish,stop,warning,fight,crisis,panic,collapse,risk,fraud,no,emergency,shame,shortage,low,war,forced,die,died
crude,empty,recession,sc,fears,shit,anxiety,selfish,stop,warning,fight,crisis,panic,collapse,risk,fraud,no,emergency,shame,shortage,low,war,forced,die,died
crude,empty,recession,sc,fears,shit,anxiety,selfish,stop,warning,fight,crisis,panic,collapse,risk,fraud,no,emergency,shame,shortage,low,war,forced,die,died
crude,empty,recession,sc,fears,shit,anxiety,selfish,stop,warning,fight,crisis,panic,collapse,risk,fraud,no,emergency,shame,shortage,low,war,forced,die,died
crude,empty,recession,sc,fears,shit,anxiety,selfish,stop,warning,fight,crisis,panic,collapse,risk,fraud,no,emergency,shame,shortage,low,war,forced,die,died
crude,empty,recession,sc,fears,shit,anxiety,selfish,stop,warning,fight,crisis,panic,collapse,risk,fraud,no,emergency,shame,shortage,low,war,forced,die,died
crude,empty,recession,sc,fears,shit,anxiety,selfish,stop,warning,fight,crisis,panic,collapse,risk,fraud,no,emergency,shame,shortage,low,war,forced,die,died
crude,empty,recession,sc,fears,shit,anxiety,selfish,stop,warning,fight,crisis,panic,collapse,risk,fraud,no,emergency,shame,shortage,low,war,forced,die,died
crude,empty,recession,sc,fears,shit,anxiety,selfish,stop,warning,fight,crisis,panic,collapse,risk,fraud,no,emergency,shame,shortage,low,war,forced,die,died
crude,empty,recession,sc,fears,shit,anxiety,selfish,stop,warning,fight,crisis,panic,collapse,risk,fraud,no,emergency,shame,shortage,low,war,forced,die,died
crude,empty,recession,sc,fears,shit,anxiety,selfish,stop,warning,fight,crisis,panic,collapse,risk,fraud,no,emergency,shame,shortage,low,war,forced,die,died
crude,empty,recession,sc,fears,shit,anxiety,selfish,stop,warning,fight,crisis,panic,collapse,risk,fraud,no,emergency,shame,shortage,low,war,forced,die,died
crude,empty,recession,sc,fears,shit,anxiety,selfish,stop,warning,fight,crisis,panic,collapse,risk,fraud,no,emergency,shame,shortage,low,war,forced,die,died
crude,empty,recession,sc,fears,shit,anxiety,selfish,stop,warning,fight,crisis,panic,collapse,risk,fraud,no,emergency,shame,shortage,low,war,forced,die,died
crude,empty,recession,sc,fears,shit,anxiety,selfish,stop,warning,fight,crisis,panic,collapse,risk,fraud,no,emergency,shame,shortage,low,war,forced,die,died
crude,empty,recession,sc,fears,shit,anxiety,selfish,stop,warning,fight,crisis,panic,collapse,risk,fraud,no,emergency,shame,shortage,low,war,forced,die,died
crude,empty,recession,sc,fears,shit,anxiety,selfish,stop,warning,fight,crisis,panic,collapse,risk,fraud,no,emergency,shame,shortage,low,war,forced,die,died
crude,empty,recession,sc,fears,shit,anxiety,selfish,stop,warning,fight,crisis,panic,collapse,risk,fraud,no,emergency,shame,shortage,low,war,forced,die,died
crude,empty,recession,sc,fears,shit,anxiety,selfish,stop,warning,fight,crisis,panic,collapse,risk,fraud,no,emergency,shame,shortage,low,war,forced,die,died
crude,empty,recession,sc,fears,shit,anxiety,selfish,stop,warning,fight,crisis,panic,collapse,risk,fraud,no,emergency,shame,shortage,low,war,forced,die,died
crude,empty,recession,sc,fears,shit,anxiety,selfish,stop,warning,fight,crisis,panic,collapse,risk,fraud,no,emergency,shame,shortage,low,war,forced,die,died
crude,empty,recession,sc,fears,shit,anxiety,selfish,stop,warning,fight,crisis,panic,collapse,risk,fraud,no,emergency,shame,shortage,low,war,forced,die,died
crude,empty,recession,sc,fears,shit,anxiety,selfish,stop,warning,fight,crisis,panic,collapse,risk,fraud,no,emergency,shame,shortage,low,war,forced,die,died
crude,empty,recession,sc,fears,shit,anxiety,selfish,stop,warning,fight,crisis,panic,collapse,risk,fraud,no,emergency,shame,shortage,low,war,forced,die,died
crude,empty,recession,sc,fears,shit,anxiety,selfish,stop,warning,fight,crisis,panic,collapse,risk,fraud,no,emergency,shame,shortage,low,war,forced,die,died
crude,empty,recession,sc,fears,shit,anxiety,selfish,stop,warning,fight,crisis,panic,collapse,risk,fraud,no,emergency,shame,shortage,low,war,forced,die,died
crude,empty,recession,sc,fears,shit,anxiety,selfish,stop,warning,fight,crisis,panic,collapse,risk,fraud,no,emergency,shame,shortage,low,war,forced,die,died
crude,empty,recession,sc,fears,shit,anxiety,selfish,stop,warning,fight,crisis,panic,collapse,risk,fraud,no,emergency,shame,shortage,low,war,forced,die,died
crude,empty,recession,sc,fears,shit,anxiety,selfish,stop,warning,fight,crisis,panic,collapse,risk,fraud,no,emergency,shame,shortage,low,war,forced,die,died
crude,empty,recession,sc,fears,shit,anxiety,selfish,stop,warning,fight,crisis,panic,collapse,risk,fraud,no,emergency,shame,shortage,low,war,forced,die,died
crude,empty,recession,sc,fears,shit,anxiety,selfish,stop,warning,fight,crisis,panic,collapse,risk,fraud,no,emergency,shame,shortage,low,war,forced,die,died
crude,empty,recession,sc,fears,shit,anxiety,selfish,stop,warning,fight,crisis,panic,collapse,risk,fraud,no,emergency,shame,shortage,low,war,forced,die,died
crude,empty,recession,sc,fears,shit,anxiety,selfish,stop,warning,fight,crisis,panic,collapse,risk,fraud,no,emergency,shame,shortage,low,war,forced,die,died
crude,empty,recession,sc,fears,shit,anxiety,selfish,stop,warning,fight,crisis,panic,collapse,risk,fraud,no,emergency,shame,shortage,low,war,forced,die,died
crude,empty,recession,sc,fears,shit,anxiety,selfish,stop,warning,fight,crisis,panic,collapse,risk,fraud,no,emergency,shame,shortage,low,war,forced,die,died
crude,empty,recession,sc,fears,shit,anxiety,selfish,stop,warning,fight,crisis,panic,collapse,risk,fraud,no,emergency,shame,shortage,low,war,forced,die,died
crude,empty,recession,sc,fears,shit,anxiety,selfish,stop,warning,fight,crisis,panic,collapse,risk,fraud,no,emergency,shame,shortage,low,war,forced,die,died
crude,empty,recession,sc,fears,shit,anxiety,selfish,stop,warning,fight,crisis,panic,collapse,risk,fraud,no,emergency,shame,shortage,low,war,forced,die,died
crude,empty,recession,sc,fears,shit,anxiety,selfish,stop,warning,fight,crisis,panic,collapse,risk,fraud,no,emergency,shame,shortage,low,war,forced,die,died
crude,empty,recession,sc,fears,shit,anxiety,selfish,stop,warning,fight,crisis,panic,collapse,risk,fraud,no,emergency,shame,shortage,low,war,forced,die,died
crude,empty,recession,sc,fears,shit,anxiety,selfish,stop,warning,fight,crisis,panic,collapse,risk,fraud,no,emergency,shame,shortage,low,war,forced,die,died
crude,empty,recession,sc,fears,shit,anxiety,selfish,stop,warning,fight,crisis,panic,collapse,risk,fraud,no,emergency,shame,shortage,low,war,forced,die,died
crude,empty,recession,sc,fears,shit,anxiety,selfish,stop,warning,fight,crisis,panic,collapse,risk,fraud,no,emergency,shame,shortage,low,war,forced,die,died
crude,empty,recession,sc,fears,shit,anxiety,selfish,stop,warning,fight,crisis,panic,collapse,risk,fraud,no,emergency,shame,shortage,low,war,forced,die,died
crude,empty,recession,sc,fears,shit,anxiety,selfish,stop,warning,fight,crisis,panic,collapse,risk,fraud,no,emergency,shame,shortage,low,war,forced,die,died
crude,empty,recession,sc,fears,shit,anxiety,selfish,stop,warning,fight,crisis,panic,collapse,risk,fraud,no,emergency,shame,shortage,low,war,forced,die,died
crude,empty,recession,sc,fears,shit,anxiety,selfish,stop,warning,fight,crisis,panic,collapse,risk,fraud,no,emergency,shame,shortage,low,war,forced,die,died
crude,empty,recession,sc,fears,shit,anxiety,selfish,stop,warning,fight,crisis,panic,collapse,risk,fraud,no,emergency,shame,shortage,low,war,forced,die,died
crude,empty,recession,sc,fears,shit,anxiety,selfish,stop,warning,fight,crisis,panic,collapse,risk,fraud,no,emergency,shame,shortage,low,war,forced,die,died
crude,empty,recession,sc,fears,shit,anxiety,selfish,stop,warning,fight,crisis,panic,collapse,risk,fraud,no,emergency,shame,shortage,low,war,forced,die,died
crude,empty,recession,sc,fears,shit,anxiety,selfish,stop,warning,fight,crisis,panic,collapse,risk,fraud,no,emergency,shame,shortage,low,war,forced,die,died
crude,empty,recession,sc,fears,shit,anxiety,selfish,stop,warning,fight,crisis,panic,collapse,risk,fraud,no,emergency,shame,shortage,low,war,forced,die,died
crude,empty,recession,sc,fears,shit,anxiety,selfish,stop,warning,fight,crisis,panic,collapse,risk,fraud,no,emergency,shame,shortage,low,war,forced,die,died
crude,empty,recession,sc,fears,shit,anxiety,selfish,stop,warning,fight,crisis,panic,collapse,risk,fraud,no,emergency,shame,shortage,low,war,forced,die,died
crude,empty,recession,sc,fears,shit,anxiety,selfish,stop,warning,fight,crisis,panic,collapse,risk,fraud,no,emergency,shame,shortage,low,war,forced,die,died
crude,empty,recession,sc,fears,shit,anxiety,selfish,stop,warning,fight,crisis,panic,collapse,risk,fraud,no,emergency,shame,shortage,low,war,forced,die,died
crude,empty,recession,sc,fears,shit,anxiety,selfish,stop,warning,fight,crisis,panic,collapse,risk,fraud,no,emergency,shame,shortage,low,war,forced,die,died
crude,empty,recession,sc,fears,shit,anxiety,selfish,stop,warning,fight,crisis,panic,collapse,risk,fraud,no,emergency,shame,shortage,low,war,forced,die,died
crude,empty,recession,sc,fears,shit,anxiety,selfish,stop,warning,fight,crisis,panic,collapse,risk,fraud,no,emergency,shame,shortage,low,war,forced,die,died
crude,empty,recession,sc,fears,shit,anxiety,selfish,stop,warning,fight,crisis,panic,collapse,risk,fraud,no,emergency,shame,shortage,low,war,forced,die,died
crude,empty,recession,sc,fears,shit,anxiety,selfish,stop,warning,fight,crisis,panic,collapse,risk,fraud,no,emergency,shame,shortage,low,war,forced,die,died
crude,empty,recession,sc,fears,shit,anxiety,selfish,stop,warning,fight,crisis,panic,collapse,risk,fraud,no,emergency,shame,shortage,low,war,forced,die,died
crude,empty,recession,sc,fears,shit,anxiety,selfish,stop,warning,fight,crisis,panic,collapse,risk,fraud,no,emergency,shame,shortage,low,war,forced,die,died
crude,empty,recession,sc,fears,shit,anxiety,selfish,stop,warning,fight,crisis,panic,collapse,risk,fraud,no,emergency,shame,shortage,low,war,forced,die,died
crude,empty,recession,sc,fears,shit,selfish,stop,warning,fight,crisis,fuck,panic,collapse,risk,fraud,no,emergency,shame,shortage,low,war,forced,die,died
crude,empty,recession,sc,fears,shit,selfish,stop,warning,fight,crisis,fuck,panic,collapse,risk,fraud,no,emergency,shame,shortage,low,war,forced,die,died
crude,empty,recession,sc,fears,shit,selfish,stop,warning,fight,crisis,fuck,panic,collapse,risk,fraud,no,emergency,shame,shortage,low,war,forced,die,died
crude,empty,recession,sc,fears,shit,selfish,stop,warning,fight,crisis,fuck,panic,collapse,risk,fraud,no,emergency,shame,shortage,low,war,forced,die,died
crude,empty,recession,sc,fears,shit,selfish,stop,warning,fight,crisis,fuck,panic,collapse,risk,fraud,no,emergency,shame,shortage,low,war,forced,die,died
crude,empty,recession,sc,fears,shit,selfish,stop,warning,fight,crisis,fuck,panic,collapse,risk,fraud,no,emergency,shame,shortage,low,war,forced,die,died
crude,empty,recession,sc,fears,shit,selfish,stop,warning,fight,crisis,fuck,panic,collapse,risk,fraud,no,emergency,shame,shortage,low,war,forced,die,died
crude,empty,recession,sc,fears,shit,selfish,stop,warning,fight,crisis,fuck,panic,collapse,risk,fraud,no,emergency,shame,shortage,low,war,forced,die,died
crude,empty,recession,sc,fears,shit,selfish,stop,warning,fight,crisis,fuck,panic,collapse,risk,fraud,no,emergency,shame,shortage,low,war,forced,die,died
crude,empty,recession,sc,fears,shit,selfish,stop,warning,fight,crisis,fuck,panic,collapse,risk,fraud,no,emergency,shame,shortage,low,war,forced,die,died
crude,empty,recession,sc,fears,shit,selfish,stop,warning,fight,crisis,fuck,panic,collapse,risk,fraud,no,emergency,shame,shortage,low,war,forced,die,died
crude,empty,recession,sc,fears,shit,selfish,stop,warning,fight,crisis,fuck,panic,collapse,risk,fraud,no,emergency,shame,shortage,low,war,forced,die,died
crude,empty,recession,sc,fears,shit,selfish,stop,warning,fight,crisis,fuck,panic,collapse,risk,fraud,no,emergency,shame,shortage,low,war,forced,die,died
crude,empty,recession,sc,fears,shit,selfish,stop,warning,fight,crisis,fuck,panic,collapse,risk,fraud,no,emergency,shame,shortage,low,war,forced,die,died
crude,empty,recession,sc,fears,shit,selfish,stop,warning,fight,crisis,fuck,panic,collapse,risk,fraud,no,emergency,shame,shortage,low,war,forced,die,died
crude,empty,recession,sc,fears,shit,selfish,stop,warning,fight,crisis,fuck,panic,collapse,risk,fraud,no,emergency,shame,shortage,low,war,forced,die,died
crude,empty,recession,sc,fears,shit,selfish,stop,warning,fight,crisis,fuck,panic,collapse,risk,fraud,no,emergency,shame,shortage,low,war,forced,die,died
crude,empty,recession,sc,fears,shit,selfish,stop,warning,fight,crisis,fuck,panic,collapse,risk,fraud,no,emergency,shame,shortage,low,war,forced,die,died
crude,empty,recession,sc,fears,shit,selfish,stop,warning,fight,crisis,fuck,panic,collapse,risk,fraud,no,emergency,shame,shortage,low,war,forced,die,died
crude,empty,recession,sc,fears,shit,selfish,stop,warning,fight,crisis,fuck,panic,collapse,risk,fraud,no,emergency,shame,shortage,low,war,forced,die,died
crude,empty,recession,sc,fears,shit,selfish,stop,warning,fight,crisis,fuck,panic,collapse,risk,fraud,no,emergency,shame,shortage,low,war,forced,die,died
crude,empty,recession,sc,fears,shit,selfish,stop,warning,fight,crisis,fuck,panic,collapse,risk,fraud,no,emergency,shame,shortage,low,war,forced,die,died
crude,empty,recession,sc,fears,shit,selfish,stop,warning,fight,crisis,fuck,panic,collapse,risk,fraud,no,emergency,shame,shortage,low,war,forced,die,died
crude,empty,recession,sc,fears,shit,selfish,stop,warning,fight,crisis,fuck,panic,collapse,risk,fraud,no,emergency,shame,shortage,low,war,forced,die,died
crude,empty,recession,sc,fears,shit,selfish,stop,warning,fight,crisis,fuck,panic,collapse,risk,fraud,no,emergency,shame,shortage,low,war,forced,die,died
crude,empty,recession,sc,fears,shit,selfish,stop,warning,fight,crisis,fuck,panic,collapse,risk,fraud,no,emergency,shame,shortage,low,war,forced,die,died
crude,empty,recession,sc,fears,shit,selfish,stop,warning,fight,crisis,fuck,panic,collapse,risk,fraud,no,emergency,shame,shortage,low,war,forced,die,died
crude,empty,recession,sc,fears,shit,selfish,stop,warning,fight,crisis,fuck,panic,collapse,risk,fraud,no,emergency,shame,shortage,low,war,forced,die,died
crude,empty,recession,sc,fears,shit,selfish,stop,warning,fight,crisis,fuck,panic,collapse,risk,fraud,no,emergency,shame,shortage,low,war,forced,die,died
crude,empty,recession,sc,fears,shit,selfish,stop,warning,fight,crisis,fuck,panic,collapse,risk,fraud,no,emergency,shame,shortage,low,war,forced,die,died
crude,empty,recession,sc,fears,shit,selfish,stop,warning,fight,crisis,fuck,panic,collapse,risk,fraud,no,emergency,shame,shortage,low,war,forced,die,died
crude,empty,recession,sc,fears,shit,selfish,stop,warning,fight,crisis,fuck,panic,collapse,risk,fraud,no,emergency,shame,shortage,low,war,forced,die,died
crude,empty,recession,sc,fears,shit,selfish,stop,warning,fight,crisis,fuck,panic,collapse,risk,fraud,no,emergency,shame,shortage,low,war,forced,die,died
crude,empty,recession,sc,fears,shit,selfish,stop,warning,fight,crisis,fuck,panic,collapse,risk,fraud,no,emergency,shame,shortage,low,war,forced,die,died
crude,empty,recession,sc,fears,shit,selfish,stop,warning,fight,crisis,fuck,panic,collapse,risk,fraud,no,emergency,shame,shortage,low,war,forced,die,died
crude,empty,recession,sc,fears,shit,selfish,stop,warning,fight,crisis,fuck,panic,collapse,risk,fraud,no,emergency,shame,shortage,low,war,forced,die,died
crude,empty,recession,sc,fears,shit,selfish,stop,warning,fight,crisis,fuck,panic,collapse,risk,fraud,no,emergency,shame,shortage,low,war,forced,die,died
crude,empty,recession,sc,fears,shit,selfish,stop,warning,fight,crisis,fuck,panic,collapse,risk,fraud,no,emergency,shame,shortage,low,war,forced,die,died
crude,empty,recession,sc,fears,shit,selfish,stop,warning,fight,crisis,fuck,panic,collapse,risk,fraud,no,emergency,shame,shortage,low,war,forced,die,died
crude,empty,recession,sc,fears,shit,selfish,stop,warning,fight,crisis,fuck,panic,collapse,risk,fraud,no,emergency,shame,shortage,low,war,forced,die,died
crude,empty,recession,sc,fears,shit,selfish,stop,warning,fight,crisis,fuck,panic,collapse,risk,fraud,no,emergency,shame,shortage,low,war,forced,die,died
crude,empty,recession,sc,fears,shit,selfish,stop,warning,fight,crisis,fuck,panic,collapse,risk,fraud,no,emergency,shame,shortage,low,war,forced,die,died
crude,empty,recession,sc,fears,shit,selfish,stop,warning,fight,crisis,fuck,panic,collapse,risk,fraud,no,emergency,shame,shortage,low,war,forced,die,died
crude,empty,recession,sc,fears,shit,selfish,stop,warning,fight,crisis,fuck,panic,collapse,risk,fraud,no,emergency,shame,shortage,low,war,forced,die,died
crude,empty,recession,sc,fears,shit,selfish,stop,warning,fight,crisis,fuck,panic,collapse,risk,fraud,no,emergency,shame,shortage,low,war,forced,die,died
crude,empty,recession,sc,fears,shit,selfish,stop,warning,fight,crisis,fuck,panic,collapse,risk,fraud,no,emergency,shame,shortage,low,war,forced,die,died
crude,empty,recession,sc,fears,shit,selfish,stop,warning,fight,crisis,fuck,panic,collapse,risk,fraud,no,emergency,shame,shortage,low,war,forced,die,died
crude,empty,recession,sc,fears,shit,selfish,stop,warning,fight,crisis,fuck,panic,collapse,risk,fraud,no,emergency,shame,shortage,low,war,forced,die,died
crude,empty,recession,sc,fears,shit,selfish,stop,warning,fight,crisis,fuck,panic,collapse,risk,fraud,no,emergency,shame,shortage,low,war,forced,die,died
crude,empty,recession,sc,fears,shit,selfish,stop,warning,fight,crisis,fuck,panic,collapse,risk,fraud,no,emergency,shame,shortage,low,war,forced,die,died
crude,empty,recession,sc,fears,shit,selfish,stop,warning,fight,crisis,fuck,panic,collapse,risk,fraud,no,emergency,shame,shortage,low,war,forced,die,died
crude,empty,recession,sc,fears,shit,selfish,stop,warning,fight,crisis,fuck,panic,collapse,risk,fraud,no,emergency,shame,shortage,low,war,forced,die,died
crude,empty,recession,sc,fears,shit,selfish,stop,warning,fight,crisis,fuck,panic,collapse,risk,fraud,no,emergency,shame,shortage,low,war,forced,die,died
crude,empty,recession,sc,fears,shit,selfish,stop,warning,fight,crisis,fuck,panic,collapse,risk,fraud,no,emergency,shame,shortage,low,war,forced,die,died
crude,empty,recession,sc,fears,shit,selfish,stop,warning,fight,crisis,fuck,panic,collapse,risk,fraud,no,emergency,shame,shortage,low,war,forced,die,died
crude,empty,recession,sc,fears,shit,selfish,stop,warning,fight,crisis,fuck,panic,collapse,risk,fraud,no,emergency,shame,shortage,low,war,forced,die,died
crude,empty,recession,sc,fears,shit,selfish,stop,warning,fight,crisis,fuck,panic,collapse,risk,fraud,no,emergency,shame,shortage,low,war,forced,die,died
crude,empty,recession,sc,fears,shit,selfish,stop,warning,fight,crisis,fuck,panic,collapse,risk,fraud,no,emergency,shame,shortage,low,war,forced,die,died
crude,empty,recession,sc,fears,shit,selfish,stop,warning,fight,crisis,fuck,panic,collapse,risk,fraud,no,emergency,shame,shortage,low,war,forced,die,died
crude,empty,recession,sc,fears,shit,selfish,stop,warning,fight,crisis,fuck,panic,collapse,risk,fraud,no,emergency,shame,shortage,low,war,forced,die,died
crude,empty,recession,sc,fears,shit,selfish,stop,warning,fight,crisis,fuck,panic,collapse,risk,fraud,no,emergency,shame,shortage,low,war,forced,die,died
crude,empty,recession,sc,fears,shit,selfish,stop,warning,fight,crisis,fuck,panic,collapse,risk,fraud,no,emergency,shame,shortage,low,war,forced,die,died
crude,empty,recession,sc,fears,shit,selfish,stop,warning,fight,crisis,fuck,panic,collapse,risk,fraud,no,emergency,shame,shortage,low,war,forced,die,died
crude,empty,recession,sc,fears,shit,selfish,stop,warning,fight,crisis,fuck,panic,collapse,risk,fraud,no,emergency,shame,shortage,low,war,forced,die,died
crude,empty,recession,sc,fears,shit,selfish,stop,warning,fight,crisis,fuck,panic,collapse,risk,fraud,no,emergency,shame,shortage,low,war,forced,die,died
crude,empty,recession,sc,fears,shit,selfish,stop,warning,fight,crisis,fuck,panic,collapse,risk,fraud,no,emergency,shame,shortage,low,war,forced,die,died
crude,empty,recession,sc,fears,shit,selfish,stop,warning,fight,crisis,fuck,panic,collapse,risk,fraud,no,emergency,shame,shortage,low,war,forced,die,died
crude,empty,recession,sc,fears,shit,selfish,stop,warning,fight,crisis,fuck,panic,collapse,risk,fraud,no,emergency,shame,shortage,low,war,forced,die,died
crude,empty,recession,sc,fears,shit,selfish,stop,warning,fight,crisis,fuck,panic,collapse,risk,fraud,no,emergency,shame,shortage,low,war,forced,die,died
crude,empty,recession,sc,fears,shit,selfish,stop,warning,fight,crisis,fuck,panic,collapse,risk,fraud,no,emergency,shame,shortage,low,war,forced,die,died
crude,empty,recession,sc,fears,shit,selfish,stop,warning,fight,crisis,fuck,panic,collapse,risk,fraud,no,emergency,shame,shortage,low,war,forced,die,died
crude,empty,recession,sc,fears,shit,selfish,stop,warning,fight,crisis,fuck,panic,collapse,risk,fraud,no,emergency,shame,shortage,low,war,forced,die,died
crude,empty,recession,sc,fears,shit,selfish,stop,warning,fight,crisis,fuck,panic,collapse,risk,fraud,no,emergency,shame,shortage,low,war,forced,die,died
crude,empty,recession,sc,fears,shit,selfish,stop,warning,fight,crisis,fuck,panic,collapse,risk,fraud,no,emergency,shame,shortage,low,war,forced,die,died
crude,empty,recession,sc,fears,shit,selfish,stop,warning,fight,crisis,fuck,panic,collapse,risk,fraud,no,emergency,shame,shortage,low,war,forced,die,died
crude,empty,recession,sc,fears,shit,selfish,stop,warning,fight,crisis,fuck,panic,collapse,risk,fraud,no,emergency,shame,shortage,low,war,forced,die,died
crude,empty,recession,sc,fears,shit,selfish,stop,warning,fight,crisis,fuck,panic,collapse,risk,fraud,no,emergency,shame,shortage,low,war,forced,die,died
crude,empty,recession,sc,fears,shit,selfish,stop,warning,fight,crisis,fuck,panic,collapse,risk,fraud,no,emergency,shame,shortage,low,war,forced,die,died
crude,empty,recession,sc,fears,shit,selfish,stop,warning,fight,crisis,fuck,panic,collapse,risk,fraud,no,emergency,shame,shortage,low,war,forced,die,died
crude,empty,recession,sc,fears,shit,selfish,stop,warning,fight,crisis,fuck,panic,collapse,risk,fraud,no,emergency,shame,shortage,low,war,forced,die,died
crude,empty,recession,sc,fears,shit,selfish,stop,warning,fight,crisis,fuck,panic,collapse,risk,fraud,no,emergency,shame,shortage,low,war,forced,die,died
crude,empty,recession,sc,fears,shit,selfish,stop,warning,fight,crisis,fuck,panic,collapse,risk,fraud,no,emergency,shame,shortage,low,war,forced,die,died
crude,empty,recession,sc,fears,shit,selfish,stop,warning,fight,crisis,fuck,panic,collapse,risk,fraud,no,emergency,shame,shortage,low,war,forced,die,died
crude,empty,recession,sc,fears,shit,selfish,stop,warning,fight,crisis,fuck,panic,collapse,risk,fraud,no,emergency,shame,shortage,low,war,forced,die,died
crude,empty,recession,sc,fears,shit,selfish,stop,warning,fight,crisis,fuck,panic,collapse,risk,fraud,no,emergency,shame,shortage,low,war,forced,die,died
crude,empty,recession,sc,fears,shit,selfish,stop,warning,fight,crisis,fuck,panic,collapse,risk,fraud,no,emergency,shame,shortage,low,war,forced,die,died
crude,empty,recession,sc,fears,shit,selfish,stop,warning,fight,crisis,fuck,panic,collapse,risk,fraud,no,emergency,shame,shortage,low,war,forced,die,died
crude,empty,recession,sc,fears,shit,selfish,stop,warning,fight,crisis,fuck,panic,collapse,risk,fraud,no,emergency,shame,shortage,low,war,forced,die,died
crude,empty,recession,sc,fears,shit,selfish,stop,warning,fight,crisis,fuck,panic,collapse,risk,fraud,no,emergency,shame,shortage,low,war,forced,die,died
crude,empty,recession,sc,fears,shit,selfish,stop,warning,fight,crisis,fuck,panic,collapse,risk,fraud,no,emergency,shame,shortage,low,war,forced,die,died
crude,empty,recession,sc,fears,shit,selfish,stop,warning,fight,crisis,fuck,panic,collapse,risk,fraud,no,emergency,shame,shortage,low,war,forced,die,died
crude,empty,recession,sc,fears,shit,selfish,stop,warning,fight,crisis,fuck,panic,collapse,risk,fraud,no,emergency,shame,shortage,low,war,forced,die,died
crude,empty,recession,sc,fears,shit,selfish,stop,warning,fight,crisis,fuck,panic,collapse,risk,fraud,no,emergency,shame,shortage,low,war,forced,die,died
crude,empty,recession,sc,fears,shit,selfish,stop,warning,fight,crisis,fuck,panic,collapse,risk,fraud,no,emergency,shame,shortage,low,war,forced,die,died
crude,empty,recession,sc,fears,shit,selfish,stop,warning,fight,crisis,fuck,panic,collapse,risk,fraud,no,emergency,shame,shortage,low,war,forced,die,died
crude,empty,recession,sc,fears,shit,selfish,stop,warning,fight,crisis,fuck,panic,collapse,risk,fraud,no,emergency,shame,shortage,low,war,forced,die,died
crude,empty,recession,sc,fears,shit,selfish,stop,warning,fight,crisis,fuck,panic,collapse,risk,fraud,no,emergency,shame,shortage,low,war,forced,die,died
crude,empty,recession,sc,fears,shit,selfish,stop,warning,fight,crisis,fuck,panic,collapse,risk,fraud,no,emergency,shame,shortage,low,war,forced,die,died
crude,empty,recession,sc,fears,shit,selfish,stop,warning,fight,crisis,fuck,panic,collapse,risk,fraud,no,emergency,shame,shortage,low,war,forced,die,died
crude,empty,recession,sc,fears,shit,selfish,stop,warning,fight,crisis,fuck,panic,collapse,risk,fraud,no,emergency,shame,shortage,low,war,forced,die,died
crude,empty,recession,sc,fears,shit,selfish,stop,warning,fight,crisis,fuck,panic,collapse,risk,fraud,no,emergency,shame,shortage,low,war,forced,die,died
crude,empty,recession,sc,fears,shit,selfish,stop,warning,fight,crisis,fuck,panic,collapse,risk,fraud,no,emergency,shame,shortage,low,war,forced,die,died
crude,empty,recession,sc,fears,shit,selfish,stop,warning,fight,crisis,fuck,panic,collapse,risk,fraud,no,emergency,shame,shortage,low,war,forced,die,died
crude,empty,recession,sc,fears,shit,selfish,stop,warning,fight,crisis,fuck,panic,collapse,risk,fraud,no,emergency,shame,shortage,low,war,forced,die,died
crude,empty,recession,sc,fears,shit,selfish,stop,warning,fight,crisis,fuck,panic,collapse,risk,fraud,no,emergency,shame,shortage,low,war,forced,die,died
crude,empty,recession,sc,fears,shit,selfish,stop,warning,fight,crisis,fuck,panic,collapse,risk,fraud,no,emergency,shame,shortage,low,war,forced,die,died
crude,empty,recession,sc,fears,shit,selfish,stop,warning,fight,crisis,fuck,panic,collapse,risk,fraud,no,emergency,shame,shortage,low,war,forced,die,died
crude,empty,recession,sc,fears,shit,selfish,stop,warning,fight,crisis,fuck,panic,collapse,risk,fraud,no,emergency,shame,shortage,low,war,forced,die,died
crude,empty,recession,sc,fears,shit,selfish,stop,warning,fight,crisis,fuck,panic,collapse,risk,fraud,no,emergency,shame,shortage,low,war,forced,die,died
crude,empty,recession,sc,fears,shit,selfish,stop,warning,fight,crisis,fuck,panic,collapse,risk,fraud,no,emergency,shame,shortage,low,war,forced,die,died
crude,empty,recession,sc,fears,shit,selfish,stop,warning,fight,crisis,fuck,panic,collapse,risk,fraud,no,emergency,shame,shortage,low,war,forced,die,died
crude,empty,recession,sc,fears,shit,selfish,stop,warning,fight,crisis,fuck,panic,collapse,risk,fraud,no,emergency,shame,shortage,low,war,forced,die,died
crude,empty,recession,sc,fears,shit,selfish,stop,warning,fight,crisis,fuck,panic,collapse,risk,fraud,no,emergency,shame,shortage,low,war,forced,die,died
crude,empty,recession,sc,fears,shit,selfish,stop,warning,fight,crisis,fuck,panic,collapse,risk,fraud,no,emergency,shame,shortage,low,war,forced,die,died
crude,empty,recession,sc,fears,shit,selfish,stop,warning,fight,crisis,fuck,panic,collapse,risk,fraud,no,emergency,shame,shortage,low,war,forced,die,died
crude,empty,recession,sc,fears,shit,selfish,stop,warning,fight,crisis,fuck,panic,collapse,risk,fraud,no,emergency,shame,shortage,low,war,forced,die,died
crude,empty,recession,sc,fears,shit,selfish,stop,warning,fight,crisis,fuck,panic,collapse,risk,fraud,no,emergency,shame,shortage,low,war,forced,die,died
crude,empty,recession,sc,fears,shit,selfish,stop,warning,fight,crisis,fuck,panic,collapse,risk,fraud,no,emergency,shame,shortage,low,war,forced,die,died
crude,empty,recession,sc,fears,shit,selfish,stop,warning,fight,crisis,fuck,panic,collapse,risk,fraud,no,emergency,shame,shortage,low,war,forced,die,died
crude,empty,recession,sc,fears,shit,selfish,stop,warning,fight,crisis,fuck,panic,collapse,risk,fraud,no,emergency,shame,shortage,low,war,forced,die,died
crude,empty,recession,sc,fears,shit,selfish,stop,warning,fight,crisis,fuck,panic,collapse,risk,fraud,no,emergency,shame,shortage,low,war,forced,die,died
crude,empty,recession,sc,fears,shit,selfish,stop,warning,fight,crisis,fuck,panic,collapse,risk,fraud,no,emergency,shame,shortage,low,war,forced,die,died
crude,empty,recession,sc,fears,shit,selfish,stop,warning,fight,crisis,fuck,panic,collapse,risk,fraud,no,emergency,shame,shortage,low,war,forced,die,died
crude,empty,recession,sc,fears,shit,selfish,stop,warning,fight,crisis,fuck,panic,collapse,risk,fraud,no,emergency,shame,shortage,low,war,forced,die,died
crude,empty,recession,sc,fears,shit,selfish,stop,warning,fight,crisis,fuck,panic,collapse,risk,fraud,no,emergency,shame,shortage,low,war,forced,die,died
crude,empty,recession,sc,fears,shit,selfish,stop,warning,fight,crisis,fuck,panic,collapse,risk,fraud,no,emergency,shame,shortage,low,war,forced,die,died
crude,empty,recession,sc,fears,shit,selfish,stop,warning,fight,crisis,fuck,panic,collapse,risk,fraud,no,emergency,shame,shortage,low,war,forced,die,died
crude,empty,recession,sc,fears,shit,selfish,stop,warning,fight,crisis,fuck,panic,collapse,risk,fraud,no,emergency,shame,shortage,low,war,forced,die,died
crude,empty,recession,sc,fears,shit,selfish,stop,warning,fight,crisis,fuck,panic,collapse,risk,fraud,no,emergency,shame,shortage,low,war,forced,die,died
crude,empty,recession,sc,fears,shit,selfish,stop,warning,fight,crisis,fuck,panic,collapse,risk,fraud,no,emergency,shame,shortage,low,war,forced,die,died
crude,empty,recession,sc,fears,shit,selfish,stop,warning,fight,crisis,fuck,panic,collapse,risk,fraud,no,emergency,shame,shortage,low,war,forced,die,died
crude,empty,recession,sc,fears,shit,selfish,stop,warning,fight,crisis,fuck,panic,collapse,risk,fraud,no,emergency,shame,shortage,low,war,forced,die,died
crude,empty,recession,sc,fears,shit,selfish,stop,warning,fight,crisis,fuck,panic,collapse,risk,fraud,no,emergency,shame,shortage,low,war,forced,die,died
crude,empty,recession,sc,fears,shit,selfish,stop,warning,fight,crisis,fuck,panic,collapse,risk,fraud,no,emergency,shame,shortage,low,war,forced,die,died
crude,empty,recession,sc,fears,shit,selfish,stop,warning,fight,crisis,fuck,panic,collapse,risk,fraud,no,emergency,shame,shortage,low,war,forced,die,died
crude,empty,recession,sc,fears,shit,selfish,stop,warning,fight,crisis,fuck,panic,collapse,risk,fraud,no,emergency,shame,shortage,low,war,forced,die,died
crude,empty,recession,sc,fears,shit,selfish,stop,warning,fight,crisis,fuck,panic,collapse,risk,fraud,no,emergency,shame,shortage,low,war,forced,die,died
crude,empty,recession,sc,fears,shit,selfish,stop,warning,fight,crisis,fuck,panic,collapse,risk,fraud,no,emergency,shame,shortage,low,war,forced,die,died
crude,empty,recession,sc,fears,shit,selfish,stop,warning,fight,crisis,fuck,panic,collapse,risk,fraud,no,emergency,shame,shortage,low,war,forced,die,died
crude,empty,recession,sc,fears,shit,selfish,stop,warning,fight,crisis,fuck,panic,collapse,risk,fraud,no,emergency,shame,shortage,low,war,forced,die,died
crude,empty,recession,sc,fears,shit,selfish,stop,warning,fight,crisis,fuck,panic,collapse,risk,fraud,no,emergency,shame,shortage,low,war,forced,die,died
crude,empty,recession,sc,fears,shit,selfish,stop,warning,fight,crisis,fuck,panic,collapse,risk,fraud,no,emergency,shame,shortage,low,war,forced,die,died
crude,empty,recession,sc,fears,shit,selfish,stop,warning,fight,crisis,fuck,panic,collapse,risk,fraud,no,emergency,shame,shortage,low,war,forced,die,died
crude,empty,recession,sc,fears,shit,selfish,stop,warning,fight,crisis,fuck,panic,collapse,risk,fraud,no,emergency,shame,shortage,low,war,forced,die,died
crude,empty,recession,sc,fears,shit,selfish,stop,warning,fight,crisis,fuck,panic,collapse,risk,fraud,no,emergency,shame,shortage,low,war,forced,die,died
crude,empty,recession,sc,fears,shit,selfish,stop,warning,fight,crisis,fuck,panic,collapse,risk,fraud,no,emergency,shame,shortage,low,war,forced,die,died
crude,empty,recession,sc,fears,shit,selfish,stop,warning,fight,crisis,fuck,panic,collapse,risk,fraud,no,emergency,shame,shortage,low,war,forced,die,died
crude,empty,recession,sc,fears,shit,selfish,stop,warning,fight,crisis,fuck,panic,collapse,risk,fraud,no,emergency,shame,shortage,low,war,forced,die,died
crude,empty,recession,sc,fears,shit,selfish,stop,warning,fight,crisis,fuck,panic,collapse,risk,fraud,no,emergency,shame,shortage,low,war,forced,die,died
crude,empty,recession,sc,fears,shit,selfish,stop,warning,fight,crisis,fuck,panic,collapse,risk,fraud,no,emergency,shame,shortage,low,war,forced,die,died
crude,empty,recession,sc,fears,shit,selfish,stop,warning,fight,crisis,fuck,panic,collapse,risk,fraud,no,emergency,shame,shortage,low,war,forced,die,died
crude,empty,recession,sc,fears,shit,selfish,stop,warning,fight,crisis,fuck,panic,collapse,risk,fraud,no,emergency,shame,shortage,low,war,forced,die,died
crude,empty,recession,sc,fears,shit,selfish,stop,warning,fight,crisis,fuck,panic,collapse,risk,fraud,no,emergency,shame,shortage,low,war,forced,die,died
crude,empty,recession,sc,fears,shit,selfish,stop,warning,fight,crisis,fuck,panic,collapse,risk,fraud,no,emergency,shame,shortage,low,war,forced,die,died
crude,empty,recession,sc,fears,shit,selfish,stop,warning,fight,crisis,fuck,panic,collapse,risk,fraud,no,emergency,shame,shortage,low,war,forced,die,died
crude,empty,recession,sc,fears,shit,selfish,stop,warning,fight,crisis,fuck,panic,collapse,risk,fraud,no,emergency,shame,shortage,low,war,forced,die,died
crude,empty,recession,sc,fears,shit,selfish,stop,warning,fight,crisis,fuck,panic,collapse,risk,fraud,no,emergency,shame,shortage,low,war,forced,die,died
crude,empty,recession,sc,fears,shit,selfish,stop,warning,fight,crisis,fuck,panic,collapse,risk,fraud,no,emergency,shame,shortage,low,war,forced,die,died
crude,empty,recession,sc,fears,shit,selfish,stop,warning,fight,crisis,fuck,panic,collapse,risk,fraud,no,emergency,shame,shortage,low,war,forced,die,died
crude,empty,recession,sc,fears,shit,selfish,stop,warning,fight,crisis,fuck,panic,collapse,risk,fraud,no,emergency,shame,shortage,low,war,forced,die,died
crude,empty,recession,sc,fears,shit,selfish,stop,warning,fight,crisis,fuck,panic,collapse,risk,fraud,no,emergency,shame,shortage,low,war,forced,die,died
crude,empty,recession,sc,fears,shit,selfish,stop,warning,fight,crisis,fuck,panic,collapse,risk,fraud,no,emergency,shame,shortage,low,war,forced,die,died
crude,empty,recession,sc,fears,shit,selfish,stop,warning,fight,crisis,fuck,panic,collapse,risk,fraud,no,emergency,shame,shortage,low,war,forced,die,died
crude,empty,recession,sc,fears,shit,selfish,stop,warning,fight,crisis,fuck,panic,collapse,risk,fraud,no,emergency,shame,shortage,low,war,forced,die,died
crude,empty,recession,sc,fears,shit,selfish,stop,warning,fight,crisis,fuck,panic,collapse,risk,fraud,no,emergency,shame,shortage,low,war,forced,die,died
crude,empty,recession,sc,fears,shit,selfish,stop,warning,fight,crisis,fuck,panic,collapse,risk,fraud,no,emergency,shame,shortage,low,war,forced,die,died
crude,empty,recession,sc,fears,shit,selfish,stop,warning,fight,crisis,fuck,panic,collapse,risk,fraud,no,emergency,shame,shortage,low,war,forced,die,died
crude,empty,recession,sc,fears,shit,selfish,stop,warning,fight,crisis,fuck,panic,collapse,risk,fraud,no,emergency,shame,shortage,low,war,forced,die,died
crude,empty,recession,sc,fears,shit,selfish,stop,warning,fight,crisis,fuck,panic,collapse,risk,fraud,no,emergency,shame,shortage,low,war,forced,die,died
crude,empty,recession,sc,fears,shit,selfish,stop,warning,fight,crisis,fuck,panic,collapse,risk,fraud,no,emergency,shame,shortage,low,war,forced,die,died
crude,empty,recession,sc,fears,shit,selfish,stop,warning,fight,crisis,fuck,panic,collapse,risk,fraud,no,emergency,shame,shortage,low,war,forced,die,died
crude,empty,recession,sc,fears,shit,selfish,stop,warning,fight,crisis,fuck,panic,collapse,risk,fraud,no,emergency,shame,shortage,low,war,forced,die,died
crude,empty,recession,sc,fears,shit,selfish,stop,warning,fight,crisis,fuck,panic,collapse,risk,fraud,no,emergency,shame,shortage,low,war,forced,die,died
crude,empty,recession,sc,fears,shit,selfish,stop,warning,fight,crisis,fuck,panic,collapse,risk,fraud,no,emergency,shame,shortage,low,war,forced,die,died
crude,empty,recession,sc,fears,shit,selfish,stop,warning,fight,crisis,fuck,panic,collapse,risk,fraud,no,emergency,shame,shortage,low,war,forced,die,died
crude,empty,recession,sc,fears,shit,selfish,stop,warning,fight,crisis,fuck,panic,collapse,risk,fraud,no,emergency,shame,shortage,low,war,forced,die,died
crude,empty,recession,sc,fears,shit,selfish,stop,warning,fight,crisis,fuck,panic,collapse,risk,fraud,no,emergency,shame,shortage,low,war,forced,die,died
crude,empty,recession,sc,fears,shit,selfish,stop,warning,fight,crisis,fuck,panic,collapse,risk,fraud,no,emergency,shame,shortage,low,war,forced,die,died
crude,empty,recession,sc,fears,shit,selfish,stop,warning,fight,crisis,fuck,panic,collapse,risk,fraud,no,emergency,shame,shortage,low,war,forced,die,died
crude,empty,recession,sc,fears,shit,selfish,stop,warning,fight,crisis,fuck,panic,collapse,risk,fraud,no,emergency,shame,shortage,low,war,forced,die,died
