
do,junk,ever,worst,waste,ter,does,your,fly,be,not,smart,money,!,plane,buy
do,junk,ever,worst,waste,ter,does,your,fly,be,not,smart,money,!,plane,buy
doll,influence,a,does,is,junk,buy,do,be,not,worst,ever,ter,your,!,waste,fly,smart,bad,money,plane
influence,does,wearing,is,okay,junk,buy,do,she,be,not,worst,way,ever,ter,your,.,!,was,waste,fly,smart,bad,money,plane
a,does,wearing,is,okay,junk,buy,do,she,not,worst,way,ever,ter,your,.,!,was,waste,goth,fly,smart,bad,money,plane
a,does,wearing,is,okay,junk,buy,do,she,not,worst,way,ever,ter,your,.,!,was,waste,goth,fly,smart,bad,money,plane
a,does,wearing,is,okay,junk,buy,do,she,not,worst,way,ever,ter,your,.,!,was,waste,goth,fly,smart,bad,money,plane
a,does,wearing,is,okay,junk,buy,do,she,not,worst,way,ever,ter,your,.,!,was,brat,waste,fly,smart,bad,money,plane
a,does,wearing,is,okay,junk,buy,do,she,not,worst,way,ever,ter,your,.,!,brat,waste,returned,fly,smart,bad,money,plane
a,does,wearing,is,okay,junk,do,she,not,worst,way,ever,ter,your,joke,.,!,brat,waste,returned,fly,smart,bad,money,plane
a,does,wearing,is,okay,junk,do,she,not,worst,way,ever,ter,pool,your,.,!,brat,waste,returned,fly,smart,bad,money,plane
a,does,wearing,is,okay,junk,do,she,not,worst,way,ever,ter,pool,.,!,brat,waste,returned,fly,smart,bad,money,apart,plane
a,does,wearing,is,okay,junk,do,she,not,worst,way,ever,ter,pool,.,!,brat,waste,returned,fly,smart,bad,money,apart,plane
a,does,wearing,is,okay,junk,do,she,not,worst,way,ever,ter,pool,.,!,brat,waste,returned,fly,smart,bad,money,apart,plane
a,wearing,is,up,okay,junk,do,she,not,worst,way,ever,ter,pool,.,!,brat,waste,returned,fly,smart,bad,money,apart,plane
a,wearing,is,up,okay,junk,do,she,not,worst,way,ever,ter,pool,half,!,brat,waste,returned,fly,smart,bad,money,apart,plane
a,wearing,is,up,okay,junk,do,she,not,worst,way,ever,ter,pool,half,!,brat,waste,returned,fly,smart,bad,money,apart,plane
a,wearing,is,up,okay,junk,do,she,not,worst,way,ever,ter,pool,half,!,brat,waste,returned,fly,smart,bad,money,apart,plane
a,wearing,is,up,okay,junk,do,she,not,worst,way,ever,ter,pool,half,!,brat,waste,returned,fly,smart,bad,money,apart,plane
a,wearing,is,up,okay,junk,do,she,not,worst,way,ever,ter,pool,half,!,brat,waste,returned,fly,smart,bad,money,apart,plane
a,wearing,is,up,okay,junk,do,she,not,worst,way,ever,ter,pool,half,!,brat,waste,returned,fly,smart,bad,money,apart,plane
a,wearing,is,up,okay,junk,do,she,not,worst,way,ever,ter,pool,half,!,brat,waste,returned,fly,smart,bad,money,apart,plane
a,wearing,is,up,okay,junk,do,she,not,worst,way,ever,ter,pool,half,!,brat,waste,returned,fly,smart,bad,money,apart,plane
a,wearing,is,up,okay,junk,do,she,not,worst,way,ever,ter,pool,half,!,brat,waste,returned,fly,smart,bad,money,apart,plane
a,wearing,is,up,okay,junk,do,she,not,worst,way,ever,ter,pool,half,!,brat,waste,returned,fly,smart,bad,money,apart,plane
a,wearing,is,up,okay,junk,do,she,not,worst,way,ever,ter,pool,half,!,brat,waste,returned,fly,smart,bad,money,apart,plane
a,wearing,is,up,okay,junk,do,she,not,worst,way,ever,ter,pool,half,!,brat,waste,returned,fly,smart,bad,money,apart,plane
a,wearing,is,up,okay,junk,do,she,not,worst,way,ever,ter,pool,half,!,brat,waste,returned,fly,smart,bad,money,apart,plane
a,wearing,is,up,okay,junk,do,she,not,worst,way,ever,ter,pool,half,!,brat,waste,returned,fly,smart,bad,money,apart,plane
a,wearing,is,up,okay,junk,do,she,not,worst,way,ever,ter,pool,half,!,brat,waste,returned,fly,smart,bad,money,apart,plane
a,wearing,is,up,okay,junk,do,she,not,worst,way,ever,ter,pool,half,!,brat,waste,returned,fly,smart,bad,money,apart,plane
a,wearing,is,up,okay,junk,do,she,not,worst,way,ever,ter,pool,half,!,brat,waste,returned,fly,smart,bad,money,apart,plane
a,wearing,is,up,okay,junk,do,she,not,worst,way,ever,ter,pool,half,!,brat,waste,returned,fly,smart,bad,money,apart,plane
a,wearing,is,up,okay,junk,do,she,not,worst,way,ever,ter,pool,half,!,brat,waste,returned,fly,smart,bad,money,apart,plane
a,wearing,is,up,okay,junk,do,she,not,worst,way,ever,ter,pool,half,!,brat,waste,returned,fly,smart,bad,money,apart,plane
a,wearing,is,up,okay,junk,do,she,not,worst,way,ever,ter,pool,half,!,brat,waste,returned,fly,smart,bad,money,apart,plane
wearing,up,small,okay,junk,do,she,not,worst,way,ever,ter,pool,price,!,brat,poorly,waste,returned,fly,smart,bad,money,apart,plane
wearing,up,small,okay,junk,do,she,not,worst,way,ever,ter,pool,price,!,brat,poorly,waste,returned,fly,smart,bad,money,apart,plane
wearing,up,small,okay,junk,do,she,not,worst,way,ever,ter,pool,price,!,brat,poorly,waste,returned,fly,smart,bad,money,apart,plane
wearing,up,small,okay,junk,buy,do,she,not,worst,way,ever,ter,pool,!,brat,poorly,waste,returned,fly,smart,bad,money,apart,plane
wearing,up,small,okay,junk,buy,do,she,not,worst,way,ever,ter,pool,!,brat,poorly,waste,returned,fly,smart,bad,money,apart,plane
wearing,up,small,okay,junk,buy,do,she,not,worst,way,ever,ter,pool,!,brat,poorly,waste,returned,fly,smart,bad,money,apart,plane
wearing,up,small,okay,junk,buy,do,she,not,worst,way,ever,ter,pool,!,brat,poorly,waste,returned,fly,smart,bad,money,apart,plane
wearing,up,small,okay,junk,buy,do,she,not,worst,way,ever,ter,pool,!,brat,poorly,waste,returned,fly,smart,bad,money,apart,plane
wearing,up,small,okay,junk,buy,do,she,not,worst,way,ever,ter,pool,!,brat,poorly,waste,returned,fly,smart,bad,money,apart,plane
of,up,small,okay,junk,buy,do,she,not,worst,way,ever,ter,pool,!,brat,poorly,waste,returned,fly,smart,bad,money,apart,plane
of,up,small,okay,junk,buy,do,she,not,worst,way,ever,ter,pool,!,brat,poorly,waste,returned,fly,smart,bad,money,apart,plane
of,40,?,up,small,junk,buy,do,she,not,worst,ever,ter,pool,!,brat,poorly,waste,returned,fly,smart,bad,money,apart,plane
of,40,?,up,small,junk,buy,do,she,not,worst,ever,ter,pool,!,brat,poorly,waste,returned,fly,smart,bad,money,apart,plane
of,40,?,up,small,junk,buy,do,she,not,worst,ever,ter,pool,!,brat,poorly,waste,returned,fly,smart,bad,money,apart,plane
of,40,?,up,small,junk,buy,do,she,not,worst,ever,ter,pool,!,brat,poorly,waste,returned,fly,smart,bad,money,apart,plane
of,40,?,up,small,junk,buy,do,she,not,worst,ever,ter,pool,!,brat,poorly,waste,returned,fly,smart,bad,money,apart,plane
of,40,?,up,small,junk,buy,do,she,not,worst,ever,ter,pool,!,brat,poorly,waste,returned,fly,smart,bad,money,apart,plane
of,40,?,up,small,junk,buy,do,she,not,worst,ever,ter,pool,!,brat,poorly,waste,returned,fly,smart,bad,money,apart,plane
of,40,?,up,small,junk,buy,do,she,not,worst,ever,ter,pool,!,brat,poorly,waste,returned,fly,smart,bad,money,apart,plane
of,40,?,up,small,junk,buy,do,she,not,worst,ever,ter,pool,!,brat,poorly,waste,returned,fly,smart,bad,money,apart,plane
of,40,?,up,small,junk,buy,do,she,not,worst,ever,ter,pool,!,brat,poorly,waste,returned,fly,smart,bad,money,apart,plane
of,40,?,up,small,junk,buy,do,she,not,worst,ever,ter,pool,!,brat,poorly,waste,returned,fly,smart,bad,money,apart,plane
of,40,?,up,small,junk,buy,do,she,not,worst,ever,ter,pool,!,brat,poorly,waste,returned,fly,smart,bad,money,apart,plane
of,40,?,up,small,junk,buy,do,she,not,worst,ever,ter,pool,!,brat,poorly,waste,returned,fly,smart,bad,money,apart,plane
of,40,?,up,small,junk,buy,do,she,not,worst,ever,ter,pool,!,brat,poorly,waste,returned,fly,smart,bad,money,apart,plane
of,40,?,up,small,junk,buy,do,she,not,worst,ever,ter,pool,!,brat,poorly,waste,returned,fly,smart,bad,money,apart,plane
of,40,?,up,small,junk,buy,do,she,not,worst,ever,ter,pool,!,brat,poorly,waste,returned,fly,smart,bad,money,apart,plane
of,40,?,up,small,junk,buy,do,she,not,worst,ever,ter,pool,!,brat,poorly,waste,returned,fly,smart,bad,money,apart,plane
of,40,?,up,small,junk,buy,do,she,not,worst,ever,ter,pool,!,brat,poorly,waste,returned,fly,smart,bad,money,apart,plane
of,40,?,up,small,junk,buy,do,she,not,worst,ever,ter,pool,!,brat,poorly,waste,returned,fly,smart,bad,money,apart,plane
of,40,?,up,small,junk,buy,do,she,not,worst,ever,ter,pool,!,brat,poorly,waste,returned,fly,smart,bad,money,apart,plane
of,40,?,up,small,junk,buy,do,she,not,worst,ever,ter,pool,!,brat,poorly,waste,returned,fly,smart,bad,money,apart,plane
of,40,?,up,small,junk,buy,do,she,not,worst,ever,ter,pool,!,brat,poorly,waste,returned,fly,smart,bad,money,apart,plane
of,40,?,up,small,junk,buy,do,she,not,worst,ever,ter,pool,!,brat,poorly,waste,returned,fly,smart,bad,money,apart,plane
of,?,up,small,junk,buy,instead,do,she,not,worst,ever,ter,pool,!,brat,poorly,waste,returned,fly,smart,bad,money,apart,plane
of,?,up,small,junk,buy,instead,do,she,not,worst,ever,ter,pool,!,brat,poorly,waste,returned,fly,smart,bad,money,apart,plane
of,?,up,small,junk,buy,instead,do,she,not,worst,ever,ter,pool,!,brat,poorly,waste,returned,fly,smart,bad,money,apart,plane
of,?,up,small,junk,buy,instead,do,she,not,worst,ever,ter,pool,!,brat,poorly,waste,returned,fly,smart,bad,money,apart,plane
of,?,up,small,junk,buy,instead,do,she,not,worst,ever,ter,pool,!,brat,poorly,waste,returned,fly,smart,bad,money,apart,plane
of,?,up,small,junk,buy,instead,do,she,not,worst,ever,ter,pool,!,brat,poorly,waste,returned,fly,smart,bad,money,apart,plane
of,?,up,small,junk,buy,instead,do,she,not,worst,ever,ter,pool,!,brat,poorly,waste,returned,fly,smart,bad,money,apart,plane
of,?,up,small,okay,buy,instead,do,she,not,worst,ever,ter,pool,!,brat,poorly,waste,returned,fly,smart,bad,money,apart,plane
?,up,small,okay,buy,instead,do,she,not,chicken,worst,ever,ter,pool,!,brat,poorly,waste,returned,fly,smart,bad,money,apart,plane
?,up,small,okay,buy,instead,do,she,not,chicken,worst,ever,ter,pool,!,brat,poorly,waste,returned,fly,smart,bad,money,apart,plane
?,up,small,okay,5,buy,instead,do,she,not,chicken,pool,!,brat,poorly,waste,returned,after,fly,smart,bad,money,apart,plane,minutes
?,up,small,okay,5,buy,instead,do,she,not,chicken,pool,!,brat,poorly,waste,returned,after,fly,smart,bad,money,apart,plane,minutes
?,up,small,okay,5,buy,instead,do,she,not,chicken,pool,half,!,brat,poorly,waste,after,fly,smart,bad,money,apart,plane,minutes
?,up,small,okay,5,buy,instead,do,she,not,chicken,pool,half,!,brat,poorly,waste,after,fly,smart,bad,money,apart,plane,minutes
?,up,small,okay,5,buy,instead,do,she,not,chicken,pool,half,!,brat,poorly,waste,after,fly,smart,bad,money,apart,plane,minutes
?,up,small,okay,5,buy,instead,do,she,not,chicken,pool,half,!,brat,poorly,waste,after,fly,smart,bad,money,apart,plane,minutes
?,up,small,okay,5,buy,instead,do,she,not,chicken,pool,half,!,brat,poorly,waste,after,fly,smart,bad,money,apart,plane,minutes
?,up,small,okay,5,buy,instead,do,she,not,chicken,pool,half,!,brat,poorly,waste,after,fly,smart,bad,money,apart,plane,minutes
?,up,small,okay,5,buy,instead,do,she,not,chicken,pool,half,!,brat,poorly,waste,after,fly,smart,bad,money,apart,plane,minutes
?,up,small,okay,5,buy,instead,do,she,not,chicken,pool,half,!,brat,poorly,waste,after,fly,smart,bad,money,apart,plane,minutes
?,up,small,okay,5,buy,instead,do,she,not,chicken,pool,half,!,brat,poorly,waste,after,fly,smart,bad,money,apart,plane,minutes
?,up,small,okay,5,buy,instead,do,she,not,chicken,pool,half,!,brat,poorly,waste,after,fly,smart,bad,money,apart,plane,minutes
?,up,small,okay,5,buy,instead,do,she,not,chicken,pool,half,!,brat,poorly,waste,after,fly,smart,bad,money,apart,plane,minutes
?,up,small,disappointed,okay,5,buy,instead,do,she,not,chicken,pool,half,!,brat,poorly,waste,after,smart,bad,money,apart,plane,minutes
?,up,small,disappointed,okay,return,5,buy,instead,do,she,not,chicken,pool,half,brat,poorly,waste,after,smart,bad,money,apart,plane,minutes
?,up,small,disappointed,okay,return,5,buy,instead,do,she,not,chicken,pool,half,brat,poorly,waste,after,smart,bad,money,apart,plane,minutes
?,up,small,disappointed,okay,5,buy,instead,do,she,thought,not,chicken,pool,half,even,brat,poorly,waste,after,bad,money,apart,plane,minutes
?,up,small,disappointed,okay,5,buy,instead,do,she,thought,not,chicken,pool,half,even,brat,poorly,waste,after,bad,money,apart,plane,minutes
?,up,small,disappointed,okay,5,buy,instead,do,she,thought,not,chicken,pool,half,even,brat,poorly,waste,after,bad,money,apart,plane,minutes
?,up,small,disappointed,okay,5,buy,instead,do,she,thought,not,chicken,pool,half,even,brat,poorly,waste,after,bad,money,apart,plane,minutes
?,up,small,disappointed,okay,5,buy,instead,do,she,thought,not,chicken,pool,half,even,brat,poorly,waste,after,bad,money,apart,plane,minutes
?,up,small,disappointed,okay,5,buy,instead,do,she,thought,not,chicken,pool,half,even,brat,poorly,waste,after,bad,money,apart,plane,minutes
?,up,small,disappointed,okay,5,buy,instead,do,she,thought,not,chicken,pool,half,even,brat,poorly,waste,after,bad,money,apart,plane,minutes
?,up,small,disappointed,okay,5,buy,instead,do,she,thought,not,chicken,pool,half,even,brat,poorly,waste,after,bad,money,apart,plane,minutes
?,up,small,disappointed,okay,5,buy,instead,do,she,thought,not,chicken,pool,half,even,brat,poorly,waste,after,bad,money,apart,plane,minutes
?,up,small,disappointed,okay,5,buy,instead,do,she,thought,not,chicken,pool,half,even,brat,poorly,waste,after,money,car,apart,plane,minutes
?,up,small,disappointed,okay,5,buy,instead,do,she,thought,not,chicken,pool,half,even,brat,poorly,waste,after,money,car,apart,plane,minutes
?,up,small,disappointed,okay,5,buy,instead,do,she,thought,not,chicken,pool,half,even,brat,poorly,waste,after,money,car,apart,plane,minutes
?,up,small,disappointed,okay,5,buy,instead,do,she,thought,not,chicken,t,pool,half,even,brat,poorly,waste,after,money,apart,plane,minutes
?,up,small,disappointed,okay,5,buy,instead,do,she,thought,not,chicken,t,pool,half,even,brat,poorly,waste,after,make,money,apart,minutes
?,up,small,disappointed,okay,5,buy,instead,do,she,thought,not,chicken,t,pool,half,even,brat,poorly,waste,after,make,money,apart,minutes
?,up,small,disappointed,okay,5,buy,instead,do,thought,not,chicken,t,pool,half,even,brat,poorly,waste,noise,after,make,money,apart,minutes
?,up,small,disappointed,okay,5,buy,instead,do,thought,not,chicken,t,pool,half,even,brat,poorly,waste,noise,after,make,money,apart,minutes
?,up,small,disappointed,okay,5,buy,instead,do,thought,not,chicken,t,pool,half,even,brat,poorly,waste,noise,after,make,money,apart,minutes
?,up,small,disappointed,okay,5,buy,instead,do,thought,not,chicken,t,pool,half,even,brat,poorly,waste,noise,after,make,money,apart,minutes
?,up,small,disappointed,okay,5,buy,instead,do,thought,not,chicken,t,pool,half,even,brat,poorly,waste,noise,after,make,money,apart,minutes
?,up,small,disappointed,okay,5,buy,instead,do,thought,not,chicken,t,pool,half,even,brat,poorly,waste,noise,after,make,money,apart,minutes
?,up,small,disappointed,okay,5,buy,instead,do,thought,not,chicken,t,pool,half,even,brat,poorly,waste,noise,after,make,money,apart,minutes
?,up,small,disappointed,okay,5,buy,instead,do,thought,not,chicken,t,pool,half,even,brat,poorly,waste,noise,after,make,money,apart,minutes
?,up,small,disappointed,okay,5,buy,instead,do,thought,not,chicken,t,pool,half,even,brat,poorly,waste,noise,after,make,money,apart,minutes
?,up,small,disappointed,okay,5,buy,instead,do,thought,not,chicken,t,pool,half,even,brat,poorly,waste,noise,after,make,money,apart,minutes
?,up,small,disappointed,okay,5,buy,instead,do,thought,not,chicken,t,pool,half,even,brat,poorly,waste,noise,after,make,money,apart,minutes
?,small,disappointed,okay,broke,5,buy,instead,do,thought,not,chicken,t,pool,half,even,brat,poorly,waste,noise,after,make,money,apart,minutes
?,small,disappointed,okay,broke,5,buy,instead,do,thought,not,chicken,t,pool,half,even,brat,poorly,waste,noise,after,make,money,apart,minutes
?,small,disappointed,okay,broke,5,buy,instead,do,thought,not,chicken,t,pool,half,even,brat,poorly,waste,noise,after,make,money,apart,minutes
?,small,disappointed,okay,broke,5,buy,instead,do,thought,not,chicken,t,pool,half,even,brat,poorly,waste,noise,after,make,money,apart,minutes
?,small,disappointed,okay,broke,5,buy,instead,do,thought,not,chicken,t,pool,half,even,brat,poorly,waste,noise,after,make,money,apart,minutes
?,small,disappointed,okay,broke,5,buy,instead,do,thought,not,chicken,t,pool,half,even,brat,poorly,waste,noise,after,make,money,apart,minutes
?,small,disappointed,okay,broke,5,buy,instead,do,thought,not,chicken,t,pool,half,even,brat,poorly,waste,noise,after,make,money,apart,minutes
?,small,disappointed,okay,broke,5,buy,instead,do,thought,not,chicken,t,pool,half,even,brat,poorly,waste,noise,after,make,money,apart,minutes
?,small,disappointed,okay,broke,5,buy,instead,do,thought,not,chicken,pay,t,pool,half,even,brat,poorly,waste,noise,make,money,apart,minutes
?,small,disappointed,okay,broke,5,buy,instead,do,thought,not,chicken,pay,t,pool,half,even,brat,poorly,waste,noise,make,money,apart,minutes
?,small,disappointed,okay,broke,5,buy,instead,do,thought,not,chicken,pay,t,pool,half,even,brat,poorly,waste,noise,make,money,apart,minutes
?,small,disappointed,okay,broke,5,buy,instead,do,thought,not,chicken,pay,t,pool,half,even,brat,poorly,waste,noise,make,money,apart,minutes
?,up,disappointed,okay,broke,5,buy,instead,do,thought,not,chicken,but,pay,t,pool,half,even,brat,poorly,waste,noise,make,apart,minutes
?,up,disappointed,okay,broke,5,instead,do,thought,not,chicken,but,pay,t,product,pool,half,even,brat,poorly,waste,noise,make,apart,minutes
?,up,disappointed,okay,broke,5,instead,do,thought,not,chicken,but,pay,t,product,pool,half,even,brat,poorly,waste,noise,make,apart,minutes
?,up,disappointed,okay,broke,5,instead,do,thought,not,chicken,but,pay,t,product,pool,half,brat,poorly,waste,noise,make,poor,apart,minutes
?,up,disappointed,okay,broke,5,instead,do,thought,not,chicken,but,pay,t,product,pool,half,brat,poorly,waste,noise,make,poor,apart,minutes
?,up,disappointed,okay,broke,5,instead,do,thought,not,chicken,but,pay,t,product,pool,half,brat,poorly,waste,noise,make,poor,apart,minutes
?,up,disappointed,okay,broke,5,instead,do,thought,not,chicken,but,pay,t,product,pool,half,brat,poorly,waste,noise,make,poor,apart,minutes
?,up,disappointed,okay,broke,5,instead,do,thought,not,chicken,but,pay,t,product,pool,half,brat,poorly,waste,noise,make,poor,apart,minutes
?,up,disappointed,okay,broke,5,instead,do,thought,not,chicken,but,pay,t,product,pool,half,off,brat,poorly,waste,noise,poor,apart,minutes
?,up,disappointed,okay,broke,5,instead,do,thought,not,chicken,but,pay,t,product,pool,half,off,brat,poorly,waste,noise,poor,apart,minutes
?,up,disappointed,okay,broke,5,instead,do,thought,not,chicken,but,pay,t,product,pool,half,off,brat,poorly,waste,noise,poor,apart,minutes
?,up,disappointed,okay,broke,5,instead,do,thought,not,chicken,but,pay,t,product,pool,half,off,brat,poorly,waste,noise,poor,apart,minutes
?,up,disappointed,okay,broke,5,instead,do,thought,not,chicken,but,pay,t,product,pool,half,off,brat,poorly,waste,noise,poor,apart,minutes
?,up,disappointed,okay,broke,5,instead,do,thought,not,chicken,but,pay,t,product,pool,half,off,brat,poorly,waste,noise,poor,apart,minutes
?,up,disappointed,okay,broke,5,instead,do,thought,not,chicken,but,pay,t,product,pool,half,off,brat,poorly,waste,noise,poor,apart,minutes
?,up,disappointed,okay,broke,5,instead,do,thought,wasn,not,chicken,pay,t,product,pool,half,off,brat,poorly,waste,noise,poor,apart,minutes
?,up,disappointed,okay,broke,5,instead,do,thought,wasn,not,chicken,pay,t,product,pool,half,off,brat,poorly,waste,noise,poor,apart,minutes
?,up,disappointed,okay,broke,5,instead,do,thought,wasn,not,chicken,pay,t,product,pool,half,off,brat,poorly,waste,noise,poor,apart,minutes
?,up,disappointed,okay,broke,5,instead,do,thought,wasn,not,chicken,pay,t,product,pool,half,off,brat,poorly,waste,noise,poor,apart,minutes
?,up,disappointed,okay,broke,5,instead,do,thought,wasn,not,chicken,pay,t,product,pool,half,off,brat,poorly,waste,noise,poor,apart,minutes
?,up,disappointed,okay,broke,5,instead,do,thought,wasn,not,chicken,pay,t,product,pool,half,off,brat,poorly,waste,noise,poor,apart,minutes
?,up,disappointed,okay,broke,5,instead,do,thought,wasn,not,chicken,pay,t,product,pool,half,off,brat,poorly,waste,noise,poor,apart,minutes
?,up,disappointed,okay,broke,5,instead,do,thought,wasn,not,chicken,pay,t,product,pool,half,off,brat,poorly,waste,noise,poor,apart,minutes
?,up,disappointed,okay,broke,5,instead,do,thought,wasn,not,chicken,pay,t,product,pool,half,off,brat,poorly,waste,noise,poor,apart,minutes
?,up,disappointed,okay,broke,5,instead,do,thought,wasn,not,chicken,pay,t,product,pool,half,off,brat,poorly,waste,noise,poor,apart,minutes
?,up,disappointed,okay,broke,instead,do,thought,wasn,not,chicken,pay,t,product,pool,half,off,brat,poorly,waste,noise,returned,poor,apart,minutes
?,up,disappointed,okay,broke,instead,do,thought,wasn,not,chicken,pay,t,product,pool,half,off,brat,poorly,waste,noise,returned,poor,apart,minutes
?,up,disappointed,okay,instead,do,thought,wasn,not,chicken,but,pay,t,product,pool,half,brat,poorly,waste,noise,returned,poor,apart,opens,minutes
?,does,up,disappointed,okay,instead,do,thought,not,chicken,but,pay,t,product,pool,half,brat,poorly,waste,noise,returned,poor,apart,opens,minutes
?,does,up,disappointed,okay,instead,do,thought,not,chicken,but,pay,t,product,pool,half,brat,poorly,waste,noise,returned,poor,apart,opens,minutes
?,does,up,disappointed,okay,instead,do,thought,not,chicken,but,pay,t,product,pool,half,brat,poorly,waste,noise,returned,poor,apart,opens,minutes
?,does,up,disappointed,okay,instead,do,thought,not,chicken,but,pay,t,product,pool,half,brat,poorly,waste,noise,returned,poor,apart,opens,minutes
?,does,up,disappointed,okay,instead,do,thought,not,chicken,but,pay,t,product,pool,half,brat,poorly,waste,noise,returned,poor,apart,opens,minutes
?,does,up,disappointed,okay,instead,do,thought,not,chicken,but,t,product,pool,half,didn,brat,poorly,waste,noise,returned,poor,apart,opens,minutes
?,does,up,disappointed,okay,instead,do,thought,not,chicken,but,t,product,pool,half,didn,brat,poorly,waste,noise,returned,poor,apart,opens,minutes
?,does,up,disappointed,okay,instead,do,thought,not,chicken,but,t,product,pool,half,didn,brat,poorly,waste,noise,returned,poor,apart,opens,minutes
?,does,up,disappointed,okay,instead,do,thought,not,chicken,but,t,product,pool,half,didn,brat,poorly,waste,noise,returned,poor,apart,opens,minutes
?,does,up,disappointed,okay,instead,do,thought,not,chicken,but,t,product,pool,half,didn,brat,poorly,waste,noise,returned,poor,apart,opens,minutes
?,does,up,disappointed,okay,instead,do,thought,not,chicken,but,t,product,pool,half,didn,brat,poorly,waste,noise,returned,poor,apart,opens,minutes
?,does,up,disappointed,okay,instead,do,thought,not,chicken,but,t,product,pool,half,didn,brat,poorly,waste,noise,returned,poor,apart,opens,minutes
?,does,up,disappointed,okay,instead,do,thought,not,chicken,but,t,product,pool,half,didn,brat,poorly,waste,noise,returned,poor,apart,opens,minutes
?,does,up,disappointed,okay,instead,do,thought,not,chicken,but,t,product,pool,half,didn,brat,poorly,waste,noise,returned,poor,apart,opens,minutes
?,does,up,disappointed,okay,instead,do,thought,not,chicken,but,t,product,pool,half,didn,brat,poorly,waste,noise,returned,poor,apart,opens,minutes
?,does,up,disappointed,okay,instead,do,thought,not,chicken,but,t,product,pool,half,didn,brat,poorly,waste,noise,returned,poor,apart,opens,minutes
?,does,up,disappointed,okay,instead,do,thought,not,chicken,but,t,product,pool,half,didn,brat,poorly,waste,noise,returned,poor,apart,opens,minutes
?,does,up,disappointed,okay,instead,do,thought,not,chicken,but,t,product,pool,half,didn,brat,poorly,waste,noise,returned,poor,apart,opens,minutes
?,does,up,disappointed,okay,instead,do,thought,not,chicken,but,t,product,pool,half,didn,brat,poorly,waste,noise,returned,poor,apart,opens,minutes
?,does,up,disappointed,okay,instead,do,thought,not,chicken,but,t,product,pool,half,didn,brat,poorly,waste,noise,returned,poor,apart,opens,minutes
?,does,up,disappointed,okay,instead,do,thought,not,chicken,but,t,product,pool,half,didn,brat,poorly,waste,noise,returned,poor,apart,opens,minutes
?,does,up,disappointed,okay,instead,do,thought,not,chicken,but,t,product,pool,half,didn,brat,poorly,waste,noise,returned,poor,apart,opens,minutes
?,does,up,disappointed,okay,instead,do,thought,not,chicken,but,t,product,pool,half,didn,brat,poorly,waste,noise,returned,poor,apart,opens,minutes
?,does,up,disappointed,okay,instead,do,thought,not,chicken,but,t,product,pool,half,didn,brat,poorly,waste,noise,returned,poor,apart,opens,minutes
?,does,up,disappointed,okay,instead,do,thought,not,chicken,but,t,product,pool,half,didn,brat,poorly,waste,noise,returned,poor,apart,opens,minutes
?,does,up,disappointed,okay,do,thought,wasn,not,chicken,but,t,product,pool,half,didn,brat,poorly,waste,noise,returned,poor,apart,opens,minutes
?,does,up,disappointed,okay,do,thought,wasn,not,chicken,but,t,product,pool,half,didn,brat,poorly,waste,noise,returned,poor,apart,opens,minutes
?,does,up,disappointed,okay,do,thought,wasn,not,chicken,but,t,product,pool,half,didn,brat,poorly,waste,noise,returned,poor,apart,opens,minutes
?,does,up,disappointed,okay,do,thought,wasn,not,chicken,but,t,product,pool,half,didn,brat,poorly,waste,noise,returned,poor,apart,opens,minutes
?,does,up,disappointed,okay,do,thought,wasn,not,chicken,but,work,t,product,pool,half,didn,brat,poorly,waste,returned,poor,apart,opens,minutes
?,does,up,disappointed,okay,do,thought,wasn,not,chicken,but,work,t,product,pool,half,didn,brat,poorly,waste,returned,poor,apart,opens,minutes
?,does,up,disappointed,okay,do,thought,wasn,not,chicken,but,work,t,product,pool,half,didn,brat,poorly,waste,returned,poor,apart,opens,minutes
?,does,up,disappointed,okay,do,thought,wasn,not,chicken,but,work,t,product,pool,half,didn,brat,poorly,waste,returned,poor,apart,opens,minutes
?,does,up,disappointed,okay,do,thought,wasn,not,chicken,but,work,t,product,pool,half,didn,brat,poorly,waste,returned,poor,apart,opens,minutes
?,does,up,disappointed,okay,do,thought,wasn,not,chicken,but,work,t,product,pool,half,didn,brat,poorly,waste,returned,poor,apart,opens,minutes
?,does,up,disappointed,okay,broke,do,wasn,not,chicken,but,work,t,product,pool,half,didn,brat,poorly,waste,returned,poor,apart,opens,minutes
?,does,up,disappointed,okay,broke,do,wasn,not,chicken,but,work,t,product,pool,half,didn,brat,poorly,waste,returned,poor,apart,opens,minutes
?,does,up,disappointed,okay,broke,do,wasn,not,chicken,but,work,t,product,pool,half,didn,brat,poorly,waste,returned,poor,apart,opens,minutes
?,does,up,disappointed,okay,broke,do,wasn,not,chicken,but,work,t,product,pool,half,didn,brat,poorly,waste,returned,poor,apart,opens,minutes
?,does,up,disappointed,okay,broke,do,wasn,not,chicken,but,work,t,product,pool,half,didn,brat,poorly,waste,returned,poor,apart,opens,minutes
?,does,up,disappointed,okay,broke,do,wasn,not,chicken,but,work,t,product,pool,half,didn,brat,poorly,waste,returned,poor,apart,opens,minutes
?,does,small,up,disappointed,okay,broke,do,wasn,not,but,work,t,product,pool,half,didn,brat,poorly,waste,returned,poor,apart,opens,minutes
?,does,small,up,disappointed,okay,broke,do,wasn,not,but,work,t,product,pool,half,didn,brat,poorly,waste,returned,poor,apart,opens,minutes
?,does,small,up,disappointed,okay,broke,instead,do,wasn,not,but,work,t,product,half,didn,brat,poorly,waste,returned,poor,apart,opens,minutes
?,does,small,up,disappointed,okay,broke,instead,do,wasn,not,but,work,t,product,half,didn,brat,poorly,waste,returned,poor,apart,opens,minutes
?,does,small,up,disappointed,okay,broke,instead,do,wasn,not,but,work,t,product,half,didn,brat,poorly,waste,returned,poor,apart,opens,minutes
?,does,small,up,disappointed,okay,broke,instead,do,wasn,not,but,work,t,product,didn,off,brat,poorly,waste,returned,poor,apart,opens,minutes
?,does,small,up,disappointed,okay,broke,instead,do,wasn,not,but,work,t,product,didn,off,brat,poorly,waste,returned,poor,apart,opens,minutes
?,does,small,up,disappointed,okay,broke,instead,do,wasn,not,but,work,t,product,didn,off,brat,poorly,waste,returned,poor,apart,opens,minutes
?,does,small,up,disappointed,okay,broke,instead,do,wasn,not,but,work,t,product,didn,off,brat,poorly,waste,returned,poor,apart,opens,minutes
?,does,small,up,disappointed,okay,broke,instead,do,wasn,not,but,work,t,product,didn,off,brat,poorly,waste,returned,poor,apart,opens,minutes
?,does,small,up,disappointed,okay,broke,instead,do,wasn,not,but,work,t,product,didn,off,brat,poorly,waste,returned,poor,apart,opens,minutes
?,does,small,up,disappointed,okay,broke,instead,do,wasn,not,but,work,t,product,didn,off,brat,poorly,waste,returned,poor,apart,opens,minutes
?,does,small,up,disappointed,okay,broke,instead,do,wasn,not,but,work,t,product,didn,off,brat,poorly,waste,returned,poor,apart,opens,minutes
?,does,small,up,disappointed,okay,broke,instead,do,wasn,not,but,work,t,product,didn,off,brat,poorly,waste,returned,poor,apart,opens,minutes
?,does,small,up,disappointed,okay,broke,instead,do,wasn,not,but,work,t,product,didn,off,brat,poorly,waste,returned,poor,apart,opens,minutes
?,does,small,up,disappointed,okay,broke,instead,do,wasn,not,but,work,t,product,didn,off,brat,poorly,waste,returned,poor,apart,opens,minutes
?,does,small,up,disappointed,okay,broke,instead,do,wasn,not,but,work,t,product,didn,off,brat,poorly,waste,returned,poor,apart,opens,minutes
?,does,small,up,disappointed,okay,broke,instead,do,wasn,not,but,work,t,product,didn,off,brat,poorly,waste,returned,poor,apart,opens,minutes
?,does,small,up,disappointed,okay,broke,instead,do,wasn,not,but,work,t,product,didn,off,brat,poorly,waste,returned,poor,apart,opens,minutes
?,does,small,up,disappointed,okay,broke,instead,do,wasn,not,but,work,t,product,didn,off,brat,poorly,waste,returned,poor,apart,opens,minutes
?,does,small,up,disappointed,okay,broke,instead,do,wasn,not,but,work,t,product,didn,off,brat,poorly,waste,returned,poor,apart,opens,minutes
?,does,small,up,disappointed,okay,broke,instead,do,wasn,not,but,work,t,product,didn,off,brat,poorly,waste,returned,poor,apart,opens,minutes
?,does,small,up,disappointed,okay,broke,instead,do,wasn,not,but,work,t,product,didn,off,brat,poorly,waste,returned,poor,apart,opens,minutes
?,does,small,up,disappointed,okay,broke,instead,do,wasn,not,but,work,t,product,didn,off,brat,poorly,waste,returned,poor,apart,opens,minutes
?,does,small,up,disappointed,okay,broke,instead,do,wasn,not,but,work,t,product,didn,off,brat,poorly,waste,returned,poor,apart,opens,minutes
?,does,small,up,disappointed,okay,broke,instead,do,wasn,not,but,work,t,product,didn,off,brat,poorly,waste,returned,poor,apart,opens,minutes
?,does,only,small,up,disappointed,okay,broke,instead,do,wasn,not,but,work,t,product,didn,off,poorly,waste,returned,poor,apart,opens,minutes
?,does,only,small,up,disappointed,okay,broke,instead,do,wasn,not,but,work,t,product,didn,off,poorly,waste,returned,poor,apart,opens,minutes
?,does,only,small,up,disappointed,okay,broke,instead,do,wasn,not,but,work,t,product,didn,off,poorly,waste,returned,poor,apart,opens,minutes
?,does,only,small,up,disappointed,okay,broke,instead,do,wasn,not,but,work,t,product,didn,off,poorly,waste,returned,poor,apart,opens,minutes
?,does,only,small,up,disappointed,okay,broke,instead,do,wasn,not,but,work,t,product,didn,off,poorly,waste,returned,poor,apart,opens,minutes
?,does,only,small,up,disappointed,okay,broke,instead,do,wasn,not,but,work,t,product,didn,off,poorly,waste,returned,poor,apart,opens,minutes
?,does,only,small,up,disappointed,okay,broke,instead,do,wasn,not,but,work,t,product,didn,off,poorly,waste,returned,poor,apart,opens,minutes
?,does,only,small,up,disappointed,okay,broke,instead,do,wasn,not,but,work,t,product,didn,off,poorly,waste,returned,poor,apart,opens,minutes
?,does,only,small,up,disappointed,okay,broke,instead,do,wasn,not,but,work,t,product,didn,off,poorly,waste,returned,poor,apart,opens,minutes
?,does,only,small,up,disappointed,okay,broke,instead,do,wasn,not,but,work,t,product,didn,off,poorly,waste,returned,poor,apart,opens,minutes
?,does,only,small,up,disappointed,okay,broke,instead,do,wasn,not,but,work,t,product,didn,off,poorly,waste,returned,poor,apart,opens,minutes
?,does,only,small,up,disappointed,okay,broke,instead,do,wasn,not,but,work,t,product,didn,off,poorly,waste,returned,poor,apart,opens,minutes
?,does,only,small,up,disappointed,okay,broke,instead,do,wasn,not,but,work,t,product,didn,off,poorly,waste,returned,poor,apart,opens,minutes
?,does,only,small,up,disappointed,okay,broke,instead,do,wasn,not,but,work,t,product,didn,off,poorly,waste,returned,poor,apart,opens,minutes
?,does,only,small,up,disappointed,okay,broke,instead,do,wasn,not,but,work,t,product,didn,off,poorly,waste,returned,poor,apart,opens,minutes
?,does,only,small,up,disappointed,okay,broke,instead,do,wasn,not,but,work,t,product,didn,off,poorly,waste,returned,poor,apart,opens,minutes
?,does,only,small,up,disappointed,okay,broke,instead,do,wasn,not,but,work,t,product,didn,off,poorly,waste,returned,poor,apart,opens,minutes
?,does,only,small,up,disappointed,okay,broke,instead,do,wasn,not,but,work,t,product,didn,off,poorly,waste,returned,poor,apart,opens,minutes
?,does,only,small,disappointed,okay,broke,instead,do,thought,wasn,not,but,work,t,product,didn,off,poorly,waste,returned,poor,apart,opens,minutes
?,does,only,small,disappointed,okay,broke,instead,do,thought,wasn,not,but,work,t,product,didn,off,poorly,waste,returned,poor,apart,opens,minutes
?,does,only,small,disappointed,okay,broke,instead,do,thought,wasn,not,but,work,t,product,didn,off,poorly,waste,returned,poor,apart,opens,minutes
?,does,only,small,disappointed,okay,broke,instead,do,thought,wasn,not,but,work,t,product,didn,off,poorly,waste,returned,poor,apart,opens,minutes
?,does,only,small,disappointed,okay,broke,instead,do,thought,wasn,not,but,work,t,product,didn,off,poorly,waste,returned,poor,apart,opens,minutes
?,does,only,small,disappointed,okay,broke,instead,do,thought,wasn,not,but,work,t,product,didn,off,poorly,waste,returned,poor,apart,opens,minutes
?,does,only,small,disappointed,okay,broke,instead,do,thought,wasn,not,but,work,t,product,did,didn,off,poorly,waste,returned,poor,apart,minutes
?,does,only,small,disappointed,okay,broke,instead,do,thought,wasn,not,but,work,t,product,did,didn,off,poorly,waste,returned,poor,apart,minutes
?,does,only,small,disappointed,okay,broke,instead,do,thought,wasn,not,but,work,t,product,did,didn,off,poorly,waste,returned,poor,apart,minutes
weren,?,does,only,small,disappointed,okay,broke,instead,do,thought,wasn,not,but,work,t,product,did,didn,off,poorly,waste,returned,poor,apart
weren,?,does,only,small,disappointed,okay,broke,instead,do,thought,wasn,not,but,work,t,product,did,didn,off,poorly,waste,returned,poor,apart
weren,?,does,only,small,disappointed,okay,broke,instead,do,thought,wasn,not,but,work,t,product,did,didn,off,poorly,waste,returned,poor,apart
weren,?,does,only,small,disappointed,okay,broke,instead,do,thought,wasn,not,but,work,t,product,did,didn,off,poorly,waste,returned,poor,apart
weren,?,does,only,small,disappointed,okay,broke,instead,do,thought,wasn,not,but,work,t,product,did,didn,off,poorly,waste,returned,poor,apart
weren,?,does,only,small,disappointed,okay,broke,instead,do,thought,wasn,not,but,work,t,product,did,didn,off,poorly,waste,returned,poor,apart
weren,?,does,only,small,disappointed,okay,broke,instead,do,thought,wasn,not,but,work,t,product,did,didn,off,poorly,waste,returned,poor,apart
weren,?,does,only,small,disappointed,okay,broke,instead,do,thought,wasn,not,but,work,t,product,did,didn,off,poorly,waste,returned,poor,apart
weren,?,does,only,small,disappointed,okay,broke,instead,do,thought,wasn,not,but,work,t,product,did,didn,off,poorly,waste,returned,poor,apart
weren,?,does,only,small,disappointed,okay,broke,instead,do,thought,wasn,not,but,work,t,product,did,didn,off,poorly,waste,returned,poor,apart
weren,?,does,only,small,disappointed,okay,broke,instead,do,thought,wasn,not,but,work,t,product,did,didn,off,poorly,waste,returned,poor,apart
weren,?,does,only,small,disappointed,okay,broke,instead,do,thought,wasn,not,but,work,t,product,did,didn,off,poorly,waste,returned,poor,apart
weren,?,does,only,small,disappointed,okay,broke,instead,do,thought,wasn,not,but,work,t,product,did,didn,off,poorly,waste,returned,poor,apart
weren,?,does,only,small,disappointed,okay,broke,instead,do,thought,wasn,not,but,work,t,product,did,didn,off,poorly,waste,returned,poor,apart
weren,?,does,only,small,disappointed,okay,broke,instead,do,thought,wasn,not,but,work,t,product,did,didn,off,poorly,waste,returned,poor,apart
weren,?,does,only,small,disappointed,okay,broke,instead,do,thought,wasn,not,but,work,t,product,did,didn,off,poorly,waste,returned,poor,apart
weren,?,does,only,small,disappointed,okay,broke,instead,do,thought,wasn,not,but,work,t,product,did,didn,off,poorly,waste,returned,poor,apart
weren,?,does,only,small,disappointed,okay,broke,instead,do,thought,wasn,not,but,work,t,product,did,didn,off,poorly,waste,returned,poor,apart
weren,?,does,only,small,disappointed,okay,broke,instead,do,thought,wasn,not,but,work,t,product,did,didn,off,poorly,waste,returned,poor,apart
weren,?,does,only,would,disappointed,okay,broke,instead,do,thought,wasn,not,but,work,t,product,did,didn,off,poorly,waste,returned,poor,apart
weren,?,does,only,would,disappointed,okay,broke,instead,do,thought,wasn,not,but,work,t,product,did,didn,off,poorly,waste,returned,poor,apart
weren,?,does,only,would,disappointed,okay,broke,instead,do,thought,wasn,not,but,work,t,product,did,didn,off,poorly,waste,returned,poor,apart
weren,?,does,only,would,disappointed,okay,broke,instead,do,thought,wasn,not,but,work,t,product,did,didn,off,poorly,waste,returned,poor,apart
weren,?,does,only,would,disappointed,okay,broke,instead,do,thought,wasn,not,but,work,t,product,did,didn,off,poorly,waste,returned,poor,apart
weren,?,does,only,would,disappointed,okay,broke,instead,do,thought,wasn,not,but,work,t,product,did,didn,off,poorly,waste,returned,poor,apart
weren,?,does,would,disappointed,okay,broke,instead,do,thought,wasn,not,but,work,t,product,did,didn,off,poorly,waste,returned,poor,money,apart
weren,?,does,would,disappointed,okay,broke,instead,do,thought,wasn,not,but,work,t,product,did,didn,off,poorly,waste,returned,poor,money,apart
weren,?,does,would,disappointed,okay,broke,instead,do,thought,wasn,not,but,work,t,product,did,didn,off,poorly,waste,returned,poor,money,apart
weren,?,does,would,disappointed,okay,broke,instead,do,thought,wasn,not,but,work,t,product,did,didn,off,poorly,waste,returned,poor,money,apart
weren,?,does,would,disappointed,okay,broke,instead,do,thought,wasn,not,but,work,t,product,did,didn,off,poorly,waste,returned,poor,money,apart
weren,?,does,would,disappointed,okay,broke,instead,do,thought,wasn,not,but,work,t,product,did,didn,off,poorly,waste,returned,poor,money,apart
weren,?,does,would,disappointed,okay,broke,instead,do,thought,wasn,not,but,work,t,product,did,didn,off,poorly,waste,returned,poor,money,apart
weren,?,does,would,disappointed,okay,broke,instead,do,thought,wasn,not,but,work,t,product,did,didn,off,poorly,waste,returned,poor,money,apart
weren,?,does,would,disappointed,okay,broke,instead,do,thought,wasn,not,but,work,t,product,did,didn,off,poorly,waste,returned,poor,money,apart
weren,?,does,disappointed,okay,broke,instead,do,thought,wasn,not,were,but,work,t,product,did,didn,off,poorly,waste,returned,poor,money,apart
weren,?,does,disappointed,okay,broke,instead,do,thought,wasn,not,were,but,work,t,product,did,didn,off,poorly,waste,returned,poor,money,apart
weren,?,does,disappointed,okay,return,broke,instead,do,thought,wasn,not,but,work,t,product,did,didn,off,poorly,waste,returned,poor,money,apart
weren,?,does,disappointed,okay,return,broke,instead,do,thought,wasn,not,but,work,t,product,did,didn,off,poorly,waste,returned,poor,money,apart
weren,?,does,disappointed,okay,return,broke,instead,do,thought,wasn,not,but,work,t,product,did,didn,off,poorly,waste,returned,poor,money,apart
weren,?,does,disappointed,okay,return,broke,instead,do,thought,wasn,not,were,but,work,t,did,didn,off,poorly,waste,returned,poor,money,apart
weren,?,does,disappointed,okay,return,broke,instead,do,thought,wasn,not,were,but,work,t,did,didn,off,poorly,waste,returned,poor,money,apart
weren,?,does,disappointed,okay,return,broke,instead,do,thought,wasn,not,were,but,work,t,did,didn,off,poorly,waste,returned,poor,money,apart
weren,?,does,disappointed,okay,return,broke,instead,do,thought,wasn,not,were,but,work,t,did,didn,off,poorly,waste,returned,poor,money,apart
weren,?,does,disappointed,okay,return,broke,instead,do,thought,wasn,not,were,but,work,t,did,didn,off,poorly,waste,returned,poor,money,apart
weren,?,does,disappointed,okay,return,broke,instead,do,thought,wasn,not,were,but,work,t,did,didn,off,poorly,waste,returned,poor,money,apart
weren,?,does,disappointed,okay,return,broke,instead,do,thought,wasn,not,were,but,work,t,did,didn,off,poorly,waste,returned,poor,money,apart
weren,?,does,disappointed,okay,return,broke,instead,do,thought,wasn,not,were,but,work,t,did,didn,off,poorly,waste,returned,poor,money,apart
weren,?,does,disappointed,okay,return,broke,instead,do,thought,wasn,not,were,but,work,t,did,didn,off,poorly,waste,returned,poor,money,apart
weren,?,does,disappointed,okay,return,broke,instead,do,thought,wasn,not,were,but,work,t,did,didn,off,poorly,waste,returned,poor,money,apart
weren,?,does,disappointed,okay,return,broke,instead,do,thought,wasn,not,were,but,work,t,did,didn,off,poorly,waste,returned,poor,money,apart
weren,?,does,disappointed,okay,return,broke,instead,do,thought,wasn,not,were,but,work,t,did,didn,off,poorly,waste,returned,poor,money,apart
weren,?,does,disappointed,okay,return,broke,instead,do,thought,wasn,not,were,but,work,t,did,didn,off,poorly,waste,returned,poor,money,apart
weren,?,does,disappointed,okay,return,broke,instead,do,thought,wasn,not,were,but,work,t,did,didn,off,poorly,waste,returned,poor,money,apart
weren,?,does,disappointed,okay,return,broke,instead,do,thought,wasn,not,were,but,work,t,did,didn,off,poorly,waste,returned,poor,money,apart
weren,?,does,disappointed,okay,return,broke,instead,do,thought,wasn,not,were,but,work,t,did,didn,off,poorly,waste,returned,poor,money,apart
weren,?,does,disappointed,okay,return,broke,instead,do,thought,wasn,not,were,but,work,t,did,didn,off,poorly,waste,returned,poor,money,apart
weren,?,does,disappointed,okay,return,broke,instead,do,thought,wasn,not,were,but,work,t,did,didn,off,poorly,waste,returned,poor,money,apart
weren,?,does,disappointed,okay,return,broke,instead,do,thought,wasn,not,were,but,work,t,did,half,didn,off,poorly,waste,returned,poor,apart
weren,?,does,disappointed,okay,return,broke,instead,do,thought,wasn,not,were,but,work,t,did,half,didn,off,poorly,waste,returned,poor,apart
weren,?,does,disappointed,okay,return,broke,instead,do,wasn,not,were,but,work,t,did,pool,half,didn,off,poorly,waste,returned,poor,apart
weren,?,does,disappointed,okay,return,broke,instead,do,wasn,not,were,but,work,t,did,pool,half,didn,off,poorly,waste,returned,poor,apart
weren,?,does,disappointed,okay,return,broke,instead,do,wasn,not,were,but,work,t,did,pool,half,didn,off,poorly,waste,returned,poor,apart
weren,?,does,disappointed,okay,return,broke,instead,do,wasn,not,were,but,work,t,did,pool,half,didn,off,poorly,waste,returned,poor,apart
weren,?,does,disappointed,okay,return,broke,instead,do,wasn,not,were,but,work,t,did,pool,half,didn,off,poorly,waste,returned,poor,apart
weren,?,does,disappointed,okay,return,broke,instead,do,wasn,not,were,but,ok,work,t,did,half,didn,off,poorly,waste,returned,poor,apart
weren,?,does,disappointed,okay,return,broke,instead,do,wasn,not,were,but,ok,work,t,did,half,didn,off,poorly,waste,returned,poor,apart
weren,?,does,disappointed,okay,return,broke,instead,do,wasn,not,were,but,ok,work,t,did,half,didn,off,poorly,waste,returned,poor,apart
weren,?,does,disappointed,okay,return,broke,instead,do,wasn,not,were,but,ok,work,t,did,half,didn,off,poorly,waste,returned,poor,apart
weren,?,does,disappointed,okay,return,broke,instead,do,wasn,not,were,but,ok,work,t,did,half,didn,off,poorly,waste,returned,poor,apart
weren,?,does,disappointed,okay,return,broke,instead,do,wasn,not,were,but,ok,work,t,did,half,didn,off,poorly,waste,returned,poor,apart
weren,?,does,disappointed,okay,return,broke,instead,do,wasn,not,were,but,ok,work,t,did,half,didn,off,poorly,waste,returned,poor,apart
?,does,disappointed,okay,return,broke,instead,do,wasn,not,were,but,ok,work,t,did,product,half,didn,off,poorly,waste,returned,poor,apart
?,does,disappointed,okay,return,broke,instead,do,wasn,not,were,but,ok,work,t,did,product,half,didn,off,poorly,waste,returned,poor,apart
?,does,disappointed,okay,return,broke,instead,do,wasn,not,were,but,ok,work,t,did,product,half,didn,off,poorly,waste,returned,poor,apart
?,does,disappointed,okay,return,broke,instead,do,wasn,not,were,but,ok,work,t,did,product,half,didn,off,poorly,waste,returned,poor,apart
?,does,disappointed,okay,return,broke,instead,do,wasn,not,were,but,ok,work,t,did,product,half,didn,off,poorly,waste,returned,poor,apart
?,does,disappointed,okay,return,broke,instead,do,wasn,not,were,but,ok,work,t,did,product,half,didn,off,poorly,waste,returned,poor,apart
?,does,disappointed,okay,return,broke,instead,do,wasn,not,were,but,ok,work,t,did,product,half,didn,off,poorly,waste,returned,poor,apart
?,does,disappointed,okay,return,broke,instead,do,wasn,not,were,but,ok,work,t,did,product,half,didn,off,poorly,waste,returned,poor,apart
?,does,disappointed,okay,return,broke,instead,do,wasn,not,were,but,ok,work,t,did,product,half,didn,off,poorly,waste,returned,poor,apart
?,does,disappointed,okay,return,broke,instead,do,wasn,not,were,but,ok,work,t,did,product,half,didn,off,poorly,waste,returned,poor,apart
?,does,disappointed,okay,return,broke,instead,do,wasn,not,were,but,ok,work,t,did,product,half,didn,off,poorly,waste,returned,poor,apart
?,does,disappointed,okay,return,broke,instead,do,wasn,not,were,but,ok,work,t,did,product,half,didn,off,poorly,waste,returned,poor,apart
?,does,disappointed,okay,return,broke,instead,do,wasn,not,were,but,ok,work,t,did,product,half,didn,off,poorly,waste,returned,poor,apart
?,does,disappointed,okay,return,broke,instead,do,wasn,not,were,but,ok,work,t,did,product,half,didn,off,poorly,waste,returned,poor,apart
?,does,disappointed,okay,return,broke,instead,do,wasn,not,were,but,ok,work,t,did,product,half,didn,off,poorly,waste,returned,poor,apart
?,does,disappointed,okay,return,broke,instead,do,wasn,not,were,but,ok,work,t,did,product,half,didn,off,poorly,waste,returned,poor,apart
?,does,disappointed,okay,return,broke,instead,do,wasn,not,were,but,ok,work,t,did,product,half,didn,off,poorly,waste,returned,poor,apart
?,does,disappointed,okay,return,broke,instead,do,wasn,not,were,but,ok,work,t,did,product,half,didn,off,poorly,waste,returned,poor,apart
?,does,disappointed,okay,return,broke,instead,do,wasn,not,were,but,ok,work,t,did,product,half,didn,off,poorly,waste,returned,poor,apart
?,does,disappointed,okay,return,broke,instead,do,wasn,not,were,but,ok,work,t,did,product,half,didn,off,poorly,waste,returned,poor,apart
?,does,disappointed,okay,return,broke,instead,do,wasn,not,were,but,ok,work,t,did,product,half,didn,off,poorly,waste,returned,poor,apart
?,does,disappointed,okay,return,broke,instead,do,wasn,not,were,but,ok,work,t,did,product,half,didn,off,poorly,waste,returned,poor,apart
?,does,disappointed,okay,return,broke,instead,do,wasn,not,were,but,ok,work,t,did,product,half,didn,off,poorly,waste,returned,poor,apart
?,does,disappointed,okay,return,broke,instead,do,wasn,not,were,but,ok,work,t,did,product,half,didn,off,poorly,waste,returned,poor,apart
?,does,disappointed,okay,return,broke,instead,do,wasn,not,were,but,ok,work,t,did,product,half,didn,off,poorly,waste,returned,poor,apart
?,does,disappointed,okay,return,broke,instead,do,wasn,not,were,but,ok,work,t,did,product,half,didn,off,poorly,waste,returned,poor,apart
?,weren,does,disappointed,okay,broke,instead,do,wasn,not,were,but,ok,work,t,did,product,half,didn,off,poorly,waste,returned,poor,apart
?,weren,does,disappointed,okay,broke,instead,do,wasn,not,were,but,ok,work,t,did,product,half,didn,off,poorly,waste,returned,poor,apart
?,weren,does,disappointed,okay,broke,instead,do,wasn,not,were,but,ok,work,t,did,product,half,didn,off,poorly,waste,returned,poor,apart
?,weren,does,disappointed,okay,broke,instead,do,wasn,not,were,but,ok,work,t,did,product,half,didn,off,poorly,waste,returned,poor,apart
?,weren,does,disappointed,okay,broke,instead,do,wasn,not,were,but,ok,work,t,did,product,half,didn,off,poorly,waste,returned,poor,apart
?,weren,does,disappointed,okay,broke,instead,do,wasn,not,were,but,ok,work,t,did,product,half,didn,off,poorly,waste,returned,poor,apart
?,weren,does,disappointed,okay,broke,instead,do,wasn,not,were,but,ok,work,t,did,product,half,didn,off,poorly,waste,returned,poor,apart
?,weren,does,disappointed,okay,broke,instead,do,wasn,not,were,but,ok,work,t,did,product,half,didn,off,poorly,waste,returned,poor,apart
?,weren,does,disappointed,okay,broke,instead,do,wasn,not,were,but,ok,work,t,did,product,half,didn,off,poorly,waste,returned,poor,apart
?,weren,does,disappointed,okay,broke,instead,do,wasn,not,were,but,ok,work,t,did,product,half,didn,off,poorly,waste,returned,poor,apart
?,weren,does,disappointed,okay,broke,instead,do,wasn,not,were,but,ok,work,t,did,product,half,didn,off,poorly,waste,returned,poor,apart
?,weren,does,disappointed,okay,broke,instead,do,wasn,not,were,but,ok,work,t,did,product,half,didn,off,poorly,waste,returned,poor,apart
?,weren,does,disappointed,okay,broke,instead,do,wasn,not,were,but,ok,work,t,did,product,half,didn,off,poorly,waste,returned,poor,apart
?,weren,does,disappointed,okay,broke,instead,do,wasn,not,were,but,ok,work,t,did,product,half,didn,off,poorly,waste,returned,poor,apart
?,weren,does,disappointed,okay,broke,instead,do,wasn,not,were,but,ok,work,t,did,product,half,didn,off,poorly,waste,returned,poor,apart
?,weren,does,disappointed,okay,broke,instead,do,wasn,not,were,but,ok,work,t,did,product,half,didn,off,poorly,waste,returned,poor,apart
?,weren,does,disappointed,okay,broke,instead,do,wasn,not,were,but,ok,work,t,did,product,half,didn,off,poorly,waste,returned,poor,apart
?,weren,does,disappointed,okay,broke,instead,do,wasn,not,were,but,ok,work,t,did,product,half,didn,off,poorly,waste,returned,poor,apart
?,weren,does,disappointed,okay,broke,instead,do,wasn,not,were,but,ok,work,t,did,product,half,didn,off,poorly,waste,returned,poor,apart
?,weren,does,disappointed,okay,broke,instead,do,wasn,not,were,but,ok,work,t,did,product,half,didn,off,poorly,waste,returned,poor,apart
?,weren,does,disappointed,okay,broke,instead,do,wasn,not,were,but,ok,work,t,did,product,half,didn,off,poorly,waste,returned,poor,apart
?,weren,does,disappointed,okay,broke,instead,do,wasn,not,were,but,ok,work,t,did,product,half,didn,off,poorly,waste,returned,poor,apart
?,weren,does,disappointed,okay,broke,instead,do,wasn,not,were,but,ok,work,t,did,product,half,didn,off,poorly,waste,returned,poor,apart
?,weren,does,disappointed,okay,broke,instead,do,wasn,not,were,but,ok,work,t,did,product,half,didn,off,poorly,waste,returned,poor,apart
?,weren,does,disappointed,okay,broke,instead,do,wasn,not,were,but,ok,work,t,did,product,half,didn,off,poorly,waste,returned,poor,apart
?,weren,does,disappointed,okay,broke,instead,do,wasn,not,were,but,ok,work,t,did,product,half,didn,off,poorly,waste,returned,poor,apart
?,weren,does,disappointed,okay,broke,instead,do,wasn,not,were,but,ok,work,t,did,product,half,didn,off,poorly,waste,returned,poor,apart
?,weren,does,disappointed,okay,broke,instead,do,wasn,not,were,but,ok,work,t,did,product,half,didn,off,poorly,waste,returned,poor,apart
?,weren,does,disappointed,okay,broke,instead,do,wasn,not,were,but,ok,doesn,work,t,did,product,didn,off,poorly,waste,returned,poor,apart
?,weren,does,disappointed,okay,broke,instead,do,wasn,not,were,but,ok,doesn,work,t,did,product,didn,off,poorly,waste,returned,poor,apart
?,weren,does,disappointed,okay,broke,instead,do,wasn,not,were,but,ok,doesn,work,t,did,product,didn,off,poorly,waste,returned,poor,apart
?,weren,does,disappointed,okay,broke,instead,do,wasn,not,were,but,ok,doesn,work,t,did,product,didn,off,poorly,waste,returned,poor,apart
?,weren,does,disappointed,okay,broke,instead,do,wasn,not,were,but,ok,doesn,work,t,did,product,didn,off,poorly,waste,returned,poor,apart
?,weren,does,disappointed,okay,broke,instead,do,wasn,not,were,but,ok,doesn,work,t,did,product,didn,off,poorly,waste,returned,poor,apart
?,weren,does,disappointed,okay,broke,instead,do,wasn,not,were,but,ok,doesn,work,t,did,product,didn,off,poorly,waste,returned,poor,apart
?,weren,does,disappointed,okay,broke,instead,do,wasn,not,were,but,ok,doesn,work,t,did,product,didn,off,poorly,waste,returned,poor,apart
?,weren,does,disappointed,okay,broke,instead,do,wasn,not,were,but,ok,doesn,work,t,did,product,didn,off,poorly,waste,returned,poor,apart
?,weren,does,disappointed,okay,broke,instead,do,wasn,not,were,but,ok,doesn,work,t,did,product,didn,off,poorly,waste,returned,poor,apart
?,weren,does,disappointed,okay,broke,instead,do,wasn,not,were,but,ok,doesn,work,t,did,product,didn,off,poorly,waste,returned,poor,apart
?,weren,does,disappointed,okay,broke,instead,do,wasn,not,were,but,ok,doesn,work,t,did,product,didn,off,poorly,waste,returned,poor,apart
?,weren,does,disappointed,okay,broke,instead,do,wasn,not,were,but,ok,doesn,work,t,did,product,didn,off,poorly,waste,returned,poor,apart
?,weren,does,disappointed,okay,broke,instead,do,wasn,not,were,but,ok,doesn,work,t,did,product,didn,off,poorly,waste,returned,poor,apart
?,weren,does,disappointed,okay,broke,instead,do,wasn,not,were,but,ok,doesn,work,t,did,product,didn,off,poorly,waste,returned,poor,apart
?,weren,does,disappointed,okay,broke,instead,do,wasn,not,were,but,ok,doesn,work,t,did,product,didn,off,poorly,waste,returned,poor,apart
?,weren,does,disappointed,okay,broke,instead,do,wasn,not,were,but,ok,doesn,work,t,did,product,didn,off,poorly,waste,returned,poor,apart
?,weren,does,disappointed,okay,broke,instead,do,wasn,not,were,but,ok,doesn,work,t,did,product,didn,off,poorly,waste,returned,poor,apart
?,weren,does,disappointed,okay,broke,instead,do,wasn,not,were,but,ok,doesn,work,t,did,product,didn,off,poorly,waste,returned,poor,apart
?,weren,does,disappointed,okay,broke,instead,do,wasn,not,were,but,ok,doesn,work,t,did,product,didn,off,poorly,waste,returned,poor,apart
?,weren,does,disappointed,okay,broke,instead,do,wasn,not,were,but,ok,doesn,work,t,did,product,didn,off,poorly,waste,returned,poor,apart
?,weren,does,disappointed,okay,broke,instead,do,wasn,not,were,but,ok,doesn,work,t,did,product,didn,off,poorly,waste,returned,poor,apart
?,weren,does,disappointed,okay,broke,instead,do,wasn,not,were,but,ok,doesn,work,t,did,product,didn,off,poorly,waste,returned,poor,apart
?,weren,does,disappointed,okay,broke,instead,do,wasn,not,were,but,ok,doesn,work,t,did,product,didn,off,poorly,waste,returned,poor,apart
?,weren,does,disappointed,okay,broke,instead,do,wasn,not,were,but,ok,doesn,work,t,did,product,didn,off,poorly,waste,returned,poor,apart
?,weren,does,disappointed,okay,broke,instead,do,wasn,not,were,but,ok,doesn,work,t,did,product,didn,off,poorly,waste,returned,poor,apart
?,weren,does,disappointed,okay,broke,instead,do,wasn,not,were,but,ok,doesn,work,t,did,product,didn,off,poorly,waste,returned,poor,apart
?,weren,does,disappointed,okay,broke,instead,do,wasn,not,were,but,ok,doesn,work,t,did,product,didn,off,poorly,waste,returned,poor,apart
?,weren,does,disappointed,okay,broke,instead,do,wasn,not,were,but,ok,doesn,work,t,did,product,didn,off,poorly,waste,returned,poor,apart
?,weren,does,disappointed,okay,broke,instead,do,wasn,not,were,but,ok,doesn,work,t,did,product,didn,off,poorly,waste,returned,poor,apart
?,weren,does,disappointed,okay,broke,instead,do,wasn,not,were,but,ok,doesn,work,t,did,product,didn,off,poorly,waste,returned,poor,apart
?,weren,does,disappointed,okay,broke,instead,do,wasn,not,were,but,ok,doesn,work,t,did,product,didn,off,poorly,waste,returned,poor,apart
?,weren,does,disappointed,okay,broke,instead,do,wasn,not,were,but,ok,doesn,work,t,did,product,didn,off,poorly,waste,returned,poor,apart
?,weren,does,disappointed,okay,broke,instead,do,wasn,not,were,but,ok,doesn,work,t,did,product,didn,off,poorly,waste,returned,poor,apart
?,weren,does,disappointed,okay,broke,instead,do,wasn,not,were,but,ok,doesn,work,t,did,product,didn,off,poorly,waste,returned,poor,apart
?,weren,does,disappointed,okay,broke,instead,do,wasn,not,were,but,ok,doesn,work,t,did,product,didn,off,poorly,waste,returned,poor,apart
?,weren,does,disappointed,okay,broke,instead,do,wasn,not,were,but,ok,doesn,work,t,did,didn,off,poorly,waste,returned,poor,money,apart
?,weren,does,disappointed,okay,broke,instead,do,wasn,not,were,but,ok,doesn,work,t,did,didn,off,poorly,waste,returned,poor,money,apart
?,weren,does,disappointed,okay,broke,instead,do,wasn,not,were,but,ok,doesn,work,t,did,didn,off,poorly,waste,returned,poor,money,apart
?,weren,does,should,disappointed,okay,broke,instead,do,wasn,not,were,but,ok,work,t,did,didn,off,poorly,waste,returned,poor,money,apart
?,weren,does,should,disappointed,okay,broke,instead,do,wasn,not,$,were,but,ok,work,t,did,half,didn,poorly,waste,returned,poor,apart
?,weren,does,should,disappointed,okay,broke,instead,do,wasn,not,$,were,but,ok,work,t,did,half,didn,poorly,waste,returned,poor,apart
?,weren,does,should,disappointed,okay,broke,instead,do,wasn,not,$,were,but,ok,work,t,did,half,didn,poorly,waste,returned,poor,apart
?,weren,does,should,disappointed,okay,broke,instead,do,wasn,not,$,were,but,ok,work,t,did,half,didn,poorly,waste,returned,poor,apart
?,weren,does,should,disappointed,okay,broke,instead,do,wasn,not,$,were,but,ok,work,t,did,half,didn,poorly,waste,returned,poor,apart
?,weren,does,should,disappointed,okay,broke,instead,do,wasn,not,$,were,but,ok,work,t,did,half,didn,poorly,waste,returned,poor,apart
?,weren,does,should,disappointed,okay,broke,instead,do,wasn,not,$,were,but,ok,work,t,did,half,didn,poorly,waste,returned,poor,apart
?,weren,does,should,disappointed,okay,broke,instead,do,wasn,not,$,were,but,ok,work,t,did,half,didn,poorly,waste,returned,poor,apart
?,weren,does,should,disappointed,okay,broke,instead,do,wasn,not,$,were,but,ok,work,t,did,half,didn,poorly,waste,returned,poor,apart
?,weren,does,should,disappointed,okay,broke,instead,do,wasn,not,$,were,but,ok,work,t,did,half,didn,poorly,waste,returned,poor,apart
?,weren,does,should,disappointed,okay,broke,instead,do,wasn,not,$,were,but,ok,work,t,did,half,didn,poorly,waste,returned,poor,apart
?,weren,does,should,disappointed,okay,broke,instead,do,wasn,not,$,were,but,ok,work,t,did,half,didn,poorly,waste,returned,poor,apart
?,weren,does,should,disappointed,okay,broke,instead,do,wasn,not,$,were,but,ok,work,t,did,half,didn,poorly,waste,returned,poor,apart
?,weren,does,should,disappointed,okay,broke,instead,do,wasn,not,$,were,but,ok,work,t,did,half,didn,poorly,waste,returned,poor,apart
?,weren,does,should,disappointed,okay,broke,instead,do,wasn,not,$,were,but,ok,work,t,did,half,didn,poorly,waste,returned,poor,apart
?,weren,does,should,disappointed,okay,broke,instead,do,wasn,not,$,were,but,ok,work,t,did,half,didn,poorly,waste,returned,poor,apart
?,weren,does,should,disappointed,okay,broke,instead,do,wasn,not,$,were,but,ok,work,t,did,half,didn,poorly,waste,returned,poor,apart
?,weren,does,disappointed,okay,broke,instead,do,wasn,not,$,were,but,ok,work,t,did,half,didn,poorly,waste,after,returned,poor,apart
?,weren,does,disappointed,okay,broke,instead,do,wasn,not,$,were,but,ok,work,t,did,half,didn,poorly,waste,after,returned,poor,apart
?,weren,does,disappointed,okay,broke,instead,do,wasn,not,$,were,but,ok,work,t,did,half,didn,poorly,waste,after,returned,poor,apart
?,weren,does,disappointed,okay,broke,instead,do,wasn,not,$,were,but,ok,work,t,did,half,didn,poorly,waste,after,returned,poor,apart
?,weren,does,disappointed,okay,return,broke,instead,do,wasn,not,were,but,ok,work,t,did,half,didn,poorly,waste,after,returned,poor,apart
?,weren,does,disappointed,okay,return,broke,instead,do,wasn,not,were,but,ok,work,t,did,half,didn,poorly,waste,after,returned,poor,apart
?,weren,does,disappointed,okay,return,broke,instead,do,wasn,not,were,but,ok,work,t,did,half,didn,poorly,waste,after,returned,poor,apart
?,weren,does,disappointed,okay,return,broke,instead,do,wasn,not,were,but,ok,work,t,did,half,didn,poorly,waste,after,returned,poor,apart
?,weren,does,disappointed,okay,return,broke,instead,do,wasn,not,were,but,ok,work,t,did,half,didn,poorly,waste,after,returned,poor,apart
?,weren,does,disappointed,okay,return,broke,instead,do,wasn,not,were,but,ok,work,t,did,half,didn,poorly,waste,after,returned,poor,apart
?,weren,does,disappointed,okay,return,broke,instead,do,wasn,not,were,but,ok,work,t,did,half,didn,poorly,waste,after,returned,poor,apart
?,weren,does,disappointed,okay,return,broke,instead,do,wasn,not,were,but,ok,work,t,did,half,didn,poorly,waste,after,returned,poor,apart
?,weren,does,disappointed,okay,return,broke,instead,do,wasn,not,were,but,ok,work,t,did,half,didn,poorly,waste,after,returned,poor,apart
?,weren,does,disappointed,okay,return,broke,instead,do,wasn,not,were,but,ok,work,t,did,half,didn,poorly,waste,after,returned,poor,apart
?,weren,does,disappointed,okay,return,broke,instead,do,wasn,not,were,but,ok,work,t,did,half,didn,poorly,waste,after,returned,poor,apart
?,weren,does,disappointed,okay,return,broke,instead,do,wasn,not,were,but,ok,work,t,did,half,didn,poorly,waste,after,returned,poor,apart
?,weren,does,disappointed,okay,return,broke,instead,do,wasn,not,were,but,ok,work,t,did,half,didn,poorly,waste,after,returned,poor,apart
?,weren,does,disappointed,okay,return,broke,instead,do,wasn,not,were,but,ok,work,t,did,half,didn,poorly,waste,after,returned,poor,apart
?,weren,does,disappointed,okay,return,broke,instead,do,wasn,not,were,but,ok,work,t,did,half,didn,poorly,waste,after,returned,poor,apart
?,weren,does,disappointed,okay,return,broke,instead,do,wasn,not,were,but,ok,work,t,did,half,didn,poorly,waste,after,returned,poor,apart
?,weren,does,disappointed,okay,return,broke,instead,do,wasn,not,were,but,work,t,did,half,didn,off,poorly,waste,after,returned,poor,apart
?,cheap,weren,does,disappointed,okay,return,broke,instead,do,wasn,not,were,but,work,t,did,half,didn,off,poorly,waste,returned,poor,apart
?,cheap,weren,does,disappointed,okay,return,broke,instead,do,wasn,not,were,but,work,t,did,half,didn,off,poorly,waste,returned,poor,apart
?,cheap,weren,does,disappointed,okay,return,broke,instead,do,wasn,not,were,but,work,t,did,half,didn,off,poorly,waste,returned,poor,apart
?,cheap,weren,does,disappointed,okay,return,broke,instead,do,wasn,not,were,but,work,t,did,half,didn,off,poorly,waste,returned,poor,apart
?,cheap,weren,does,disappointed,okay,return,broke,instead,do,wasn,not,were,but,work,t,did,half,didn,off,poorly,waste,returned,poor,apart
?,cheap,weren,does,disappointed,okay,return,broke,instead,do,wasn,not,were,but,work,t,did,half,didn,off,poorly,waste,returned,poor,apart
?,cheap,weren,does,disappointed,okay,return,broke,junk,do,wasn,not,were,but,work,t,did,half,didn,off,poorly,waste,returned,poor,apart
?,cheap,weren,does,disappointed,okay,return,broke,junk,do,wasn,not,were,but,work,t,did,half,didn,off,poorly,waste,returned,poor,apart
?,cheap,weren,does,disappointed,okay,return,broke,junk,do,wasn,not,were,but,work,t,did,half,didn,off,poorly,waste,returned,poor,apart
?,cheap,weren,does,disappointed,okay,return,broke,junk,do,wasn,not,were,but,work,t,did,half,didn,off,poorly,waste,returned,poor,apart
?,cheap,weren,does,should,disappointed,okay,return,broke,junk,do,not,were,but,work,t,did,half,didn,off,poorly,waste,returned,poor,apart
?,cheap,weren,does,should,disappointed,okay,return,broke,do,not,were,but,work,t,did,half,didn,off,poorly,waste,returned,poor,money,apart
?,cheap,weren,does,should,disappointed,okay,return,broke,do,not,were,but,work,t,did,half,didn,off,poorly,waste,returned,poor,money,apart
?,cheap,weren,does,should,disappointed,okay,return,broke,do,not,were,but,work,t,did,half,didn,off,poorly,waste,returned,poor,money,apart
?,cheap,weren,does,should,disappointed,okay,return,broke,do,not,$,were,but,work,t,did,half,off,poorly,waste,returned,poor,money,apart
?,cheap,weren,does,should,disappointed,okay,return,broke,do,not,$,were,but,work,t,did,half,off,poorly,waste,returned,poor,money,apart
?,cheap,weren,does,should,disappointed,okay,return,broke,do,not,$,were,but,work,t,did,half,off,poorly,waste,returned,poor,money,apart
?,cheap,weren,does,should,disappointed,okay,return,broke,do,not,$,were,but,work,t,did,half,off,poorly,waste,returned,poor,money,apart
?,cheap,weren,does,should,disappointed,okay,return,broke,do,not,$,were,but,work,t,did,half,off,poorly,waste,returned,poor,money,apart
?,cheap,weren,does,should,disappointed,okay,return,broke,do,not,$,were,but,work,t,did,half,off,poorly,waste,returned,poor,money,apart
?,cheap,weren,does,should,disappointed,okay,return,broke,do,not,$,were,but,work,t,did,half,off,poorly,waste,returned,poor,money,apart
?,cheap,weren,does,should,disappointed,okay,return,broke,do,not,$,were,but,work,t,did,half,off,poorly,waste,returned,poor,money,apart
?,cheap,weren,does,should,disappointed,okay,return,broke,do,not,$,were,but,work,t,did,half,off,poorly,waste,returned,poor,money,apart
?,cheap,weren,does,should,disappointed,okay,return,broke,do,not,$,were,but,work,t,did,half,off,poorly,waste,returned,poor,money,apart
?,cheap,weren,does,should,disappointed,okay,return,broke,do,not,$,were,but,work,t,did,half,off,poorly,waste,returned,poor,money,apart
?,cheap,weren,does,should,disappointed,okay,return,broke,do,not,$,were,but,work,t,did,half,off,poorly,waste,returned,poor,money,apart
?,cheap,weren,does,should,disappointed,okay,return,broke,do,not,$,were,but,work,t,did,half,off,poorly,waste,returned,poor,money,apart
?,cheap,weren,does,should,disappointed,okay,return,broke,do,not,$,were,but,work,t,did,half,off,poorly,waste,returned,poor,money,apart
?,cheap,weren,does,should,disappointed,okay,return,broke,do,not,$,were,but,work,t,did,half,off,poorly,waste,returned,poor,money,apart
?,cheap,weren,does,should,disappointed,okay,return,broke,do,not,$,were,but,work,t,did,half,off,poorly,waste,returned,poor,money,apart
?,cheap,weren,does,should,disappointed,okay,return,broke,do,not,$,were,but,work,t,did,half,off,poorly,waste,returned,poor,money,apart
?,cheap,weren,does,should,disappointed,okay,return,broke,do,not,$,were,but,work,t,did,half,off,poorly,waste,returned,poor,money,apart
?,cheap,weren,does,should,disappointed,okay,return,broke,do,not,$,were,but,work,t,did,half,off,poorly,waste,returned,poor,money,apart
?,cheap,weren,does,should,disappointed,okay,return,broke,do,not,$,were,but,work,t,did,half,off,poorly,waste,returned,poor,money,apart
?,cheap,weren,does,should,disappointed,okay,return,broke,do,not,$,were,but,work,t,did,half,off,poorly,waste,returned,poor,money,apart
?,cheap,weren,does,should,disappointed,okay,return,broke,do,not,$,were,but,work,t,did,half,off,poorly,waste,returned,poor,money,apart
?,cheap,weren,does,should,disappointed,okay,return,broke,do,not,$,were,but,work,t,did,half,off,poorly,waste,returned,poor,money,apart
?,cheap,weren,does,should,disappointed,okay,return,broke,do,not,$,were,but,work,t,did,half,off,poorly,waste,returned,poor,money,apart
?,cheap,weren,does,should,disappointed,okay,return,broke,do,not,$,were,but,work,t,did,half,off,poorly,waste,returned,poor,money,apart
?,cheap,weren,does,should,disappointed,okay,return,broke,do,not,$,were,but,work,t,did,half,off,poorly,waste,returned,poor,money,apart
?,cheap,weren,does,should,disappointed,okay,return,broke,do,not,$,were,but,work,t,did,half,off,poorly,waste,returned,poor,money,apart
?,cheap,weren,does,should,disappointed,okay,return,broke,do,not,$,were,but,work,t,did,half,off,poorly,waste,returned,poor,money,apart
?,cheap,weren,does,should,disappointed,okay,return,broke,do,not,$,were,but,work,t,did,half,off,poorly,waste,returned,poor,money,apart
?,cheap,weren,does,should,disappointed,okay,return,broke,do,not,$,were,but,work,t,did,half,off,poorly,waste,returned,poor,money,apart
?,cheap,weren,does,should,disappointed,okay,return,broke,do,not,$,were,but,work,t,did,half,off,poorly,waste,returned,poor,money,apart
?,cheap,weren,does,should,disappointed,okay,return,broke,do,not,$,were,but,work,t,did,half,off,poorly,waste,returned,poor,money,apart
?,cheap,weren,does,should,disappointed,okay,return,broke,do,not,$,were,but,work,t,did,half,off,poorly,waste,returned,poor,money,apart
?,cheap,weren,does,should,disappointed,okay,return,broke,do,not,$,were,but,work,t,did,half,off,poorly,waste,returned,poor,money,apart
?,cheap,weren,does,should,disappointed,okay,return,broke,do,not,$,were,but,work,t,did,half,off,poorly,waste,returned,poor,money,apart
?,cheap,weren,does,should,disappointed,okay,return,broke,do,not,$,were,but,work,t,did,half,off,poorly,waste,returned,poor,money,apart
?,cheap,weren,does,should,disappointed,okay,return,broke,do,not,$,were,but,work,t,did,half,off,poorly,waste,returned,poor,money,apart
?,cheap,weren,does,should,disappointed,okay,return,broke,do,not,$,were,but,work,t,did,half,off,poorly,waste,returned,poor,money,apart
?,cheap,weren,does,should,disappointed,okay,return,broke,do,not,$,were,but,work,t,did,half,off,poorly,waste,returned,poor,money,apart
?,cheap,weren,does,should,disappointed,okay,return,broke,do,not,$,were,but,work,t,did,half,off,poorly,waste,returned,poor,money,apart
?,cheap,weren,does,should,disappointed,okay,return,broke,do,not,$,were,but,work,t,did,half,off,poorly,waste,returned,poor,money,apart
?,cheap,weren,does,should,disappointed,okay,return,broke,do,not,$,were,but,work,t,did,half,off,poorly,waste,returned,poor,money,apart
?,cheap,weren,does,should,disappointed,okay,return,broke,do,not,$,were,but,work,t,did,half,off,poorly,waste,returned,poor,money,apart
?,cheap,weren,does,should,disappointed,okay,return,broke,do,not,$,were,but,work,t,did,half,off,poorly,waste,returned,poor,money,apart
?,cheap,weren,does,should,disappointed,okay,return,broke,do,not,$,were,but,work,t,did,half,off,poorly,waste,returned,poor,money,apart
?,cheap,weren,does,should,disappointed,okay,return,broke,do,not,$,were,but,work,t,did,half,off,poorly,waste,returned,poor,money,apart
?,cheap,weren,does,should,disappointed,okay,return,broke,do,not,$,were,but,work,t,did,half,off,poorly,waste,returned,poor,money,apart
?,cheap,weren,does,should,disappointed,okay,return,broke,do,not,$,were,but,work,t,did,half,off,poorly,waste,returned,poor,money,apart
?,cheap,weren,does,should,disappointed,okay,return,broke,do,not,$,were,but,work,t,did,half,off,poorly,waste,returned,poor,money,apart
?,cheap,weren,does,should,disappointed,okay,return,broke,do,not,$,were,but,work,t,did,half,off,poorly,waste,returned,poor,money,apart
?,cheap,weren,does,should,disappointed,okay,return,broke,do,not,$,were,but,work,t,did,half,off,poorly,waste,returned,poor,money,apart
?,cheap,weren,does,should,disappointed,okay,return,broke,do,not,$,were,but,work,t,did,half,off,poorly,waste,returned,poor,money,apart
?,cheap,weren,does,should,disappointed,okay,return,broke,do,not,$,were,but,work,t,did,half,off,poorly,waste,returned,poor,money,apart
?,cheap,weren,does,should,disappointed,okay,return,broke,do,not,$,were,but,work,t,did,half,off,poorly,waste,returned,poor,money,apart
?,cheap,weren,does,should,disappointed,okay,return,broke,do,not,$,were,but,work,t,did,half,off,poorly,waste,returned,poor,money,apart
?,cheap,weren,does,should,disappointed,okay,return,broke,do,not,$,were,but,work,t,did,half,off,poorly,waste,returned,poor,money,apart
?,cheap,weren,does,should,disappointed,okay,return,broke,do,not,$,were,but,work,t,did,half,off,poorly,waste,returned,poor,money,apart
?,cheap,weren,does,should,disappointed,okay,return,broke,do,not,$,were,but,work,t,did,half,off,poorly,waste,returned,poor,money,apart
?,cheap,weren,does,should,disappointed,okay,return,broke,do,not,$,were,but,work,t,did,half,off,poorly,waste,returned,poor,money,apart
?,cheap,weren,does,should,disappointed,okay,return,broke,do,not,$,were,but,work,t,did,half,off,poorly,waste,returned,poor,money,apart
?,cheap,weren,does,should,disappointed,okay,return,broke,do,not,$,were,but,work,t,did,half,off,poorly,waste,returned,poor,money,apart
?,cheap,weren,does,should,disappointed,okay,return,broke,do,not,$,were,but,work,t,did,half,off,poorly,waste,returned,poor,money,apart
?,cheap,weren,does,should,disappointed,okay,return,broke,do,not,$,were,but,work,t,did,half,off,poorly,waste,returned,poor,money,apart
?,cheap,weren,does,should,disappointed,okay,return,broke,do,not,$,were,but,work,t,did,half,off,poorly,waste,returned,poor,money,apart
?,cheap,weren,does,should,disappointed,okay,return,broke,do,not,$,were,but,work,t,did,half,off,poorly,waste,returned,poor,money,apart
?,cheap,does,should,disappointed,okay,return,broke,do,thought,not,$,were,but,work,t,did,half,off,poorly,waste,returned,poor,money,apart
?,cheap,does,should,disappointed,okay,return,broke,do,thought,not,$,were,but,work,t,did,half,off,poorly,waste,returned,poor,money,apart
?,cheap,does,should,disappointed,okay,return,broke,do,thought,not,$,were,but,work,t,did,half,off,poorly,waste,returned,poor,money,apart
?,cheap,does,should,disappointed,okay,return,broke,do,thought,not,$,were,but,work,t,did,half,off,poorly,waste,returned,poor,money,apart
?,cheap,does,should,disappointed,okay,return,broke,do,thought,not,$,were,but,work,t,did,half,off,poorly,waste,returned,poor,money,apart
?,cheap,does,should,disappointed,okay,return,broke,do,thought,not,$,were,but,work,t,did,half,off,poorly,waste,returned,poor,money,apart
?,cheap,does,should,disappointed,okay,return,broke,do,thought,not,$,were,but,work,t,did,half,off,poorly,waste,returned,poor,money,apart
?,cheap,does,small,should,disappointed,okay,broke,do,thought,not,$,were,but,work,t,did,half,off,poorly,waste,returned,poor,money,apart
?,cheap,does,small,should,disappointed,okay,broke,do,thought,not,$,were,but,work,t,did,half,off,poorly,waste,returned,poor,money,apart
?,cheap,does,small,should,disappointed,okay,broke,do,thought,not,$,were,but,work,t,did,half,off,poorly,waste,returned,poor,money,apart
?,cheap,does,small,should,disappointed,okay,broke,do,thought,not,$,were,but,work,t,did,half,off,poorly,waste,returned,poor,money,apart
?,cheap,does,small,should,disappointed,okay,broke,do,thought,not,$,were,but,work,t,did,half,off,poorly,waste,returned,poor,money,apart
?,cheap,does,small,should,disappointed,okay,broke,do,thought,not,$,were,but,work,t,did,half,off,poorly,waste,returned,poor,money,apart
?,cheap,does,small,should,disappointed,okay,broke,do,thought,not,$,were,but,work,t,did,half,off,poorly,waste,returned,poor,money,apart
?,cheap,does,small,should,disappointed,okay,broke,do,thought,not,$,were,but,work,t,did,half,off,poorly,waste,returned,poor,money,apart
?,cheap,does,small,should,disappointed,okay,broke,do,thought,not,$,were,but,work,t,did,half,off,poorly,waste,returned,poor,money,apart
?,cheap,does,small,should,disappointed,okay,broke,do,thought,not,$,were,but,work,t,did,half,off,poorly,waste,returned,poor,money,apart
?,cheap,does,small,should,disappointed,okay,broke,do,thought,not,$,were,but,work,t,did,half,off,poorly,waste,returned,poor,money,apart
?,cheap,does,small,should,disappointed,okay,broke,do,thought,not,$,were,but,work,t,did,half,off,poorly,waste,returned,poor,money,apart
?,cheap,does,small,should,disappointed,okay,broke,do,thought,not,$,were,but,work,t,did,half,off,poorly,waste,returned,poor,money,apart
?,cheap,does,small,should,disappointed,okay,broke,do,thought,not,$,were,but,work,t,did,half,off,poorly,waste,returned,poor,money,apart
?,cheap,does,small,should,disappointed,okay,broke,do,thought,not,$,were,but,work,t,did,half,off,poorly,waste,returned,poor,money,apart
?,cheap,does,small,should,disappointed,okay,broke,do,thought,not,$,were,but,work,t,did,half,off,poorly,waste,returned,poor,money,apart
?,cheap,does,small,should,disappointed,okay,broke,do,thought,not,$,were,but,work,t,did,half,off,poorly,waste,returned,poor,money,apart
?,cheap,does,small,should,disappointed,okay,broke,do,thought,not,$,were,but,work,t,did,half,off,poorly,waste,returned,poor,money,apart
?,cheap,does,small,should,disappointed,okay,broke,do,thought,not,$,were,but,work,t,did,half,off,poorly,waste,returned,poor,money,apart
?,cheap,does,small,should,disappointed,okay,broke,do,thought,not,$,were,but,work,t,did,half,off,poorly,waste,returned,poor,money,apart
?,cheap,does,small,should,disappointed,okay,broke,do,thought,not,$,were,but,work,t,did,half,off,poorly,waste,returned,poor,money,apart
?,cheap,does,small,should,disappointed,okay,broke,do,thought,not,$,were,but,work,t,did,half,off,poorly,waste,returned,poor,money,apart
?,cheap,does,small,should,disappointed,okay,broke,do,thought,not,$,were,but,work,t,did,half,off,poorly,waste,returned,poor,money,apart
?,cheap,does,small,should,disappointed,okay,broke,do,thought,not,$,were,but,work,t,did,half,off,poorly,waste,returned,poor,money,apart
?,cheap,does,small,should,disappointed,okay,broke,do,thought,not,$,were,but,work,t,did,half,off,poorly,waste,returned,poor,money,apart
?,cheap,does,small,should,disappointed,okay,broke,do,thought,not,$,were,but,work,t,did,half,off,poorly,waste,returned,poor,money,apart
?,cheap,does,small,should,disappointed,okay,broke,do,thought,not,$,were,but,work,t,did,half,off,poorly,waste,returned,poor,money,apart
?,cheap,does,small,should,disappointed,okay,broke,do,thought,not,$,were,but,work,t,did,half,off,poorly,waste,returned,poor,money,apart
?,cheap,does,small,should,disappointed,okay,broke,do,thought,not,$,were,but,work,t,did,half,off,poorly,waste,returned,poor,money,apart
?,cheap,does,small,should,disappointed,okay,broke,do,thought,not,$,were,but,work,t,did,half,off,poorly,waste,returned,poor,money,apart
?,cheap,does,small,should,disappointed,okay,broke,do,thought,not,$,were,but,work,t,did,half,off,poorly,waste,returned,poor,money,apart
?,cheap,does,small,should,disappointed,okay,broke,do,thought,not,$,were,but,work,t,did,half,off,poorly,waste,returned,poor,money,apart
?,cheap,does,small,should,disappointed,okay,broke,do,thought,not,$,were,but,work,t,did,half,off,poorly,waste,returned,poor,money,apart
?,cheap,does,small,should,disappointed,okay,broke,do,thought,not,$,were,but,work,t,did,half,off,poorly,waste,returned,poor,money,apart
?,cheap,does,small,should,disappointed,okay,broke,do,thought,not,$,were,but,work,t,did,half,off,poorly,waste,returned,poor,money,apart
?,cheap,does,small,should,disappointed,okay,broke,do,thought,not,$,were,but,work,t,did,half,off,poorly,waste,returned,poor,money,apart
?,cheap,does,small,should,disappointed,okay,broke,do,thought,not,$,were,but,work,t,did,half,off,poorly,waste,returned,poor,money,apart
?,cheap,does,small,should,disappointed,okay,broke,do,thought,not,$,were,but,work,t,did,half,off,poorly,waste,returned,poor,money,apart
?,cheap,does,small,should,disappointed,okay,broke,do,thought,not,$,were,but,work,t,did,half,off,poorly,waste,returned,poor,money,apart
?,cheap,does,small,should,disappointed,okay,broke,do,thought,not,$,were,but,work,t,did,half,off,poorly,waste,returned,poor,money,apart
?,cheap,does,small,should,disappointed,okay,broke,do,thought,not,$,were,but,work,t,did,half,off,poorly,waste,returned,poor,money,apart
?,cheap,does,small,should,disappointed,okay,broke,do,thought,not,$,were,but,work,t,did,half,off,poorly,waste,returned,poor,money,apart
?,cheap,does,small,should,disappointed,okay,broke,do,thought,not,$,were,but,work,t,did,half,off,poorly,waste,returned,poor,money,apart
?,cheap,does,small,should,disappointed,okay,broke,do,thought,not,$,were,but,work,t,did,half,off,poorly,waste,returned,poor,money,apart
?,cheap,does,small,should,disappointed,okay,broke,do,thought,not,$,were,but,work,t,did,half,off,poorly,waste,returned,poor,money,apart
?,cheap,does,small,should,disappointed,okay,broke,do,thought,not,$,were,but,work,t,did,half,off,poorly,waste,returned,poor,money,apart
?,cheap,does,small,should,disappointed,okay,broke,do,thought,not,$,were,but,work,t,did,half,off,poorly,waste,returned,poor,money,apart
?,cheap,does,small,should,disappointed,okay,broke,do,thought,not,$,were,but,work,t,did,half,off,poorly,waste,returned,poor,money,apart
?,cheap,does,small,should,disappointed,okay,broke,do,thought,not,$,were,but,work,t,did,half,off,poorly,waste,returned,poor,money,apart
?,cheap,does,small,should,disappointed,okay,broke,do,thought,not,$,were,but,work,t,did,half,off,poorly,waste,returned,poor,money,apart
?,cheap,does,small,should,disappointed,okay,broke,do,thought,not,$,were,but,work,t,did,half,off,poorly,waste,returned,poor,money,apart
?,cheap,does,small,should,disappointed,okay,broke,do,thought,not,$,were,but,work,t,did,half,off,poorly,waste,returned,poor,money,apart
?,cheap,does,small,should,disappointed,okay,broke,do,thought,not,$,were,but,work,t,did,half,off,poorly,waste,returned,poor,money,apart
?,cheap,does,small,should,disappointed,okay,broke,do,thought,not,$,were,but,work,t,did,half,off,poorly,waste,returned,poor,money,apart
?,cheap,does,small,should,disappointed,okay,broke,do,thought,not,$,were,but,work,t,did,half,off,poorly,waste,returned,poor,money,apart
?,cheap,does,small,should,disappointed,okay,broke,do,thought,not,$,were,but,work,t,did,half,off,poorly,waste,returned,poor,money,apart
?,cheap,does,small,should,disappointed,okay,broke,do,thought,not,$,were,but,work,t,did,half,off,poorly,waste,returned,poor,money,apart
?,cheap,does,small,should,disappointed,okay,broke,do,thought,not,$,were,but,work,t,did,half,off,poorly,waste,returned,poor,money,apart
?,cheap,does,small,should,disappointed,okay,broke,do,thought,not,$,were,but,work,t,did,half,off,poorly,waste,returned,poor,money,apart
?,cheap,does,small,should,disappointed,okay,broke,do,thought,not,$,were,but,work,t,did,half,off,poorly,waste,returned,poor,money,apart
?,cheap,does,small,should,disappointed,okay,broke,do,thought,not,$,were,but,work,t,did,half,off,poorly,waste,returned,poor,money,apart
?,cheap,does,small,should,disappointed,okay,broke,do,thought,not,$,were,but,work,t,did,half,off,poorly,waste,returned,poor,money,apart
?,cheap,does,small,should,disappointed,okay,broke,do,thought,not,$,were,but,work,t,did,half,off,poorly,waste,returned,poor,money,apart
?,cheap,does,small,should,disappointed,okay,broke,do,thought,not,$,were,but,work,t,did,half,off,poorly,waste,returned,poor,money,apart
?,cheap,does,small,should,disappointed,okay,broke,do,thought,not,$,were,but,work,t,did,half,off,poorly,waste,returned,poor,money,apart
?,cheap,does,small,should,disappointed,okay,broke,do,thought,not,$,were,but,work,t,did,half,off,poorly,waste,returned,poor,money,apart
?,cheap,does,small,should,disappointed,okay,broke,do,thought,not,$,were,but,work,t,did,half,off,poorly,waste,returned,poor,money,apart
?,cheap,does,small,should,disappointed,okay,broke,do,thought,not,$,were,but,doesn,work,t,did,off,waste,tried,returned,poor,money,apart
?,cheap,does,small,should,disappointed,okay,broke,do,thought,not,$,were,but,doesn,work,t,did,off,waste,tried,returned,poor,money,apart
?,cheap,does,small,should,disappointed,okay,broke,do,thought,not,$,were,but,doesn,work,t,did,off,waste,tried,returned,poor,money,apart
?,cheap,does,small,should,disappointed,okay,broke,do,thought,not,$,were,but,doesn,work,t,did,off,waste,tried,returned,poor,money,apart
?,cheap,does,small,should,disappointed,okay,broke,do,thought,not,$,were,but,doesn,work,t,did,off,waste,tried,returned,poor,money,apart
?,cheap,does,small,should,disappointed,okay,broke,do,thought,not,$,were,but,doesn,work,t,did,off,waste,tried,returned,poor,money,apart
?,cheap,does,small,should,disappointed,okay,broke,do,thought,not,$,were,but,doesn,work,t,did,didn,off,waste,tried,poor,money,apart
?,cheap,does,small,should,disappointed,okay,broke,do,thought,not,$,were,but,doesn,work,t,did,didn,off,waste,tried,poor,money,apart
?,cheap,does,small,should,disappointed,okay,broke,do,thought,not,$,were,but,doesn,work,t,did,didn,off,waste,tried,poor,money,apart
?,cheap,does,small,should,disappointed,okay,broke,do,thought,not,$,were,but,doesn,work,t,did,didn,off,waste,tried,poor,money,apart
?,cheap,does,small,should,disappointed,okay,broke,do,thought,not,$,were,but,doesn,work,t,did,didn,off,waste,tried,poor,money,apart
?,cheap,does,small,should,disappointed,okay,broke,do,thought,not,$,were,but,doesn,work,t,did,didn,off,waste,tried,poor,money,apart
?,cheap,does,small,should,disappointed,okay,broke,do,thought,not,$,were,but,doesn,work,t,did,didn,off,waste,tried,poor,money,apart
?,cheap,does,small,should,disappointed,okay,broke,do,thought,not,$,were,but,doesn,work,t,did,didn,off,waste,tried,poor,money,apart
?,cheap,does,small,should,disappointed,okay,broke,do,thought,not,$,were,but,doesn,work,t,did,didn,off,waste,tried,poor,money,apart
?,cheap,does,small,should,disappointed,okay,broke,do,thought,not,$,were,but,doesn,work,t,did,didn,off,waste,tried,poor,money,apart
?,cheap,does,small,should,disappointed,okay,broke,do,thought,not,$,were,but,doesn,work,t,did,didn,off,waste,tried,poor,money,apart
?,cheap,does,small,should,disappointed,okay,broke,do,thought,not,$,were,but,doesn,work,t,did,didn,off,waste,tried,poor,money,apart
?,cheap,does,small,should,disappointed,okay,broke,do,thought,not,$,were,but,doesn,work,t,did,didn,off,waste,tried,poor,money,apart
?,cheap,does,small,should,disappointed,okay,broke,do,thought,not,$,were,but,doesn,work,t,did,didn,off,waste,tried,poor,money,apart
?,cheap,does,small,should,disappointed,okay,broke,do,thought,not,$,were,but,doesn,work,t,did,didn,off,waste,tried,poor,money,apart
?,cheap,does,small,should,disappointed,okay,broke,do,thought,not,$,were,but,doesn,work,t,did,didn,off,waste,tried,poor,money,apart
?,cheap,does,small,disappointed,okay,broke,junk,do,thought,not,$,were,but,doesn,work,t,did,didn,off,waste,tried,poor,money,apart
?,cheap,does,small,disappointed,okay,broke,junk,do,thought,not,$,were,but,doesn,work,t,did,didn,off,waste,tried,poor,money,apart
?,cheap,does,small,disappointed,okay,broke,junk,do,thought,not,$,were,but,doesn,work,t,did,didn,off,waste,tried,poor,money,apart
?,cheap,does,small,disappointed,okay,broke,junk,do,thought,not,$,were,but,doesn,work,t,did,didn,off,waste,tried,poor,money,apart
?,cheap,does,small,disappointed,okay,broke,junk,do,thought,not,$,were,but,doesn,work,t,did,didn,off,waste,tried,poor,money,apart
?,cheap,does,small,disappointed,okay,broke,junk,do,thought,not,$,were,but,doesn,work,t,did,didn,off,waste,tried,poor,money,apart
?,cheap,does,small,disappointed,okay,broke,junk,do,thought,not,$,were,but,doesn,work,t,did,didn,off,waste,tried,poor,money,apart
?,cheap,does,small,disappointed,okay,broke,junk,do,thought,not,$,were,but,doesn,work,t,did,didn,off,waste,tried,poor,money,apart
?,cheap,does,small,disappointed,okay,broke,junk,do,thought,not,$,were,but,doesn,work,t,did,didn,off,waste,tried,poor,money,apart
?,cheap,does,small,disappointed,okay,broke,junk,do,thought,not,$,were,but,doesn,work,t,did,didn,off,waste,tried,poor,money,apart
?,cheap,does,small,disappointed,okay,broke,junk,do,thought,not,$,were,but,doesn,work,t,did,didn,off,waste,tried,poor,money,apart
?,cheap,does,small,disappointed,okay,broke,junk,do,thought,not,$,were,but,doesn,work,t,did,didn,off,waste,tried,poor,money,apart
?,cheap,does,small,disappointed,okay,broke,junk,do,thought,not,$,were,but,doesn,work,t,did,didn,off,waste,tried,poor,money,apart
?,cheap,does,small,disappointed,okay,broke,junk,do,thought,not,$,were,but,doesn,work,t,did,didn,off,waste,tried,poor,money,apart
?,cheap,does,small,disappointed,okay,broke,junk,do,thought,not,$,were,but,doesn,work,t,did,didn,off,waste,tried,poor,money,apart
?,cheap,does,small,disappointed,okay,broke,junk,do,thought,not,$,were,but,doesn,work,t,did,didn,off,waste,tried,poor,money,apart
?,cheap,does,small,should,disappointed,okay,broke,junk,do,thought,not,were,but,doesn,work,t,did,didn,off,waste,tried,poor,money,apart
?,cheap,does,small,should,disappointed,okay,broke,junk,do,thought,not,were,but,doesn,work,t,did,didn,off,waste,tried,poor,money,apart
?,cheap,does,small,should,disappointed,okay,broke,junk,do,thought,not,were,but,doesn,work,t,did,didn,off,waste,tried,poor,money,apart
?,cheap,does,small,should,disappointed,okay,broke,junk,do,thought,not,were,but,doesn,work,t,did,didn,off,waste,tried,poor,money,apart
?,cheap,does,small,should,disappointed,okay,broke,junk,do,thought,not,were,but,doesn,work,t,did,didn,off,waste,tried,poor,money,apart
?,cheap,does,small,should,disappointed,okay,broke,junk,do,thought,not,were,but,doesn,work,t,did,didn,off,waste,tried,poor,money,apart
?,cheap,does,small,should,disappointed,okay,broke,junk,do,thought,not,were,but,doesn,work,t,did,didn,off,waste,tried,poor,money,apart
?,cheap,does,small,should,disappointed,okay,broke,junk,do,thought,not,were,but,doesn,work,t,did,didn,off,waste,tried,poor,money,apart
?,cheap,does,small,should,disappointed,okay,broke,junk,do,thought,not,were,but,doesn,work,t,did,didn,off,waste,tried,poor,money,apart
?,cheap,does,small,should,disappointed,okay,broke,junk,do,thought,not,were,but,doesn,work,t,did,didn,off,waste,tried,poor,money,apart
?,cheap,does,small,should,disappointed,okay,broke,junk,do,thought,not,were,but,doesn,work,t,did,didn,off,waste,tried,poor,money,apart
?,cheap,does,small,should,disappointed,okay,broke,junk,do,thought,not,were,but,doesn,work,t,did,didn,off,waste,tried,poor,money,apart
?,cheap,does,small,should,disappointed,okay,broke,junk,do,thought,not,were,but,doesn,work,t,did,didn,off,waste,tried,poor,money,apart
?,cheap,does,small,should,disappointed,okay,broke,junk,do,thought,not,were,but,doesn,work,t,did,didn,off,waste,tried,poor,money,apart
?,cheap,does,small,should,disappointed,okay,broke,junk,do,thought,not,were,but,doesn,work,t,did,didn,off,waste,tried,poor,money,apart
?,cheap,does,small,should,disappointed,okay,broke,junk,do,thought,not,were,but,doesn,work,t,did,didn,off,waste,tried,poor,money,apart
?,cheap,does,small,should,disappointed,okay,broke,junk,do,thought,not,were,but,doesn,work,t,did,didn,off,waste,tried,poor,money,apart
?,cheap,does,small,should,disappointed,okay,broke,junk,do,thought,not,were,but,doesn,work,t,did,didn,off,waste,tried,poor,money,apart
?,cheap,does,small,should,disappointed,okay,broke,junk,do,thought,not,were,but,doesn,work,t,did,didn,off,waste,tried,poor,money,apart
?,cheap,does,small,should,disappointed,okay,broke,junk,do,thought,not,were,but,doesn,work,t,did,didn,off,waste,tried,poor,money,apart
?,cheap,does,small,should,disappointed,okay,broke,junk,do,thought,not,were,but,doesn,work,t,did,didn,off,waste,tried,poor,money,apart
?,cheap,does,small,should,disappointed,okay,broke,junk,do,thought,not,were,but,doesn,work,t,did,didn,off,waste,tried,poor,money,apart
?,cheap,does,small,should,disappointed,okay,broke,junk,do,thought,not,were,but,doesn,work,t,did,didn,off,waste,tried,poor,money,apart
?,cheap,does,small,should,disappointed,okay,broke,junk,do,thought,not,were,but,doesn,work,t,did,didn,off,waste,tried,poor,money,apart
?,cheap,does,small,should,disappointed,okay,broke,junk,do,thought,not,were,but,doesn,work,t,did,didn,off,waste,tried,poor,money,apart
?,cheap,does,small,should,disappointed,okay,broke,junk,do,thought,not,were,but,doesn,work,t,did,didn,off,waste,tried,poor,money,apart
?,cheap,does,small,should,disappointed,okay,broke,junk,do,thought,not,were,but,doesn,work,t,did,didn,off,waste,tried,poor,money,apart
?,cheap,does,small,should,disappointed,okay,broke,junk,do,thought,not,were,but,doesn,work,t,did,didn,off,waste,tried,poor,money,apart
?,cheap,does,small,should,disappointed,okay,broke,junk,do,thought,not,were,but,doesn,work,t,did,didn,off,waste,tried,poor,money,apart
?,cheap,does,small,should,disappointed,okay,broke,junk,do,thought,not,were,but,doesn,work,t,did,didn,off,waste,tried,poor,money,apart
?,cheap,does,small,should,disappointed,okay,broke,junk,do,thought,not,were,but,doesn,work,t,did,didn,off,waste,tried,poor,money,apart
?,cheap,does,small,should,disappointed,okay,broke,junk,do,thought,not,were,but,doesn,work,t,did,didn,off,waste,tried,poor,money,apart
?,cheap,does,small,should,disappointed,okay,broke,junk,do,thought,not,were,but,doesn,work,t,did,didn,off,waste,tried,poor,money,apart
?,cheap,does,small,should,disappointed,okay,broke,junk,do,thought,not,were,but,doesn,work,t,did,didn,off,waste,tried,poor,money,apart
?,cheap,does,small,should,disappointed,okay,broke,junk,do,thought,not,were,but,doesn,work,t,did,didn,off,waste,tried,poor,money,apart
?,cheap,does,small,should,disappointed,okay,broke,junk,do,thought,not,were,but,doesn,work,t,did,didn,off,waste,tried,poor,money,apart
?,cheap,does,small,should,disappointed,okay,broke,junk,do,thought,not,were,but,doesn,work,t,did,didn,off,waste,tried,poor,money,apart
?,cheap,does,small,should,disappointed,okay,broke,junk,do,thought,not,were,but,doesn,work,t,did,didn,off,waste,tried,poor,money,apart
?,cheap,does,small,should,disappointed,okay,broke,junk,do,thought,not,were,but,doesn,work,t,did,didn,off,waste,tried,poor,money,apart
?,cheap,does,small,should,disappointed,okay,broke,junk,do,thought,not,were,but,doesn,work,t,did,didn,off,waste,tried,poor,money,apart
?,cheap,does,small,should,disappointed,okay,broke,junk,do,thought,not,were,but,doesn,work,t,did,didn,off,waste,tried,poor,money,apart
?,cheap,does,small,should,disappointed,okay,broke,junk,do,thought,not,were,but,doesn,work,t,did,didn,off,waste,tried,poor,money,apart
?,cheap,does,small,should,disappointed,okay,broke,junk,do,thought,not,were,but,doesn,work,t,did,pool,didn,off,waste,tried,poor,apart
?,cheap,does,small,should,disappointed,okay,broke,junk,do,thought,not,were,but,doesn,work,t,did,pool,didn,off,waste,tried,poor,apart
?,cheap,does,small,should,disappointed,okay,broke,junk,do,thought,not,were,but,doesn,work,t,did,pool,didn,off,waste,tried,poor,apart
?,cheap,does,small,should,disappointed,okay,broke,junk,do,thought,not,were,but,doesn,work,t,did,pool,didn,off,waste,tried,poor,apart
?,cheap,does,small,should,disappointed,okay,broke,junk,do,thought,not,were,but,doesn,work,t,did,pool,didn,off,waste,tried,poor,apart
?,cheap,does,small,should,disappointed,okay,broke,junk,do,thought,not,were,but,doesn,work,t,did,pool,didn,off,waste,tried,poor,apart
?,cheap,does,small,should,disappointed,okay,broke,junk,do,thought,not,were,but,doesn,work,t,did,pool,didn,off,waste,tried,poor,apart
?,cheap,does,small,should,disappointed,okay,broke,junk,do,thought,not,were,but,doesn,work,t,did,pool,didn,off,waste,tried,poor,apart
?,cheap,does,small,should,disappointed,okay,broke,junk,do,thought,not,were,but,doesn,work,t,did,pool,didn,off,waste,tried,poor,apart
?,cheap,does,small,should,disappointed,okay,broke,junk,do,thought,not,were,but,doesn,work,t,did,pool,didn,off,waste,tried,poor,apart
?,cheap,does,small,should,disappointed,okay,broke,junk,do,thought,not,were,but,doesn,work,t,did,pool,didn,off,waste,tried,poor,apart
?,cheap,does,small,should,disappointed,okay,broke,junk,do,thought,not,were,but,doesn,work,t,did,pool,didn,off,waste,tried,poor,apart
?,cheap,does,small,should,disappointed,okay,broke,junk,do,thought,not,were,but,doesn,work,t,did,pool,didn,off,waste,tried,poor,apart
?,cheap,does,small,should,disappointed,okay,broke,junk,return,thought,not,were,but,doesn,work,t,did,pool,didn,off,waste,tried,poor,apart
?,cheap,does,small,should,disappointed,okay,broke,junk,return,thought,not,were,but,doesn,work,t,did,pool,didn,off,waste,tried,poor,apart
?,cheap,does,small,should,disappointed,okay,broke,junk,return,thought,not,were,but,doesn,work,t,did,pool,didn,off,waste,tried,poor,apart
?,cheap,does,small,should,disappointed,okay,broke,junk,return,float,not,were,but,doesn,work,t,did,pool,didn,off,waste,returned,poor,apart
?,cheap,does,small,should,disappointed,okay,broke,junk,return,float,not,were,but,doesn,work,t,did,pool,didn,off,waste,returned,poor,apart
?,cheap,does,small,should,disappointed,okay,broke,junk,return,float,not,were,but,doesn,work,t,did,pool,didn,off,waste,returned,poor,apart
?,cheap,does,small,should,disappointed,okay,broke,junk,return,float,not,were,but,doesn,work,t,did,pool,didn,off,waste,returned,poor,apart
?,cheap,does,small,should,disappointed,okay,broke,junk,return,float,not,were,but,doesn,work,t,did,pool,didn,off,waste,returned,poor,apart
?,cheap,does,small,should,disappointed,okay,broke,junk,return,float,not,were,but,doesn,work,t,did,pool,didn,off,waste,returned,poor,apart
?,cheap,does,small,should,disappointed,okay,broke,junk,return,float,not,were,but,doesn,work,t,did,pool,didn,off,waste,returned,poor,apart
?,cheap,does,small,should,disappointed,okay,broke,junk,return,float,not,were,but,doesn,work,t,did,pool,didn,off,waste,returned,poor,apart
?,cheap,does,small,should,disappointed,okay,broke,junk,return,float,not,were,but,doesn,work,t,did,pool,didn,off,waste,returned,poor,apart
?,cheap,does,small,should,disappointed,okay,broke,junk,return,float,not,were,but,doesn,work,t,did,pool,didn,off,waste,returned,poor,apart
?,cheap,does,small,should,disappointed,okay,broke,junk,return,float,not,were,but,doesn,work,t,did,pool,didn,off,waste,returned,poor,apart
?,cheap,does,small,should,disappointed,okay,broke,junk,return,float,not,were,but,doesn,work,t,did,didn,off,poorly,waste,returned,poor,apart
?,cheap,does,small,should,disappointed,okay,broke,junk,return,float,not,were,but,doesn,work,t,did,didn,off,poorly,waste,returned,poor,apart
?,cheap,does,small,should,disappointed,okay,broke,junk,return,float,not,were,but,doesn,work,t,did,didn,off,poorly,waste,returned,poor,apart
?,cheap,does,small,should,disappointed,okay,broke,junk,return,float,not,were,but,doesn,work,t,did,didn,off,poorly,waste,returned,poor,apart
?,cheap,does,small,should,disappointed,okay,broke,junk,return,float,not,were,but,doesn,work,t,did,didn,off,poorly,waste,returned,poor,apart
?,cheap,does,small,should,disappointed,okay,broke,junk,return,float,not,were,but,doesn,work,t,did,didn,off,poorly,waste,returned,poor,apart
?,cheap,does,small,should,disappointed,okay,broke,junk,return,float,not,were,but,doesn,work,t,did,didn,off,poorly,waste,returned,poor,apart
?,cheap,does,small,should,disappointed,okay,broke,junk,return,float,not,were,but,doesn,work,t,did,didn,off,poorly,waste,returned,poor,apart
?,cheap,does,small,should,disappointed,okay,broke,junk,return,float,not,were,but,doesn,work,t,did,didn,off,poorly,waste,returned,poor,apart
?,cheap,does,small,should,disappointed,okay,broke,junk,return,float,not,were,but,doesn,work,t,did,didn,off,poorly,waste,returned,poor,apart
?,cheap,does,small,should,disappointed,okay,broke,junk,return,float,not,were,but,doesn,work,t,did,didn,off,poorly,waste,returned,poor,apart
?,cheap,does,small,should,disappointed,okay,broke,junk,return,float,not,were,but,doesn,work,t,did,didn,off,poorly,waste,returned,poor,apart
?,cheap,does,small,should,disappointed,okay,broke,junk,return,float,not,were,but,doesn,work,t,did,didn,off,poorly,waste,returned,poor,apart
?,cheap,does,small,should,disappointed,okay,broke,junk,return,float,not,were,but,doesn,work,t,did,didn,off,poorly,waste,returned,poor,apart
?,cheap,does,small,should,disappointed,okay,broke,junk,return,float,not,were,but,doesn,work,t,did,didn,off,poorly,waste,returned,poor,apart
?,cheap,does,small,should,disappointed,okay,broke,junk,return,float,not,were,but,doesn,work,t,did,didn,off,poorly,waste,returned,poor,apart
?,cheap,does,small,should,disappointed,okay,broke,junk,return,float,not,were,but,doesn,work,t,did,didn,off,poorly,waste,returned,poor,apart
?,cheap,does,small,should,disappointed,okay,broke,junk,return,float,not,were,but,doesn,work,t,did,didn,off,poorly,waste,returned,poor,apart
?,cheap,does,small,should,disappointed,okay,broke,junk,return,float,not,were,but,doesn,work,t,did,didn,off,poorly,waste,returned,poor,apart
?,cheap,does,small,should,disappointed,okay,broke,junk,return,float,not,were,but,doesn,work,t,did,didn,off,poorly,waste,returned,poor,apart
?,cheap,does,small,should,disappointed,okay,broke,junk,return,float,not,were,but,doesn,work,t,did,didn,off,poorly,waste,returned,poor,apart
?,cheap,does,small,should,disappointed,okay,broke,junk,return,float,not,were,but,doesn,work,t,did,didn,off,poorly,waste,returned,poor,apart
?,cheap,does,small,should,disappointed,okay,broke,junk,return,float,not,were,but,doesn,work,t,did,didn,off,poorly,waste,returned,poor,apart
?,cheap,does,small,should,disappointed,okay,broke,junk,return,float,not,were,but,doesn,work,t,did,didn,off,poorly,waste,returned,poor,apart
?,cheap,does,small,should,disappointed,okay,broke,junk,return,float,not,were,but,doesn,work,t,did,didn,off,poorly,waste,returned,poor,apart
?,cheap,does,small,should,disappointed,okay,broke,junk,return,float,not,were,but,doesn,work,t,did,didn,off,poorly,waste,returned,poor,apart
?,cheap,does,small,should,disappointed,okay,broke,junk,return,float,not,were,but,doesn,work,t,did,didn,off,poorly,waste,returned,poor,apart
?,cheap,does,small,should,disappointed,okay,broke,junk,return,float,not,were,but,doesn,work,t,did,didn,off,poorly,waste,returned,poor,apart
?,cheap,does,small,should,disappointed,okay,broke,junk,return,float,not,were,but,doesn,work,t,did,didn,off,poorly,waste,returned,poor,apart
?,cheap,does,small,should,disappointed,okay,broke,junk,return,float,not,were,but,doesn,work,t,did,didn,off,poorly,waste,returned,poor,apart
?,cheap,does,small,should,disappointed,okay,broke,junk,return,float,not,were,but,doesn,work,t,did,didn,off,poorly,waste,returned,poor,apart
?,cheap,does,small,should,disappointed,okay,broke,junk,return,float,not,were,but,doesn,work,t,did,didn,off,poorly,waste,returned,poor,apart
?,cheap,does,small,should,disappointed,okay,broke,junk,return,float,thought,not,were,but,doesn,work,t,did,didn,off,waste,returned,poor,apart
?,cheap,does,small,should,disappointed,okay,broke,junk,return,float,thought,not,were,but,doesn,work,t,did,didn,off,waste,returned,poor,apart
?,cheap,does,small,should,disappointed,okay,broke,junk,return,float,thought,not,were,but,doesn,work,t,did,didn,off,waste,returned,poor,apart
?,cheap,does,small,should,disappointed,okay,broke,junk,return,float,thought,not,were,but,doesn,work,t,did,didn,off,waste,returned,poor,apart
?,cheap,does,small,should,disappointed,okay,broke,junk,return,float,thought,not,were,but,doesn,work,t,did,didn,off,waste,returned,poor,apart
?,cheap,does,small,should,disappointed,okay,broke,junk,return,float,thought,not,were,but,doesn,work,t,did,didn,off,waste,returned,poor,apart
?,cheap,does,small,should,disappointed,okay,broke,junk,return,float,thought,not,were,but,doesn,work,t,did,didn,off,waste,returned,poor,apart
?,cheap,does,small,should,disappointed,okay,broke,junk,return,float,thought,not,were,but,doesn,work,t,did,didn,off,waste,returned,poor,apart
?,cheap,does,small,should,disappointed,okay,broke,junk,return,float,thought,not,were,but,doesn,work,t,did,didn,off,waste,returned,poor,apart
?,cheap,does,small,should,disappointed,okay,broke,junk,return,float,thought,not,were,but,doesn,work,t,did,didn,off,waste,returned,poor,apart
?,cheap,does,small,should,disappointed,okay,broke,junk,return,float,thought,not,were,but,doesn,work,t,did,didn,off,waste,returned,poor,apart
?,cheap,does,small,should,disappointed,okay,broke,junk,return,float,thought,not,were,but,doesn,work,t,did,didn,off,waste,returned,poor,apart
?,cheap,does,small,should,disappointed,okay,broke,junk,return,float,thought,not,were,but,doesn,work,t,did,didn,off,waste,returned,poor,apart
?,cheap,does,small,should,disappointed,okay,broke,junk,return,float,thought,not,were,but,doesn,work,t,did,didn,off,waste,returned,poor,apart
?,cheap,does,small,should,disappointed,okay,broke,junk,return,float,thought,not,were,but,doesn,work,t,did,didn,off,waste,returned,poor,apart
?,cheap,does,small,should,disappointed,okay,broke,junk,return,float,thought,not,were,but,doesn,work,t,did,didn,off,waste,returned,poor,apart
?,cheap,does,small,should,disappointed,okay,broke,junk,return,float,thought,not,were,but,doesn,work,t,did,didn,off,waste,returned,poor,apart
?,cheap,does,small,should,disappointed,okay,broke,junk,return,float,thought,not,were,but,doesn,work,t,did,didn,off,waste,returned,poor,apart
?,cheap,does,small,should,disappointed,okay,broke,junk,return,float,thought,not,were,but,doesn,work,t,did,didn,off,waste,returned,poor,apart
?,cheap,does,small,should,disappointed,okay,broke,junk,return,float,thought,not,were,but,doesn,work,t,did,didn,off,waste,returned,poor,apart
?,cheap,does,small,should,disappointed,okay,broke,junk,return,float,thought,not,were,but,doesn,work,t,did,didn,off,waste,returned,poor,apart
?,cheap,does,small,should,disappointed,okay,broke,junk,return,float,thought,not,were,but,doesn,work,t,did,didn,off,waste,returned,poor,apart
?,cheap,does,small,should,disappointed,okay,broke,junk,return,float,thought,not,were,but,doesn,work,t,did,didn,off,waste,returned,poor,apart
?,cheap,does,small,should,disappointed,okay,broke,junk,return,float,thought,not,were,but,doesn,work,t,did,didn,off,waste,returned,poor,apart
?,cheap,does,small,should,disappointed,okay,broke,junk,return,float,thought,not,were,but,doesn,work,t,did,didn,off,waste,returned,poor,apart
?,cheap,does,small,should,disappointed,okay,broke,junk,return,float,thought,not,were,but,doesn,work,t,did,didn,off,waste,returned,poor,apart
?,cheap,does,small,should,disappointed,okay,broke,junk,return,float,thought,not,were,but,doesn,work,t,did,didn,off,waste,returned,poor,apart
?,cheap,does,small,should,disappointed,okay,broke,junk,return,float,thought,not,were,but,doesn,work,t,did,didn,off,waste,returned,poor,apart
?,cheap,does,small,should,disappointed,okay,broke,junk,return,float,thought,not,were,but,doesn,work,t,did,didn,off,waste,returned,poor,apart
?,cheap,does,small,should,disappointed,okay,broke,junk,return,float,thought,not,were,but,doesn,work,t,did,didn,off,waste,returned,poor,apart
?,cheap,does,small,should,disappointed,okay,broke,junk,return,float,thought,not,were,but,doesn,work,t,did,didn,off,waste,returned,poor,apart
?,cheap,does,small,should,disappointed,okay,broke,junk,return,thought,not,were,but,doesn,work,t,did,half,didn,off,waste,returned,poor,apart
?,cheap,does,small,should,disappointed,okay,broke,junk,return,thought,not,were,but,doesn,work,t,did,half,didn,off,waste,returned,poor,apart
?,cheap,does,small,should,disappointed,okay,broke,junk,return,thought,not,were,but,doesn,work,t,did,half,didn,off,waste,returned,poor,apart
?,cheap,does,small,should,disappointed,okay,broke,junk,return,thought,not,were,but,doesn,work,t,did,half,didn,off,waste,returned,poor,apart
?,cheap,does,small,should,disappointed,okay,broke,junk,return,thought,not,were,but,doesn,work,t,did,half,didn,off,waste,returned,poor,apart
?,cheap,does,small,should,disappointed,okay,broke,junk,return,thought,not,were,but,doesn,work,t,did,half,didn,off,waste,returned,poor,apart
?,cheap,does,small,should,disappointed,okay,broke,junk,return,thought,not,were,but,doesn,work,t,did,half,didn,off,waste,returned,poor,apart
?,cheap,does,small,should,disappointed,okay,broke,junk,return,thought,not,were,but,doesn,work,t,did,half,didn,off,waste,returned,poor,apart
?,cheap,does,small,should,disappointed,okay,broke,junk,return,thought,not,were,but,doesn,work,t,did,half,didn,off,waste,returned,poor,apart
?,cheap,does,small,should,disappointed,okay,broke,junk,return,thought,not,were,but,doesn,work,t,did,half,didn,off,waste,returned,poor,apart
?,cheap,does,small,should,disappointed,okay,broke,junk,return,thought,not,were,but,doesn,work,t,did,half,didn,off,waste,returned,poor,apart
?,cheap,does,small,should,disappointed,okay,broke,junk,return,thought,not,were,but,doesn,work,t,did,half,didn,off,waste,returned,poor,apart
?,cheap,does,small,should,disappointed,okay,broke,junk,return,thought,not,were,but,doesn,work,t,did,half,didn,off,waste,returned,poor,apart
?,cheap,does,small,should,disappointed,okay,broke,junk,return,thought,not,were,but,doesn,work,t,did,half,didn,off,waste,returned,poor,apart
?,cheap,does,small,should,disappointed,okay,broke,junk,return,thought,not,were,but,doesn,work,t,did,half,didn,off,waste,returned,poor,apart
?,cheap,does,small,should,disappointed,okay,broke,junk,return,thought,not,were,but,doesn,work,t,did,half,didn,off,waste,returned,poor,apart
?,cheap,small,should,disappointed,okay,broke,junk,return,thought,not,were,but,doesn,work,t,did,half,didn,off,waste,returned,poor,money,apart
?,cheap,small,should,disappointed,okay,broke,junk,return,thought,not,were,but,doesn,work,t,did,half,didn,off,waste,returned,poor,money,apart
?,cheap,small,should,disappointed,okay,broke,junk,return,thought,not,were,but,doesn,work,t,did,half,didn,off,waste,returned,poor,money,apart
?,cheap,small,should,disappointed,okay,broke,junk,return,thought,not,were,but,doesn,work,t,did,half,didn,off,waste,returned,poor,money,apart
?,cheap,small,should,disappointed,okay,broke,junk,return,thought,not,were,but,doesn,work,t,did,half,didn,off,waste,returned,poor,money,apart
?,cheap,small,should,disappointed,okay,broke,junk,return,thought,not,were,but,doesn,work,t,did,half,didn,off,waste,returned,poor,money,apart
?,cheap,small,should,disappointed,okay,broke,junk,return,thought,not,were,but,doesn,work,t,did,half,didn,off,waste,returned,poor,money,apart
?,cheap,small,should,disappointed,okay,broke,junk,return,thought,not,were,but,doesn,work,t,did,half,didn,off,waste,returned,poor,money,apart
?,cheap,small,should,disappointed,okay,broke,junk,return,thought,not,were,but,doesn,work,t,did,half,didn,off,waste,returned,poor,money,apart
?,cheap,small,should,disappointed,okay,broke,junk,return,thought,not,were,but,doesn,work,t,did,half,didn,off,waste,returned,poor,money,apart
?,cheap,small,should,disappointed,okay,broke,junk,return,thought,not,were,but,doesn,work,t,did,half,didn,off,waste,returned,poor,money,apart
?,cheap,small,should,disappointed,okay,broke,junk,return,thought,not,were,but,doesn,work,t,did,half,didn,off,waste,returned,poor,money,apart
?,cheap,small,should,disappointed,okay,broke,junk,return,thought,not,were,but,doesn,work,t,did,half,didn,off,waste,returned,poor,money,apart
?,cheap,small,should,disappointed,okay,broke,junk,return,thought,not,were,but,doesn,work,t,did,half,didn,off,waste,returned,poor,money,apart
?,cheap,small,should,disappointed,okay,broke,junk,return,thought,not,were,but,doesn,work,t,did,half,didn,off,waste,returned,poor,money,apart
?,cheap,small,should,disappointed,okay,broke,junk,return,thought,not,were,but,doesn,work,t,did,half,didn,off,waste,returned,poor,money,apart
?,cheap,small,should,disappointed,okay,broke,junk,return,thought,not,were,but,doesn,work,t,did,half,didn,off,waste,returned,poor,money,apart
?,cheap,small,should,disappointed,okay,broke,junk,return,thought,not,were,but,doesn,work,t,did,half,didn,off,waste,returned,poor,money,apart
?,cheap,small,should,disappointed,okay,broke,junk,return,thought,not,were,but,doesn,work,t,did,half,didn,off,waste,returned,poor,money,apart
?,cheap,small,should,disappointed,okay,broke,junk,return,thought,not,were,but,doesn,work,t,did,half,didn,off,waste,returned,poor,money,apart
?,cheap,small,should,disappointed,okay,broke,junk,return,thought,not,were,but,doesn,work,t,did,half,didn,off,waste,returned,poor,money,apart
?,cheap,small,should,disappointed,okay,broke,junk,return,thought,not,were,but,doesn,work,t,did,half,didn,off,waste,returned,poor,money,apart
?,cheap,small,should,disappointed,okay,broke,junk,return,thought,not,were,but,doesn,work,t,did,half,didn,off,waste,returned,poor,money,apart
?,cheap,small,should,disappointed,okay,broke,junk,return,thought,not,were,but,doesn,work,t,did,half,didn,off,waste,returned,poor,money,apart
?,cheap,small,should,disappointed,okay,broke,junk,return,thought,not,were,but,doesn,work,t,did,half,didn,off,waste,returned,poor,money,apart
?,cheap,small,should,disappointed,okay,broke,junk,return,thought,not,were,but,doesn,work,t,did,half,didn,off,waste,returned,poor,money,apart
?,cheap,small,should,disappointed,okay,broke,junk,return,thought,not,were,but,doesn,work,t,did,half,didn,off,waste,returned,poor,money,apart
?,cheap,small,should,disappointed,okay,broke,junk,return,thought,not,were,but,doesn,work,t,did,half,didn,off,waste,returned,poor,money,apart
?,cheap,small,should,disappointed,okay,broke,junk,return,thought,not,were,but,doesn,work,t,did,half,didn,off,waste,returned,poor,money,apart
?,cheap,small,should,disappointed,okay,broke,junk,return,thought,not,were,but,doesn,work,t,did,half,didn,off,waste,returned,poor,money,apart
?,cheap,small,should,disappointed,okay,broke,junk,return,thought,not,were,but,doesn,work,t,did,half,didn,off,waste,returned,poor,money,apart
?,cheap,small,should,disappointed,okay,broke,junk,return,thought,not,were,but,doesn,work,t,did,half,didn,off,waste,returned,poor,money,apart
?,cheap,small,should,disappointed,okay,broke,junk,return,thought,not,were,but,doesn,work,t,did,half,didn,off,waste,returned,poor,money,apart
?,cheap,small,should,disappointed,okay,broke,junk,return,thought,not,were,but,doesn,work,t,did,half,didn,off,waste,returned,poor,money,apart
?,cheap,small,should,disappointed,okay,broke,junk,return,thought,not,were,but,doesn,work,t,did,half,didn,off,waste,returned,poor,money,apart
?,cheap,small,should,disappointed,okay,broke,junk,return,thought,not,were,but,doesn,work,t,did,half,didn,off,waste,returned,poor,money,apart
?,cheap,small,should,disappointed,okay,broke,junk,return,thought,not,were,but,doesn,work,t,did,half,didn,off,waste,returned,poor,money,apart
?,cheap,small,should,disappointed,okay,broke,junk,return,thought,not,were,but,doesn,work,t,did,half,didn,off,waste,returned,poor,money,apart
?,cheap,small,should,disappointed,okay,broke,junk,return,thought,not,were,but,doesn,work,t,did,half,didn,off,waste,returned,poor,money,apart
?,cheap,small,should,disappointed,okay,broke,junk,return,thought,not,were,but,doesn,work,t,did,half,didn,off,waste,returned,poor,money,apart
?,cheap,small,should,disappointed,okay,broke,junk,return,thought,not,were,but,doesn,work,t,did,half,didn,off,waste,returned,poor,money,apart
?,cheap,small,should,disappointed,okay,broke,junk,return,thought,not,were,but,doesn,work,t,did,half,didn,off,waste,returned,poor,money,apart
?,cheap,small,should,disappointed,okay,broke,junk,return,thought,not,were,but,doesn,work,t,did,half,didn,off,waste,returned,poor,money,apart
?,cheap,small,should,disappointed,okay,broke,junk,return,thought,not,were,but,doesn,work,t,did,half,didn,off,waste,returned,poor,money,apart
?,cheap,small,should,disappointed,okay,broke,junk,return,thought,not,were,but,doesn,work,t,did,half,didn,off,waste,returned,poor,money,apart
?,cheap,small,should,disappointed,okay,broke,junk,return,thought,not,were,but,doesn,work,t,did,half,didn,off,waste,returned,poor,money,apart
?,cheap,small,should,disappointed,okay,broke,junk,return,thought,not,were,but,doesn,work,t,did,half,didn,off,waste,returned,poor,money,apart
?,cheap,small,should,disappointed,okay,broke,junk,return,thought,not,were,but,doesn,work,t,did,half,didn,off,waste,returned,poor,money,apart
?,cheap,small,should,disappointed,okay,broke,junk,return,thought,not,were,but,doesn,work,t,did,half,didn,off,waste,returned,poor,money,apart
?,cheap,small,should,disappointed,okay,broke,junk,return,thought,not,were,but,doesn,work,t,did,half,didn,off,waste,returned,poor,money,apart
?,cheap,small,should,disappointed,okay,broke,junk,return,thought,not,were,but,doesn,work,t,did,half,didn,off,waste,returned,poor,money,apart
?,cheap,small,should,disappointed,okay,broke,junk,return,thought,not,were,but,doesn,work,t,did,half,didn,off,waste,returned,poor,money,apart
?,cheap,small,should,disappointed,okay,broke,junk,return,thought,not,were,but,doesn,work,t,did,half,didn,off,waste,returned,poor,money,apart
?,cheap,small,should,disappointed,okay,broke,junk,return,thought,not,were,but,doesn,work,t,did,half,didn,off,waste,returned,poor,money,apart
?,cheap,small,should,disappointed,okay,broke,junk,return,thought,not,were,but,doesn,work,t,did,half,didn,off,waste,returned,poor,money,apart
?,cheap,small,should,disappointed,okay,broke,junk,return,thought,not,were,but,doesn,work,t,did,half,didn,off,waste,returned,poor,money,apart
?,cheap,small,should,disappointed,okay,broke,junk,return,thought,not,were,but,doesn,work,t,did,half,didn,off,waste,returned,poor,money,apart
?,cheap,small,should,disappointed,okay,broke,junk,return,thought,not,were,but,doesn,work,t,did,half,didn,off,waste,returned,poor,money,apart
?,cheap,small,should,disappointed,okay,broke,junk,return,thought,not,were,but,doesn,work,t,did,half,didn,off,waste,returned,poor,money,apart
?,cheap,small,should,disappointed,okay,broke,junk,return,thought,not,were,but,doesn,work,t,did,half,didn,off,waste,returned,poor,money,apart
?,cheap,small,should,disappointed,okay,broke,junk,return,thought,not,were,but,doesn,work,t,did,half,didn,off,waste,returned,poor,money,apart
?,cheap,small,should,disappointed,okay,broke,junk,return,thought,not,were,but,doesn,work,t,did,half,didn,off,waste,returned,poor,money,apart
?,cheap,small,should,disappointed,okay,broke,junk,return,thought,not,were,but,doesn,work,t,did,half,didn,off,waste,returned,poor,money,apart
?,cheap,small,should,disappointed,okay,broke,junk,return,thought,not,were,but,doesn,work,t,did,half,didn,off,waste,returned,poor,money,apart
?,cheap,small,should,disappointed,okay,broke,junk,return,thought,not,were,but,doesn,work,t,did,half,didn,off,waste,returned,poor,money,apart
?,cheap,small,should,disappointed,okay,broke,junk,return,thought,not,were,but,doesn,work,t,did,half,didn,off,waste,returned,poor,money,apart
?,cheap,small,should,disappointed,okay,broke,junk,return,thought,not,were,but,doesn,work,t,did,half,didn,off,waste,returned,poor,money,apart
?,cheap,small,should,disappointed,okay,broke,junk,return,thought,not,were,but,doesn,work,t,did,half,didn,off,waste,returned,poor,money,apart
?,cheap,small,should,disappointed,okay,broke,junk,return,thought,not,were,but,doesn,work,t,did,half,didn,off,waste,returned,poor,money,apart
?,cheap,small,should,disappointed,okay,broke,junk,return,thought,not,were,but,doesn,work,t,did,half,didn,off,waste,returned,poor,money,apart
?,cheap,small,should,disappointed,okay,broke,junk,return,thought,not,were,but,doesn,work,t,did,half,didn,off,waste,returned,poor,money,apart
?,cheap,small,should,disappointed,okay,broke,junk,return,thought,not,were,but,doesn,work,t,did,half,didn,off,waste,returned,poor,money,apart
?,cheap,small,should,disappointed,okay,broke,junk,return,thought,not,were,but,doesn,work,t,did,half,didn,off,waste,returned,poor,money,apart
?,cheap,small,should,disappointed,okay,broke,junk,return,thought,not,were,but,doesn,work,t,did,half,didn,off,waste,returned,poor,money,apart
?,cheap,small,should,disappointed,okay,broke,junk,return,thought,not,were,but,doesn,work,t,did,half,didn,off,waste,returned,poor,money,apart
?,cheap,small,should,disappointed,okay,broke,junk,return,thought,not,were,but,doesn,work,t,did,half,didn,off,waste,returned,poor,money,apart
?,cheap,small,should,disappointed,okay,broke,junk,return,thought,not,were,but,doesn,work,t,did,half,didn,off,waste,returned,poor,money,apart
?,cheap,small,should,disappointed,okay,broke,junk,return,thought,not,were,but,doesn,work,t,did,half,didn,off,waste,returned,poor,money,apart
?,cheap,small,should,disappointed,okay,broke,junk,return,thought,not,were,but,doesn,work,t,did,half,didn,off,waste,returned,poor,money,apart
?,cheap,small,should,disappointed,okay,broke,junk,return,thought,not,were,but,doesn,work,t,did,half,didn,off,waste,returned,poor,money,apart
?,cheap,small,should,disappointed,okay,broke,junk,return,thought,not,were,but,doesn,work,t,did,half,didn,off,waste,returned,poor,money,apart
?,cheap,small,should,disappointed,okay,broke,junk,return,thought,not,were,but,doesn,work,t,did,half,didn,off,waste,returned,poor,money,apart
?,cheap,small,should,disappointed,okay,broke,junk,return,thought,not,were,but,doesn,work,t,did,half,didn,off,waste,returned,poor,money,apart
?,cheap,small,should,disappointed,okay,broke,junk,return,thought,not,were,but,doesn,work,t,did,half,didn,off,waste,returned,poor,money,apart
?,cheap,small,should,disappointed,okay,broke,junk,return,thought,not,were,but,doesn,work,t,did,half,didn,off,waste,returned,poor,money,apart
?,cheap,does,small,should,disappointed,okay,broke,junk,return,thought,not,were,but,work,t,did,half,didn,off,waste,returned,poor,money,apart
?,cheap,does,small,should,disappointed,okay,broke,return,do,thought,not,were,but,work,t,did,half,didn,off,waste,returned,poor,money,apart
?,cheap,does,small,should,disappointed,okay,broke,return,do,thought,not,were,but,work,t,did,half,didn,off,waste,returned,poor,money,apart
?,cheap,does,small,should,disappointed,okay,broke,return,do,thought,not,were,but,work,t,did,half,didn,off,waste,returned,poor,money,apart
?,cheap,does,small,should,disappointed,okay,broke,return,do,thought,not,were,but,work,t,did,half,didn,off,waste,returned,poor,money,apart
?,cheap,does,small,should,disappointed,okay,broke,return,do,thought,not,were,but,work,t,did,half,didn,off,waste,returned,poor,money,apart
?,cheap,does,small,should,disappointed,okay,broke,return,do,thought,not,were,but,work,t,did,half,didn,off,waste,returned,poor,money,apart
?,cheap,does,small,should,disappointed,okay,broke,return,do,thought,not,were,but,work,t,did,half,didn,off,waste,returned,poor,money,apart
?,cheap,does,small,should,disappointed,okay,broke,return,do,thought,not,were,but,work,t,did,half,didn,off,waste,returned,poor,money,apart
?,cheap,does,small,should,disappointed,okay,broke,return,do,thought,not,were,but,work,t,did,half,didn,off,waste,returned,poor,money,apart
?,cheap,does,small,should,disappointed,okay,broke,return,do,thought,not,were,but,work,t,did,half,didn,off,waste,returned,poor,money,apart
?,cheap,does,small,should,disappointed,okay,broke,return,do,thought,not,were,but,work,t,did,half,didn,off,waste,returned,poor,money,apart
?,cheap,does,small,should,disappointed,okay,broke,return,do,thought,not,were,but,work,t,did,half,didn,off,waste,returned,poor,money,apart
?,cheap,does,small,should,disappointed,okay,broke,return,do,thought,not,were,but,work,t,did,half,didn,off,waste,returned,poor,money,apart
?,cheap,does,small,should,disappointed,okay,broke,return,do,thought,not,were,but,work,t,did,half,didn,off,waste,returned,poor,money,apart
?,cheap,does,small,should,disappointed,okay,broke,return,do,thought,not,were,but,work,t,did,half,didn,off,waste,returned,poor,money,apart
?,cheap,does,small,should,disappointed,okay,broke,return,do,thought,not,were,but,work,t,did,half,didn,off,waste,returned,poor,money,apart
?,cheap,does,small,should,disappointed,okay,broke,return,do,thought,not,were,but,work,t,did,half,didn,off,waste,returned,poor,money,apart
?,cheap,does,small,should,disappointed,okay,broke,return,do,thought,not,were,but,work,t,did,half,didn,off,waste,returned,poor,money,apart
?,cheap,does,small,should,disappointed,okay,broke,return,do,thought,not,were,but,work,t,did,half,didn,off,waste,returned,poor,money,apart
?,cheap,does,small,should,disappointed,okay,broke,return,do,thought,not,were,but,work,t,did,half,didn,off,waste,returned,poor,money,apart
?,cheap,does,small,should,disappointed,okay,broke,return,do,thought,not,were,but,work,t,did,half,didn,off,waste,returned,poor,money,apart
?,cheap,does,small,should,disappointed,okay,broke,return,do,thought,not,were,but,work,t,did,half,didn,off,waste,returned,poor,money,apart
?,cheap,does,small,should,disappointed,okay,broke,return,do,thought,not,were,but,work,t,did,half,didn,off,waste,returned,poor,money,apart
?,cheap,does,small,should,disappointed,okay,broke,return,do,thought,not,were,but,work,t,did,half,didn,off,waste,returned,poor,money,apart
?,cheap,does,small,should,disappointed,okay,broke,return,do,thought,not,were,but,work,t,did,half,didn,off,waste,returned,poor,money,apart
?,cheap,does,small,should,disappointed,okay,broke,return,do,thought,not,were,but,work,t,did,half,didn,off,waste,returned,poor,money,apart
?,cheap,does,small,should,disappointed,okay,broke,return,do,thought,not,were,but,work,t,did,half,didn,off,waste,returned,poor,money,apart
?,cheap,does,small,should,disappointed,okay,broke,return,do,thought,not,were,but,work,t,did,half,didn,off,waste,returned,poor,money,apart
?,cheap,does,small,should,disappointed,okay,broke,return,do,thought,not,were,but,work,t,did,half,didn,off,waste,returned,poor,money,apart
?,cheap,does,small,should,disappointed,okay,broke,return,do,thought,not,were,but,work,t,did,half,didn,off,waste,returned,poor,money,apart
?,cheap,does,small,should,disappointed,okay,broke,return,do,thought,not,were,but,work,t,did,half,didn,off,waste,returned,poor,money,apart
?,cheap,does,small,should,disappointed,okay,broke,return,do,thought,not,were,but,work,t,did,half,didn,off,waste,returned,poor,money,apart
?,cheap,does,small,should,disappointed,okay,broke,return,thought,not,were,but,ok,work,t,did,half,didn,off,waste,returned,poor,money,apart
?,cheap,does,small,should,disappointed,okay,broke,return,thought,not,were,but,ok,work,t,did,half,didn,off,waste,returned,poor,money,apart
?,cheap,does,small,should,disappointed,okay,broke,return,thought,not,were,but,ok,work,t,did,half,didn,off,waste,returned,poor,money,apart
?,cheap,does,small,should,disappointed,okay,broke,return,thought,not,were,but,ok,work,t,did,half,didn,off,waste,returned,poor,money,apart
?,cheap,does,small,should,disappointed,okay,broke,return,thought,not,were,but,ok,work,t,did,half,didn,off,waste,returned,poor,money,apart
?,cheap,does,small,should,disappointed,okay,broke,return,thought,not,were,but,ok,work,t,did,half,didn,off,waste,returned,poor,money,apart
?,cheap,does,small,should,disappointed,okay,broke,return,thought,not,were,but,ok,work,t,did,half,didn,off,waste,returned,poor,money,apart
?,cheap,does,small,should,disappointed,okay,broke,return,thought,not,were,but,ok,work,t,did,half,didn,off,waste,returned,poor,money,apart
?,cheap,does,small,should,disappointed,okay,broke,return,thought,not,were,but,ok,work,t,did,half,didn,off,waste,returned,poor,money,apart
?,cheap,does,small,should,disappointed,okay,broke,return,thought,not,were,but,ok,work,t,did,half,didn,off,waste,returned,poor,money,apart
?,cheap,does,small,should,disappointed,okay,broke,return,thought,not,were,but,ok,work,t,did,half,didn,off,waste,returned,poor,money,apart
?,cheap,does,small,should,disappointed,okay,broke,return,thought,not,were,but,ok,work,t,did,half,didn,off,waste,returned,poor,money,apart
?,cheap,does,small,should,disappointed,okay,broke,return,thought,not,were,but,ok,work,t,did,half,didn,off,waste,returned,poor,money,apart
?,cheap,does,small,should,disappointed,okay,broke,return,thought,not,were,but,ok,work,t,did,half,didn,off,waste,returned,poor,money,apart
?,cheap,does,small,should,disappointed,okay,broke,return,thought,not,were,but,ok,work,t,did,half,didn,off,waste,returned,poor,money,apart
?,cheap,does,small,should,disappointed,okay,broke,return,thought,not,were,but,ok,work,t,did,half,didn,off,waste,returned,poor,money,apart
?,cheap,does,small,should,disappointed,okay,broke,return,thought,not,were,but,ok,work,t,did,half,didn,off,waste,returned,poor,money,apart
?,cheap,does,small,should,disappointed,okay,broke,return,thought,not,were,but,ok,work,t,did,half,didn,off,waste,returned,poor,money,apart
?,cheap,does,small,should,disappointed,okay,broke,return,thought,not,were,but,ok,work,t,did,half,didn,off,waste,returned,poor,money,apart
?,cheap,does,small,should,disappointed,okay,broke,return,thought,not,were,but,ok,work,t,did,half,didn,off,waste,returned,poor,money,apart
?,cheap,does,small,should,disappointed,okay,broke,return,thought,not,were,but,ok,work,t,did,half,didn,off,waste,returned,poor,money,apart
?,cheap,does,small,should,disappointed,okay,broke,return,thought,not,were,but,ok,work,t,did,half,didn,off,waste,returned,poor,money,apart
?,cheap,does,small,should,disappointed,okay,broke,return,thought,not,were,but,ok,work,t,did,half,didn,off,waste,returned,poor,money,apart
?,cheap,does,small,should,disappointed,okay,broke,return,thought,not,were,but,ok,work,t,did,half,didn,off,waste,returned,poor,money,apart
?,cheap,does,small,should,disappointed,okay,broke,return,thought,not,were,but,ok,work,t,did,half,didn,off,waste,returned,poor,money,apart
?,cheap,does,small,should,disappointed,okay,broke,return,thought,not,were,but,ok,work,t,did,half,didn,off,waste,returned,poor,money,apart
?,cheap,does,small,should,disappointed,okay,broke,return,thought,not,were,but,ok,work,t,did,half,didn,off,waste,returned,poor,money,apart
?,cheap,does,small,should,disappointed,okay,broke,return,thought,not,were,but,ok,work,t,did,half,didn,off,waste,returned,poor,money,apart
?,cheap,does,small,should,disappointed,okay,broke,return,thought,not,were,but,ok,work,t,did,half,didn,off,waste,returned,poor,money,apart
?,cheap,does,small,should,disappointed,okay,broke,return,thought,not,were,but,ok,work,t,did,half,didn,off,waste,returned,poor,money,apart
?,cheap,does,small,should,disappointed,okay,broke,return,thought,not,were,but,ok,work,t,did,half,didn,off,waste,returned,poor,money,apart
?,cheap,does,small,should,disappointed,okay,broke,return,thought,not,were,but,ok,work,t,did,half,didn,off,waste,returned,poor,money,apart
?,cheap,does,small,should,disappointed,okay,broke,return,thought,not,were,but,ok,work,t,did,half,didn,off,waste,returned,poor,money,apart
?,cheap,does,small,should,disappointed,okay,broke,return,thought,not,were,but,ok,work,t,did,half,didn,off,waste,returned,poor,money,apart
?,cheap,does,small,should,disappointed,okay,broke,return,thought,not,were,but,ok,work,t,did,half,didn,off,waste,returned,poor,money,apart
?,cheap,does,small,should,disappointed,okay,broke,return,thought,not,were,but,ok,work,t,did,half,didn,off,waste,returned,poor,money,apart
?,cheap,does,small,should,disappointed,okay,broke,return,thought,not,were,but,ok,work,t,did,half,didn,off,waste,returned,poor,money,apart
?,cheap,does,small,should,disappointed,okay,broke,return,wasn,not,were,but,ok,work,t,did,half,didn,off,waste,returned,poor,money,apart
?,cheap,does,small,should,disappointed,okay,broke,return,wasn,not,were,but,ok,work,t,did,half,didn,off,waste,returned,poor,money,apart
?,cheap,does,small,should,disappointed,okay,broke,return,wasn,not,were,but,ok,work,t,did,half,didn,off,waste,returned,poor,money,apart
?,cheap,does,small,should,disappointed,okay,broke,return,wasn,not,were,but,ok,work,t,did,half,didn,off,waste,returned,poor,money,apart
?,cheap,does,small,should,disappointed,okay,broke,return,wasn,not,were,but,ok,work,t,did,half,didn,off,waste,returned,poor,money,apart
?,cheap,does,small,should,disappointed,okay,broke,return,wasn,not,were,but,ok,work,t,did,half,didn,off,waste,returned,poor,money,apart
?,cheap,does,small,should,disappointed,okay,broke,return,wasn,not,were,but,ok,work,t,did,half,didn,off,waste,returned,poor,money,apart
?,cheap,does,small,should,disappointed,okay,broke,return,wasn,not,were,but,ok,work,t,did,half,didn,off,waste,returned,poor,money,apart
?,cheap,does,small,should,disappointed,okay,broke,return,wasn,not,were,but,ok,work,t,did,half,didn,off,waste,returned,poor,money,apart
?,cheap,does,small,should,disappointed,okay,broke,return,wasn,not,were,but,ok,work,t,did,half,didn,off,waste,returned,poor,money,apart
?,cheap,does,small,should,disappointed,okay,broke,return,wasn,not,were,but,ok,work,t,did,half,didn,off,waste,returned,poor,money,apart
?,cheap,does,small,should,disappointed,okay,broke,return,wasn,not,were,but,doesn,work,t,did,half,didn,off,waste,returned,poor,money,apart
?,cheap,does,small,should,disappointed,okay,broke,return,wasn,not,were,but,doesn,work,t,did,half,didn,off,waste,returned,poor,money,apart
?,cheap,does,small,should,disappointed,okay,broke,return,wasn,not,were,but,doesn,work,t,did,half,didn,off,waste,returned,poor,money,apart
?,cheap,does,small,should,disappointed,okay,broke,return,wasn,not,were,but,doesn,work,t,did,half,didn,off,waste,returned,poor,money,apart
?,cheap,does,small,should,disappointed,okay,broke,return,wasn,not,were,but,doesn,work,t,did,half,didn,off,waste,returned,poor,money,apart
?,cheap,does,small,should,disappointed,okay,broke,return,wasn,not,were,but,doesn,work,t,did,half,didn,off,waste,returned,poor,money,apart
?,cheap,does,small,should,disappointed,okay,broke,return,wasn,not,were,but,doesn,work,t,did,half,didn,off,waste,returned,poor,money,apart
?,cheap,does,small,should,disappointed,okay,broke,return,wasn,not,were,but,doesn,work,t,did,half,didn,off,waste,returned,poor,money,apart
?,cheap,does,small,should,disappointed,okay,broke,return,wasn,not,were,but,doesn,work,t,did,half,didn,off,waste,returned,poor,money,apart
?,cheap,does,small,should,disappointed,okay,broke,return,wasn,not,were,but,doesn,work,t,did,half,didn,off,waste,returned,poor,money,apart
?,cheap,does,small,should,disappointed,okay,broke,return,wasn,not,were,but,doesn,work,t,did,half,didn,off,waste,returned,poor,money,apart
?,cheap,does,small,should,disappointed,okay,broke,return,wasn,not,were,but,doesn,work,t,did,half,didn,off,waste,returned,poor,money,apart
?,cheap,does,small,should,disappointed,okay,broke,return,wasn,not,were,but,doesn,work,t,did,half,didn,off,waste,returned,poor,money,apart
?,cheap,does,small,should,disappointed,okay,broke,return,wasn,not,were,but,doesn,work,t,did,half,didn,off,waste,returned,poor,money,apart
?,cheap,does,small,should,disappointed,okay,broke,return,wasn,not,were,but,doesn,work,t,did,half,didn,off,waste,returned,poor,money,apart
?,cheap,does,small,should,disappointed,okay,broke,return,wasn,not,were,but,doesn,work,t,did,half,didn,off,waste,returned,poor,money,apart
?,cheap,does,small,should,disappointed,okay,broke,return,wasn,not,were,but,doesn,work,t,did,half,didn,off,waste,returned,poor,money,apart
?,cheap,does,small,should,disappointed,okay,broke,return,wasn,not,were,but,doesn,work,t,did,half,didn,off,waste,returned,poor,money,apart
?,cheap,does,small,should,disappointed,okay,broke,return,wasn,not,were,but,doesn,work,t,did,half,didn,off,waste,returned,poor,money,apart
?,cheap,does,small,should,disappointed,okay,broke,return,wasn,not,were,but,doesn,work,t,did,half,didn,off,waste,returned,poor,money,apart
?,cheap,does,small,should,disappointed,okay,broke,return,wasn,not,were,but,doesn,work,t,did,half,didn,off,waste,returned,poor,money,apart
?,cheap,does,small,should,disappointed,okay,broke,return,wasn,not,were,but,doesn,work,t,did,half,didn,off,waste,returned,poor,money,apart
?,cheap,does,small,should,disappointed,okay,broke,return,wasn,not,were,but,doesn,work,t,did,half,didn,off,waste,returned,poor,money,apart
?,cheap,does,small,should,disappointed,okay,broke,return,wasn,not,were,but,doesn,work,t,did,half,didn,off,waste,returned,poor,money,apart
?,cheap,does,small,should,disappointed,okay,broke,return,wasn,not,were,but,doesn,work,t,did,half,didn,off,waste,returned,poor,money,apart
?,cheap,does,small,should,disappointed,okay,broke,return,wasn,not,were,but,doesn,work,t,did,half,didn,off,waste,returned,poor,money,apart
?,cheap,does,small,should,disappointed,okay,broke,return,wasn,not,were,but,doesn,work,t,did,half,didn,off,waste,returned,poor,money,apart
?,cheap,does,small,should,disappointed,okay,broke,return,wasn,not,were,but,doesn,work,t,did,half,didn,off,waste,returned,poor,money,apart
?,cheap,does,small,should,disappointed,okay,broke,return,wasn,not,were,but,doesn,work,t,did,half,didn,off,waste,returned,poor,money,apart
?,cheap,does,small,should,disappointed,okay,broke,return,wasn,not,were,but,doesn,work,t,did,half,didn,off,waste,returned,poor,money,apart
?,cheap,does,small,should,disappointed,okay,broke,return,wasn,not,were,but,doesn,work,t,did,half,didn,off,waste,returned,poor,money,apart
?,cheap,does,small,should,disappointed,okay,broke,return,not,were,but,ok,doesn,work,t,did,half,didn,off,waste,returned,poor,money,apart
?,cheap,does,small,should,disappointed,okay,broke,return,not,were,but,ok,doesn,work,t,did,half,didn,off,waste,returned,poor,money,apart
?,cheap,does,small,should,disappointed,okay,broke,return,not,were,but,ok,doesn,work,t,did,half,didn,off,waste,returned,poor,money,apart
?,cheap,does,small,should,disappointed,okay,broke,return,not,were,but,ok,doesn,work,t,did,half,didn,off,waste,returned,poor,money,apart
?,cheap,does,small,should,disappointed,okay,broke,return,not,were,but,ok,doesn,work,t,did,half,didn,off,waste,returned,poor,money,apart
?,cheap,does,small,should,disappointed,okay,broke,return,not,were,but,ok,doesn,work,t,did,half,didn,off,waste,returned,poor,money,apart
?,cheap,does,small,should,disappointed,okay,broke,return,not,were,but,ok,doesn,work,t,did,half,didn,off,waste,returned,poor,money,apart
?,cheap,does,small,should,disappointed,okay,broke,return,not,were,but,ok,doesn,work,t,did,half,didn,off,waste,returned,poor,money,apart
?,cheap,does,small,should,disappointed,okay,broke,return,not,were,but,ok,doesn,work,t,did,half,didn,off,waste,returned,poor,money,apart
?,cheap,does,small,should,disappointed,okay,broke,return,not,were,but,ok,doesn,work,t,did,half,didn,off,waste,returned,poor,money,apart
?,cheap,does,small,should,disappointed,okay,broke,return,not,were,but,ok,doesn,work,t,did,half,didn,off,waste,returned,poor,money,apart
?,cheap,does,small,should,disappointed,okay,broke,return,not,were,but,ok,doesn,work,t,did,half,didn,off,waste,returned,poor,money,apart
?,cheap,does,small,should,disappointed,okay,broke,return,not,were,but,ok,doesn,work,t,did,half,didn,off,waste,returned,poor,money,apart
?,cheap,does,small,should,disappointed,okay,broke,return,not,were,but,ok,doesn,work,t,did,half,didn,off,waste,returned,poor,money,apart
?,cheap,does,small,should,disappointed,okay,broke,return,not,were,but,ok,doesn,work,t,did,half,didn,off,waste,returned,poor,money,apart
?,cheap,does,small,should,disappointed,okay,broke,return,not,were,but,ok,doesn,work,t,did,half,didn,off,waste,returned,poor,money,apart
?,cheap,does,small,should,disappointed,okay,broke,return,not,were,but,ok,doesn,work,t,did,half,didn,off,waste,returned,poor,money,apart
?,cheap,does,small,should,disappointed,okay,broke,return,not,were,but,ok,doesn,work,t,did,half,didn,off,waste,returned,poor,money,apart
?,cheap,does,small,should,disappointed,okay,broke,return,not,were,but,ok,doesn,work,t,did,half,didn,off,waste,returned,poor,money,apart
?,cheap,does,small,should,disappointed,okay,broke,return,not,were,but,ok,doesn,work,t,did,half,didn,off,waste,returned,poor,money,apart
?,cheap,does,small,should,disappointed,okay,broke,return,not,were,but,ok,doesn,work,t,did,half,didn,off,waste,returned,poor,money,apart
?,cheap,does,small,should,disappointed,okay,broke,return,not,were,but,ok,doesn,work,t,did,half,didn,off,waste,returned,poor,money,apart
?,cheap,does,small,should,disappointed,okay,broke,return,not,were,but,ok,doesn,work,t,did,half,didn,off,waste,returned,poor,money,apart
?,cheap,does,small,should,disappointed,okay,broke,return,not,were,but,ok,doesn,work,t,did,half,didn,off,waste,returned,poor,money,apart
?,cheap,does,small,should,disappointed,okay,broke,return,not,were,but,ok,doesn,work,t,did,half,didn,off,waste,returned,poor,money,apart
?,cheap,does,small,should,disappointed,okay,broke,return,not,were,but,ok,doesn,work,t,did,half,didn,off,waste,returned,poor,money,apart
?,cheap,does,small,should,disappointed,okay,broke,return,not,were,but,ok,doesn,work,t,did,half,didn,off,waste,returned,poor,money,apart
?,cheap,does,small,should,disappointed,okay,broke,return,not,were,but,ok,doesn,work,t,did,half,didn,off,waste,returned,poor,money,apart
?,cheap,does,small,should,disappointed,okay,broke,return,not,were,but,ok,doesn,work,t,did,half,didn,off,waste,returned,poor,money,apart
?,cheap,does,small,should,disappointed,okay,broke,return,thought,not,but,ok,doesn,work,t,did,half,didn,off,waste,returned,poor,money,apart
?,cheap,does,small,should,disappointed,okay,broke,return,thought,not,but,ok,doesn,work,t,did,half,didn,off,waste,returned,poor,money,apart
?,cheap,does,small,should,disappointed,okay,broke,return,thought,not,but,ok,doesn,work,t,did,half,didn,off,waste,returned,poor,money,apart
?,cheap,does,small,should,disappointed,okay,broke,return,thought,not,but,ok,doesn,work,t,did,half,didn,off,waste,returned,poor,money,apart
?,cheap,does,small,should,disappointed,okay,broke,return,thought,not,but,ok,doesn,work,t,did,half,didn,off,waste,returned,poor,money,apart
?,cheap,does,small,should,disappointed,okay,broke,return,thought,not,but,ok,doesn,work,t,did,half,didn,off,waste,returned,poor,money,apart
?,cheap,does,small,should,disappointed,okay,broke,return,thought,not,but,ok,doesn,work,t,did,half,didn,off,waste,returned,poor,money,apart
?,cheap,does,small,should,disappointed,okay,broke,return,thought,not,but,ok,doesn,work,t,did,half,didn,off,waste,returned,poor,money,apart
?,cheap,does,small,should,disappointed,okay,broke,return,thought,not,but,ok,doesn,work,t,did,half,didn,off,waste,returned,poor,money,apart
?,cheap,does,small,should,disappointed,okay,broke,return,thought,not,but,ok,doesn,work,t,did,half,didn,off,waste,returned,poor,money,apart
?,cheap,does,small,should,disappointed,okay,broke,return,thought,not,but,ok,doesn,work,t,did,half,didn,off,waste,returned,poor,money,apart
?,cheap,does,small,should,disappointed,okay,broke,return,thought,not,but,ok,doesn,work,t,did,half,didn,off,waste,returned,poor,money,apart
?,cheap,does,small,should,disappointed,okay,broke,return,thought,not,but,ok,doesn,work,t,did,half,didn,off,waste,returned,poor,money,apart
?,cheap,does,small,should,disappointed,okay,broke,return,thought,not,but,ok,doesn,work,t,did,half,didn,off,waste,returned,poor,money,apart
?,cheap,does,small,should,disappointed,okay,broke,return,thought,not,but,ok,doesn,work,t,did,half,didn,off,waste,returned,poor,money,apart
?,cheap,does,small,should,disappointed,okay,broke,return,thought,not,but,ok,doesn,work,t,did,half,didn,off,waste,returned,poor,money,apart
?,cheap,does,small,should,disappointed,okay,broke,return,thought,not,but,ok,doesn,work,t,did,half,didn,off,waste,returned,poor,money,apart
?,cheap,does,small,should,disappointed,okay,broke,return,thought,not,but,ok,doesn,work,t,did,half,didn,off,waste,returned,poor,money,apart
?,cheap,does,small,should,disappointed,okay,broke,return,junk,not,but,ok,doesn,work,t,did,half,didn,off,waste,returned,poor,money,apart
?,cheap,does,small,should,disappointed,okay,broke,return,junk,not,but,ok,doesn,work,t,did,half,didn,off,waste,returned,poor,money,apart
?,cheap,does,small,should,disappointed,okay,broke,return,junk,not,but,ok,doesn,work,t,did,half,didn,off,waste,returned,poor,money,apart
?,cheap,does,small,should,disappointed,okay,broke,return,junk,not,but,ok,doesn,work,t,did,half,didn,off,waste,returned,poor,money,apart
?,cheap,does,small,should,disappointed,okay,broke,return,junk,not,but,ok,doesn,work,t,did,half,didn,off,waste,returned,poor,money,apart
?,cheap,does,small,should,disappointed,okay,broke,return,junk,not,but,ok,doesn,work,t,did,half,didn,off,waste,returned,poor,money,apart
?,cheap,does,small,should,disappointed,okay,broke,return,junk,not,but,ok,doesn,work,t,did,half,didn,off,waste,returned,poor,money,apart
?,cheap,does,small,should,disappointed,okay,broke,return,junk,not,but,ok,doesn,work,t,did,half,didn,off,waste,returned,poor,money,apart
?,cheap,does,small,should,disappointed,okay,broke,return,junk,not,but,ok,doesn,work,t,did,half,didn,off,waste,returned,poor,money,apart
?,cheap,does,small,should,disappointed,okay,broke,return,junk,not,but,ok,doesn,work,t,did,half,didn,off,waste,returned,poor,money,apart
?,cheap,does,small,should,disappointed,okay,broke,return,junk,not,but,ok,doesn,work,t,did,half,didn,off,waste,returned,poor,money,apart
?,cheap,does,small,should,disappointed,okay,broke,return,junk,not,but,ok,doesn,work,t,did,half,didn,off,waste,returned,poor,money,apart
?,cheap,does,small,should,disappointed,okay,broke,return,junk,not,but,ok,doesn,work,t,did,half,didn,off,waste,returned,poor,money,apart
?,cheap,does,small,should,disappointed,okay,broke,return,junk,not,but,ok,doesn,work,t,did,half,didn,off,waste,returned,poor,money,apart
?,cheap,does,small,should,disappointed,okay,broke,return,junk,not,but,ok,doesn,work,t,did,half,didn,off,waste,returned,poor,money,apart
?,cheap,does,small,should,disappointed,okay,broke,return,junk,not,but,ok,doesn,work,t,did,half,didn,off,waste,returned,poor,money,apart
?,cheap,does,small,should,disappointed,okay,broke,return,junk,not,but,ok,doesn,work,t,did,half,didn,off,waste,returned,poor,money,apart
?,cheap,does,small,should,disappointed,okay,broke,return,junk,not,but,ok,doesn,work,t,did,half,didn,off,waste,returned,poor,money,apart
?,cheap,does,small,should,disappointed,okay,broke,return,junk,not,but,ok,doesn,work,t,did,half,didn,off,waste,returned,poor,money,apart
?,cheap,does,small,should,disappointed,okay,broke,return,junk,not,but,ok,doesn,work,t,did,half,didn,off,waste,returned,poor,money,apart
?,cheap,does,small,should,disappointed,okay,broke,return,junk,thought,not,but,ok,doesn,work,t,did,didn,off,waste,returned,poor,money,apart
?,cheap,does,small,should,disappointed,okay,broke,return,junk,thought,not,but,ok,doesn,work,t,did,didn,off,waste,returned,poor,money,apart
?,cheap,does,small,should,disappointed,okay,broke,return,junk,thought,not,but,ok,doesn,work,t,did,didn,off,waste,returned,poor,money,apart
?,cheap,does,small,should,disappointed,okay,broke,return,junk,thought,not,but,ok,doesn,work,t,did,didn,off,waste,returned,poor,money,apart
?,cheap,does,small,should,disappointed,okay,broke,return,junk,thought,not,but,ok,doesn,work,t,did,didn,off,waste,returned,poor,money,apart
?,cheap,does,small,should,disappointed,okay,broke,return,junk,thought,not,but,ok,doesn,work,t,did,didn,off,waste,returned,poor,money,apart
?,cheap,does,small,should,disappointed,okay,broke,return,junk,thought,not,but,ok,doesn,work,t,did,didn,off,waste,returned,poor,money,apart
?,cheap,does,small,should,disappointed,okay,broke,return,junk,thought,not,but,ok,doesn,work,t,did,didn,off,waste,returned,poor,money,apart
?,cheap,does,small,should,disappointed,okay,broke,return,junk,thought,not,but,ok,doesn,work,t,did,didn,off,waste,returned,poor,money,apart
?,cheap,does,small,should,disappointed,okay,broke,return,junk,thought,not,but,ok,doesn,work,t,did,didn,off,waste,returned,poor,money,apart
?,cheap,does,small,should,disappointed,okay,broke,return,junk,thought,not,but,ok,doesn,work,t,did,didn,off,waste,returned,poor,money,apart
?,cheap,does,small,should,disappointed,okay,broke,return,junk,thought,not,but,ok,doesn,work,t,did,didn,off,waste,returned,poor,money,apart
?,cheap,does,small,should,disappointed,okay,broke,return,junk,thought,not,but,ok,doesn,work,t,did,didn,off,waste,returned,poor,money,apart
?,cheap,does,small,should,disappointed,okay,broke,return,junk,thought,not,but,ok,doesn,work,t,did,didn,off,waste,returned,poor,money,apart
?,cheap,does,small,should,disappointed,okay,broke,return,junk,thought,not,but,ok,doesn,work,t,did,didn,off,waste,returned,poor,money,apart
?,cheap,does,small,should,disappointed,okay,broke,return,junk,thought,not,but,ok,doesn,work,t,did,didn,off,waste,returned,poor,money,apart
?,cheap,does,small,should,disappointed,okay,broke,return,junk,thought,not,but,ok,doesn,work,t,did,didn,off,waste,returned,poor,money,apart
?,cheap,does,small,should,disappointed,okay,broke,return,junk,thought,not,but,ok,doesn,work,t,did,didn,off,waste,returned,poor,money,apart
?,cheap,does,small,should,disappointed,okay,broke,return,junk,thought,not,but,ok,doesn,work,t,did,didn,off,waste,returned,poor,money,apart
?,cheap,does,small,should,disappointed,okay,broke,return,junk,thought,not,but,ok,doesn,work,t,did,didn,off,waste,returned,poor,money,apart
?,cheap,does,small,should,disappointed,okay,broke,return,junk,thought,not,but,ok,doesn,work,t,did,didn,off,waste,returned,poor,money,apart
?,cheap,does,small,should,disappointed,okay,broke,return,junk,thought,not,but,ok,doesn,work,t,did,didn,off,waste,returned,poor,money,apart
?,cheap,does,small,should,disappointed,okay,broke,return,junk,thought,not,but,ok,doesn,work,t,did,didn,off,waste,returned,poor,money,apart
?,cheap,does,small,should,disappointed,okay,broke,return,junk,thought,not,but,ok,doesn,work,t,did,didn,off,waste,returned,poor,money,apart
?,cheap,does,small,should,disappointed,okay,broke,return,junk,thought,not,but,ok,doesn,work,t,did,didn,off,waste,returned,poor,money,apart
?,cheap,does,small,should,disappointed,okay,broke,return,junk,thought,not,but,ok,doesn,work,t,did,didn,off,waste,returned,poor,money,apart
?,cheap,does,small,should,disappointed,okay,broke,return,junk,thought,not,but,ok,doesn,work,t,did,didn,off,waste,returned,poor,money,apart
?,cheap,does,small,should,disappointed,okay,broke,return,junk,thought,not,but,ok,doesn,work,t,did,didn,off,waste,returned,poor,money,apart
?,cheap,does,small,should,disappointed,okay,broke,return,junk,thought,not,but,ok,doesn,work,t,did,didn,off,waste,returned,poor,money,apart
?,cheap,does,small,should,disappointed,okay,broke,return,junk,thought,not,but,ok,doesn,work,t,did,didn,off,waste,returned,poor,money,apart
?,cheap,does,small,should,disappointed,okay,broke,return,junk,thought,not,but,ok,doesn,work,t,did,didn,off,waste,returned,poor,money,apart
?,cheap,does,small,should,disappointed,okay,broke,return,junk,thought,not,but,ok,doesn,work,t,did,didn,off,waste,returned,poor,money,apart
?,cheap,does,small,should,disappointed,okay,broke,return,junk,thought,not,were,but,ok,work,t,did,didn,off,waste,returned,poor,money,apart
?,cheap,does,small,should,disappointed,okay,broke,return,junk,thought,not,were,but,ok,work,t,did,didn,off,waste,returned,poor,money,apart
?,cheap,does,small,should,disappointed,okay,broke,return,junk,thought,not,were,but,ok,work,t,did,didn,off,waste,returned,poor,money,apart
?,cheap,does,small,should,disappointed,okay,broke,return,junk,thought,not,were,but,ok,work,t,did,didn,off,waste,returned,poor,money,apart
?,cheap,does,small,should,disappointed,okay,broke,return,junk,thought,not,were,but,ok,work,t,did,didn,off,waste,returned,poor,money,apart
?,cheap,does,small,should,disappointed,okay,broke,return,junk,thought,not,were,but,ok,work,t,did,didn,off,waste,returned,poor,money,apart
?,cheap,does,small,should,disappointed,okay,broke,return,junk,thought,not,were,but,ok,work,t,did,didn,off,waste,returned,poor,money,apart
?,cheap,does,small,should,disappointed,okay,broke,return,junk,thought,not,were,but,ok,work,t,did,didn,off,waste,returned,poor,money,apart
?,cheap,does,small,should,disappointed,okay,broke,return,junk,thought,not,were,but,ok,work,t,did,didn,off,waste,returned,poor,money,apart
?,cheap,does,small,should,disappointed,okay,broke,return,junk,thought,not,were,but,ok,work,t,did,didn,off,waste,returned,poor,money,apart
?,cheap,does,small,should,disappointed,okay,broke,return,junk,thought,not,were,but,ok,work,t,did,didn,off,waste,returned,poor,money,apart
?,cheap,does,small,should,disappointed,okay,broke,return,junk,thought,not,were,but,ok,work,t,did,didn,off,waste,returned,poor,money,apart
?,cheap,does,small,should,disappointed,okay,broke,return,junk,thought,not,were,but,ok,work,t,did,didn,off,waste,returned,poor,money,apart
?,cheap,does,small,should,disappointed,okay,broke,return,junk,thought,not,were,but,ok,work,t,did,didn,off,waste,returned,poor,money,apart
?,cheap,does,small,should,disappointed,okay,broke,return,junk,thought,not,were,but,ok,work,t,did,didn,off,waste,returned,poor,money,apart
?,cheap,does,small,should,disappointed,okay,broke,return,junk,thought,not,were,but,ok,work,t,did,didn,off,waste,returned,poor,money,apart
?,cheap,does,small,should,disappointed,okay,broke,return,junk,thought,not,were,but,ok,work,t,did,didn,off,waste,returned,poor,money,apart
?,cheap,does,small,should,disappointed,okay,broke,return,junk,thought,not,were,but,ok,work,t,did,didn,off,waste,returned,poor,money,apart
?,cheap,does,small,should,disappointed,okay,broke,return,junk,thought,not,were,but,ok,work,t,did,didn,off,waste,returned,poor,money,apart
?,cheap,does,small,should,disappointed,okay,broke,return,junk,thought,not,were,but,ok,work,t,did,didn,off,waste,returned,poor,money,apart
?,cheap,does,small,should,disappointed,okay,broke,return,junk,thought,not,were,but,ok,work,t,did,didn,off,waste,returned,poor,money,apart
?,cheap,does,small,should,disappointed,okay,broke,return,junk,thought,not,were,but,ok,work,t,did,didn,off,waste,returned,poor,money,apart
?,cheap,does,small,should,disappointed,okay,broke,return,junk,thought,not,were,but,ok,work,t,did,didn,off,waste,returned,poor,money,apart
?,cheap,does,small,should,disappointed,okay,broke,return,junk,thought,not,were,but,ok,work,t,did,didn,off,waste,returned,poor,money,apart
?,cheap,does,small,should,disappointed,okay,broke,return,junk,thought,not,were,but,ok,work,t,did,didn,off,waste,returned,poor,money,apart
?,cheap,does,small,should,disappointed,okay,broke,return,junk,thought,not,were,but,ok,work,t,did,didn,off,waste,returned,poor,money,apart
?,cheap,does,small,should,disappointed,okay,broke,return,junk,thought,not,were,but,ok,work,t,did,didn,off,waste,returned,poor,money,apart
?,cheap,does,small,should,disappointed,okay,broke,return,junk,thought,not,were,but,ok,work,t,did,didn,off,waste,returned,poor,money,apart
?,cheap,does,small,should,disappointed,okay,broke,return,junk,thought,not,were,but,ok,work,t,did,didn,off,waste,returned,poor,money,apart
?,cheap,does,small,should,disappointed,okay,broke,return,junk,thought,not,were,but,ok,work,t,did,didn,off,waste,returned,poor,money,apart
?,cheap,does,small,should,disappointed,okay,broke,return,junk,thought,not,were,but,ok,work,t,did,didn,off,waste,returned,poor,money,apart
?,cheap,does,small,should,disappointed,okay,broke,return,junk,thought,not,were,but,ok,work,t,did,didn,off,waste,returned,poor,money,apart
?,cheap,does,small,should,disappointed,okay,broke,return,junk,thought,not,were,but,ok,work,t,did,didn,off,waste,returned,poor,money,apart
?,cheap,does,small,should,disappointed,okay,broke,return,junk,thought,not,were,but,ok,work,t,did,didn,off,waste,returned,poor,money,apart
?,cheap,does,small,should,disappointed,okay,broke,return,junk,thought,not,were,but,ok,work,t,did,didn,off,waste,returned,poor,money,apart
?,cheap,does,small,should,disappointed,okay,broke,return,junk,thought,not,were,but,ok,work,t,did,didn,off,waste,returned,poor,money,apart
?,cheap,does,small,should,disappointed,okay,broke,return,junk,thought,not,were,but,ok,work,t,did,didn,off,waste,returned,poor,money,apart
?,cheap,does,small,should,disappointed,okay,broke,return,junk,thought,not,were,but,ok,work,t,did,didn,off,waste,returned,poor,money,apart
?,cheap,does,small,should,disappointed,okay,broke,return,junk,thought,not,were,but,ok,work,t,did,didn,off,waste,returned,poor,money,apart
?,cheap,does,small,should,disappointed,okay,broke,return,junk,thought,not,were,but,ok,work,t,did,didn,off,waste,returned,poor,money,apart
?,cheap,does,small,should,disappointed,okay,broke,return,junk,thought,not,were,but,ok,work,t,did,didn,off,waste,returned,poor,money,apart
?,cheap,does,small,should,disappointed,okay,broke,return,junk,thought,not,were,but,ok,work,t,did,didn,off,waste,returned,poor,money,apart
?,cheap,does,small,should,disappointed,okay,broke,return,junk,thought,not,were,but,ok,work,t,did,didn,off,waste,returned,poor,money,apart
?,cheap,does,small,should,disappointed,okay,broke,return,junk,thought,not,were,but,ok,work,t,did,didn,off,waste,returned,poor,money,apart
?,cheap,does,small,should,disappointed,okay,broke,return,junk,thought,not,were,but,ok,work,t,did,didn,off,waste,returned,poor,money,apart
?,cheap,does,small,should,disappointed,okay,broke,return,junk,thought,not,were,but,ok,work,t,did,didn,off,waste,returned,poor,money,apart
?,cheap,does,small,should,disappointed,okay,broke,return,junk,thought,not,were,but,ok,work,t,did,didn,off,waste,returned,poor,money,apart
?,cheap,does,small,should,disappointed,okay,broke,return,junk,thought,not,were,but,ok,work,t,did,didn,off,waste,returned,poor,money,apart
?,cheap,does,small,should,disappointed,okay,broke,return,junk,thought,not,were,but,ok,work,t,did,didn,off,waste,returned,poor,money,apart
?,cheap,does,small,should,disappointed,okay,broke,return,junk,thought,not,were,but,ok,work,t,did,didn,off,waste,returned,poor,money,apart
?,cheap,does,small,should,disappointed,okay,broke,return,junk,thought,not,were,but,ok,work,t,did,didn,off,waste,returned,poor,money,apart
?,cheap,does,small,should,disappointed,okay,broke,return,junk,thought,not,were,but,ok,work,t,did,didn,off,waste,returned,poor,money,apart
?,cheap,does,small,should,disappointed,okay,broke,return,junk,thought,not,were,but,ok,work,t,did,didn,off,waste,returned,poor,money,apart
?,cheap,does,small,should,disappointed,okay,broke,return,junk,thought,not,were,but,ok,work,t,did,didn,off,waste,returned,poor,money,apart
?,cheap,does,small,should,disappointed,okay,broke,return,junk,thought,not,were,but,ok,work,t,did,didn,off,waste,returned,poor,money,apart
?,cheap,does,small,should,disappointed,okay,broke,return,junk,thought,not,were,but,ok,work,t,did,didn,off,waste,returned,poor,money,apart
?,cheap,does,small,should,disappointed,okay,broke,return,junk,thought,not,were,but,ok,work,t,did,didn,off,waste,returned,poor,money,apart
?,cheap,does,small,should,disappointed,okay,broke,return,junk,thought,not,were,but,ok,work,t,did,didn,off,waste,returned,poor,money,apart
?,cheap,does,small,should,disappointed,okay,broke,return,junk,thought,not,were,but,ok,work,t,did,didn,off,waste,returned,poor,money,apart
?,cheap,does,small,should,disappointed,okay,broke,return,junk,thought,not,were,but,ok,work,t,did,didn,off,waste,returned,poor,money,apart
?,cheap,does,small,should,disappointed,okay,broke,return,junk,thought,not,were,but,ok,work,t,did,didn,off,waste,returned,poor,money,apart
?,cheap,does,small,should,disappointed,okay,broke,return,junk,thought,not,were,but,ok,work,t,did,didn,off,waste,returned,poor,money,apart
?,cheap,does,small,should,disappointed,okay,broke,return,junk,thought,not,were,but,ok,work,t,did,didn,off,waste,returned,poor,money,apart
?,cheap,does,small,should,disappointed,okay,broke,return,junk,thought,not,were,but,ok,work,t,did,didn,off,waste,returned,poor,money,apart
?,cheap,does,small,should,disappointed,okay,broke,return,junk,thought,not,were,but,ok,work,t,did,didn,off,waste,returned,poor,money,apart
?,cheap,does,small,should,disappointed,okay,broke,return,junk,thought,not,were,but,ok,work,t,did,didn,off,waste,returned,poor,money,apart
?,cheap,does,small,should,disappointed,okay,broke,return,junk,thought,not,were,but,ok,work,t,did,didn,off,waste,returned,poor,money,apart
?,cheap,does,small,should,disappointed,okay,broke,return,junk,thought,not,were,but,ok,work,t,did,didn,off,waste,returned,poor,money,apart
?,cheap,does,small,should,disappointed,okay,broke,return,junk,thought,not,were,but,ok,work,t,did,didn,off,waste,returned,poor,money,apart
?,cheap,does,small,should,disappointed,okay,broke,return,junk,thought,not,were,but,ok,work,t,did,didn,off,waste,returned,poor,money,apart
?,cheap,does,small,should,disappointed,okay,broke,return,junk,thought,not,were,but,ok,work,t,did,didn,off,waste,returned,poor,money,apart
?,cheap,does,small,should,disappointed,okay,broke,return,junk,thought,not,were,but,ok,work,t,did,didn,off,waste,returned,poor,money,apart
?,cheap,does,small,should,disappointed,okay,broke,return,junk,thought,not,were,but,ok,work,t,did,didn,off,waste,returned,poor,money,apart
?,cheap,does,small,should,disappointed,okay,broke,return,junk,thought,not,were,but,ok,work,t,did,didn,off,waste,returned,poor,money,apart
?,cheap,does,small,should,disappointed,okay,broke,return,junk,thought,not,were,but,ok,work,t,did,didn,off,waste,returned,poor,money,apart
?,cheap,does,small,should,disappointed,okay,broke,return,junk,thought,not,were,but,ok,work,t,did,didn,off,waste,returned,poor,money,apart
?,cheap,does,small,should,disappointed,okay,broke,return,junk,thought,not,were,but,ok,work,t,did,didn,off,waste,returned,poor,money,apart
?,cheap,does,small,should,disappointed,okay,broke,return,junk,thought,not,were,but,ok,work,t,did,didn,off,waste,returned,poor,money,apart
?,cheap,does,small,should,disappointed,okay,broke,return,junk,thought,not,were,but,ok,work,t,did,didn,off,waste,returned,poor,money,apart
?,cheap,does,small,should,disappointed,okay,broke,return,junk,thought,not,were,but,ok,work,t,did,didn,off,waste,returned,poor,money,apart
?,cheap,does,small,should,disappointed,okay,broke,return,junk,thought,not,were,but,ok,work,t,did,didn,off,waste,returned,poor,money,apart
?,cheap,does,small,should,disappointed,okay,broke,return,junk,thought,not,were,but,ok,work,t,did,didn,off,waste,returned,poor,money,apart
?,cheap,does,small,should,disappointed,okay,broke,return,junk,thought,not,were,but,ok,work,t,did,didn,off,waste,returned,poor,money,apart
?,cheap,does,small,should,disappointed,okay,broke,return,junk,thought,not,were,but,ok,work,t,did,didn,off,waste,returned,poor,money,apart
?,cheap,does,small,should,disappointed,okay,broke,return,junk,thought,not,were,but,ok,work,t,did,didn,off,waste,returned,poor,money,apart
?,cheap,does,small,should,disappointed,okay,broke,return,junk,thought,not,were,but,ok,work,t,did,didn,off,waste,returned,poor,money,apart
?,cheap,does,small,should,disappointed,okay,broke,return,junk,thought,not,were,but,ok,work,t,did,didn,off,waste,returned,poor,money,apart
?,cheap,does,small,should,disappointed,okay,broke,return,junk,thought,not,were,but,ok,work,t,did,didn,off,waste,returned,poor,money,apart
?,cheap,does,small,should,disappointed,okay,broke,return,junk,thought,not,were,but,ok,work,t,did,didn,off,waste,returned,poor,money,apart
?,cheap,does,small,should,disappointed,okay,broke,return,junk,thought,not,were,but,ok,work,t,did,didn,off,waste,returned,poor,money,apart
?,cheap,does,small,should,disappointed,okay,broke,return,junk,thought,not,were,but,ok,work,t,did,didn,off,waste,returned,poor,money,apart
?,cheap,does,small,should,disappointed,okay,broke,return,junk,thought,not,were,but,ok,work,t,did,didn,off,waste,returned,poor,money,apart
?,cheap,does,small,should,disappointed,okay,broke,return,junk,thought,not,were,but,ok,work,t,did,didn,off,waste,returned,poor,money,apart
?,cheap,does,small,should,disappointed,okay,broke,return,junk,thought,not,were,but,ok,work,t,did,didn,off,waste,returned,poor,money,apart
?,cheap,does,small,should,disappointed,okay,broke,return,junk,thought,not,were,but,ok,work,t,did,didn,off,waste,returned,poor,money,apart
?,cheap,does,small,should,disappointed,okay,broke,return,junk,thought,not,were,but,ok,work,t,did,didn,off,waste,returned,poor,money,apart
?,cheap,does,small,should,disappointed,okay,broke,return,junk,thought,not,were,but,ok,work,t,did,didn,off,waste,returned,poor,money,apart
?,cheap,does,small,should,disappointed,okay,broke,return,junk,thought,not,were,but,ok,work,t,did,didn,off,waste,returned,poor,money,apart
?,cheap,does,small,should,disappointed,okay,broke,return,junk,thought,not,were,but,ok,work,t,did,didn,off,waste,returned,poor,money,apart
?,cheap,does,small,should,disappointed,okay,broke,return,junk,thought,not,were,but,ok,work,t,did,didn,off,waste,returned,poor,money,apart
?,cheap,does,small,should,disappointed,okay,broke,return,junk,thought,not,were,but,ok,work,t,did,didn,off,waste,returned,poor,money,apart
?,cheap,does,small,should,disappointed,okay,broke,return,junk,thought,not,were,but,ok,work,t,did,didn,off,waste,returned,poor,money,apart
?,cheap,does,small,should,disappointed,okay,broke,return,junk,thought,not,were,but,ok,work,t,did,didn,off,waste,returned,poor,money,apart
?,cheap,does,small,should,disappointed,okay,broke,return,junk,thought,not,were,but,ok,work,t,did,didn,off,waste,returned,poor,money,apart
?,cheap,does,small,should,disappointed,okay,broke,return,junk,thought,not,were,but,ok,work,t,did,didn,off,waste,returned,poor,money,apart
?,cheap,does,small,should,disappointed,okay,broke,return,junk,thought,not,were,but,ok,work,t,did,didn,off,waste,returned,poor,money,apart
?,cheap,does,small,should,disappointed,okay,broke,return,junk,thought,not,were,but,ok,work,t,did,didn,off,waste,returned,poor,money,apart
?,cheap,does,small,should,disappointed,okay,broke,return,junk,thought,not,were,but,ok,work,t,did,didn,off,waste,returned,poor,money,apart
?,cheap,does,small,should,disappointed,okay,broke,return,junk,thought,not,were,but,ok,work,t,did,didn,off,waste,returned,poor,money,apart
?,cheap,does,small,should,disappointed,okay,broke,return,junk,thought,not,were,but,ok,work,t,did,didn,off,waste,returned,poor,money,apart
?,cheap,does,small,should,disappointed,okay,broke,return,junk,thought,not,were,but,ok,work,t,did,didn,off,waste,returned,poor,money,apart
?,cheap,does,small,should,disappointed,okay,broke,return,junk,thought,not,were,but,ok,work,t,did,didn,off,waste,returned,poor,money,apart
?,cheap,does,small,should,disappointed,okay,broke,return,junk,thought,not,were,but,ok,work,t,did,didn,off,waste,returned,poor,money,apart
?,cheap,does,small,should,disappointed,okay,broke,return,junk,thought,not,were,but,ok,work,t,did,didn,off,waste,returned,poor,money,apart
?,cheap,does,small,should,disappointed,okay,broke,return,junk,thought,not,were,but,ok,work,t,did,didn,off,waste,returned,poor,money,apart
?,cheap,does,small,should,disappointed,okay,broke,return,junk,thought,not,were,but,ok,work,t,did,didn,off,waste,returned,poor,money,apart
?,cheap,does,small,should,disappointed,okay,broke,return,junk,thought,not,were,but,ok,work,t,did,didn,off,waste,returned,poor,money,apart
?,cheap,does,small,should,disappointed,okay,broke,return,junk,thought,not,were,but,ok,work,t,did,didn,off,waste,returned,poor,money,apart
?,cheap,does,small,should,disappointed,okay,broke,return,junk,thought,not,were,but,ok,work,t,did,didn,off,waste,returned,poor,money,apart
?,cheap,does,small,should,disappointed,okay,broke,return,junk,thought,not,were,but,ok,work,t,did,didn,off,waste,returned,poor,money,apart
?,cheap,does,small,should,disappointed,okay,broke,return,junk,thought,not,were,but,ok,work,t,did,didn,off,waste,returned,poor,money,apart
?,cheap,does,small,should,disappointed,okay,broke,return,junk,thought,not,were,but,ok,work,t,did,didn,off,waste,returned,poor,money,apart
?,cheap,does,small,should,disappointed,okay,broke,return,junk,thought,not,were,but,ok,work,t,did,didn,off,waste,returned,poor,money,apart
?,cheap,does,small,should,disappointed,okay,broke,return,junk,thought,not,were,but,ok,work,t,did,didn,off,waste,returned,poor,money,apart
?,cheap,does,small,should,disappointed,okay,broke,return,junk,thought,not,were,but,ok,work,t,did,didn,off,waste,returned,poor,money,apart
?,cheap,does,small,should,disappointed,okay,broke,return,junk,thought,not,were,but,ok,work,t,did,didn,off,waste,returned,poor,money,apart
?,cheap,does,small,should,disappointed,okay,broke,return,junk,thought,not,were,but,ok,work,t,did,didn,off,waste,returned,poor,money,apart
?,cheap,does,small,should,disappointed,okay,broke,return,junk,thought,not,were,but,ok,work,t,did,didn,off,waste,returned,poor,money,apart
?,cheap,does,small,should,disappointed,okay,broke,return,junk,thought,not,were,but,ok,work,t,did,didn,off,waste,returned,poor,money,apart
?,cheap,does,small,should,disappointed,okay,broke,return,junk,thought,not,were,but,ok,work,t,did,didn,off,waste,returned,poor,money,apart
?,cheap,does,small,should,disappointed,okay,broke,return,junk,thought,not,were,but,ok,work,t,did,didn,off,waste,returned,poor,money,apart
?,cheap,does,small,should,disappointed,okay,broke,return,junk,thought,not,were,but,ok,work,t,did,didn,off,waste,returned,poor,money,apart
?,cheap,does,small,should,disappointed,okay,broke,return,junk,thought,not,were,but,ok,work,t,did,didn,off,waste,returned,poor,money,apart
?,cheap,does,small,should,disappointed,okay,broke,return,junk,thought,not,were,but,ok,work,t,did,didn,off,waste,returned,poor,money,apart
?,cheap,does,small,should,disappointed,okay,broke,return,junk,thought,not,were,but,ok,work,t,did,didn,off,waste,returned,poor,money,apart
?,cheap,does,small,should,disappointed,okay,broke,return,junk,thought,not,were,but,ok,work,t,did,didn,off,waste,returned,poor,money,apart
?,cheap,does,small,should,disappointed,okay,broke,return,junk,thought,not,were,but,ok,work,t,did,didn,off,waste,returned,poor,money,apart
?,cheap,does,small,should,disappointed,okay,broke,return,junk,thought,not,were,but,ok,work,t,did,didn,off,waste,returned,poor,money,apart
?,cheap,does,small,should,disappointed,okay,broke,return,junk,thought,not,were,but,ok,work,t,did,didn,off,waste,returned,poor,money,apart
?,cheap,does,small,should,disappointed,okay,broke,return,junk,thought,not,were,but,ok,work,t,did,didn,off,waste,returned,poor,money,apart
?,cheap,does,small,should,disappointed,okay,broke,return,junk,thought,not,were,but,ok,work,t,did,didn,off,waste,returned,poor,money,apart
?,cheap,does,small,should,disappointed,okay,broke,return,junk,thought,not,were,but,ok,work,t,did,didn,off,waste,returned,poor,money,apart
?,cheap,does,small,should,disappointed,okay,broke,return,junk,thought,not,were,but,ok,work,t,did,didn,off,waste,returned,poor,money,apart
?,cheap,does,small,should,disappointed,okay,broke,return,junk,thought,not,were,but,ok,work,t,did,didn,off,waste,returned,poor,money,apart
?,cheap,does,small,should,disappointed,okay,broke,return,junk,thought,not,were,but,ok,work,t,did,didn,off,waste,returned,poor,money,apart
?,cheap,does,small,should,disappointed,okay,broke,return,junk,thought,not,were,but,ok,work,t,did,didn,off,waste,returned,poor,money,apart
?,cheap,does,small,should,disappointed,okay,broke,return,junk,thought,not,were,but,ok,work,t,did,didn,off,waste,returned,poor,money,apart
?,cheap,does,small,should,disappointed,okay,broke,return,junk,thought,not,were,but,ok,work,t,did,didn,off,waste,returned,poor,money,apart
?,cheap,does,small,should,disappointed,okay,broke,return,junk,thought,not,were,but,ok,work,t,did,didn,off,waste,returned,poor,money,apart
?,cheap,does,small,should,disappointed,okay,broke,return,junk,thought,not,were,but,ok,work,t,did,didn,off,waste,returned,poor,money,apart
?,cheap,does,small,should,disappointed,okay,broke,return,junk,thought,not,were,but,ok,work,t,did,didn,off,waste,returned,poor,money,apart
?,cheap,does,small,should,disappointed,okay,broke,return,junk,thought,not,were,but,ok,work,t,did,didn,off,waste,returned,poor,money,apart
?,cheap,does,small,should,disappointed,okay,broke,return,junk,thought,not,were,but,ok,work,t,did,didn,off,waste,returned,poor,money,apart
?,cheap,does,small,should,disappointed,okay,broke,return,junk,thought,not,were,but,ok,work,t,did,didn,off,waste,returned,poor,money,apart
?,cheap,does,small,should,disappointed,okay,broke,return,junk,thought,not,were,but,ok,work,t,did,didn,off,waste,returned,poor,money,apart
?,cheap,does,small,should,disappointed,okay,broke,return,junk,thought,not,were,but,ok,work,t,did,didn,off,waste,returned,poor,money,apart
?,cheap,does,small,should,disappointed,okay,broke,return,junk,thought,not,were,but,ok,work,t,did,didn,off,waste,returned,poor,money,apart
?,cheap,does,small,should,disappointed,okay,broke,return,junk,thought,not,were,but,ok,work,t,did,didn,off,waste,returned,poor,money,apart
?,cheap,does,small,should,disappointed,okay,broke,return,junk,thought,not,were,but,ok,work,t,did,didn,off,waste,returned,poor,money,apart
?,cheap,does,small,should,disappointed,okay,broke,return,junk,thought,not,were,but,ok,work,t,did,didn,off,waste,returned,poor,money,apart
?,cheap,does,small,should,disappointed,okay,broke,return,junk,thought,not,were,but,ok,work,t,did,didn,off,waste,returned,poor,money,apart
?,cheap,does,small,should,disappointed,okay,broke,return,junk,thought,not,were,but,ok,work,t,did,didn,off,waste,returned,poor,money,apart
?,cheap,does,small,should,disappointed,okay,broke,return,junk,thought,not,were,but,ok,work,t,did,didn,off,waste,returned,poor,money,apart
?,cheap,does,small,should,disappointed,okay,broke,return,junk,thought,not,were,but,ok,work,t,did,didn,off,waste,returned,poor,money,apart
?,cheap,does,small,should,disappointed,okay,broke,return,junk,thought,not,were,but,ok,work,t,did,didn,off,waste,returned,poor,money,apart
?,cheap,does,small,should,disappointed,okay,broke,return,junk,thought,not,were,but,ok,work,t,did,didn,off,waste,returned,poor,money,apart
?,cheap,does,small,should,disappointed,okay,broke,return,junk,thought,not,were,but,ok,work,t,did,didn,off,waste,returned,poor,money,apart
?,cheap,does,small,should,disappointed,okay,broke,return,junk,thought,not,were,but,ok,work,t,did,didn,off,waste,returned,poor,money,apart
?,cheap,does,small,should,disappointed,okay,broke,return,junk,thought,not,were,but,ok,work,t,did,didn,off,waste,returned,poor,money,apart
?,cheap,does,small,should,disappointed,okay,broke,return,junk,thought,not,were,but,ok,work,t,did,didn,off,waste,returned,poor,money,apart
?,cheap,does,small,should,disappointed,okay,broke,return,junk,thought,not,were,but,ok,work,t,did,didn,off,waste,returned,poor,money,apart
?,cheap,does,small,should,disappointed,okay,broke,return,junk,thought,not,were,but,ok,work,t,did,didn,off,waste,returned,poor,money,apart
?,cheap,does,small,should,disappointed,okay,broke,return,junk,thought,not,were,but,ok,work,t,did,didn,off,waste,returned,poor,money,apart
?,cheap,does,small,should,disappointed,okay,broke,return,junk,thought,not,were,but,ok,work,t,did,didn,off,waste,returned,poor,money,apart
?,cheap,does,small,should,disappointed,okay,broke,return,junk,thought,not,were,but,ok,work,t,did,didn,off,waste,returned,poor,money,apart
?,cheap,does,small,should,disappointed,okay,broke,return,junk,thought,not,were,but,ok,work,t,did,didn,off,waste,returned,poor,money,apart
?,cheap,does,small,should,disappointed,okay,broke,return,junk,thought,not,were,but,ok,work,t,did,didn,off,waste,returned,poor,money,apart
?,cheap,does,small,should,disappointed,okay,broke,return,junk,thought,not,were,but,ok,work,t,did,didn,off,waste,returned,poor,money,apart
?,cheap,does,small,should,disappointed,okay,broke,return,junk,thought,not,were,but,ok,work,t,did,didn,off,waste,returned,poor,money,apart
?,cheap,does,small,should,disappointed,okay,broke,return,junk,thought,wasn,not,were,but,ok,work,t,did,didn,off,waste,returned,poor,apart
?,cheap,does,small,should,disappointed,okay,broke,return,junk,thought,wasn,not,were,but,ok,work,t,did,didn,off,waste,returned,poor,apart
?,cheap,does,small,should,disappointed,okay,broke,return,junk,thought,wasn,not,were,but,ok,work,t,did,didn,off,waste,returned,poor,apart
?,cheap,does,small,should,disappointed,okay,broke,return,junk,thought,wasn,not,were,but,ok,work,t,did,didn,off,waste,returned,poor,apart
?,cheap,does,small,should,disappointed,okay,broke,return,junk,thought,wasn,not,were,but,ok,work,t,did,didn,off,waste,returned,poor,apart
?,cheap,does,small,should,disappointed,okay,broke,return,junk,thought,wasn,not,were,but,ok,work,t,did,didn,off,waste,returned,poor,apart
?,cheap,does,small,should,disappointed,okay,broke,return,junk,thought,wasn,not,were,but,ok,work,t,did,didn,off,waste,returned,poor,apart
?,cheap,does,small,should,disappointed,okay,broke,return,junk,thought,wasn,not,were,but,ok,work,t,did,didn,off,waste,returned,poor,apart
?,cheap,does,small,should,disappointed,okay,broke,return,junk,thought,wasn,not,were,but,ok,work,t,did,didn,off,waste,returned,poor,apart
?,cheap,does,small,should,disappointed,okay,broke,return,junk,thought,wasn,not,were,but,ok,work,t,did,didn,off,waste,returned,poor,apart
?,cheap,does,small,should,disappointed,okay,broke,return,junk,thought,wasn,not,were,but,ok,work,t,did,didn,off,waste,returned,poor,apart
?,cheap,does,small,should,disappointed,okay,broke,return,junk,thought,wasn,not,were,but,ok,work,t,did,didn,off,waste,returned,poor,apart
?,cheap,does,small,should,disappointed,okay,broke,return,junk,thought,wasn,not,were,but,ok,work,t,did,didn,off,waste,returned,poor,apart
?,cheap,does,small,should,disappointed,okay,broke,return,junk,thought,wasn,not,were,but,ok,work,t,did,didn,off,waste,returned,poor,apart
?,cheap,does,small,should,disappointed,okay,broke,return,junk,thought,wasn,not,were,but,ok,work,t,did,didn,off,waste,returned,poor,apart
?,cheap,does,small,should,disappointed,okay,broke,return,junk,thought,wasn,not,were,but,ok,work,t,did,didn,off,waste,returned,poor,apart
?,cheap,does,small,should,disappointed,okay,broke,return,junk,thought,wasn,not,were,but,ok,work,t,did,didn,off,waste,returned,poor,apart
?,cheap,does,small,should,disappointed,okay,broke,return,junk,thought,wasn,not,were,but,ok,work,t,did,didn,off,waste,returned,poor,apart
?,cheap,does,small,should,disappointed,okay,broke,return,junk,thought,wasn,not,were,but,ok,work,t,did,didn,off,waste,returned,poor,apart
?,cheap,does,small,should,disappointed,okay,broke,return,junk,thought,wasn,not,were,but,ok,work,t,did,didn,off,waste,returned,poor,apart
?,cheap,does,small,should,disappointed,okay,broke,return,junk,thought,wasn,not,were,but,ok,work,t,did,didn,off,waste,returned,poor,apart
?,cheap,does,small,should,disappointed,okay,broke,return,junk,thought,wasn,not,were,but,ok,work,t,did,didn,off,waste,returned,poor,apart
?,cheap,does,small,should,disappointed,okay,broke,return,junk,thought,wasn,not,were,but,ok,work,t,did,didn,off,waste,returned,poor,apart
?,cheap,does,small,should,disappointed,okay,broke,return,junk,thought,wasn,not,were,but,ok,work,t,did,didn,off,waste,returned,poor,apart
?,cheap,does,small,should,disappointed,okay,broke,return,junk,thought,wasn,not,were,but,ok,work,t,did,didn,off,waste,returned,poor,apart
?,cheap,does,small,should,disappointed,okay,broke,return,junk,thought,wasn,not,were,but,ok,work,t,did,didn,off,waste,returned,poor,apart
?,cheap,does,small,should,disappointed,okay,broke,return,junk,thought,wasn,not,were,but,ok,work,t,did,didn,off,waste,returned,poor,apart
?,cheap,does,small,should,disappointed,okay,broke,return,junk,thought,wasn,not,were,but,ok,work,t,did,didn,off,waste,returned,poor,apart
?,cheap,does,small,should,disappointed,okay,broke,return,junk,thought,wasn,not,were,but,ok,work,t,did,didn,off,waste,returned,poor,apart
?,cheap,does,small,should,disappointed,okay,broke,return,junk,thought,wasn,not,were,but,ok,work,t,did,didn,off,waste,returned,poor,apart
?,cheap,does,small,should,disappointed,okay,broke,return,junk,thought,wasn,not,were,but,ok,work,t,did,didn,off,waste,returned,poor,apart
?,cheap,does,small,should,disappointed,okay,broke,return,junk,thought,wasn,not,were,but,ok,work,t,did,didn,off,waste,returned,poor,apart
?,cheap,does,small,should,disappointed,okay,broke,return,junk,thought,wasn,not,were,but,ok,work,t,did,didn,off,waste,returned,poor,apart
?,cheap,does,small,should,disappointed,okay,broke,return,junk,thought,wasn,not,were,but,ok,work,t,did,didn,off,waste,returned,poor,apart
?,cheap,does,small,should,disappointed,okay,broke,return,junk,thought,wasn,not,were,but,ok,work,t,did,didn,off,waste,returned,poor,apart
?,cheap,does,small,should,disappointed,okay,broke,return,junk,thought,wasn,not,were,but,ok,work,t,did,didn,off,waste,returned,poor,apart
?,cheap,does,small,should,disappointed,okay,broke,return,junk,thought,wasn,not,were,but,ok,work,t,did,didn,off,waste,returned,poor,apart
?,cheap,does,small,should,disappointed,okay,broke,return,junk,thought,wasn,not,were,but,ok,work,t,did,didn,off,waste,returned,poor,apart
?,cheap,does,small,should,disappointed,okay,broke,return,junk,thought,wasn,not,were,but,ok,work,t,did,didn,off,waste,returned,poor,apart
?,cheap,does,small,should,disappointed,okay,broke,return,junk,thought,wasn,not,were,but,ok,work,t,did,didn,off,waste,returned,poor,apart
?,cheap,does,small,should,disappointed,okay,broke,return,junk,thought,wasn,not,were,but,ok,work,t,did,didn,off,waste,returned,poor,apart
?,cheap,does,small,should,disappointed,okay,broke,return,junk,thought,wasn,not,were,but,ok,work,t,did,didn,off,waste,returned,poor,apart
?,cheap,does,small,should,disappointed,okay,broke,return,junk,thought,wasn,not,were,but,ok,work,t,did,didn,off,waste,returned,poor,apart
?,cheap,does,small,should,disappointed,okay,broke,return,junk,thought,wasn,not,were,but,ok,work,t,did,didn,off,waste,returned,poor,apart
?,cheap,does,small,should,disappointed,okay,broke,return,junk,thought,wasn,not,were,but,ok,work,t,did,didn,off,waste,returned,poor,apart
?,cheap,does,small,should,disappointed,okay,broke,return,junk,thought,wasn,not,were,but,ok,work,t,did,didn,off,waste,returned,poor,apart
?,cheap,does,small,should,disappointed,okay,broke,return,junk,thought,wasn,not,were,but,ok,work,t,did,didn,off,waste,returned,poor,apart
?,cheap,does,small,should,disappointed,okay,broke,return,junk,thought,wasn,not,were,but,ok,work,t,did,didn,off,waste,returned,poor,apart
?,cheap,does,small,should,disappointed,okay,broke,return,junk,thought,wasn,not,were,but,ok,work,t,did,didn,off,waste,returned,poor,apart
?,cheap,does,small,should,disappointed,okay,broke,return,junk,thought,wasn,not,were,but,ok,work,t,did,didn,off,waste,returned,poor,apart
?,cheap,does,small,should,disappointed,okay,broke,return,junk,thought,wasn,not,were,but,ok,work,t,did,didn,off,waste,returned,poor,apart
?,cheap,does,small,should,disappointed,okay,broke,return,junk,thought,wasn,not,were,but,ok,work,t,did,didn,off,waste,returned,poor,apart
?,cheap,does,small,should,disappointed,okay,broke,return,junk,thought,wasn,not,were,but,ok,work,t,did,didn,off,waste,returned,poor,apart
?,cheap,does,small,should,disappointed,okay,broke,return,junk,thought,wasn,not,were,but,ok,work,t,did,didn,off,waste,returned,poor,apart
?,cheap,does,small,should,disappointed,okay,broke,return,junk,thought,wasn,not,were,but,ok,work,t,did,didn,off,waste,returned,poor,apart
?,cheap,does,small,should,disappointed,okay,broke,return,junk,thought,wasn,not,were,but,ok,work,t,did,didn,off,waste,returned,poor,apart
?,cheap,does,small,should,disappointed,okay,broke,return,junk,thought,wasn,not,were,but,ok,work,t,did,didn,off,waste,returned,poor,apart
?,cheap,does,small,should,disappointed,okay,broke,return,junk,thought,wasn,not,were,but,ok,work,t,did,didn,off,waste,returned,poor,apart
?,cheap,does,small,should,disappointed,okay,broke,return,junk,thought,wasn,not,were,but,ok,work,t,did,didn,off,waste,returned,poor,apart
?,cheap,does,small,should,disappointed,okay,broke,return,junk,thought,wasn,not,were,but,ok,work,t,did,didn,off,waste,returned,poor,apart
?,cheap,does,small,should,disappointed,okay,broke,return,junk,thought,wasn,not,were,but,ok,work,t,did,didn,off,waste,returned,poor,apart
?,cheap,does,small,should,disappointed,okay,broke,return,junk,thought,wasn,not,were,but,ok,work,t,did,didn,off,waste,returned,poor,apart
?,cheap,does,small,should,disappointed,okay,broke,return,junk,thought,wasn,not,were,but,ok,work,t,did,didn,off,waste,returned,poor,apart
?,cheap,does,small,should,disappointed,okay,broke,return,junk,thought,wasn,not,were,but,ok,work,t,did,didn,off,waste,returned,poor,apart
?,cheap,does,small,should,disappointed,okay,broke,return,junk,thought,wasn,not,were,but,ok,work,t,did,didn,off,waste,returned,poor,apart
?,cheap,does,small,should,disappointed,okay,broke,return,junk,thought,wasn,not,were,but,ok,work,t,did,didn,off,waste,returned,poor,apart
?,cheap,does,small,should,disappointed,okay,broke,return,junk,thought,wasn,not,were,but,ok,work,t,did,didn,off,waste,returned,poor,apart
?,cheap,does,small,should,disappointed,okay,broke,return,junk,thought,wasn,not,were,but,ok,work,t,did,didn,off,waste,returned,poor,apart
?,cheap,does,small,should,disappointed,okay,broke,return,junk,thought,wasn,not,were,but,ok,work,t,did,didn,off,waste,returned,poor,apart
?,cheap,does,small,should,disappointed,okay,broke,return,junk,thought,wasn,not,were,but,ok,work,t,did,didn,off,waste,returned,poor,apart
?,cheap,does,small,should,disappointed,okay,broke,return,junk,thought,wasn,not,were,but,ok,work,t,did,didn,off,waste,returned,poor,apart
?,cheap,does,small,should,disappointed,okay,broke,return,junk,thought,wasn,not,were,but,ok,work,t,did,didn,off,waste,returned,poor,apart
?,cheap,does,small,should,disappointed,okay,broke,return,junk,thought,wasn,not,were,but,ok,work,t,did,didn,off,waste,returned,poor,apart
?,cheap,does,small,should,disappointed,okay,broke,return,junk,thought,wasn,not,were,but,ok,work,t,did,didn,off,waste,returned,poor,apart
?,cheap,does,small,should,disappointed,okay,broke,return,junk,thought,wasn,not,were,but,ok,work,t,did,didn,off,waste,returned,poor,apart
?,cheap,does,small,should,disappointed,okay,broke,return,junk,thought,wasn,not,were,but,ok,work,t,did,didn,off,waste,returned,poor,apart
?,cheap,does,small,should,disappointed,okay,broke,return,junk,thought,wasn,not,were,but,ok,work,t,did,didn,off,waste,returned,poor,apart
?,cheap,does,small,should,disappointed,okay,broke,return,junk,thought,wasn,not,were,but,ok,work,t,did,didn,off,waste,returned,poor,apart
?,cheap,does,small,should,disappointed,okay,broke,return,junk,thought,wasn,not,were,but,ok,work,t,did,didn,off,waste,returned,poor,apart
?,cheap,does,small,should,disappointed,okay,broke,return,junk,thought,wasn,not,were,but,ok,work,t,did,didn,off,waste,returned,poor,apart
?,cheap,does,small,should,disappointed,okay,broke,return,junk,thought,wasn,not,were,but,ok,work,t,did,didn,off,waste,returned,poor,apart
?,cheap,does,small,should,disappointed,okay,broke,return,junk,thought,wasn,not,were,but,ok,work,t,did,didn,off,waste,returned,poor,apart
?,cheap,does,small,should,disappointed,okay,broke,return,junk,thought,wasn,not,were,but,ok,work,t,did,didn,off,waste,returned,poor,apart
?,cheap,does,small,should,disappointed,okay,broke,return,junk,thought,wasn,not,were,but,ok,work,t,did,didn,off,waste,returned,poor,apart
?,cheap,does,small,should,disappointed,okay,broke,return,junk,thought,wasn,not,were,but,ok,work,t,did,didn,off,waste,returned,poor,apart
?,cheap,does,small,should,disappointed,okay,broke,return,junk,thought,wasn,not,were,but,ok,work,t,did,didn,off,waste,returned,poor,apart
?,cheap,does,small,should,disappointed,okay,broke,return,junk,thought,wasn,not,were,but,ok,work,t,did,didn,off,waste,returned,poor,apart
?,cheap,does,small,should,disappointed,okay,broke,return,junk,thought,wasn,not,were,but,ok,work,t,did,didn,off,waste,returned,poor,apart
?,cheap,does,small,should,disappointed,okay,broke,return,junk,thought,wasn,not,were,but,ok,work,t,did,didn,off,waste,returned,poor,apart
?,cheap,does,small,should,disappointed,okay,broke,return,junk,thought,wasn,not,were,but,ok,work,t,did,didn,off,waste,returned,poor,apart
?,cheap,does,small,should,disappointed,okay,broke,return,junk,thought,wasn,not,were,but,ok,work,t,did,didn,off,waste,returned,poor,apart
?,cheap,does,small,should,disappointed,okay,broke,return,junk,thought,wasn,not,were,but,ok,work,t,did,didn,off,waste,returned,poor,apart
?,cheap,does,small,should,disappointed,okay,broke,return,junk,thought,wasn,not,were,but,ok,work,t,did,didn,off,waste,returned,poor,apart
?,cheap,does,small,should,disappointed,okay,broke,return,junk,thought,wasn,not,were,but,ok,work,t,did,didn,off,waste,returned,poor,apart
?,cheap,does,small,should,disappointed,okay,broke,return,junk,thought,wasn,not,were,but,ok,work,t,did,didn,off,waste,returned,poor,apart
?,cheap,does,small,should,disappointed,okay,broke,return,junk,thought,wasn,not,were,but,ok,work,t,did,didn,off,waste,returned,poor,apart
?,cheap,does,small,should,disappointed,okay,broke,return,junk,thought,wasn,not,were,but,ok,work,t,did,didn,off,waste,returned,poor,apart
?,cheap,does,small,should,disappointed,okay,broke,return,junk,thought,wasn,not,were,but,ok,work,t,did,didn,off,waste,returned,poor,apart
?,cheap,does,small,should,disappointed,okay,broke,return,junk,thought,wasn,not,were,but,ok,work,t,did,didn,off,waste,returned,poor,apart
?,cheap,does,small,should,disappointed,okay,broke,return,junk,thought,wasn,not,were,but,ok,work,t,did,didn,off,waste,returned,poor,apart
?,cheap,does,small,should,disappointed,okay,broke,return,junk,thought,wasn,not,were,but,ok,work,t,did,didn,off,waste,returned,poor,apart
?,cheap,does,small,should,disappointed,okay,broke,return,junk,thought,wasn,not,were,but,ok,work,t,did,didn,off,waste,returned,poor,apart
?,cheap,does,small,should,disappointed,okay,broke,return,junk,thought,wasn,not,were,but,ok,work,t,did,didn,off,waste,returned,poor,apart
?,cheap,does,small,should,disappointed,okay,broke,return,junk,thought,wasn,not,were,but,ok,work,t,did,didn,off,waste,returned,poor,apart
?,cheap,does,small,should,disappointed,okay,broke,return,junk,thought,wasn,not,were,but,ok,work,t,did,didn,off,waste,returned,poor,apart
?,cheap,does,small,should,disappointed,okay,broke,return,junk,thought,wasn,not,were,but,ok,work,t,did,didn,off,waste,returned,poor,apart
?,cheap,does,small,should,disappointed,okay,broke,return,junk,thought,wasn,not,were,but,ok,work,t,did,didn,off,waste,returned,poor,apart
?,cheap,does,small,should,disappointed,okay,broke,return,junk,thought,wasn,not,were,but,ok,work,t,did,didn,off,waste,returned,poor,apart
?,cheap,does,small,should,disappointed,okay,broke,return,junk,thought,wasn,not,were,but,ok,work,t,did,didn,off,waste,returned,poor,apart
?,cheap,does,small,should,disappointed,okay,broke,return,junk,thought,wasn,not,were,but,ok,work,t,did,didn,off,waste,returned,poor,apart
?,cheap,does,small,should,disappointed,okay,broke,return,junk,thought,wasn,not,were,but,ok,work,t,did,didn,off,waste,returned,poor,apart
?,cheap,does,small,should,disappointed,okay,broke,return,junk,thought,wasn,not,were,but,ok,work,t,did,didn,off,waste,returned,poor,apart
?,cheap,does,small,should,disappointed,okay,broke,return,junk,thought,wasn,not,were,but,ok,work,t,did,didn,off,waste,returned,poor,apart
?,cheap,does,small,should,disappointed,okay,broke,return,junk,thought,wasn,not,were,but,ok,work,t,did,didn,off,waste,returned,poor,apart
?,cheap,does,small,should,disappointed,okay,broke,return,junk,thought,wasn,not,were,but,ok,work,t,did,didn,off,waste,returned,poor,apart
?,cheap,does,small,should,disappointed,okay,broke,return,junk,thought,wasn,not,were,but,ok,work,t,did,didn,off,waste,returned,poor,apart
?,cheap,does,small,should,disappointed,okay,broke,return,junk,thought,wasn,not,were,but,ok,work,t,did,didn,off,waste,returned,poor,apart
?,cheap,does,small,should,disappointed,okay,broke,return,junk,thought,wasn,not,were,but,ok,work,t,did,didn,off,waste,returned,poor,apart
?,cheap,does,small,should,disappointed,okay,broke,return,junk,thought,wasn,not,were,but,ok,work,t,did,didn,off,waste,returned,poor,apart
?,cheap,does,small,should,disappointed,okay,broke,return,junk,thought,wasn,not,were,but,ok,work,t,did,didn,off,waste,returned,poor,apart
?,cheap,does,small,should,disappointed,okay,broke,return,junk,thought,wasn,not,were,but,ok,work,t,did,didn,off,waste,returned,poor,apart
?,cheap,does,small,should,disappointed,okay,broke,return,junk,thought,wasn,not,were,but,ok,work,t,did,didn,off,waste,returned,poor,apart
?,cheap,does,small,should,disappointed,okay,broke,return,junk,thought,wasn,not,were,but,ok,work,t,did,didn,off,waste,returned,poor,apart
?,cheap,does,small,should,disappointed,okay,broke,return,junk,thought,wasn,not,were,but,ok,work,t,did,didn,off,waste,returned,poor,apart
?,cheap,does,small,should,disappointed,okay,broke,return,junk,thought,wasn,not,were,but,ok,work,t,did,didn,off,waste,returned,poor,apart
?,cheap,does,small,should,disappointed,okay,broke,return,junk,thought,wasn,not,were,but,ok,work,t,did,didn,off,waste,returned,poor,apart
?,cheap,does,small,should,disappointed,okay,broke,return,junk,thought,wasn,not,were,but,ok,work,t,did,didn,off,waste,returned,poor,apart
?,cheap,does,small,should,disappointed,okay,broke,return,junk,thought,wasn,not,were,but,ok,work,t,did,didn,off,waste,returned,poor,apart
?,cheap,does,small,should,disappointed,okay,broke,return,junk,thought,wasn,not,were,but,ok,work,t,did,didn,off,waste,returned,poor,apart
?,cheap,does,small,should,disappointed,okay,broke,return,junk,thought,wasn,not,were,but,ok,work,t,did,didn,off,waste,returned,poor,apart
?,cheap,does,small,should,disappointed,okay,broke,return,junk,thought,wasn,not,were,but,ok,work,t,did,didn,off,waste,returned,poor,apart
?,cheap,does,small,should,disappointed,okay,broke,return,junk,thought,wasn,not,were,but,ok,work,t,did,didn,off,waste,returned,poor,apart
?,cheap,does,small,should,disappointed,okay,broke,return,junk,thought,wasn,not,were,but,ok,work,t,did,didn,off,waste,returned,poor,apart
?,cheap,does,small,should,disappointed,okay,broke,return,junk,thought,wasn,not,were,but,ok,work,t,did,didn,off,waste,returned,poor,apart
?,cheap,does,small,should,disappointed,okay,broke,return,junk,thought,wasn,not,were,but,ok,work,t,did,didn,off,waste,returned,poor,apart
?,cheap,does,small,should,disappointed,okay,broke,return,junk,thought,wasn,not,were,but,ok,work,t,did,didn,off,waste,returned,poor,apart
?,cheap,does,small,should,disappointed,okay,broke,return,junk,thought,wasn,not,were,but,ok,work,t,did,didn,off,waste,returned,poor,apart
?,cheap,does,small,should,disappointed,okay,broke,return,junk,thought,wasn,not,were,but,ok,work,t,did,didn,off,waste,returned,poor,apart
?,cheap,does,small,should,disappointed,okay,broke,return,junk,thought,wasn,not,were,but,ok,work,t,did,didn,off,waste,returned,poor,apart
?,cheap,does,small,should,disappointed,okay,broke,return,junk,thought,wasn,not,were,but,ok,work,t,did,didn,off,waste,returned,poor,apart
?,cheap,does,small,should,disappointed,okay,broke,return,junk,thought,wasn,not,were,but,ok,work,t,did,didn,off,waste,returned,poor,apart
?,cheap,does,small,should,disappointed,okay,broke,return,junk,thought,wasn,not,were,but,ok,work,t,did,didn,off,waste,returned,poor,apart
?,cheap,does,small,should,disappointed,okay,broke,return,junk,thought,wasn,not,were,but,ok,work,t,did,didn,off,waste,returned,poor,apart
?,cheap,does,small,should,disappointed,okay,broke,return,junk,thought,wasn,not,were,but,ok,work,t,did,didn,off,waste,returned,poor,apart
?,cheap,does,small,should,disappointed,okay,broke,return,junk,thought,wasn,not,were,but,ok,work,t,did,didn,off,waste,returned,poor,apart
?,cheap,does,small,should,disappointed,okay,broke,return,junk,thought,wasn,not,were,but,ok,work,t,did,didn,off,waste,returned,poor,apart
?,cheap,does,small,should,disappointed,okay,broke,return,junk,thought,wasn,not,were,but,ok,work,t,did,didn,off,waste,returned,poor,apart
?,cheap,does,small,should,disappointed,okay,broke,return,junk,thought,wasn,not,were,but,ok,work,t,did,didn,off,waste,returned,poor,apart
?,cheap,does,small,should,disappointed,okay,broke,return,junk,thought,wasn,not,were,but,ok,work,t,did,didn,off,waste,returned,poor,apart
?,cheap,does,small,should,disappointed,okay,broke,return,junk,thought,wasn,not,were,but,ok,work,t,did,didn,off,waste,returned,poor,apart
?,cheap,does,small,should,disappointed,okay,broke,return,junk,thought,wasn,not,were,but,ok,work,t,did,didn,off,waste,returned,poor,apart
?,cheap,does,small,should,disappointed,okay,broke,return,junk,thought,wasn,not,were,but,ok,work,t,did,didn,off,waste,returned,poor,apart
?,cheap,does,small,should,disappointed,okay,broke,return,junk,thought,wasn,not,were,but,ok,work,t,did,didn,off,waste,returned,poor,apart
?,cheap,does,small,should,disappointed,okay,broke,return,junk,thought,wasn,not,were,but,ok,work,t,did,didn,off,waste,returned,poor,apart
?,cheap,does,small,should,disappointed,okay,broke,return,junk,thought,wasn,not,were,but,ok,work,t,did,didn,off,waste,returned,poor,apart
?,cheap,does,small,should,disappointed,okay,broke,return,junk,thought,wasn,not,were,but,ok,work,t,did,didn,off,waste,returned,poor,apart
?,cheap,does,small,should,disappointed,okay,broke,return,junk,thought,wasn,not,were,but,ok,work,t,did,didn,off,waste,returned,poor,apart
?,cheap,does,small,should,disappointed,okay,broke,return,junk,thought,wasn,not,were,but,ok,work,t,did,didn,off,waste,returned,poor,apart
?,cheap,does,small,should,disappointed,okay,broke,return,junk,thought,wasn,not,were,but,ok,work,t,did,didn,off,waste,returned,poor,apart
?,cheap,does,small,should,disappointed,okay,broke,return,junk,thought,wasn,not,were,but,ok,work,t,did,didn,off,waste,returned,poor,apart
?,cheap,does,small,should,disappointed,okay,broke,return,junk,thought,wasn,not,were,but,ok,work,t,did,didn,off,waste,returned,poor,apart
?,cheap,does,small,should,disappointed,okay,broke,return,junk,thought,wasn,not,were,but,ok,work,t,did,didn,off,waste,returned,poor,apart
?,cheap,does,small,should,disappointed,okay,broke,return,junk,thought,wasn,not,were,but,ok,work,t,did,didn,off,waste,returned,poor,apart
?,cheap,does,small,should,disappointed,okay,broke,return,junk,thought,wasn,not,were,but,ok,work,t,did,didn,off,waste,returned,poor,apart
?,cheap,does,small,should,disappointed,okay,broke,return,junk,thought,wasn,not,were,but,ok,work,t,did,didn,off,waste,returned,poor,apart
?,cheap,does,small,should,disappointed,okay,broke,return,junk,thought,wasn,not,were,but,ok,work,t,did,didn,off,waste,returned,poor,apart
?,cheap,does,small,should,disappointed,okay,broke,return,junk,thought,wasn,not,were,but,ok,work,t,did,didn,off,waste,returned,poor,apart
?,cheap,does,small,should,disappointed,okay,broke,return,junk,thought,wasn,not,were,but,ok,work,t,did,didn,off,waste,returned,poor,apart
?,cheap,does,small,should,disappointed,okay,broke,return,junk,thought,wasn,not,were,but,ok,work,t,did,didn,off,waste,returned,poor,apart
?,cheap,does,small,should,disappointed,okay,broke,return,junk,thought,wasn,not,were,but,ok,work,t,did,didn,off,waste,returned,poor,apart
?,cheap,does,small,should,disappointed,okay,broke,return,junk,thought,wasn,not,were,but,ok,work,t,did,didn,off,waste,returned,poor,apart
?,cheap,does,small,should,disappointed,okay,broke,return,junk,thought,wasn,not,were,but,ok,work,t,did,didn,off,waste,returned,poor,apart
?,cheap,does,small,should,disappointed,okay,broke,return,junk,thought,wasn,not,were,but,ok,work,t,did,didn,off,waste,returned,poor,apart
?,cheap,does,small,should,disappointed,okay,broke,return,junk,thought,wasn,not,were,but,ok,work,t,did,didn,off,waste,returned,poor,apart
?,cheap,does,small,should,disappointed,okay,broke,return,junk,thought,wasn,not,were,but,ok,work,t,did,didn,off,waste,returned,poor,apart
?,cheap,does,small,should,disappointed,okay,broke,return,junk,thought,wasn,not,were,but,ok,work,t,did,didn,off,waste,returned,poor,apart
?,cheap,does,small,should,disappointed,okay,broke,return,junk,thought,wasn,not,were,but,ok,work,t,did,didn,off,waste,returned,poor,apart
?,cheap,does,small,should,disappointed,okay,broke,return,junk,thought,wasn,not,were,but,ok,work,t,did,didn,off,waste,returned,poor,apart
?,cheap,does,small,should,disappointed,okay,broke,return,junk,thought,wasn,not,were,but,ok,work,t,did,didn,off,waste,returned,poor,apart
?,cheap,does,small,should,disappointed,okay,broke,return,junk,thought,wasn,not,were,but,ok,work,t,did,didn,off,waste,returned,poor,apart
?,cheap,does,small,should,disappointed,okay,broke,return,junk,thought,wasn,not,were,but,ok,work,t,did,didn,off,waste,returned,poor,apart
?,cheap,does,small,should,disappointed,okay,broke,return,junk,thought,wasn,not,were,but,ok,work,t,did,didn,off,waste,returned,poor,apart
?,cheap,does,small,should,disappointed,okay,broke,return,junk,thought,wasn,not,were,but,ok,work,t,did,didn,off,waste,returned,poor,apart
?,cheap,does,small,should,disappointed,okay,broke,return,junk,thought,wasn,not,were,but,ok,work,t,did,didn,off,waste,returned,poor,apart
?,cheap,does,small,should,disappointed,okay,broke,return,junk,thought,wasn,not,were,but,ok,work,t,did,didn,off,waste,returned,poor,apart
?,cheap,does,small,should,disappointed,okay,broke,return,junk,thought,wasn,not,were,but,ok,work,t,did,didn,off,waste,returned,poor,apart
?,cheap,does,small,should,disappointed,okay,broke,return,junk,thought,wasn,not,were,but,ok,work,t,did,didn,off,waste,returned,poor,apart
?,cheap,does,small,should,disappointed,okay,broke,return,junk,thought,wasn,not,were,but,ok,work,t,did,didn,off,waste,returned,poor,apart
?,cheap,does,small,should,disappointed,okay,broke,return,junk,thought,wasn,not,were,but,ok,work,t,did,didn,off,waste,returned,poor,apart
?,cheap,does,small,should,disappointed,okay,broke,return,junk,thought,wasn,not,were,but,ok,work,t,did,didn,off,waste,returned,poor,apart
?,cheap,does,small,should,disappointed,okay,broke,return,junk,thought,wasn,not,were,but,ok,work,t,did,didn,off,waste,returned,poor,apart
?,cheap,does,small,should,disappointed,okay,broke,return,junk,thought,wasn,not,were,but,ok,work,t,did,didn,off,waste,returned,poor,apart
?,cheap,does,small,should,disappointed,okay,broke,return,junk,thought,wasn,not,were,but,ok,work,t,did,didn,off,waste,returned,poor,apart
?,cheap,does,small,should,disappointed,okay,broke,return,junk,thought,wasn,not,were,but,ok,work,t,did,didn,off,waste,returned,poor,apart
?,cheap,does,small,should,disappointed,okay,broke,return,junk,thought,wasn,not,were,but,ok,work,t,did,didn,off,waste,returned,poor,apart
?,cheap,does,small,should,disappointed,okay,broke,return,junk,thought,wasn,not,were,but,ok,work,t,did,didn,off,waste,returned,poor,apart
?,cheap,does,small,should,disappointed,okay,broke,return,junk,thought,wasn,not,were,but,ok,work,t,did,didn,off,waste,returned,poor,apart
?,cheap,does,small,should,disappointed,okay,broke,return,junk,thought,wasn,not,were,but,ok,work,t,did,didn,off,waste,returned,poor,apart
?,cheap,does,small,should,disappointed,okay,broke,return,junk,thought,wasn,not,were,but,ok,work,t,did,didn,off,waste,returned,poor,apart
?,cheap,does,small,should,disappointed,okay,broke,return,junk,thought,wasn,not,were,but,ok,work,t,did,didn,off,waste,returned,poor,apart
?,cheap,does,small,should,disappointed,okay,broke,return,junk,thought,wasn,not,were,but,ok,work,t,did,didn,off,waste,returned,poor,apart
?,cheap,does,small,should,disappointed,okay,broke,return,junk,thought,wasn,not,were,but,ok,work,t,did,didn,off,waste,returned,poor,apart
?,cheap,does,small,should,disappointed,okay,broke,return,junk,thought,wasn,not,were,but,ok,work,t,did,didn,off,waste,returned,poor,apart
?,cheap,does,small,should,disappointed,okay,broke,return,junk,thought,wasn,not,were,but,ok,work,t,did,didn,off,waste,returned,poor,apart
?,cheap,does,small,should,disappointed,okay,broke,return,junk,thought,wasn,not,were,but,ok,work,t,did,didn,off,waste,returned,poor,apart
?,cheap,does,small,should,disappointed,okay,broke,return,junk,thought,wasn,not,were,but,ok,work,t,did,didn,off,waste,returned,poor,apart
?,cheap,does,small,should,disappointed,okay,broke,return,junk,thought,wasn,not,were,but,ok,work,t,did,didn,off,waste,returned,poor,apart
?,cheap,does,small,should,disappointed,okay,broke,return,junk,thought,wasn,not,were,but,ok,work,t,did,didn,off,waste,returned,poor,apart
?,cheap,does,small,should,disappointed,okay,broke,return,junk,thought,wasn,not,were,but,ok,work,t,did,didn,off,waste,returned,poor,apart
?,cheap,does,small,should,disappointed,okay,broke,return,junk,thought,wasn,not,were,but,ok,work,t,did,didn,off,waste,returned,poor,apart
?,cheap,does,small,should,disappointed,okay,broke,return,junk,thought,wasn,not,were,but,ok,work,t,did,didn,off,waste,returned,poor,apart
?,cheap,does,small,should,disappointed,okay,broke,return,junk,thought,wasn,not,were,but,ok,work,t,did,didn,off,waste,returned,poor,apart
?,cheap,does,small,should,disappointed,okay,broke,return,junk,thought,wasn,not,were,but,ok,work,t,did,didn,off,waste,returned,poor,apart
?,cheap,does,small,should,disappointed,okay,broke,return,junk,thought,wasn,not,were,but,ok,work,t,did,didn,off,waste,returned,poor,apart
?,cheap,does,small,should,disappointed,okay,broke,return,junk,thought,wasn,not,$,but,ok,work,t,did,didn,off,waste,returned,poor,apart
?,cheap,does,small,should,disappointed,okay,broke,return,junk,thought,wasn,not,$,but,ok,work,t,did,didn,off,waste,returned,poor,apart
?,cheap,does,small,should,disappointed,okay,broke,junk,thought,wasn,not,$,were,but,ok,work,t,did,didn,off,waste,returned,poor,apart
?,cheap,does,small,should,disappointed,okay,broke,junk,thought,wasn,not,$,were,but,ok,work,t,did,didn,off,waste,returned,poor,apart
?,cheap,does,small,should,disappointed,okay,broke,junk,thought,wasn,not,$,were,but,ok,work,t,did,didn,off,waste,returned,poor,apart
?,cheap,does,small,should,disappointed,okay,broke,junk,thought,wasn,not,$,were,but,ok,work,t,did,didn,off,waste,returned,poor,apart
?,cheap,does,small,should,disappointed,okay,broke,junk,thought,wasn,not,$,were,but,ok,work,t,did,didn,off,waste,returned,poor,apart
?,cheap,does,small,should,disappointed,okay,broke,junk,thought,wasn,not,$,were,but,ok,work,t,did,didn,off,waste,returned,poor,apart
?,cheap,does,small,should,disappointed,okay,broke,junk,thought,wasn,not,$,were,but,ok,work,t,did,didn,off,waste,returned,poor,apart
?,cheap,does,small,should,disappointed,okay,broke,junk,thought,wasn,not,$,were,but,ok,work,t,did,didn,off,waste,returned,poor,apart
?,cheap,does,small,should,disappointed,okay,broke,junk,thought,wasn,not,$,were,but,ok,work,t,did,didn,off,waste,returned,poor,apart
?,cheap,does,small,should,disappointed,okay,broke,junk,thought,wasn,not,$,were,but,ok,work,t,did,didn,off,waste,returned,poor,apart
?,cheap,does,small,should,disappointed,okay,broke,junk,thought,wasn,not,$,were,but,ok,work,t,did,didn,off,waste,returned,poor,apart
?,cheap,does,small,should,disappointed,okay,broke,junk,thought,wasn,not,$,were,but,ok,work,t,did,didn,off,waste,returned,poor,apart
?,cheap,does,small,should,disappointed,okay,broke,junk,thought,wasn,not,$,were,but,ok,work,t,did,didn,off,waste,returned,poor,apart
?,cheap,does,small,should,disappointed,okay,broke,junk,thought,wasn,not,$,were,but,ok,work,t,did,didn,off,waste,returned,poor,apart
?,cheap,does,small,should,disappointed,okay,broke,junk,thought,wasn,not,$,were,but,ok,work,t,did,didn,off,waste,returned,poor,apart
?,cheap,does,small,should,disappointed,okay,broke,junk,thought,wasn,not,$,were,but,ok,work,t,did,didn,off,waste,returned,poor,apart
?,cheap,does,small,should,disappointed,okay,broke,junk,thought,wasn,not,$,were,but,ok,work,t,did,didn,off,waste,returned,poor,apart
?,cheap,does,small,should,disappointed,okay,broke,junk,thought,wasn,not,$,were,but,ok,work,t,did,didn,off,waste,returned,poor,apart
?,cheap,does,small,should,disappointed,okay,broke,junk,thought,wasn,not,$,were,but,ok,work,t,did,didn,off,waste,returned,poor,apart
?,cheap,does,small,should,disappointed,okay,broke,junk,thought,wasn,not,$,were,but,ok,work,t,did,didn,off,waste,returned,poor,apart
?,cheap,does,small,should,disappointed,okay,broke,junk,thought,wasn,not,$,were,but,ok,work,t,did,didn,off,waste,returned,poor,apart
?,cheap,does,small,should,disappointed,okay,broke,junk,thought,wasn,not,$,were,but,ok,work,t,did,didn,off,waste,returned,poor,apart
?,cheap,does,small,should,disappointed,okay,broke,junk,thought,wasn,not,$,were,but,ok,work,t,did,didn,off,waste,returned,poor,apart
?,cheap,does,small,should,disappointed,okay,broke,junk,thought,wasn,not,$,were,but,ok,work,t,did,didn,off,waste,returned,poor,apart
?,cheap,does,small,should,disappointed,okay,broke,junk,thought,wasn,not,$,were,but,ok,work,t,did,didn,off,waste,returned,poor,apart
?,cheap,does,small,should,disappointed,okay,broke,junk,thought,wasn,not,$,were,but,ok,work,t,did,didn,off,waste,returned,poor,apart
?,cheap,does,small,should,disappointed,okay,broke,junk,thought,wasn,not,$,were,but,ok,work,t,did,didn,off,waste,returned,poor,apart
?,cheap,does,small,should,disappointed,okay,broke,junk,thought,wasn,not,$,were,but,ok,work,t,did,didn,off,waste,returned,poor,apart
?,cheap,does,small,should,disappointed,okay,broke,junk,thought,wasn,not,$,were,but,ok,work,t,did,didn,off,waste,returned,poor,apart
?,cheap,does,small,should,disappointed,okay,broke,junk,thought,wasn,not,$,were,but,ok,work,t,did,didn,off,waste,returned,poor,apart
?,cheap,does,small,should,disappointed,okay,broke,junk,thought,wasn,not,$,were,but,ok,work,t,did,didn,off,waste,returned,poor,apart
?,cheap,does,small,should,disappointed,okay,broke,junk,thought,wasn,not,$,were,but,ok,work,t,did,didn,off,waste,returned,poor,apart
?,cheap,does,small,should,disappointed,okay,broke,junk,thought,wasn,not,$,were,but,ok,work,t,did,didn,off,waste,returned,poor,apart
?,cheap,does,small,should,disappointed,okay,broke,junk,thought,wasn,not,$,were,but,ok,work,t,did,didn,off,waste,returned,poor,apart
?,cheap,does,small,should,disappointed,okay,broke,junk,thought,wasn,not,$,were,but,ok,work,t,did,didn,off,waste,returned,poor,apart
?,cheap,does,small,should,disappointed,okay,broke,junk,thought,wasn,not,$,were,but,ok,work,t,did,didn,off,waste,returned,poor,apart
?,cheap,does,small,should,disappointed,okay,broke,junk,thought,wasn,not,$,were,but,ok,work,t,did,didn,off,waste,returned,poor,apart
?,cheap,does,small,should,disappointed,okay,broke,junk,thought,wasn,not,$,were,but,ok,work,t,did,didn,off,waste,returned,poor,apart
?,cheap,does,small,should,disappointed,okay,broke,junk,thought,wasn,not,$,were,but,ok,work,t,did,didn,off,waste,returned,poor,apart
?,cheap,does,small,should,disappointed,okay,broke,junk,thought,wasn,not,$,were,but,ok,work,t,did,didn,off,waste,returned,poor,apart
?,cheap,does,small,should,disappointed,okay,broke,junk,thought,wasn,not,$,were,but,ok,work,t,did,didn,off,waste,returned,poor,apart
?,cheap,does,small,should,disappointed,okay,broke,junk,thought,wasn,not,$,were,but,ok,work,t,did,didn,off,waste,returned,poor,apart
?,cheap,does,small,should,disappointed,okay,broke,junk,thought,wasn,not,$,were,but,ok,work,t,did,didn,off,waste,returned,poor,apart
?,cheap,does,small,should,disappointed,okay,broke,junk,thought,wasn,not,$,were,but,ok,work,t,did,didn,off,waste,returned,poor,apart
?,cheap,does,small,should,disappointed,okay,broke,junk,thought,wasn,not,$,were,but,ok,work,t,did,didn,off,waste,returned,poor,apart
?,cheap,does,small,should,disappointed,okay,broke,junk,thought,wasn,not,$,were,but,ok,work,t,did,didn,off,waste,returned,poor,apart
?,cheap,does,small,should,disappointed,okay,broke,junk,thought,wasn,not,$,were,but,ok,work,t,did,didn,off,waste,returned,poor,apart
?,cheap,does,small,should,disappointed,okay,broke,junk,thought,wasn,not,$,were,but,ok,work,t,did,didn,off,waste,returned,poor,apart
?,cheap,does,small,should,disappointed,okay,broke,junk,thought,wasn,not,$,were,but,ok,work,t,did,didn,off,waste,returned,poor,apart
?,cheap,does,small,should,disappointed,okay,broke,junk,thought,wasn,not,$,were,but,ok,work,t,did,didn,off,waste,returned,poor,apart
?,cheap,does,small,should,disappointed,okay,broke,junk,thought,wasn,not,$,were,but,ok,work,t,did,didn,off,waste,returned,poor,apart
?,cheap,does,small,should,disappointed,okay,broke,junk,thought,wasn,not,$,were,but,ok,work,t,did,didn,off,waste,returned,poor,apart
?,cheap,does,small,should,disappointed,okay,broke,junk,thought,wasn,not,$,were,but,ok,work,t,did,didn,off,waste,returned,poor,apart
?,cheap,does,small,should,disappointed,okay,broke,junk,thought,wasn,not,$,were,but,ok,work,t,did,didn,off,waste,returned,poor,apart
?,cheap,does,small,should,disappointed,okay,broke,junk,thought,wasn,not,$,were,but,ok,work,t,did,didn,off,waste,returned,poor,apart
?,cheap,does,small,should,disappointed,okay,broke,junk,thought,wasn,not,$,were,but,ok,work,t,did,didn,off,waste,returned,poor,apart
?,cheap,does,small,should,disappointed,okay,broke,junk,thought,wasn,not,$,were,but,ok,work,t,did,didn,off,waste,returned,poor,apart
?,cheap,does,small,should,disappointed,okay,broke,junk,thought,wasn,not,$,were,but,ok,work,t,did,didn,off,waste,returned,poor,apart
?,cheap,does,small,should,disappointed,okay,broke,junk,thought,wasn,not,$,were,but,ok,work,t,did,didn,off,waste,returned,poor,apart
?,cheap,does,small,should,disappointed,okay,broke,junk,thought,wasn,not,$,were,but,ok,work,t,did,didn,off,waste,returned,poor,apart
?,cheap,does,small,should,disappointed,okay,broke,junk,thought,wasn,not,$,were,but,ok,work,t,did,didn,off,waste,returned,poor,apart
?,cheap,does,small,should,disappointed,okay,broke,junk,thought,wasn,not,$,were,but,ok,work,t,did,didn,off,waste,returned,poor,apart
?,cheap,does,small,should,disappointed,okay,broke,junk,thought,wasn,not,$,were,but,ok,work,t,did,didn,off,waste,returned,poor,apart
?,cheap,does,small,should,disappointed,okay,broke,junk,thought,wasn,not,$,were,but,ok,work,t,did,didn,off,waste,returned,poor,apart
?,cheap,does,small,should,disappointed,okay,broke,junk,thought,wasn,not,$,were,but,ok,work,t,did,didn,off,waste,returned,poor,apart
?,cheap,does,small,should,disappointed,okay,broke,junk,thought,wasn,not,$,were,but,ok,work,t,did,didn,off,waste,returned,poor,apart
?,cheap,does,small,should,disappointed,okay,broke,junk,thought,wasn,not,$,were,but,ok,work,t,did,didn,off,waste,returned,poor,apart
?,cheap,does,small,should,disappointed,okay,broke,junk,thought,wasn,not,$,were,but,ok,work,t,did,didn,off,waste,returned,poor,apart
?,cheap,does,small,should,disappointed,okay,broke,junk,thought,wasn,not,$,were,but,ok,work,t,did,didn,off,waste,returned,poor,apart
?,cheap,does,small,should,disappointed,okay,broke,junk,thought,wasn,not,$,were,but,ok,work,t,did,didn,off,waste,returned,poor,apart
?,cheap,does,small,should,disappointed,okay,broke,junk,thought,wasn,not,$,were,but,ok,work,t,did,didn,off,waste,returned,poor,apart
?,cheap,does,small,should,disappointed,okay,broke,junk,thought,wasn,not,$,were,but,ok,work,t,did,didn,off,waste,returned,poor,apart
?,cheap,does,small,should,disappointed,okay,broke,junk,thought,wasn,not,$,were,but,ok,work,t,did,didn,off,waste,returned,poor,apart
?,cheap,does,small,should,disappointed,okay,broke,junk,thought,wasn,not,$,were,but,ok,work,t,did,didn,off,waste,returned,poor,apart
?,cheap,does,small,should,disappointed,okay,broke,junk,thought,wasn,not,$,were,but,ok,work,t,did,didn,off,waste,returned,poor,apart
?,cheap,does,small,should,disappointed,okay,broke,junk,thought,wasn,not,$,were,but,ok,work,t,did,didn,off,waste,returned,poor,apart
?,cheap,does,small,should,disappointed,okay,broke,junk,thought,wasn,not,$,were,but,ok,work,t,did,didn,off,waste,returned,poor,apart
?,cheap,does,small,should,disappointed,okay,broke,junk,thought,wasn,not,$,were,but,ok,work,t,did,didn,off,waste,returned,poor,apart
?,cheap,does,small,should,disappointed,okay,broke,junk,thought,wasn,not,$,were,but,ok,work,t,did,didn,off,waste,returned,poor,apart
?,cheap,does,small,should,disappointed,okay,broke,junk,thought,wasn,not,$,were,but,ok,work,t,did,didn,off,waste,returned,poor,apart
?,cheap,does,small,should,disappointed,okay,broke,junk,thought,wasn,not,$,were,but,ok,work,t,did,didn,off,waste,returned,poor,apart
?,cheap,does,small,should,disappointed,okay,broke,junk,thought,wasn,not,$,were,but,ok,work,t,did,didn,off,waste,returned,poor,apart
?,cheap,does,small,should,disappointed,okay,broke,junk,thought,wasn,not,$,were,but,ok,work,t,did,didn,off,waste,returned,poor,apart
?,cheap,does,small,should,disappointed,okay,broke,junk,thought,wasn,not,$,were,but,ok,work,t,did,didn,off,waste,returned,poor,apart
?,cheap,does,small,should,disappointed,okay,broke,junk,thought,wasn,not,$,were,but,ok,work,t,did,didn,off,waste,returned,poor,apart
?,cheap,does,small,should,disappointed,okay,broke,junk,thought,wasn,not,$,were,but,ok,work,t,did,didn,off,waste,returned,poor,apart
?,cheap,does,small,should,disappointed,okay,broke,junk,thought,wasn,not,$,were,but,ok,work,t,did,didn,off,waste,returned,poor,apart
?,cheap,does,small,should,disappointed,okay,broke,junk,thought,wasn,not,$,were,but,ok,work,t,did,didn,off,waste,returned,poor,apart
?,cheap,does,small,should,disappointed,okay,broke,junk,thought,wasn,not,$,were,but,ok,work,t,did,didn,off,waste,returned,poor,apart
?,cheap,does,small,should,disappointed,okay,broke,junk,thought,wasn,not,$,were,but,ok,work,t,did,didn,off,waste,returned,poor,apart
?,cheap,does,small,should,disappointed,okay,broke,junk,thought,wasn,not,$,were,but,ok,work,t,did,didn,off,waste,returned,poor,apart
?,cheap,does,small,should,disappointed,okay,broke,junk,thought,wasn,not,$,were,but,ok,work,t,did,didn,off,waste,returned,poor,apart
?,cheap,does,small,should,disappointed,okay,broke,junk,thought,wasn,not,$,were,but,ok,work,t,did,didn,off,waste,returned,poor,apart
?,cheap,does,small,should,disappointed,okay,broke,junk,thought,wasn,not,$,were,but,ok,work,t,did,didn,off,waste,returned,poor,apart
?,cheap,does,small,should,disappointed,okay,broke,junk,thought,wasn,not,$,were,but,ok,work,t,did,didn,off,waste,returned,poor,apart
?,cheap,does,small,should,disappointed,okay,broke,junk,thought,wasn,not,$,were,but,ok,work,t,did,didn,off,waste,returned,poor,apart
?,cheap,does,small,should,disappointed,okay,broke,junk,thought,wasn,not,$,were,but,ok,work,t,did,didn,off,waste,returned,poor,apart
?,cheap,does,small,should,disappointed,okay,broke,junk,thought,wasn,not,$,were,but,ok,work,t,did,didn,off,waste,returned,poor,apart
?,cheap,does,small,should,disappointed,okay,broke,junk,thought,wasn,not,$,were,but,ok,work,t,did,didn,off,waste,returned,poor,apart
?,cheap,does,small,should,disappointed,okay,broke,junk,thought,wasn,not,$,were,but,ok,work,t,did,didn,off,waste,returned,poor,apart
?,cheap,does,small,should,disappointed,okay,broke,thought,wasn,not,$,were,but,ok,work,t,did,didn,off,waste,after,returned,poor,apart
?,cheap,does,small,should,disappointed,okay,broke,thought,wasn,not,$,were,but,ok,work,t,did,didn,off,waste,after,returned,poor,apart
?,cheap,does,small,should,disappointed,okay,broke,thought,wasn,not,$,were,but,ok,work,t,did,didn,off,waste,after,returned,poor,apart
?,cheap,does,small,should,disappointed,okay,broke,thought,wasn,not,$,were,but,ok,work,t,did,didn,off,waste,after,returned,poor,apart
?,cheap,does,small,should,disappointed,okay,broke,thought,wasn,not,$,were,but,ok,work,t,did,didn,off,waste,after,returned,poor,apart
?,cheap,does,small,should,disappointed,okay,broke,thought,wasn,not,$,were,but,ok,work,t,did,didn,off,waste,after,returned,poor,apart
?,cheap,does,small,should,disappointed,okay,broke,thought,wasn,not,$,were,but,ok,work,t,did,didn,off,waste,after,returned,poor,apart
?,cheap,does,small,should,disappointed,okay,broke,thought,wasn,not,$,were,but,ok,work,t,did,didn,off,waste,after,returned,poor,apart
?,cheap,does,small,should,disappointed,okay,broke,thought,wasn,not,$,were,but,ok,work,t,did,didn,off,waste,after,returned,poor,apart
?,cheap,does,small,should,disappointed,okay,broke,thought,wasn,not,$,were,but,ok,work,t,did,didn,off,waste,after,returned,poor,apart
?,cheap,does,small,should,disappointed,okay,broke,thought,wasn,not,$,were,but,ok,work,t,did,didn,off,waste,after,returned,poor,apart
?,cheap,does,small,should,disappointed,okay,broke,thought,wasn,not,$,were,but,ok,work,t,did,didn,off,waste,after,returned,poor,apart
?,cheap,does,small,should,disappointed,okay,broke,thought,wasn,not,$,were,but,ok,work,t,did,didn,off,waste,after,returned,poor,apart
?,cheap,does,small,should,disappointed,okay,broke,thought,wasn,not,$,were,but,ok,work,t,did,didn,off,waste,after,returned,poor,apart
?,cheap,does,small,should,disappointed,okay,broke,thought,wasn,not,$,were,but,ok,work,t,did,didn,off,waste,after,returned,poor,apart
?,cheap,does,small,should,disappointed,okay,broke,thought,wasn,not,$,were,but,ok,work,t,did,didn,off,waste,after,returned,poor,apart
?,cheap,does,small,should,disappointed,okay,broke,thought,wasn,not,$,were,but,ok,work,t,did,didn,off,waste,after,returned,poor,apart
?,cheap,does,small,should,disappointed,okay,broke,thought,wasn,not,$,were,but,ok,work,t,did,didn,off,waste,after,returned,poor,apart
?,cheap,does,small,should,disappointed,okay,broke,thought,wasn,not,$,were,but,ok,work,t,did,didn,off,waste,after,returned,poor,apart
?,cheap,does,small,should,disappointed,okay,broke,thought,wasn,not,$,were,but,ok,work,t,did,didn,off,waste,after,returned,poor,apart
?,cheap,does,small,should,disappointed,okay,broke,thought,wasn,not,$,were,but,ok,work,t,did,didn,off,waste,after,returned,poor,apart
?,cheap,does,small,should,disappointed,okay,broke,thought,wasn,not,$,were,but,ok,work,t,did,didn,off,waste,after,returned,poor,apart
?,cheap,does,small,should,disappointed,okay,broke,thought,wasn,not,$,were,but,ok,work,t,did,didn,off,waste,after,returned,poor,apart
?,cheap,does,small,should,disappointed,okay,broke,thought,wasn,not,$,were,but,ok,work,t,did,didn,off,waste,after,returned,poor,apart
?,cheap,does,small,should,disappointed,okay,broke,thought,wasn,not,$,were,but,ok,work,t,did,didn,off,waste,after,returned,poor,apart
?,cheap,does,small,should,disappointed,okay,broke,thought,wasn,not,$,were,but,ok,work,t,did,didn,off,waste,after,returned,poor,apart
?,cheap,does,small,disappointed,okay,broke,return,thought,wasn,not,$,were,but,ok,work,t,did,didn,off,waste,after,returned,poor,apart
?,cheap,does,small,disappointed,okay,broke,return,thought,wasn,not,$,were,but,ok,work,t,did,didn,off,waste,after,returned,poor,apart
?,cheap,does,small,disappointed,okay,broke,return,thought,wasn,not,$,were,but,ok,work,t,did,didn,off,waste,after,returned,poor,apart
?,cheap,does,small,disappointed,okay,broke,return,thought,wasn,not,$,were,but,ok,work,t,did,didn,off,waste,after,returned,poor,apart
?,cheap,does,small,disappointed,okay,broke,return,thought,wasn,not,$,were,but,ok,work,t,did,didn,off,waste,after,returned,poor,apart
?,cheap,does,small,disappointed,okay,broke,return,thought,wasn,not,$,were,but,ok,work,t,did,didn,off,waste,after,returned,poor,apart
?,cheap,does,small,disappointed,okay,broke,return,thought,wasn,not,$,were,but,ok,work,t,did,didn,off,waste,after,returned,poor,apart
?,cheap,does,small,disappointed,okay,broke,return,thought,wasn,not,$,were,but,ok,work,t,did,didn,off,waste,after,returned,poor,apart
?,cheap,does,small,disappointed,okay,broke,return,thought,wasn,not,$,were,but,ok,work,t,did,didn,off,waste,after,returned,poor,apart
?,cheap,does,small,disappointed,okay,broke,return,thought,wasn,not,$,were,but,ok,work,t,did,didn,off,waste,after,returned,poor,apart
?,cheap,does,small,disappointed,okay,broke,return,thought,wasn,not,$,were,but,ok,work,t,did,didn,off,waste,after,returned,poor,apart
?,cheap,does,small,disappointed,okay,broke,return,thought,wasn,not,$,were,but,ok,work,t,did,didn,off,waste,after,returned,poor,apart
?,cheap,does,small,disappointed,okay,broke,return,thought,wasn,not,$,were,but,ok,work,t,did,didn,off,waste,after,returned,poor,apart
?,cheap,does,small,disappointed,okay,broke,return,thought,wasn,not,$,were,but,ok,work,t,did,didn,off,waste,after,returned,poor,apart
?,cheap,does,small,disappointed,okay,broke,return,thought,wasn,not,$,were,but,ok,work,t,did,didn,off,waste,after,returned,poor,apart
?,cheap,does,small,disappointed,okay,broke,return,thought,wasn,not,$,were,but,ok,work,t,did,didn,off,waste,after,returned,poor,apart
?,cheap,does,small,disappointed,okay,broke,return,thought,wasn,not,$,were,but,ok,work,t,did,didn,off,waste,after,returned,poor,apart
?,cheap,does,small,disappointed,okay,broke,return,thought,wasn,not,$,were,but,ok,work,t,did,didn,off,waste,after,returned,poor,apart
?,cheap,does,small,disappointed,okay,broke,return,thought,wasn,not,$,were,but,ok,work,t,did,didn,off,waste,after,returned,poor,apart
?,cheap,does,small,disappointed,okay,broke,return,thought,wasn,not,$,were,but,ok,work,t,did,didn,off,waste,after,returned,poor,apart
?,cheap,does,small,disappointed,okay,broke,return,thought,wasn,not,$,were,but,ok,work,t,did,didn,off,waste,after,returned,poor,apart
?,cheap,does,small,disappointed,okay,broke,return,thought,wasn,not,$,were,but,ok,work,t,did,didn,off,waste,after,returned,poor,apart
?,cheap,does,small,disappointed,okay,broke,return,thought,wasn,not,$,were,but,ok,work,t,did,didn,off,waste,after,returned,poor,apart
?,cheap,does,small,disappointed,okay,broke,return,thought,wasn,not,$,were,but,ok,work,t,did,didn,off,waste,after,returned,poor,apart
?,cheap,does,small,disappointed,okay,broke,return,thought,wasn,not,$,were,but,ok,work,t,did,didn,off,waste,after,returned,poor,apart
?,cheap,does,small,disappointed,okay,broke,return,thought,wasn,not,$,were,but,ok,work,t,did,didn,off,waste,after,returned,poor,apart
?,cheap,does,small,disappointed,okay,broke,return,thought,wasn,not,$,were,but,ok,work,t,did,didn,off,waste,after,returned,poor,apart
?,cheap,does,small,disappointed,okay,broke,return,thought,wasn,not,$,were,but,ok,work,t,did,didn,off,waste,after,returned,poor,apart
?,cheap,does,small,disappointed,okay,broke,return,thought,wasn,not,$,were,but,ok,work,t,did,didn,off,waste,after,returned,poor,apart
?,cheap,does,small,disappointed,okay,broke,return,thought,wasn,not,$,were,but,ok,work,t,did,didn,off,waste,after,returned,poor,apart
?,cheap,does,small,disappointed,okay,broke,return,thought,wasn,not,$,were,but,ok,work,t,did,didn,off,waste,after,returned,poor,apart
?,cheap,does,small,disappointed,okay,broke,return,thought,wasn,not,$,were,but,ok,work,t,did,didn,off,waste,after,returned,poor,apart
?,cheap,does,small,disappointed,okay,broke,return,thought,wasn,not,$,were,but,ok,work,t,did,didn,off,waste,after,returned,poor,apart
?,cheap,does,small,disappointed,okay,broke,return,thought,wasn,not,$,were,but,ok,work,t,did,didn,off,waste,after,returned,poor,apart
?,cheap,does,small,disappointed,okay,broke,return,thought,wasn,not,$,were,but,ok,work,t,did,didn,off,waste,after,returned,poor,apart
?,cheap,does,small,disappointed,okay,broke,return,thought,wasn,not,$,were,but,ok,work,t,did,didn,off,waste,after,returned,poor,apart
?,cheap,does,small,disappointed,okay,broke,return,thought,wasn,not,$,were,but,ok,work,t,did,didn,off,waste,after,returned,poor,apart
?,cheap,does,small,disappointed,okay,broke,return,thought,wasn,not,$,were,but,ok,work,t,did,didn,off,waste,after,returned,poor,apart
?,cheap,does,small,disappointed,okay,broke,return,thought,wasn,not,$,were,but,ok,work,t,did,didn,off,waste,after,returned,poor,apart
?,cheap,does,small,disappointed,okay,broke,return,thought,wasn,not,$,were,but,ok,work,t,did,didn,off,waste,after,returned,poor,apart
?,cheap,does,small,disappointed,okay,broke,return,thought,wasn,not,$,were,but,ok,work,t,did,didn,off,waste,after,returned,poor,apart
?,cheap,does,small,disappointed,okay,broke,return,thought,wasn,not,$,were,but,ok,work,t,did,didn,off,waste,after,returned,poor,apart
?,cheap,does,small,disappointed,okay,broke,return,thought,wasn,not,$,were,but,ok,work,t,did,didn,off,waste,after,returned,poor,apart
?,cheap,does,small,disappointed,okay,broke,return,thought,wasn,not,$,were,but,ok,work,t,did,didn,off,waste,after,returned,poor,apart
?,cheap,does,small,disappointed,okay,broke,return,thought,wasn,not,$,were,but,ok,work,t,did,didn,off,waste,after,returned,poor,apart
?,cheap,does,small,disappointed,okay,broke,return,thought,wasn,not,$,were,but,ok,work,t,did,didn,off,waste,after,returned,poor,apart
?,cheap,does,small,disappointed,okay,broke,return,thought,wasn,not,$,were,but,ok,work,t,did,didn,off,waste,after,returned,poor,apart
?,cheap,does,small,disappointed,okay,broke,return,thought,wasn,not,$,were,but,ok,work,t,did,didn,off,waste,after,returned,poor,apart
?,cheap,does,small,disappointed,okay,broke,return,thought,wasn,not,$,were,but,ok,work,t,did,didn,off,waste,after,returned,poor,apart
?,cheap,does,small,disappointed,okay,broke,return,thought,wasn,not,$,were,but,ok,work,t,did,didn,off,waste,after,returned,poor,apart
?,cheap,does,small,disappointed,okay,broke,return,thought,wasn,not,$,were,but,ok,work,t,did,didn,off,waste,after,returned,poor,apart
?,cheap,does,small,disappointed,okay,broke,return,thought,wasn,not,$,were,but,ok,work,t,did,didn,off,waste,after,returned,poor,apart
?,cheap,does,small,disappointed,okay,broke,return,thought,wasn,not,$,were,but,ok,work,t,did,didn,off,waste,after,returned,poor,apart
?,cheap,does,small,disappointed,okay,broke,return,thought,wasn,not,$,were,but,ok,work,t,did,didn,off,waste,after,returned,poor,apart
?,cheap,does,small,disappointed,okay,broke,return,thought,wasn,not,$,were,but,ok,work,t,did,didn,off,waste,after,returned,poor,apart
?,cheap,does,small,disappointed,okay,broke,return,thought,wasn,not,$,were,but,ok,work,t,did,didn,off,waste,after,returned,poor,apart
?,cheap,does,small,disappointed,okay,broke,return,thought,wasn,not,$,were,but,ok,work,t,did,didn,off,waste,after,returned,poor,apart
?,cheap,does,small,disappointed,okay,broke,return,thought,wasn,not,$,were,but,ok,work,t,did,didn,off,waste,after,returned,poor,apart
?,cheap,does,small,disappointed,okay,broke,return,thought,wasn,not,$,were,but,ok,work,t,did,didn,off,waste,after,returned,poor,apart
?,cheap,does,small,disappointed,okay,broke,return,thought,wasn,not,$,were,but,ok,work,t,did,didn,off,waste,after,returned,poor,apart
?,cheap,does,small,disappointed,okay,broke,return,thought,wasn,not,$,were,but,ok,work,t,did,didn,off,waste,after,returned,poor,apart
?,cheap,does,small,disappointed,okay,broke,return,thought,wasn,not,$,were,but,ok,work,t,did,didn,off,waste,after,returned,poor,apart
?,cheap,does,small,disappointed,okay,broke,return,thought,wasn,not,$,were,but,ok,work,t,did,didn,off,waste,after,returned,poor,apart
?,cheap,does,small,disappointed,okay,broke,return,thought,wasn,not,$,were,but,ok,work,t,did,didn,off,waste,after,returned,poor,apart
?,cheap,does,small,disappointed,okay,broke,return,thought,wasn,not,$,were,but,ok,work,t,did,didn,off,waste,after,returned,poor,apart
?,cheap,does,small,disappointed,okay,broke,return,thought,wasn,not,$,were,but,ok,work,t,did,didn,off,waste,after,returned,poor,apart
?,cheap,does,small,disappointed,okay,broke,return,thought,wasn,not,$,were,but,ok,work,t,did,didn,off,waste,after,returned,poor,apart
?,cheap,does,small,disappointed,okay,broke,return,thought,wasn,not,$,were,but,ok,work,t,did,didn,off,waste,after,returned,poor,apart
?,cheap,does,small,disappointed,okay,broke,return,thought,wasn,not,$,were,but,ok,work,t,did,didn,off,waste,after,returned,poor,apart
?,cheap,does,small,disappointed,okay,broke,return,thought,wasn,not,$,were,but,ok,work,t,did,didn,off,waste,after,returned,poor,apart
?,cheap,does,small,disappointed,okay,broke,return,thought,wasn,not,$,were,but,ok,work,t,did,didn,off,waste,after,returned,poor,apart
?,cheap,does,small,disappointed,okay,broke,return,thought,wasn,not,$,were,but,ok,work,t,did,didn,off,waste,after,returned,poor,apart
?,cheap,does,small,disappointed,okay,broke,return,thought,wasn,not,$,were,but,ok,work,t,did,didn,off,waste,after,returned,poor,apart
?,cheap,does,small,disappointed,okay,broke,return,thought,wasn,not,$,were,but,ok,work,t,did,didn,off,waste,after,returned,poor,apart
?,cheap,does,small,disappointed,okay,broke,return,thought,wasn,not,$,were,but,ok,work,t,did,didn,off,waste,after,returned,poor,apart
?,cheap,does,small,disappointed,okay,broke,return,thought,wasn,not,$,were,but,ok,work,t,did,didn,off,waste,after,returned,poor,apart
?,cheap,does,small,disappointed,okay,broke,return,thought,wasn,not,$,were,but,ok,work,t,did,didn,off,waste,after,returned,poor,apart
?,cheap,does,small,disappointed,okay,broke,return,thought,wasn,not,$,were,but,ok,work,t,did,didn,off,waste,after,returned,poor,apart
?,cheap,does,small,disappointed,okay,broke,return,thought,wasn,not,$,were,but,ok,work,t,did,didn,off,waste,after,returned,poor,apart
?,cheap,does,small,disappointed,okay,broke,return,thought,wasn,not,$,were,but,ok,work,t,did,didn,off,waste,after,returned,poor,apart
?,cheap,does,small,disappointed,okay,broke,return,thought,wasn,not,$,were,but,ok,work,t,did,didn,off,waste,after,returned,poor,apart
?,cheap,does,small,disappointed,okay,broke,return,thought,wasn,not,$,were,but,ok,work,t,did,didn,off,waste,after,returned,poor,apart
?,cheap,does,small,should,disappointed,broke,okay,return,thought,wasn,not,$,were,but,ok,work,t,did,didn,off,waste,after,poor,apart
?,cheap,does,small,should,disappointed,broke,okay,return,thought,wasn,not,$,were,but,ok,work,t,did,didn,off,waste,after,poor,apart
?,cheap,does,small,should,disappointed,broke,okay,return,thought,wasn,not,$,were,but,ok,work,t,did,didn,off,waste,after,poor,apart
?,cheap,does,small,should,disappointed,broke,okay,return,thought,wasn,not,$,were,but,ok,work,t,did,didn,off,waste,after,poor,apart
?,cheap,does,small,should,disappointed,broke,okay,return,thought,wasn,not,$,were,but,ok,work,t,did,didn,off,waste,after,poor,apart
?,cheap,does,small,should,disappointed,broke,okay,return,thought,wasn,not,$,were,but,ok,work,t,did,didn,off,waste,after,poor,apart
?,cheap,does,small,should,disappointed,broke,okay,return,thought,wasn,not,$,were,but,ok,work,t,did,didn,off,waste,after,poor,apart
?,cheap,does,small,should,disappointed,broke,okay,return,thought,wasn,not,$,were,but,ok,work,t,did,didn,off,waste,after,poor,apart
?,cheap,does,small,should,disappointed,broke,okay,return,thought,wasn,not,$,were,but,ok,work,t,did,didn,off,waste,after,poor,apart
?,cheap,does,small,should,disappointed,broke,okay,return,thought,wasn,not,$,were,but,ok,work,t,did,didn,off,waste,after,poor,apart
?,cheap,does,small,should,disappointed,broke,okay,return,thought,wasn,not,$,were,but,ok,work,t,did,didn,off,waste,after,poor,apart
?,cheap,does,small,should,disappointed,broke,okay,return,thought,wasn,not,$,were,but,ok,work,t,did,didn,off,waste,after,poor,apart
?,cheap,does,small,should,disappointed,broke,okay,return,thought,wasn,not,$,were,but,ok,work,t,did,didn,off,waste,after,poor,apart
?,cheap,does,small,should,disappointed,broke,okay,return,thought,wasn,not,$,were,but,ok,work,t,did,didn,off,waste,after,poor,apart
?,cheap,does,small,should,disappointed,broke,okay,return,thought,wasn,not,$,were,but,ok,work,t,did,didn,off,waste,after,poor,apart
?,cheap,does,small,should,disappointed,broke,okay,return,thought,wasn,not,$,were,but,ok,work,t,did,didn,off,waste,after,poor,apart
?,cheap,does,small,should,disappointed,broke,okay,return,thought,wasn,not,$,were,but,ok,work,t,did,didn,off,waste,after,poor,apart
?,cheap,does,small,should,disappointed,broke,okay,return,thought,wasn,not,$,were,but,ok,work,t,did,didn,off,waste,after,poor,apart
?,cheap,does,small,should,disappointed,broke,okay,return,thought,wasn,not,$,were,but,ok,work,t,did,didn,off,waste,after,poor,apart
?,cheap,does,small,should,disappointed,broke,okay,return,thought,wasn,not,$,were,but,ok,work,t,did,didn,off,waste,after,poor,apart
?,cheap,does,small,should,disappointed,broke,okay,return,thought,wasn,not,$,were,but,ok,work,t,did,didn,off,waste,after,poor,apart
?,cheap,does,small,should,disappointed,broke,okay,return,thought,wasn,not,$,were,but,ok,work,t,did,didn,off,waste,after,poor,apart
?,cheap,does,small,should,disappointed,broke,okay,return,thought,wasn,not,$,were,but,ok,work,t,did,didn,off,waste,after,poor,apart
?,cheap,does,small,should,disappointed,broke,okay,return,thought,wasn,not,$,were,but,ok,work,t,did,didn,off,waste,after,poor,apart
?,cheap,does,small,should,disappointed,broke,okay,return,thought,wasn,not,$,were,but,ok,work,t,did,didn,off,waste,after,poor,apart
?,cheap,does,small,should,disappointed,broke,okay,return,thought,wasn,not,$,were,but,ok,work,t,did,didn,off,waste,after,poor,apart
?,cheap,does,small,should,disappointed,broke,okay,return,thought,wasn,not,$,were,but,ok,work,t,did,didn,off,waste,after,poor,apart
?,cheap,does,small,should,disappointed,broke,okay,return,thought,wasn,not,$,were,but,ok,work,t,did,didn,off,waste,after,poor,apart
?,cheap,does,small,should,disappointed,broke,okay,return,thought,wasn,not,$,were,but,ok,work,t,did,didn,off,waste,after,poor,apart
?,cheap,does,small,should,disappointed,broke,okay,return,thought,wasn,not,$,were,but,ok,work,t,did,didn,off,waste,after,poor,apart
?,cheap,does,small,should,disappointed,broke,okay,return,thought,wasn,not,$,were,but,ok,work,t,did,didn,off,waste,after,poor,apart
?,cheap,does,small,should,disappointed,broke,okay,return,thought,wasn,not,$,were,but,ok,work,t,did,didn,off,waste,after,poor,apart
?,cheap,does,small,disappointed,broke,okay,return,thought,wasn,not,$,were,but,ok,work,t,did,pool,didn,off,waste,after,poor,apart
?,cheap,does,small,disappointed,broke,okay,return,thought,wasn,not,$,were,but,ok,work,t,did,pool,didn,off,waste,after,poor,apart
?,cheap,does,small,disappointed,broke,okay,return,thought,wasn,not,$,were,but,ok,work,t,did,pool,didn,off,waste,after,poor,apart
?,cheap,does,small,disappointed,broke,okay,return,thought,wasn,not,$,were,but,ok,work,t,did,pool,didn,off,waste,after,poor,apart
?,cheap,does,small,disappointed,broke,okay,return,thought,wasn,not,$,were,but,ok,work,t,did,pool,didn,off,waste,after,poor,apart
?,cheap,does,small,disappointed,broke,okay,return,thought,wasn,not,$,were,but,ok,work,t,did,pool,didn,off,waste,after,poor,apart
?,cheap,does,small,disappointed,broke,okay,return,thought,wasn,not,$,were,but,ok,work,t,did,pool,didn,off,waste,after,poor,apart
?,cheap,does,small,disappointed,broke,okay,return,thought,wasn,not,$,were,but,ok,work,t,did,pool,didn,off,waste,after,poor,apart
?,cheap,does,small,disappointed,broke,okay,return,thought,wasn,not,$,were,but,ok,work,t,did,pool,didn,off,waste,after,poor,apart
?,cheap,does,small,disappointed,broke,okay,return,thought,wasn,not,$,were,but,ok,work,t,did,pool,didn,off,waste,after,poor,apart
?,cheap,does,small,disappointed,broke,okay,return,thought,wasn,not,$,were,but,ok,work,t,did,pool,didn,off,waste,after,poor,apart
?,cheap,does,small,disappointed,broke,okay,return,thought,wasn,not,$,were,but,ok,work,t,did,pool,didn,off,waste,after,poor,apart
?,cheap,does,small,disappointed,broke,okay,return,thought,wasn,not,$,were,but,ok,work,t,did,pool,didn,off,waste,after,poor,apart
?,cheap,does,small,disappointed,broke,okay,return,thought,wasn,not,$,were,but,ok,work,t,did,pool,didn,off,waste,after,poor,apart
?,cheap,does,small,disappointed,broke,okay,return,thought,wasn,not,$,were,but,ok,work,t,did,pool,didn,off,waste,after,poor,apart
?,cheap,does,small,disappointed,broke,okay,return,thought,wasn,not,$,were,but,ok,work,t,did,pool,didn,off,waste,after,poor,apart
?,cheap,does,small,disappointed,broke,okay,return,thought,wasn,not,$,were,but,ok,work,t,did,pool,didn,off,waste,after,poor,apart
?,cheap,does,small,disappointed,broke,okay,return,thought,wasn,not,$,were,but,ok,work,t,did,pool,didn,off,waste,after,poor,apart
?,cheap,does,small,disappointed,broke,okay,return,thought,wasn,not,$,were,but,ok,work,t,did,pool,didn,off,waste,after,poor,apart
?,cheap,does,small,disappointed,broke,okay,return,thought,wasn,not,$,were,but,ok,work,t,did,pool,didn,off,waste,after,poor,apart
?,cheap,does,small,disappointed,broke,okay,return,thought,wasn,not,$,were,but,ok,work,t,did,pool,didn,off,waste,after,poor,apart
?,cheap,does,small,disappointed,broke,okay,return,thought,wasn,not,$,were,but,ok,work,t,did,pool,didn,off,waste,after,poor,apart
?,cheap,does,small,disappointed,broke,okay,return,thought,wasn,not,$,were,but,ok,work,t,did,pool,didn,off,waste,after,poor,apart
?,cheap,does,small,disappointed,broke,okay,return,thought,wasn,not,$,were,but,ok,work,t,did,pool,didn,off,waste,after,poor,apart
?,cheap,does,small,disappointed,broke,okay,return,thought,wasn,not,$,were,but,ok,work,t,did,pool,didn,off,waste,after,poor,apart
?,cheap,does,small,disappointed,broke,okay,return,thought,wasn,not,$,were,but,ok,work,t,did,pool,didn,off,waste,after,poor,apart
?,cheap,does,small,disappointed,broke,okay,return,thought,wasn,not,$,were,but,ok,work,t,did,pool,didn,off,waste,after,poor,apart
?,cheap,does,small,disappointed,broke,okay,return,thought,wasn,not,$,were,but,ok,work,t,did,pool,didn,off,waste,after,poor,apart
?,cheap,does,small,disappointed,broke,okay,return,thought,wasn,not,$,were,but,ok,work,t,did,pool,didn,off,waste,after,poor,apart
?,cheap,does,small,disappointed,broke,okay,return,thought,wasn,not,$,were,but,ok,work,t,did,pool,didn,off,waste,after,poor,apart
?,cheap,does,small,disappointed,broke,okay,return,thought,wasn,not,$,were,but,ok,work,t,did,pool,didn,off,waste,after,poor,apart
?,cheap,does,small,disappointed,broke,okay,return,thought,wasn,not,$,were,but,ok,work,t,did,pool,didn,off,waste,after,poor,apart
?,cheap,does,small,disappointed,broke,okay,return,thought,wasn,not,$,were,but,ok,work,t,did,pool,didn,off,waste,after,poor,apart
?,cheap,does,small,disappointed,broke,okay,return,thought,wasn,not,$,were,but,ok,work,t,did,pool,didn,off,waste,after,poor,apart
?,cheap,does,small,disappointed,broke,okay,return,thought,wasn,not,$,were,but,ok,work,t,did,pool,didn,off,waste,after,poor,apart
?,cheap,does,small,disappointed,broke,okay,return,thought,wasn,not,$,were,but,ok,work,t,did,pool,didn,off,waste,after,poor,apart
?,cheap,does,small,disappointed,broke,okay,return,thought,wasn,not,$,were,but,ok,work,t,did,pool,didn,off,waste,after,poor,apart
?,cheap,does,small,disappointed,broke,okay,return,thought,wasn,not,$,were,but,ok,work,t,did,pool,didn,off,waste,after,poor,apart
?,cheap,does,small,disappointed,broke,okay,return,thought,wasn,not,$,were,but,ok,work,t,did,pool,didn,off,waste,after,poor,apart
?,cheap,does,small,disappointed,broke,okay,return,thought,wasn,not,$,were,but,ok,work,t,did,pool,didn,off,waste,after,poor,apart
?,cheap,does,small,disappointed,broke,okay,return,thought,wasn,not,$,were,but,ok,work,t,did,pool,didn,off,waste,after,poor,apart
?,cheap,does,small,disappointed,broke,okay,return,thought,wasn,not,$,were,but,ok,work,t,did,pool,didn,off,waste,after,poor,apart
?,cheap,does,small,disappointed,broke,okay,return,thought,wasn,not,$,were,but,ok,work,t,did,pool,didn,off,waste,after,poor,apart
?,cheap,does,small,disappointed,broke,okay,return,thought,wasn,not,$,were,but,ok,work,t,did,pool,didn,off,waste,after,poor,apart
?,cheap,does,small,disappointed,broke,okay,return,thought,wasn,not,$,were,but,ok,work,t,did,pool,didn,off,waste,after,poor,apart
?,cheap,does,small,disappointed,broke,okay,return,thought,wasn,not,$,were,but,ok,work,t,did,pool,didn,off,waste,after,poor,apart
?,cheap,does,small,disappointed,broke,okay,return,thought,wasn,not,$,were,but,ok,work,t,did,pool,didn,off,waste,after,poor,apart
?,cheap,does,small,disappointed,broke,okay,return,thought,wasn,not,$,were,but,ok,work,t,did,pool,didn,off,waste,after,poor,apart
?,cheap,does,small,disappointed,broke,okay,return,thought,wasn,not,$,were,but,ok,work,t,did,pool,didn,off,waste,after,poor,apart
?,cheap,does,small,disappointed,broke,okay,return,thought,wasn,not,$,were,but,ok,work,t,did,pool,didn,off,waste,after,poor,apart
?,cheap,does,small,disappointed,broke,okay,return,thought,wasn,not,$,were,but,ok,work,t,did,pool,didn,off,waste,after,poor,apart
?,cheap,does,small,disappointed,broke,okay,return,thought,wasn,not,$,were,but,ok,work,t,did,pool,didn,off,waste,after,poor,apart
?,cheap,does,small,disappointed,broke,okay,return,thought,wasn,not,$,were,but,ok,work,t,did,pool,didn,off,waste,after,poor,apart
?,cheap,does,small,disappointed,broke,okay,return,thought,wasn,not,$,were,but,ok,work,t,did,pool,didn,off,waste,after,poor,apart
?,cheap,does,small,disappointed,broke,okay,return,thought,wasn,not,$,were,but,ok,work,t,did,pool,didn,off,waste,after,poor,apart
?,cheap,does,small,disappointed,broke,okay,return,thought,wasn,not,$,were,but,ok,work,t,did,pool,didn,off,waste,after,poor,apart
?,cheap,does,small,disappointed,broke,okay,return,thought,wasn,not,$,were,but,ok,work,t,did,pool,didn,off,waste,after,poor,apart
?,cheap,does,small,disappointed,broke,okay,return,thought,wasn,not,$,were,but,ok,work,t,did,pool,didn,off,waste,after,poor,apart
?,cheap,does,small,disappointed,broke,okay,return,thought,wasn,not,$,were,but,ok,work,t,did,pool,didn,off,waste,after,poor,apart
?,cheap,does,small,disappointed,broke,okay,return,thought,wasn,not,$,were,but,ok,work,t,did,pool,didn,off,waste,after,poor,apart
?,cheap,does,small,disappointed,broke,okay,return,thought,wasn,not,$,were,but,ok,work,t,did,pool,didn,off,waste,after,poor,apart
?,cheap,does,small,disappointed,broke,okay,return,thought,wasn,not,$,were,but,ok,work,t,did,pool,didn,off,waste,after,poor,apart
?,cheap,does,small,disappointed,broke,okay,return,thought,wasn,not,$,were,but,ok,work,t,did,pool,didn,off,waste,after,poor,apart
?,cheap,does,small,disappointed,broke,okay,return,thought,wasn,not,$,were,but,ok,work,t,did,pool,didn,off,waste,after,poor,apart
?,cheap,does,small,disappointed,broke,okay,return,thought,wasn,not,$,were,but,ok,work,t,did,pool,didn,off,waste,after,poor,apart
?,cheap,does,small,disappointed,broke,okay,return,thought,wasn,not,$,were,but,ok,work,t,did,pool,didn,off,waste,after,poor,apart
?,cheap,does,small,disappointed,broke,okay,return,thought,wasn,not,$,were,but,ok,work,t,did,pool,didn,off,waste,after,poor,apart
?,cheap,does,small,disappointed,broke,okay,return,thought,wasn,not,$,were,but,ok,work,t,did,pool,didn,off,waste,after,poor,apart
?,cheap,does,small,disappointed,broke,okay,return,thought,wasn,not,$,were,but,ok,work,t,did,pool,didn,off,waste,after,poor,apart
?,cheap,does,small,disappointed,broke,okay,return,thought,wasn,not,$,were,but,ok,work,t,did,pool,didn,off,waste,after,poor,apart
?,cheap,does,small,disappointed,broke,okay,return,thought,wasn,not,$,were,but,ok,work,t,did,pool,didn,off,waste,after,poor,apart
?,cheap,does,small,disappointed,broke,okay,return,thought,wasn,not,$,were,but,ok,work,t,did,pool,didn,off,waste,after,poor,apart
?,cheap,does,small,disappointed,broke,okay,return,thought,wasn,not,$,were,but,ok,work,t,did,pool,didn,off,waste,after,poor,apart
?,cheap,does,small,disappointed,broke,okay,return,thought,wasn,not,$,were,but,ok,work,t,did,pool,didn,off,waste,after,poor,apart
?,cheap,does,small,disappointed,broke,okay,return,thought,wasn,not,$,were,but,ok,work,t,did,pool,didn,off,waste,after,poor,apart
?,cheap,does,small,disappointed,broke,okay,return,thought,wasn,not,$,were,but,ok,work,t,did,pool,didn,off,waste,after,poor,apart
?,cheap,does,small,disappointed,broke,okay,return,thought,wasn,not,$,were,but,ok,work,t,did,pool,didn,off,waste,after,poor,apart
?,cheap,does,small,disappointed,broke,okay,return,thought,wasn,not,$,were,but,ok,work,t,did,pool,didn,off,waste,after,poor,apart
?,cheap,does,small,disappointed,broke,okay,return,thought,wasn,not,$,were,but,ok,work,t,did,pool,didn,off,waste,after,poor,apart
?,cheap,does,small,disappointed,broke,okay,return,thought,wasn,not,$,were,but,ok,work,t,did,pool,didn,off,waste,after,poor,apart
?,cheap,does,small,disappointed,broke,okay,return,thought,wasn,not,$,were,but,ok,work,t,did,pool,didn,off,waste,after,poor,apart
?,cheap,does,small,disappointed,broke,okay,return,thought,wasn,not,$,were,but,ok,work,t,did,pool,didn,off,waste,after,poor,apart
?,cheap,does,small,disappointed,broke,okay,return,thought,wasn,not,$,were,but,ok,work,t,did,pool,didn,off,waste,after,poor,apart
?,cheap,does,small,disappointed,broke,okay,return,thought,wasn,not,$,were,but,ok,work,t,did,pool,didn,off,waste,after,poor,apart
?,cheap,does,small,disappointed,broke,okay,return,thought,wasn,not,$,were,but,ok,work,t,did,pool,didn,off,waste,after,poor,apart
?,cheap,does,small,disappointed,broke,okay,return,thought,wasn,not,$,were,but,ok,work,t,did,pool,didn,off,waste,after,poor,apart
?,cheap,does,small,disappointed,broke,okay,return,thought,wasn,not,$,were,but,ok,work,t,did,pool,didn,off,waste,after,poor,apart
?,cheap,does,small,disappointed,broke,okay,return,thought,wasn,not,$,were,but,ok,work,t,did,pool,didn,off,waste,after,poor,apart
?,cheap,does,small,disappointed,broke,okay,return,thought,wasn,not,$,were,but,ok,work,t,did,pool,didn,off,waste,after,poor,apart
?,cheap,does,small,disappointed,broke,okay,return,thought,wasn,not,$,were,but,ok,work,t,did,pool,didn,off,waste,after,poor,apart
?,cheap,does,small,disappointed,broke,okay,return,thought,wasn,not,$,were,but,ok,work,t,did,pool,didn,off,waste,after,poor,apart
?,cheap,does,small,disappointed,broke,okay,return,thought,wasn,not,$,were,but,ok,work,t,did,pool,didn,off,waste,after,poor,apart
?,cheap,does,small,disappointed,broke,okay,return,thought,wasn,not,$,were,but,ok,work,t,did,pool,didn,off,waste,after,poor,apart
?,cheap,does,small,disappointed,broke,okay,return,thought,wasn,not,$,were,but,ok,work,t,did,pool,didn,off,waste,after,poor,apart
?,cheap,does,small,disappointed,broke,okay,return,thought,wasn,not,$,were,but,ok,work,t,did,pool,didn,off,waste,after,poor,apart
?,cheap,does,small,disappointed,broke,okay,return,thought,wasn,not,$,were,but,ok,work,t,did,pool,didn,off,waste,after,poor,apart
?,cheap,does,small,disappointed,broke,okay,return,thought,wasn,not,$,were,but,ok,work,t,did,pool,didn,off,waste,after,poor,apart
?,cheap,does,small,disappointed,broke,okay,return,thought,wasn,not,$,were,but,ok,work,t,did,pool,didn,off,waste,after,poor,apart
?,cheap,does,small,disappointed,broke,okay,return,thought,wasn,not,$,were,but,ok,work,t,did,pool,didn,off,waste,after,poor,apart
?,cheap,does,small,disappointed,broke,okay,return,thought,wasn,not,$,were,but,ok,work,t,did,pool,didn,off,waste,after,poor,apart
?,cheap,does,small,disappointed,broke,okay,return,thought,wasn,not,$,were,but,ok,work,t,did,pool,didn,off,waste,after,poor,apart
?,cheap,does,small,disappointed,broke,okay,return,thought,wasn,not,$,were,but,ok,work,t,did,pool,didn,off,waste,after,poor,apart
?,cheap,does,small,disappointed,broke,okay,return,thought,wasn,not,$,were,but,ok,work,t,did,pool,didn,off,waste,after,poor,apart
?,cheap,does,small,disappointed,broke,okay,return,thought,wasn,not,$,were,but,ok,work,t,did,pool,didn,off,waste,after,poor,apart
?,cheap,does,small,disappointed,broke,okay,return,thought,wasn,not,$,were,but,ok,work,t,did,pool,didn,off,waste,after,poor,apart
?,cheap,does,small,disappointed,broke,okay,return,thought,wasn,not,$,were,but,ok,work,t,did,pool,didn,off,waste,after,poor,apart
?,cheap,does,small,disappointed,broke,okay,return,thought,wasn,not,$,were,but,ok,work,t,did,pool,didn,off,waste,after,poor,apart
?,cheap,does,small,disappointed,broke,okay,return,thought,wasn,not,$,were,but,ok,work,t,did,pool,didn,off,waste,after,poor,apart
?,cheap,does,small,disappointed,broke,okay,return,thought,wasn,not,$,were,but,ok,work,t,did,pool,didn,off,waste,after,poor,apart
?,cheap,does,small,disappointed,broke,okay,return,thought,wasn,not,$,were,but,ok,work,t,did,pool,didn,off,waste,after,poor,apart
?,cheap,does,small,disappointed,broke,okay,return,thought,wasn,not,$,were,but,ok,work,t,did,pool,didn,off,waste,after,poor,apart
?,cheap,does,small,disappointed,broke,okay,return,thought,wasn,not,$,were,but,ok,work,t,did,pool,didn,off,waste,after,poor,apart
?,cheap,does,small,disappointed,broke,okay,return,thought,wasn,not,$,were,but,ok,work,t,did,pool,didn,off,waste,after,poor,apart
?,cheap,does,small,disappointed,broke,okay,return,thought,wasn,not,$,were,but,ok,work,t,did,pool,didn,off,waste,after,poor,apart
?,cheap,does,small,disappointed,broke,okay,return,thought,wasn,not,$,were,but,ok,work,t,did,pool,didn,off,waste,after,poor,apart
?,cheap,does,small,disappointed,broke,okay,return,thought,wasn,not,$,were,but,ok,work,t,did,pool,didn,off,waste,after,poor,apart
?,cheap,does,small,disappointed,broke,okay,return,thought,wasn,not,$,were,but,ok,work,t,did,pool,didn,off,waste,after,poor,apart
?,cheap,does,small,disappointed,broke,okay,return,thought,wasn,not,$,were,but,ok,work,t,did,pool,didn,off,waste,after,poor,apart
?,cheap,does,small,disappointed,broke,okay,return,thought,wasn,not,$,were,but,ok,work,t,did,pool,didn,off,waste,after,poor,apart
?,cheap,does,small,disappointed,broke,okay,return,thought,wasn,not,$,were,but,ok,work,t,did,pool,didn,off,waste,after,poor,apart
?,cheap,does,small,disappointed,broke,okay,return,thought,wasn,not,$,were,but,ok,work,t,did,pool,didn,off,waste,after,poor,apart
?,cheap,does,small,disappointed,broke,okay,return,thought,wasn,not,$,were,but,ok,work,t,did,pool,didn,off,waste,after,poor,apart
?,cheap,does,small,disappointed,broke,okay,return,thought,wasn,not,$,were,but,ok,work,t,did,pool,didn,off,waste,after,poor,apart
?,cheap,does,small,disappointed,broke,okay,return,thought,wasn,not,$,were,but,ok,work,t,did,pool,didn,off,waste,after,poor,apart
?,cheap,does,small,disappointed,broke,okay,return,thought,wasn,not,$,were,but,ok,work,t,did,pool,didn,off,waste,after,poor,apart
?,cheap,does,small,disappointed,broke,okay,return,thought,wasn,not,$,were,but,ok,work,t,did,pool,didn,off,waste,after,poor,apart
?,cheap,does,small,disappointed,broke,okay,return,thought,wasn,not,$,were,but,ok,work,t,did,pool,didn,off,waste,after,poor,apart
cheap,does,small,disappointed,broke,okay,return,thought,wasn,not,$,were,but,ok,work,t,did,pool,half,didn,off,waste,after,poor,apart
cheap,does,small,disappointed,broke,okay,return,thought,wasn,not,$,were,but,ok,work,t,did,pool,half,didn,off,waste,after,poor,apart
cheap,does,small,disappointed,broke,okay,return,thought,wasn,not,$,were,but,ok,work,t,did,pool,half,didn,off,waste,after,poor,apart
cheap,does,small,disappointed,broke,okay,return,thought,wasn,not,$,were,but,ok,work,t,did,pool,half,didn,off,waste,after,poor,apart
cheap,does,small,disappointed,broke,okay,return,thought,wasn,not,$,were,but,ok,work,t,did,pool,half,didn,off,waste,after,poor,apart
cheap,does,small,disappointed,broke,okay,return,thought,wasn,not,$,were,but,ok,work,t,did,pool,half,didn,off,waste,after,poor,apart
cheap,does,small,disappointed,broke,okay,return,thought,wasn,not,$,were,but,ok,work,t,did,pool,half,didn,off,waste,after,poor,apart
cheap,does,small,disappointed,broke,okay,return,thought,wasn,not,$,were,but,ok,work,t,did,pool,half,didn,off,waste,after,poor,apart
cheap,does,small,disappointed,broke,okay,return,thought,wasn,not,$,were,but,ok,work,t,did,pool,half,didn,off,waste,after,poor,apart
cheap,does,small,disappointed,broke,okay,return,thought,wasn,not,$,were,but,ok,work,t,did,pool,half,didn,off,waste,after,poor,apart
cheap,does,small,disappointed,broke,okay,return,thought,wasn,not,$,were,but,ok,work,t,did,pool,half,didn,off,waste,after,poor,apart
cheap,does,small,disappointed,broke,okay,return,thought,wasn,not,$,were,but,ok,work,t,did,pool,half,didn,off,waste,after,poor,apart
cheap,does,small,disappointed,broke,okay,return,thought,wasn,not,$,were,but,ok,work,t,did,pool,half,didn,off,waste,after,poor,apart
cheap,does,small,disappointed,broke,okay,return,thought,wasn,not,$,were,but,ok,work,t,did,pool,half,didn,off,waste,after,poor,apart
cheap,does,small,disappointed,broke,okay,return,thought,wasn,not,$,were,but,ok,work,t,did,pool,half,didn,off,waste,after,poor,apart
cheap,does,small,disappointed,broke,okay,return,thought,wasn,not,$,were,but,ok,work,t,did,pool,half,didn,off,waste,after,poor,apart
cheap,does,small,disappointed,broke,okay,return,thought,wasn,not,$,were,but,ok,work,t,did,pool,half,didn,off,waste,after,poor,apart
cheap,does,small,disappointed,broke,okay,return,thought,wasn,not,$,were,but,ok,work,t,did,pool,half,didn,off,waste,after,poor,apart
cheap,does,small,disappointed,broke,okay,return,thought,wasn,not,$,were,but,ok,work,t,did,pool,half,didn,off,waste,after,poor,apart
cheap,does,small,disappointed,broke,okay,return,thought,wasn,not,$,were,but,ok,work,t,did,pool,half,didn,off,waste,after,poor,apart
cheap,does,small,disappointed,broke,okay,return,thought,wasn,not,$,were,but,ok,work,t,did,pool,half,didn,off,waste,after,poor,apart
cheap,does,small,disappointed,broke,okay,return,thought,wasn,not,$,were,but,ok,work,t,did,pool,half,didn,off,waste,after,poor,apart
cheap,does,small,disappointed,broke,okay,return,thought,wasn,not,$,were,but,ok,work,t,did,pool,half,didn,off,waste,after,poor,apart
cheap,does,small,disappointed,broke,okay,return,thought,wasn,not,$,were,but,ok,work,t,did,pool,half,didn,off,waste,after,poor,apart
cheap,does,small,disappointed,broke,okay,return,thought,wasn,not,$,were,but,ok,work,t,did,pool,half,didn,off,waste,after,poor,apart
cheap,does,small,disappointed,broke,okay,return,thought,wasn,not,$,were,but,ok,work,t,did,pool,half,didn,off,waste,after,poor,apart
cheap,does,small,disappointed,broke,okay,return,thought,wasn,not,$,were,but,ok,work,t,did,pool,half,didn,off,waste,after,poor,apart
cheap,does,small,disappointed,broke,okay,return,thought,wasn,not,$,were,but,ok,work,t,did,pool,half,didn,off,waste,after,poor,apart
cheap,does,small,disappointed,broke,okay,return,thought,wasn,not,$,were,but,ok,work,t,did,pool,half,didn,off,waste,after,poor,apart
cheap,does,small,disappointed,broke,okay,return,thought,wasn,not,$,were,but,ok,work,t,did,pool,half,didn,off,waste,after,poor,apart
cheap,does,small,disappointed,broke,okay,return,thought,wasn,not,$,were,but,ok,work,t,did,pool,half,didn,off,waste,after,poor,apart
cheap,does,small,disappointed,broke,okay,return,thought,wasn,not,$,were,but,ok,work,t,did,pool,half,didn,off,waste,after,poor,apart
cheap,does,small,disappointed,broke,okay,return,thought,wasn,not,$,were,but,ok,work,t,did,pool,half,didn,off,waste,after,poor,apart
cheap,does,small,disappointed,broke,okay,return,thought,wasn,not,$,were,but,ok,work,t,did,pool,half,didn,off,waste,after,poor,apart
cheap,does,small,disappointed,broke,okay,return,thought,wasn,not,$,were,but,ok,work,t,did,pool,half,didn,off,waste,after,poor,apart
cheap,does,small,disappointed,broke,okay,return,thought,wasn,not,$,were,but,ok,work,t,did,pool,half,didn,off,waste,after,poor,apart
cheap,does,small,disappointed,broke,okay,return,thought,wasn,not,$,were,but,ok,work,t,did,pool,half,didn,off,waste,tried,poor,apart
cheap,does,small,disappointed,broke,okay,return,thought,wasn,not,$,were,but,ok,work,t,did,pool,half,didn,off,waste,tried,poor,apart
cheap,does,small,disappointed,broke,okay,return,thought,wasn,not,$,were,but,ok,work,t,did,pool,half,didn,off,waste,tried,poor,apart
cheap,does,small,disappointed,broke,okay,return,thought,wasn,not,$,were,but,ok,work,t,did,pool,half,didn,off,waste,tried,poor,apart
cheap,does,small,disappointed,broke,okay,return,thought,wasn,not,$,were,but,ok,work,t,did,pool,half,didn,off,waste,tried,poor,apart
cheap,does,small,disappointed,broke,okay,return,thought,wasn,not,$,were,but,ok,work,t,did,pool,half,didn,off,waste,tried,poor,apart
cheap,does,small,disappointed,broke,okay,return,thought,wasn,not,$,were,but,ok,work,t,did,pool,half,didn,off,waste,tried,poor,apart
cheap,does,small,disappointed,broke,okay,return,thought,wasn,not,$,were,but,ok,work,t,did,pool,half,didn,off,waste,tried,poor,apart
cheap,does,small,disappointed,broke,okay,return,thought,wasn,not,$,were,but,ok,work,t,did,pool,half,didn,off,waste,tried,poor,apart
cheap,does,small,disappointed,broke,okay,return,thought,wasn,not,$,were,but,ok,work,t,did,pool,half,didn,off,waste,tried,poor,apart
cheap,does,small,disappointed,broke,okay,return,thought,wasn,not,$,were,but,ok,work,t,did,pool,half,didn,off,waste,tried,poor,apart
cheap,does,small,disappointed,broke,okay,return,thought,wasn,not,$,were,but,ok,work,t,did,pool,half,didn,off,waste,tried,poor,apart
cheap,does,small,disappointed,broke,okay,return,thought,wasn,not,$,were,but,ok,work,t,did,pool,half,didn,off,waste,tried,poor,apart
cheap,does,small,disappointed,broke,okay,return,thought,wasn,not,$,were,but,ok,work,t,did,pool,half,didn,off,waste,tried,poor,apart
cheap,does,small,disappointed,broke,okay,return,thought,wasn,not,$,were,but,ok,work,t,did,pool,half,didn,off,waste,tried,poor,apart
cheap,does,small,disappointed,broke,okay,return,thought,wasn,not,$,were,but,ok,work,t,did,pool,half,didn,off,waste,tried,poor,apart
cheap,does,small,disappointed,broke,okay,return,thought,wasn,not,$,were,but,ok,work,t,did,pool,half,didn,off,waste,tried,poor,apart
cheap,does,small,disappointed,broke,okay,return,thought,wasn,not,$,were,but,ok,work,t,did,pool,half,didn,off,waste,tried,poor,apart
cheap,does,small,disappointed,broke,okay,return,thought,wasn,not,$,were,but,ok,work,t,did,pool,half,didn,off,waste,tried,poor,apart
cheap,does,small,disappointed,broke,okay,return,thought,wasn,not,$,were,but,ok,work,t,did,pool,half,didn,off,waste,tried,poor,apart
cheap,does,small,disappointed,broke,okay,return,thought,wasn,not,$,were,but,ok,work,t,did,pool,half,didn,off,waste,tried,poor,apart
cheap,does,small,disappointed,broke,okay,return,thought,wasn,not,$,were,but,ok,work,t,did,pool,half,didn,off,waste,tried,poor,apart
cheap,does,small,disappointed,broke,okay,return,thought,wasn,not,$,were,but,ok,work,t,did,pool,half,didn,off,waste,tried,poor,apart
cheap,does,small,disappointed,broke,okay,return,thought,wasn,not,$,were,but,ok,work,t,did,pool,half,didn,off,waste,tried,poor,apart
cheap,does,small,disappointed,broke,okay,return,thought,wasn,not,$,were,but,ok,work,t,did,pool,half,didn,off,waste,tried,poor,apart
cheap,does,small,disappointed,broke,okay,return,thought,wasn,not,$,were,but,ok,work,t,did,pool,half,didn,off,waste,tried,poor,apart
cheap,does,small,disappointed,broke,okay,return,thought,wasn,not,$,were,but,ok,work,t,did,pool,half,didn,off,waste,tried,poor,apart
cheap,does,small,disappointed,broke,okay,return,thought,wasn,not,$,were,but,ok,work,t,did,pool,half,didn,off,waste,tried,poor,apart
cheap,does,small,disappointed,broke,okay,return,thought,wasn,not,$,were,but,ok,work,t,did,pool,half,didn,off,waste,tried,poor,apart
cheap,does,small,disappointed,broke,okay,return,thought,wasn,not,$,were,but,ok,work,t,did,pool,half,didn,off,waste,tried,poor,apart
cheap,does,small,disappointed,broke,okay,return,thought,wasn,not,$,were,but,ok,work,t,did,pool,half,didn,off,waste,tried,poor,apart
cheap,does,small,disappointed,broke,okay,return,thought,wasn,not,$,were,but,ok,work,t,did,pool,half,didn,off,waste,tried,poor,apart
cheap,does,small,disappointed,broke,okay,return,thought,wasn,not,$,were,but,ok,work,t,did,pool,half,didn,off,waste,tried,poor,apart
cheap,does,small,disappointed,broke,okay,return,thought,wasn,not,$,were,but,ok,work,t,did,pool,half,didn,off,waste,tried,poor,apart
cheap,does,small,disappointed,broke,okay,return,thought,wasn,not,$,were,but,ok,work,t,did,pool,half,didn,off,waste,tried,poor,apart
cheap,does,small,disappointed,broke,okay,return,thought,wasn,not,$,were,but,ok,work,t,did,pool,half,didn,off,waste,tried,poor,apart
cheap,does,small,disappointed,broke,okay,return,thought,wasn,not,$,were,but,ok,work,t,did,pool,half,didn,off,waste,tried,poor,apart
cheap,does,small,disappointed,broke,okay,return,thought,wasn,not,$,were,but,ok,work,t,did,pool,half,didn,off,waste,tried,poor,apart
cheap,does,small,disappointed,broke,okay,return,thought,wasn,not,$,were,but,ok,work,t,did,pool,half,didn,off,waste,tried,poor,apart
cheap,does,small,disappointed,broke,okay,return,thought,wasn,not,$,were,but,ok,work,t,did,pool,half,didn,off,waste,tried,poor,apart
cheap,does,small,disappointed,broke,okay,return,thought,wasn,not,$,were,but,ok,work,t,did,pool,half,didn,off,waste,tried,poor,apart
cheap,does,small,disappointed,broke,okay,return,thought,wasn,not,$,were,but,ok,work,t,did,pool,half,didn,off,waste,tried,poor,apart
cheap,does,small,disappointed,broke,okay,return,thought,wasn,not,$,were,but,ok,work,t,did,pool,half,didn,off,waste,tried,poor,apart
cheap,does,small,disappointed,broke,okay,return,thought,wasn,not,$,were,but,ok,work,t,did,pool,half,didn,off,waste,tried,poor,apart
cheap,does,small,disappointed,broke,okay,return,thought,wasn,not,$,were,but,ok,work,t,did,pool,half,didn,off,waste,tried,poor,apart
cheap,does,small,disappointed,broke,okay,return,thought,wasn,not,$,were,but,ok,work,t,did,pool,half,didn,off,waste,tried,poor,apart
cheap,does,small,disappointed,broke,okay,return,thought,wasn,not,$,were,but,ok,work,t,did,pool,half,didn,off,waste,tried,poor,apart
cheap,does,small,disappointed,broke,okay,return,thought,wasn,not,$,were,but,ok,work,t,did,pool,half,didn,off,waste,tried,poor,apart
cheap,does,small,disappointed,broke,okay,return,thought,wasn,not,$,were,but,ok,work,t,did,pool,half,didn,off,waste,tried,poor,apart
cheap,does,small,disappointed,broke,okay,return,thought,wasn,not,$,were,but,ok,work,t,did,pool,half,didn,off,waste,tried,poor,apart
cheap,does,small,disappointed,broke,okay,return,thought,wasn,not,$,were,but,ok,work,t,did,pool,half,didn,off,waste,tried,poor,apart
cheap,does,small,disappointed,broke,okay,return,thought,wasn,not,$,were,but,ok,work,t,did,pool,half,didn,off,waste,tried,poor,apart
cheap,does,small,disappointed,broke,okay,return,thought,wasn,not,$,were,but,ok,work,t,did,pool,half,didn,off,waste,tried,poor,apart
cheap,?,does,small,disappointed,broke,okay,return,thought,wasn,not,$,were,but,ok,work,t,did,pool,half,didn,off,waste,poor,apart
cheap,?,does,small,disappointed,broke,okay,return,thought,wasn,not,$,were,but,ok,work,t,did,pool,half,didn,off,waste,poor,apart
cheap,?,does,small,disappointed,broke,okay,return,thought,wasn,not,$,were,but,ok,work,t,did,pool,half,didn,off,waste,poor,apart
cheap,?,does,small,disappointed,broke,okay,return,thought,wasn,not,$,were,but,ok,work,t,did,pool,half,didn,off,waste,poor,apart
cheap,?,does,small,disappointed,broke,okay,return,thought,wasn,not,$,were,but,ok,work,t,did,pool,half,didn,off,waste,poor,apart
cheap,?,does,small,disappointed,broke,okay,return,thought,wasn,not,$,were,but,ok,work,t,did,pool,half,didn,off,waste,poor,apart
cheap,?,does,small,disappointed,broke,okay,return,thought,wasn,not,$,were,but,ok,work,t,did,pool,half,didn,off,waste,poor,apart
cheap,?,does,small,disappointed,broke,okay,return,thought,wasn,not,$,were,but,ok,work,t,did,pool,half,didn,off,waste,poor,apart
cheap,?,does,small,disappointed,broke,okay,return,thought,wasn,not,$,were,but,ok,work,t,did,pool,half,didn,off,waste,poor,apart
cheap,?,does,small,disappointed,broke,okay,return,thought,wasn,not,$,were,but,ok,work,t,did,pool,half,didn,off,waste,poor,apart
cheap,?,does,small,disappointed,broke,okay,return,thought,wasn,not,$,were,but,ok,work,t,did,pool,half,didn,off,waste,poor,apart
cheap,?,does,small,disappointed,broke,okay,return,thought,wasn,not,$,were,but,ok,work,t,did,pool,half,didn,off,waste,poor,apart
cheap,?,does,small,disappointed,broke,okay,return,thought,wasn,not,$,were,but,ok,work,t,did,pool,half,didn,off,waste,poor,apart
cheap,?,does,small,disappointed,broke,okay,return,thought,wasn,not,$,were,but,ok,work,t,did,pool,half,didn,off,waste,poor,apart
cheap,?,does,small,disappointed,broke,okay,return,thought,wasn,not,$,were,but,ok,work,t,did,pool,half,didn,off,waste,poor,apart
cheap,?,does,small,disappointed,broke,okay,return,thought,wasn,not,$,were,but,ok,work,t,did,pool,half,didn,off,waste,poor,apart
cheap,?,does,small,disappointed,broke,okay,return,thought,wasn,not,$,were,but,ok,work,t,did,pool,half,didn,off,waste,poor,apart
cheap,?,does,small,disappointed,broke,okay,return,thought,wasn,not,$,were,but,ok,work,t,did,pool,half,didn,off,waste,poor,apart
cheap,?,does,small,disappointed,broke,okay,return,thought,wasn,not,$,were,but,ok,work,t,did,pool,half,didn,off,waste,poor,apart
cheap,?,does,small,disappointed,broke,okay,return,thought,wasn,not,$,were,but,ok,work,t,did,pool,half,didn,off,waste,poor,apart
cheap,?,does,small,disappointed,broke,okay,return,thought,wasn,not,$,were,but,ok,work,t,did,pool,half,didn,off,waste,poor,apart
cheap,?,does,small,disappointed,broke,okay,return,thought,wasn,not,$,were,but,ok,work,t,did,pool,half,didn,off,waste,poor,apart
cheap,?,does,small,disappointed,broke,okay,return,thought,wasn,not,$,were,but,ok,work,t,did,pool,half,didn,off,waste,poor,apart
cheap,?,does,small,disappointed,broke,okay,return,thought,wasn,not,$,were,but,ok,work,t,did,pool,half,didn,off,waste,poor,apart
cheap,?,does,small,disappointed,broke,okay,return,thought,wasn,not,$,were,but,ok,work,t,did,pool,half,didn,off,waste,poor,apart
cheap,?,does,small,disappointed,broke,okay,return,thought,wasn,not,$,were,but,ok,work,t,did,pool,half,didn,off,waste,poor,apart
cheap,?,does,small,disappointed,broke,okay,return,thought,wasn,not,$,were,but,ok,work,t,did,pool,half,didn,off,waste,poor,apart
cheap,?,does,small,disappointed,broke,okay,return,thought,wasn,not,$,were,but,ok,work,t,did,pool,half,didn,off,waste,poor,apart
cheap,?,does,small,disappointed,broke,okay,return,thought,wasn,not,$,were,but,ok,work,t,did,pool,half,didn,off,waste,poor,apart
cheap,?,does,small,disappointed,broke,okay,return,thought,wasn,not,$,were,but,ok,work,t,did,pool,half,didn,off,waste,poor,apart
cheap,?,does,small,disappointed,broke,okay,return,thought,wasn,not,$,were,but,ok,work,t,did,pool,half,didn,off,waste,poor,apart
cheap,?,does,small,disappointed,broke,okay,return,thought,wasn,not,$,but,ok,work,t,did,pool,half,didn,off,waste,tried,poor,apart
cheap,?,does,small,disappointed,broke,okay,return,thought,wasn,not,$,but,ok,work,t,did,pool,half,didn,off,waste,tried,poor,apart
cheap,?,does,small,disappointed,broke,okay,return,thought,wasn,not,$,but,ok,work,t,did,pool,half,didn,off,waste,tried,poor,apart
cheap,?,does,small,disappointed,broke,okay,return,thought,wasn,not,$,but,ok,work,t,did,pool,half,didn,off,waste,tried,poor,apart
cheap,?,does,small,disappointed,broke,okay,return,thought,wasn,not,$,but,ok,work,t,did,pool,half,didn,off,waste,tried,poor,apart
cheap,?,does,small,disappointed,broke,okay,return,thought,wasn,not,$,but,ok,work,t,did,pool,disappointing,didn,off,waste,tried,poor,apart
cheap,?,does,small,disappointed,broke,okay,return,thought,wasn,not,$,but,ok,work,t,did,pool,disappointing,didn,off,waste,tried,poor,apart
cheap,?,does,small,disappointed,broke,okay,return,thought,wasn,not,$,but,ok,work,t,did,pool,disappointing,didn,off,waste,tried,poor,apart
cheap,?,does,small,disappointed,broke,okay,return,thought,wasn,not,$,but,ok,work,t,did,pool,disappointing,didn,off,waste,tried,poor,apart
cheap,?,does,small,disappointed,broke,okay,return,thought,wasn,not,$,but,ok,work,t,did,pool,disappointing,didn,off,waste,tried,poor,apart
cheap,?,does,small,disappointed,broke,okay,return,thought,wasn,not,$,but,ok,work,t,did,pool,disappointing,didn,off,waste,tried,poor,apart
cheap,?,does,small,disappointed,broke,okay,return,thought,wasn,not,$,but,ok,work,t,did,pool,disappointing,didn,off,waste,tried,poor,apart
cheap,?,does,small,disappointed,broke,okay,return,thought,wasn,not,$,but,ok,work,t,did,pool,disappointing,didn,off,waste,tried,poor,apart
cheap,?,does,small,disappointed,broke,okay,return,thought,wasn,not,$,but,ok,work,t,did,pool,disappointing,didn,off,waste,tried,poor,apart
cheap,?,does,small,disappointed,broke,okay,return,thought,wasn,not,$,but,ok,work,t,did,pool,disappointing,didn,off,waste,tried,poor,apart
cheap,?,does,small,disappointed,broke,okay,return,thought,wasn,not,$,but,ok,work,t,did,pool,disappointing,didn,off,waste,tried,poor,apart
cheap,?,does,small,disappointed,broke,okay,return,thought,wasn,not,$,but,ok,work,t,did,pool,disappointing,didn,off,waste,tried,poor,apart
cheap,?,does,small,disappointed,broke,okay,return,thought,wasn,not,$,but,ok,work,t,did,pool,disappointing,didn,off,waste,tried,poor,apart
cheap,?,does,small,disappointed,broke,okay,return,thought,wasn,not,$,but,ok,work,t,did,pool,disappointing,didn,off,waste,tried,poor,apart
cheap,?,does,small,disappointed,broke,okay,return,thought,wasn,not,$,but,ok,work,t,did,pool,disappointing,didn,off,waste,tried,poor,apart
cheap,?,does,small,disappointed,broke,okay,return,thought,wasn,not,$,but,ok,work,t,did,pool,disappointing,didn,off,waste,tried,poor,apart
cheap,?,does,small,disappointed,broke,okay,return,thought,wasn,not,$,but,ok,work,t,did,pool,disappointing,didn,off,waste,tried,poor,apart
cheap,?,does,small,disappointed,broke,okay,return,thought,wasn,not,$,but,ok,work,t,did,pool,disappointing,didn,off,waste,tried,poor,apart
cheap,?,does,small,disappointed,broke,okay,return,thought,wasn,not,$,but,ok,work,t,did,pool,disappointing,didn,off,waste,tried,poor,apart
cheap,?,does,small,disappointed,broke,okay,return,thought,wasn,not,$,but,ok,work,t,did,pool,disappointing,didn,off,waste,tried,poor,apart
cheap,?,does,small,disappointed,broke,okay,return,thought,wasn,not,$,but,ok,work,t,did,pool,disappointing,didn,off,waste,tried,poor,apart
cheap,?,does,small,disappointed,broke,okay,return,thought,wasn,not,$,but,ok,work,t,did,pool,disappointing,didn,off,waste,tried,poor,apart
cheap,?,does,small,disappointed,broke,okay,return,thought,wasn,not,$,but,ok,work,t,did,pool,disappointing,didn,off,waste,tried,poor,apart
cheap,?,does,small,disappointed,broke,okay,return,thought,wasn,not,$,but,ok,work,t,did,pool,disappointing,didn,off,waste,tried,poor,apart
cheap,?,does,small,disappointed,broke,okay,return,thought,wasn,not,$,but,ok,work,t,did,pool,disappointing,didn,off,waste,tried,poor,apart
cheap,?,does,small,disappointed,broke,okay,return,thought,wasn,not,$,but,ok,work,t,did,pool,disappointing,didn,off,waste,tried,poor,apart
cheap,?,does,small,disappointed,broke,okay,return,thought,wasn,not,$,but,ok,work,t,did,pool,disappointing,didn,off,waste,tried,poor,apart
cheap,?,does,small,disappointed,broke,okay,return,thought,wasn,not,$,but,ok,work,t,did,pool,disappointing,didn,off,waste,tried,poor,apart
cheap,?,does,small,disappointed,broke,okay,return,thought,wasn,not,$,but,ok,work,t,did,pool,disappointing,didn,off,waste,tried,poor,apart
cheap,?,does,small,disappointed,broke,okay,return,thought,wasn,not,$,but,ok,work,t,did,pool,disappointing,didn,off,waste,tried,poor,apart
cheap,?,does,small,disappointed,broke,okay,return,thought,wasn,not,$,but,ok,work,t,did,pool,disappointing,didn,off,waste,tried,poor,apart
cheap,?,does,small,disappointed,broke,okay,return,thought,wasn,not,$,but,ok,work,t,did,pool,disappointing,didn,off,waste,tried,poor,apart
cheap,?,does,small,disappointed,broke,okay,return,thought,wasn,not,$,but,ok,work,t,did,pool,disappointing,didn,off,waste,tried,poor,apart
cheap,?,does,small,disappointed,broke,okay,return,thought,wasn,not,$,but,ok,work,t,did,pool,disappointing,didn,off,waste,tried,poor,apart
cheap,?,does,small,disappointed,broke,okay,return,thought,wasn,not,$,but,ok,work,t,did,pool,disappointing,didn,off,waste,tried,poor,apart
cheap,?,does,small,disappointed,broke,okay,return,thought,wasn,not,$,but,ok,work,t,did,pool,disappointing,didn,off,waste,tried,poor,apart
cheap,?,does,small,disappointed,broke,okay,return,thought,wasn,not,$,but,ok,work,t,did,pool,disappointing,didn,off,waste,tried,poor,apart
cheap,?,does,small,disappointed,broke,okay,return,thought,wasn,not,$,but,ok,work,t,did,pool,disappointing,didn,off,waste,tried,poor,apart
cheap,?,does,small,disappointed,broke,okay,return,thought,wasn,not,$,but,ok,work,t,did,pool,disappointing,didn,off,waste,tried,poor,apart
cheap,?,does,small,disappointed,broke,okay,return,thought,wasn,not,$,but,ok,work,t,did,pool,disappointing,didn,off,waste,tried,poor,apart
cheap,?,does,small,disappointed,broke,okay,return,thought,wasn,not,$,but,ok,work,t,did,pool,disappointing,didn,off,waste,tried,poor,apart
cheap,?,does,small,disappointed,broke,okay,return,thought,wasn,not,$,but,ok,work,t,did,pool,disappointing,didn,off,waste,tried,poor,apart
cheap,?,does,small,disappointed,broke,okay,return,thought,wasn,not,$,but,ok,work,t,did,pool,disappointing,didn,off,waste,tried,poor,apart
cheap,?,does,small,disappointed,broke,okay,return,thought,wasn,not,$,but,ok,work,t,did,pool,disappointing,didn,off,waste,tried,poor,apart
cheap,?,does,small,disappointed,broke,okay,return,thought,wasn,not,$,but,ok,work,t,did,pool,disappointing,didn,off,waste,tried,poor,apart
cheap,?,does,small,disappointed,broke,okay,return,thought,wasn,not,$,but,ok,work,t,did,pool,disappointing,didn,off,waste,tried,poor,apart
cheap,?,does,small,disappointed,broke,okay,return,thought,wasn,not,$,but,ok,work,t,did,pool,disappointing,didn,off,waste,tried,poor,apart
cheap,?,does,small,disappointed,broke,okay,return,thought,wasn,not,$,but,ok,work,t,did,pool,disappointing,didn,off,waste,tried,poor,apart
cheap,?,does,small,disappointed,broke,okay,return,thought,wasn,not,$,but,ok,work,t,did,pool,disappointing,didn,off,waste,tried,poor,apart
cheap,?,does,small,disappointed,broke,okay,return,thought,wasn,not,$,but,ok,work,t,did,pool,disappointing,didn,off,waste,tried,poor,apart
cheap,?,does,small,disappointed,broke,okay,return,thought,wasn,not,$,but,ok,work,t,did,pool,disappointing,didn,off,waste,tried,poor,apart
cheap,?,does,small,disappointed,broke,okay,return,thought,wasn,not,$,but,ok,work,t,did,pool,disappointing,didn,off,waste,tried,poor,apart
cheap,?,does,small,disappointed,broke,okay,return,thought,wasn,not,$,but,ok,work,t,did,pool,disappointing,didn,off,waste,tried,poor,apart
cheap,?,does,small,disappointed,broke,okay,return,thought,wasn,not,$,but,ok,work,t,did,pool,disappointing,didn,off,waste,tried,poor,apart
cheap,?,does,small,disappointed,broke,okay,return,thought,wasn,not,$,but,ok,work,t,did,pool,disappointing,didn,off,waste,tried,poor,apart
cheap,?,does,small,disappointed,broke,okay,return,thought,wasn,not,$,but,ok,work,t,did,pool,disappointing,didn,off,waste,tried,poor,apart
cheap,?,does,small,disappointed,broke,okay,return,thought,wasn,not,$,but,ok,work,t,did,pool,disappointing,didn,off,waste,tried,poor,apart
cheap,?,does,small,disappointed,broke,okay,return,thought,wasn,not,$,but,ok,work,t,did,pool,disappointing,didn,off,waste,tried,poor,apart
cheap,?,does,small,disappointed,broke,okay,return,thought,wasn,not,$,but,ok,work,t,did,pool,disappointing,didn,off,waste,tried,poor,apart
cheap,?,does,small,disappointed,broke,okay,return,thought,wasn,not,$,but,ok,work,t,did,pool,disappointing,didn,off,waste,tried,poor,apart
cheap,?,does,small,disappointed,broke,okay,return,thought,wasn,not,$,but,ok,doesn,work,t,did,pool,didn,off,waste,tried,poor,apart
cheap,?,does,small,disappointed,broke,okay,return,thought,wasn,not,$,but,ok,doesn,work,t,did,pool,didn,off,waste,tried,poor,apart
cheap,?,does,small,disappointed,broke,okay,return,thought,wasn,not,$,but,ok,doesn,work,t,did,pool,didn,off,waste,tried,poor,apart
cheap,?,does,small,disappointed,broke,okay,return,thought,wasn,not,$,but,ok,doesn,work,t,did,pool,didn,off,waste,tried,poor,apart
cheap,?,does,small,disappointed,broke,okay,return,thought,wasn,not,$,but,ok,doesn,work,t,did,pool,didn,off,waste,tried,poor,apart
cheap,?,does,small,disappointed,broke,okay,return,thought,wasn,not,$,but,ok,doesn,work,t,did,pool,didn,off,waste,tried,poor,apart
cheap,?,does,small,disappointed,broke,okay,return,thought,wasn,not,$,but,ok,doesn,work,t,did,pool,didn,off,waste,tried,poor,apart
cheap,?,does,small,disappointed,broke,okay,return,thought,wasn,not,$,but,ok,doesn,work,t,did,pool,didn,off,waste,tried,poor,apart
cheap,?,does,small,disappointed,broke,okay,return,thought,wasn,not,$,but,ok,doesn,work,t,did,pool,didn,off,waste,tried,poor,apart
cheap,?,does,small,disappointed,broke,okay,return,thought,wasn,not,$,but,ok,doesn,work,t,did,pool,didn,off,waste,tried,poor,apart
cheap,?,does,small,disappointed,broke,okay,return,thought,wasn,not,$,but,ok,doesn,work,t,did,pool,didn,off,waste,tried,poor,apart
cheap,?,does,small,disappointed,broke,okay,return,thought,wasn,not,$,but,ok,doesn,work,t,did,pool,didn,off,waste,tried,poor,apart
cheap,?,does,small,disappointed,broke,okay,return,thought,wasn,not,$,but,ok,doesn,work,t,did,pool,didn,off,waste,tried,poor,apart
cheap,?,does,small,disappointed,broke,okay,return,thought,wasn,not,$,but,ok,doesn,work,t,did,pool,didn,off,waste,tried,poor,apart
cheap,?,does,small,disappointed,broke,okay,return,thought,wasn,not,$,but,ok,doesn,work,t,did,pool,didn,off,waste,tried,poor,apart
cheap,?,does,small,disappointed,broke,okay,return,thought,wasn,not,$,but,ok,doesn,work,t,did,pool,didn,off,waste,tried,poor,apart
cheap,?,does,small,disappointed,broke,okay,return,thought,wasn,not,$,but,ok,doesn,work,t,did,pool,didn,off,waste,tried,poor,apart
cheap,?,does,small,disappointed,broke,okay,return,thought,wasn,not,$,but,ok,doesn,work,t,did,pool,didn,off,waste,tried,poor,apart
cheap,?,does,small,disappointed,broke,okay,return,thought,wasn,not,$,but,ok,doesn,work,t,did,pool,didn,off,waste,tried,poor,apart
cheap,?,does,small,disappointed,broke,okay,return,thought,wasn,not,$,but,ok,doesn,work,t,did,pool,didn,off,waste,tried,poor,apart
cheap,?,does,small,disappointed,broke,okay,return,thought,wasn,not,$,but,ok,doesn,work,t,did,pool,didn,off,waste,tried,poor,apart
cheap,?,does,small,disappointed,broke,okay,return,thought,wasn,not,$,but,ok,doesn,work,t,did,pool,didn,off,waste,tried,poor,apart
cheap,?,does,small,disappointed,broke,okay,return,thought,wasn,not,$,but,ok,doesn,work,t,did,pool,didn,off,waste,tried,poor,apart
cheap,?,does,small,disappointed,broke,okay,return,thought,wasn,not,$,but,ok,doesn,work,t,did,pool,didn,off,waste,tried,poor,apart
cheap,?,does,small,disappointed,broke,okay,return,thought,wasn,not,$,but,ok,doesn,work,t,did,pool,didn,off,waste,tried,poor,apart
cheap,?,does,small,disappointed,broke,okay,return,thought,wasn,not,$,but,ok,doesn,work,t,did,pool,didn,off,waste,tried,poor,apart
cheap,?,does,small,disappointed,broke,okay,return,thought,wasn,not,$,but,ok,doesn,work,t,did,pool,didn,off,waste,tried,poor,apart
cheap,?,does,small,disappointed,broke,okay,return,thought,wasn,not,$,but,ok,doesn,work,t,did,pool,didn,off,waste,tried,poor,apart
cheap,?,does,small,disappointed,broke,okay,return,thought,wasn,not,$,but,ok,doesn,work,t,did,pool,didn,off,waste,tried,poor,apart
cheap,?,does,small,disappointed,broke,okay,return,thought,wasn,not,$,but,ok,doesn,work,t,did,pool,didn,off,waste,tried,poor,apart
cheap,?,does,small,disappointed,broke,okay,return,thought,wasn,not,$,but,ok,doesn,work,t,did,pool,didn,off,waste,tried,poor,apart
cheap,?,does,small,disappointed,broke,okay,return,thought,wasn,not,$,but,ok,doesn,work,t,did,pool,didn,off,waste,tried,poor,apart
cheap,?,does,small,disappointed,broke,okay,return,thought,wasn,not,$,but,ok,doesn,work,t,did,pool,didn,off,waste,tried,poor,apart
cheap,?,does,small,disappointed,broke,okay,return,thought,wasn,not,$,but,ok,doesn,work,t,did,pool,didn,off,waste,tried,poor,apart
cheap,?,does,small,disappointed,broke,okay,return,thought,wasn,not,$,but,ok,doesn,work,t,did,pool,didn,off,waste,tried,poor,apart
cheap,?,does,small,disappointed,broke,okay,return,thought,wasn,not,$,but,ok,doesn,work,t,did,pool,didn,off,waste,tried,poor,apart
cheap,?,does,small,disappointed,broke,okay,return,thought,wasn,not,$,but,ok,doesn,work,t,did,pool,didn,off,waste,tried,poor,apart
cheap,?,does,small,disappointed,broke,okay,return,thought,wasn,not,$,but,ok,doesn,work,t,did,pool,didn,off,waste,tried,poor,apart
cheap,?,does,small,disappointed,broke,okay,return,thought,wasn,not,$,but,ok,doesn,work,t,did,pool,didn,off,waste,tried,poor,apart
cheap,?,does,small,disappointed,broke,okay,return,thought,wasn,not,$,but,ok,doesn,work,t,did,pool,didn,off,waste,tried,poor,apart
cheap,?,does,small,disappointed,broke,okay,return,thought,wasn,not,$,but,ok,doesn,work,t,did,pool,didn,off,waste,tried,poor,apart
cheap,?,does,small,disappointed,broke,okay,return,thought,wasn,not,$,but,ok,doesn,work,t,did,pool,didn,off,waste,tried,poor,apart
cheap,?,does,small,disappointed,broke,okay,return,thought,wasn,not,$,but,ok,doesn,work,t,did,pool,didn,off,waste,tried,poor,apart
cheap,?,does,small,disappointed,broke,okay,return,thought,wasn,not,$,but,ok,doesn,work,t,did,pool,didn,off,waste,tried,poor,apart
cheap,?,does,small,disappointed,broke,okay,return,thought,wasn,not,$,but,ok,doesn,work,t,did,pool,didn,off,waste,tried,poor,apart
cheap,?,does,small,disappointed,broke,okay,return,thought,wasn,not,$,but,ok,doesn,work,t,did,pool,didn,off,waste,tried,poor,apart
cheap,?,does,small,disappointed,broke,okay,return,thought,wasn,not,$,but,ok,doesn,work,t,did,pool,didn,off,waste,tried,poor,apart
cheap,?,does,small,disappointed,broke,okay,return,thought,wasn,not,$,but,ok,doesn,work,t,did,pool,didn,off,waste,tried,poor,apart
cheap,?,does,small,disappointed,broke,okay,return,thought,wasn,not,$,but,ok,doesn,work,t,did,pool,didn,off,waste,tried,poor,apart
cheap,?,does,small,disappointed,broke,okay,return,thought,wasn,not,$,but,ok,doesn,work,t,did,pool,didn,off,waste,tried,poor,apart
cheap,?,does,small,disappointed,broke,okay,return,thought,wasn,not,$,but,ok,doesn,work,t,did,pool,didn,off,waste,tried,poor,apart
cheap,?,does,small,disappointed,broke,okay,return,thought,wasn,not,$,but,ok,doesn,work,t,did,pool,didn,off,waste,tried,poor,apart
cheap,?,does,small,disappointed,broke,okay,return,thought,wasn,not,$,but,ok,doesn,work,t,did,pool,didn,off,waste,tried,poor,apart
cheap,?,does,small,disappointed,broke,okay,return,thought,wasn,not,$,but,ok,doesn,work,t,did,pool,didn,off,waste,tried,poor,apart
cheap,?,does,small,disappointed,broke,okay,return,thought,wasn,not,$,but,ok,doesn,work,t,did,pool,didn,off,waste,tried,poor,apart
cheap,?,does,small,disappointed,broke,okay,return,thought,wasn,not,$,but,ok,doesn,work,t,did,pool,didn,off,waste,tried,poor,apart
cheap,?,does,small,disappointed,broke,okay,return,thought,wasn,not,$,but,ok,doesn,work,t,did,pool,didn,off,waste,tried,poor,apart
cheap,?,does,small,disappointed,broke,okay,return,thought,wasn,not,$,but,ok,doesn,work,t,did,pool,didn,off,waste,tried,poor,apart
cheap,?,does,small,disappointed,broke,okay,return,thought,wasn,not,$,but,ok,doesn,work,t,did,pool,didn,off,waste,tried,poor,apart
cheap,?,does,small,disappointed,broke,okay,return,thought,wasn,not,$,but,ok,doesn,work,t,did,pool,didn,off,waste,tried,poor,apart
cheap,?,does,small,disappointed,broke,okay,return,thought,wasn,not,$,but,ok,doesn,work,t,did,pool,didn,off,waste,tried,poor,apart
cheap,?,does,small,disappointed,broke,okay,return,thought,wasn,not,$,but,ok,doesn,work,t,did,pool,didn,off,waste,tried,poor,apart
cheap,?,does,small,disappointed,broke,okay,return,thought,wasn,not,$,but,ok,doesn,work,t,did,pool,didn,off,waste,tried,poor,apart
cheap,?,does,small,disappointed,broke,okay,return,thought,wasn,not,$,but,ok,doesn,work,t,did,pool,didn,off,waste,tried,poor,apart
cheap,?,does,small,disappointed,broke,okay,return,thought,wasn,not,$,but,ok,doesn,work,t,did,pool,didn,off,waste,tried,poor,apart
cheap,?,does,small,disappointed,broke,okay,return,thought,wasn,not,$,but,ok,doesn,work,t,did,pool,didn,off,waste,tried,poor,apart
cheap,?,does,small,disappointed,broke,okay,return,thought,wasn,not,$,but,ok,doesn,work,t,did,pool,didn,off,waste,tried,poor,apart
cheap,?,does,small,disappointed,broke,okay,return,thought,wasn,not,$,but,ok,doesn,work,t,did,pool,didn,off,waste,tried,poor,apart
cheap,?,does,small,disappointed,broke,okay,return,thought,wasn,not,$,but,ok,doesn,work,t,did,pool,didn,off,waste,tried,poor,apart
cheap,?,does,small,disappointed,broke,okay,return,thought,wasn,not,$,but,ok,doesn,work,t,did,pool,didn,off,waste,tried,poor,apart
cheap,does,small,disappointed,broke,okay,return,thought,wasn,not,$,but,ok,doesn,work,t,did,pool,disappointing,didn,off,waste,tried,poor,apart
cheap,does,small,disappointed,broke,okay,return,thought,wasn,not,$,but,ok,doesn,work,t,did,pool,disappointing,didn,off,waste,tried,poor,apart
cheap,does,small,disappointed,broke,okay,return,thought,wasn,not,$,but,ok,doesn,work,t,did,pool,disappointing,didn,off,waste,tried,poor,apart
cheap,does,small,disappointed,broke,okay,return,thought,wasn,not,$,but,ok,doesn,work,t,did,pool,disappointing,didn,off,waste,tried,poor,apart
cheap,does,small,disappointed,broke,okay,return,thought,wasn,not,$,but,ok,doesn,work,t,did,pool,disappointing,didn,off,waste,tried,poor,apart
cheap,does,small,disappointed,broke,okay,return,thought,wasn,not,$,but,ok,doesn,work,t,did,pool,disappointing,didn,off,waste,tried,poor,apart
cheap,does,small,disappointed,broke,okay,return,thought,wasn,not,$,but,ok,doesn,work,t,did,pool,disappointing,didn,off,waste,tried,poor,apart
cheap,does,small,disappointed,broke,okay,return,thought,wasn,not,$,but,ok,doesn,work,t,did,pool,disappointing,didn,off,waste,tried,poor,apart
cheap,does,small,disappointed,broke,okay,return,thought,wasn,not,$,but,ok,doesn,work,t,did,pool,disappointing,didn,off,waste,tried,poor,apart
cheap,does,small,disappointed,broke,okay,return,thought,wasn,not,$,but,ok,doesn,work,t,did,pool,disappointing,didn,off,waste,tried,poor,apart
cheap,does,small,disappointed,broke,okay,return,thought,wasn,not,$,but,ok,doesn,work,t,did,pool,disappointing,didn,off,waste,tried,poor,apart
cheap,does,small,disappointed,broke,okay,return,thought,wasn,not,$,but,ok,doesn,work,t,did,pool,disappointing,didn,off,waste,tried,poor,apart
cheap,does,small,disappointed,broke,okay,return,thought,wasn,not,$,but,ok,doesn,work,t,did,pool,disappointing,didn,off,waste,tried,poor,apart
cheap,does,small,disappointed,broke,okay,return,thought,wasn,not,$,but,ok,doesn,work,t,did,pool,disappointing,didn,off,waste,tried,poor,apart
cheap,does,small,disappointed,broke,okay,return,thought,wasn,not,$,but,ok,doesn,work,t,did,pool,disappointing,didn,off,waste,tried,poor,apart
cheap,does,small,disappointed,broke,okay,return,thought,wasn,not,$,but,ok,doesn,work,t,did,pool,disappointing,didn,off,waste,tried,poor,apart
cheap,does,small,disappointed,broke,okay,return,thought,wasn,not,$,but,ok,doesn,work,t,did,pool,disappointing,didn,off,waste,tried,poor,apart
cheap,does,small,disappointed,broke,okay,return,thought,wasn,not,$,but,ok,doesn,work,t,did,pool,disappointing,didn,off,waste,tried,poor,apart
cheap,does,small,disappointed,broke,okay,return,thought,wasn,not,$,but,ok,doesn,work,t,did,pool,disappointing,didn,off,waste,tried,poor,apart
cheap,does,small,disappointed,broke,okay,return,thought,wasn,not,$,but,ok,doesn,work,t,did,pool,disappointing,didn,off,waste,tried,poor,apart
cheap,does,small,disappointed,broke,okay,return,thought,wasn,not,$,but,ok,doesn,work,t,did,pool,disappointing,didn,off,waste,tried,poor,apart
cheap,does,small,disappointed,broke,okay,return,thought,wasn,not,$,but,ok,doesn,work,t,did,pool,disappointing,didn,off,waste,tried,poor,apart
cheap,does,small,disappointed,broke,okay,return,thought,wasn,not,$,but,ok,doesn,work,t,did,pool,disappointing,didn,off,waste,tried,poor,apart
cheap,does,small,disappointed,broke,okay,return,thought,wasn,not,$,but,ok,doesn,work,t,did,pool,disappointing,didn,off,waste,tried,poor,apart
cheap,does,small,disappointed,broke,okay,return,thought,wasn,not,$,but,ok,doesn,work,t,did,pool,disappointing,didn,off,waste,tried,poor,apart
cheap,does,small,disappointed,broke,okay,return,thought,wasn,not,$,but,ok,doesn,work,t,did,pool,disappointing,didn,off,waste,tried,poor,apart
cheap,does,small,disappointed,broke,okay,return,thought,wasn,not,$,but,ok,doesn,work,t,did,pool,disappointing,didn,off,waste,tried,poor,apart
cheap,does,small,disappointed,broke,okay,return,thought,wasn,not,$,but,ok,doesn,work,t,did,pool,disappointing,didn,off,waste,tried,poor,apart
cheap,does,small,disappointed,broke,okay,return,thought,wasn,not,$,but,ok,doesn,work,t,did,pool,disappointing,didn,off,waste,tried,poor,apart
cheap,does,small,disappointed,broke,okay,return,thought,wasn,not,$,but,ok,doesn,work,t,did,pool,disappointing,didn,off,waste,tried,poor,apart
cheap,does,small,disappointed,broke,okay,return,thought,wasn,not,$,but,ok,doesn,work,t,did,pool,disappointing,didn,off,waste,tried,poor,apart
cheap,does,small,disappointed,broke,okay,return,thought,wasn,not,$,but,ok,doesn,work,t,did,pool,disappointing,didn,off,waste,tried,poor,apart
cheap,does,small,disappointed,broke,okay,return,thought,wasn,not,$,but,ok,doesn,work,t,did,pool,disappointing,didn,off,waste,tried,poor,apart
cheap,does,small,disappointed,broke,okay,return,thought,wasn,not,$,but,ok,doesn,work,t,did,pool,disappointing,didn,off,waste,tried,poor,apart
cheap,does,small,should,disappointed,broke,okay,return,thought,wasn,not,$,but,ok,work,t,did,pool,disappointing,didn,off,waste,tried,poor,apart
cheap,does,small,should,disappointed,broke,okay,return,thought,wasn,not,$,but,ok,work,t,did,pool,disappointing,didn,off,waste,tried,poor,apart
cheap,does,small,should,disappointed,broke,okay,return,thought,wasn,not,$,but,ok,work,t,did,pool,disappointing,didn,off,waste,tried,poor,apart
cheap,does,small,should,disappointed,broke,okay,return,thought,wasn,not,$,but,ok,work,t,did,pool,disappointing,didn,off,waste,tried,poor,apart
cheap,does,small,should,disappointed,broke,okay,return,thought,wasn,not,$,but,ok,work,t,did,pool,disappointing,didn,off,waste,tried,poor,apart
cheap,does,small,should,disappointed,broke,okay,return,thought,wasn,not,$,but,ok,work,t,did,pool,disappointing,didn,off,waste,tried,poor,apart
cheap,does,small,should,disappointed,broke,okay,return,thought,wasn,not,$,but,ok,work,t,did,pool,disappointing,didn,off,waste,tried,poor,apart
cheap,does,small,should,disappointed,broke,okay,return,thought,wasn,not,$,but,ok,work,t,did,pool,disappointing,didn,off,waste,tried,poor,apart
cheap,does,small,should,disappointed,broke,okay,return,thought,wasn,not,$,but,ok,work,t,did,pool,disappointing,didn,off,waste,tried,poor,apart
cheap,does,small,should,disappointed,broke,okay,return,thought,wasn,not,$,but,ok,work,t,did,pool,disappointing,didn,off,waste,tried,poor,apart
cheap,does,small,should,disappointed,broke,okay,return,thought,wasn,not,$,but,ok,work,t,did,pool,disappointing,didn,off,waste,tried,poor,apart
cheap,does,small,should,disappointed,broke,okay,return,thought,wasn,not,$,but,ok,work,t,did,pool,disappointing,didn,off,waste,tried,poor,apart
cheap,does,small,should,disappointed,broke,okay,return,thought,wasn,not,$,but,ok,work,t,did,pool,disappointing,didn,off,waste,tried,poor,apart
cheap,does,small,should,disappointed,broke,okay,return,thought,wasn,not,$,but,ok,work,t,did,pool,disappointing,didn,off,waste,tried,poor,apart
cheap,does,small,should,disappointed,broke,okay,return,thought,wasn,not,$,but,ok,work,t,did,pool,disappointing,didn,off,waste,tried,poor,apart
cheap,does,small,should,disappointed,broke,okay,return,thought,wasn,not,$,but,ok,work,t,did,pool,disappointing,didn,off,waste,tried,poor,apart
cheap,does,small,should,disappointed,broke,okay,return,thought,wasn,not,$,but,ok,work,t,did,pool,disappointing,didn,off,waste,tried,poor,apart
cheap,does,small,should,disappointed,broke,okay,return,thought,wasn,not,$,but,ok,work,t,did,pool,disappointing,didn,off,waste,tried,poor,apart
cheap,does,small,should,disappointed,broke,okay,return,thought,wasn,not,$,but,ok,work,t,did,pool,disappointing,didn,off,waste,tried,poor,apart
cheap,does,small,should,disappointed,broke,okay,return,thought,wasn,not,$,but,ok,work,t,did,pool,disappointing,didn,off,waste,tried,poor,apart
cheap,does,small,should,disappointed,broke,okay,return,thought,wasn,not,$,but,ok,work,t,did,pool,disappointing,didn,off,waste,tried,poor,apart
cheap,does,small,should,disappointed,broke,okay,return,thought,wasn,not,$,but,ok,work,t,did,pool,disappointing,didn,off,waste,tried,poor,apart
cheap,does,small,should,disappointed,broke,okay,return,thought,wasn,not,$,but,ok,work,t,did,pool,disappointing,didn,off,waste,tried,poor,apart
cheap,does,small,should,disappointed,broke,okay,return,thought,wasn,not,$,but,ok,work,t,did,pool,disappointing,didn,off,waste,tried,poor,apart
cheap,does,small,should,disappointed,broke,okay,return,thought,wasn,not,$,but,ok,work,t,did,pool,disappointing,didn,off,waste,tried,poor,apart
cheap,does,small,should,disappointed,broke,okay,return,thought,wasn,not,$,but,ok,work,t,did,pool,disappointing,didn,off,waste,tried,poor,apart
cheap,does,small,should,disappointed,broke,okay,return,thought,wasn,not,$,but,ok,work,t,did,pool,disappointing,didn,off,waste,tried,poor,apart
cheap,does,small,should,disappointed,broke,okay,return,thought,wasn,not,$,but,ok,work,t,did,pool,disappointing,didn,off,waste,tried,poor,apart
cheap,does,small,should,disappointed,broke,okay,return,thought,wasn,not,$,but,ok,work,t,did,pool,disappointing,didn,off,waste,tried,poor,apart
cheap,does,small,should,disappointed,broke,okay,return,thought,wasn,not,$,but,ok,work,t,did,pool,disappointing,didn,off,waste,tried,poor,apart
cheap,does,small,should,disappointed,broke,okay,return,thought,wasn,not,$,but,ok,work,t,did,pool,disappointing,didn,off,waste,tried,poor,apart
cheap,does,small,should,disappointed,broke,okay,return,thought,wasn,not,$,but,ok,work,t,did,pool,disappointing,didn,off,waste,tried,poor,apart
cheap,does,small,should,disappointed,broke,okay,return,thought,wasn,not,$,but,ok,work,t,did,pool,disappointing,didn,off,waste,tried,poor,apart
cheap,does,small,should,disappointed,broke,okay,return,thought,wasn,not,$,but,ok,work,t,did,pool,disappointing,didn,off,waste,tried,poor,apart
cheap,does,small,should,disappointed,broke,okay,return,thought,wasn,not,$,but,ok,work,t,did,pool,disappointing,didn,off,waste,tried,poor,apart
cheap,does,small,should,disappointed,broke,okay,return,thought,wasn,not,$,but,ok,work,t,did,pool,disappointing,didn,off,waste,tried,poor,apart
cheap,does,small,should,disappointed,broke,okay,return,thought,wasn,not,$,but,ok,work,t,did,pool,disappointing,didn,off,waste,tried,poor,apart
cheap,does,small,should,disappointed,broke,okay,return,thought,wasn,not,$,but,ok,work,t,did,pool,disappointing,didn,off,waste,tried,poor,apart
cheap,does,small,should,disappointed,broke,okay,return,thought,wasn,not,$,but,ok,work,t,did,pool,disappointing,didn,off,waste,tried,poor,apart
cheap,does,small,should,disappointed,broke,okay,return,thought,wasn,not,$,but,ok,work,t,did,pool,disappointing,didn,off,waste,tried,poor,apart
cheap,does,small,should,disappointed,broke,okay,return,thought,wasn,not,$,but,ok,work,t,did,pool,disappointing,didn,off,waste,tried,poor,apart
cheap,does,small,should,disappointed,broke,okay,return,thought,wasn,not,$,but,ok,work,t,did,pool,disappointing,didn,off,waste,tried,poor,apart
cheap,does,small,should,disappointed,broke,okay,return,thought,wasn,not,$,but,ok,work,t,did,pool,disappointing,didn,off,waste,tried,poor,apart
cheap,does,small,should,disappointed,broke,okay,return,thought,wasn,not,$,but,ok,work,t,did,pool,disappointing,didn,off,waste,tried,poor,apart
cheap,does,small,should,disappointed,broke,okay,return,thought,wasn,not,$,but,ok,work,t,did,pool,disappointing,didn,off,waste,tried,poor,apart
cheap,does,small,should,disappointed,broke,okay,return,thought,wasn,not,$,but,ok,work,t,did,pool,disappointing,didn,off,waste,tried,poor,apart
cheap,does,small,should,disappointed,broke,okay,return,thought,wasn,not,$,but,ok,work,t,did,pool,disappointing,didn,off,waste,tried,poor,apart
cheap,does,small,should,disappointed,broke,okay,return,thought,wasn,not,$,but,ok,work,t,did,pool,disappointing,didn,off,waste,tried,poor,apart
cheap,does,small,should,disappointed,broke,okay,return,thought,wasn,not,$,but,ok,work,t,did,pool,disappointing,didn,off,waste,tried,poor,apart
cheap,does,small,should,disappointed,broke,okay,return,thought,wasn,not,$,but,ok,work,t,did,pool,disappointing,didn,off,waste,tried,poor,apart
cheap,does,small,should,disappointed,broke,okay,return,thought,wasn,not,$,but,ok,work,t,did,pool,disappointing,didn,off,waste,tried,poor,apart
cheap,does,small,should,disappointed,broke,okay,return,thought,wasn,not,$,but,ok,work,t,did,pool,disappointing,didn,off,waste,tried,poor,apart
cheap,does,small,should,disappointed,broke,okay,return,thought,wasn,not,$,but,ok,work,t,did,pool,disappointing,didn,off,waste,tried,poor,apart
cheap,does,small,should,disappointed,broke,okay,return,thought,wasn,not,$,but,ok,work,t,did,pool,disappointing,didn,off,waste,tried,poor,apart
cheap,does,small,should,disappointed,broke,okay,return,thought,wasn,not,$,but,ok,work,t,did,pool,disappointing,didn,off,waste,tried,poor,apart
cheap,does,small,should,disappointed,broke,okay,return,thought,wasn,not,$,but,ok,work,t,did,pool,disappointing,didn,off,waste,tried,poor,apart
cheap,does,small,should,disappointed,broke,okay,return,thought,wasn,not,$,but,ok,work,t,did,pool,disappointing,didn,off,waste,tried,poor,apart
cheap,does,small,should,disappointed,broke,okay,return,thought,wasn,not,$,but,ok,work,t,did,pool,disappointing,didn,off,waste,tried,poor,apart
cheap,does,small,should,disappointed,broke,okay,return,thought,wasn,not,$,but,ok,work,t,did,pool,disappointing,didn,off,waste,tried,poor,apart
cheap,does,small,should,disappointed,broke,okay,return,thought,wasn,not,$,but,ok,work,t,did,pool,disappointing,didn,off,waste,tried,poor,apart
cheap,does,small,should,disappointed,broke,okay,return,thought,wasn,not,$,but,ok,work,t,did,pool,disappointing,didn,off,waste,tried,poor,apart
cheap,does,small,should,disappointed,broke,okay,return,thought,wasn,not,$,but,ok,work,t,did,pool,disappointing,didn,off,waste,tried,poor,apart
cheap,does,small,should,disappointed,broke,okay,return,thought,wasn,not,$,but,ok,work,t,did,pool,disappointing,didn,off,waste,tried,poor,apart
cheap,does,small,should,disappointed,broke,okay,return,thought,wasn,not,$,but,ok,work,t,did,pool,disappointing,didn,off,waste,tried,poor,apart
cheap,does,small,should,disappointed,broke,okay,return,thought,wasn,not,$,but,ok,work,t,did,pool,disappointing,didn,off,waste,tried,poor,apart
cheap,does,small,should,disappointed,broke,okay,return,thought,wasn,not,$,but,ok,work,t,did,pool,disappointing,didn,off,waste,tried,poor,apart
cheap,does,small,should,disappointed,broke,okay,return,thought,wasn,not,$,but,ok,work,t,did,pool,disappointing,didn,off,waste,tried,poor,apart
cheap,does,small,should,disappointed,broke,okay,return,thought,wasn,not,$,but,ok,work,t,did,pool,disappointing,didn,off,waste,tried,poor,apart
cheap,does,small,should,disappointed,broke,okay,return,thought,wasn,not,$,but,ok,work,t,did,pool,disappointing,didn,off,waste,tried,poor,apart
cheap,does,small,should,disappointed,broke,okay,return,thought,wasn,not,$,but,ok,work,t,did,pool,disappointing,didn,off,waste,tried,poor,apart
cheap,does,small,should,disappointed,broke,okay,return,thought,wasn,not,$,but,ok,work,t,did,pool,disappointing,didn,off,waste,tried,poor,apart
cheap,does,small,should,disappointed,broke,okay,return,thought,wasn,not,$,but,ok,work,t,did,pool,disappointing,didn,off,waste,tried,poor,apart
cheap,does,small,should,disappointed,broke,okay,return,thought,wasn,not,$,but,ok,work,t,did,pool,disappointing,didn,off,waste,tried,poor,apart
cheap,does,small,should,disappointed,broke,okay,return,thought,wasn,not,$,but,ok,work,t,did,pool,disappointing,didn,off,waste,tried,poor,apart
cheap,does,small,should,disappointed,broke,okay,return,thought,wasn,not,$,but,ok,work,t,did,pool,disappointing,didn,off,waste,tried,poor,apart
cheap,does,small,should,disappointed,broke,okay,return,thought,wasn,not,$,but,ok,work,t,did,pool,disappointing,didn,off,waste,tried,poor,apart
cheap,does,small,should,disappointed,broke,okay,return,thought,wasn,not,$,but,ok,work,t,did,pool,disappointing,didn,off,waste,tried,poor,apart
cheap,does,small,should,disappointed,broke,okay,return,thought,wasn,not,$,but,ok,work,t,did,pool,disappointing,didn,off,waste,tried,poor,apart
cheap,does,small,should,disappointed,broke,okay,return,thought,wasn,not,$,but,ok,work,t,did,pool,disappointing,didn,off,waste,tried,poor,apart
cheap,does,small,should,disappointed,broke,okay,return,thought,wasn,not,$,but,ok,work,t,did,pool,disappointing,didn,off,waste,tried,poor,apart
cheap,does,small,should,disappointed,broke,okay,return,thought,wasn,not,$,but,ok,work,t,did,pool,disappointing,didn,off,waste,tried,poor,apart
cheap,does,small,should,disappointed,broke,okay,return,thought,wasn,not,$,but,ok,work,t,did,pool,disappointing,didn,off,waste,tried,poor,apart
cheap,does,small,should,disappointed,broke,okay,return,thought,wasn,not,$,but,ok,work,t,did,pool,disappointing,didn,off,waste,tried,poor,apart
cheap,does,small,should,disappointed,broke,okay,return,thought,wasn,not,$,but,ok,work,t,did,pool,disappointing,didn,off,waste,tried,poor,apart
cheap,does,small,should,disappointed,broke,okay,return,thought,wasn,not,$,but,ok,work,t,did,pool,disappointing,didn,off,waste,tried,poor,apart
cheap,does,small,should,disappointed,broke,okay,return,thought,wasn,not,$,but,ok,work,t,did,pool,disappointing,didn,off,waste,tried,poor,apart
cheap,does,small,should,disappointed,broke,okay,return,thought,wasn,not,$,but,ok,work,t,did,pool,disappointing,didn,off,waste,tried,poor,apart
cheap,does,small,should,disappointed,broke,okay,return,thought,wasn,not,$,but,ok,work,t,did,pool,disappointing,didn,off,waste,tried,poor,apart
cheap,does,small,should,disappointed,broke,okay,return,thought,wasn,not,$,but,ok,work,t,did,pool,disappointing,didn,off,waste,tried,poor,apart
cheap,does,small,should,disappointed,broke,okay,return,thought,wasn,not,$,but,ok,work,t,did,pool,disappointing,didn,off,waste,tried,poor,apart
cheap,does,small,should,disappointed,broke,okay,return,thought,wasn,not,$,but,ok,work,t,did,pool,disappointing,didn,off,waste,tried,poor,apart
cheap,does,small,should,disappointed,broke,okay,return,thought,wasn,not,$,but,ok,work,t,did,pool,disappointing,didn,off,waste,tried,poor,apart
cheap,does,small,should,disappointed,broke,okay,return,thought,wasn,not,$,but,ok,work,t,did,pool,disappointing,didn,off,waste,tried,poor,apart
cheap,does,small,should,disappointed,broke,okay,return,thought,wasn,not,$,but,ok,work,t,did,pool,disappointing,didn,off,waste,tried,poor,apart
cheap,does,small,should,disappointed,broke,okay,return,thought,wasn,not,$,but,ok,work,t,did,pool,disappointing,didn,off,waste,tried,poor,apart
cheap,does,small,should,disappointed,broke,okay,return,thought,wasn,not,$,but,ok,work,t,did,pool,disappointing,didn,off,waste,tried,poor,apart
cheap,does,small,should,disappointed,broke,okay,return,thought,wasn,not,$,but,ok,work,t,did,pool,disappointing,didn,off,waste,tried,poor,apart
cheap,does,small,should,disappointed,broke,okay,return,thought,wasn,not,$,but,ok,work,t,did,pool,disappointing,didn,off,waste,tried,poor,apart
cheap,does,small,should,disappointed,broke,okay,return,thought,wasn,not,$,but,ok,work,t,did,pool,disappointing,didn,off,waste,tried,poor,apart
cheap,does,small,should,disappointed,broke,okay,return,thought,wasn,not,$,but,ok,work,t,did,pool,disappointing,didn,off,waste,tried,poor,apart
cheap,does,small,should,disappointed,broke,okay,return,thought,wasn,not,$,but,ok,work,t,did,pool,disappointing,didn,off,waste,tried,poor,apart
cheap,does,small,should,disappointed,broke,okay,return,thought,wasn,not,$,but,ok,work,t,did,pool,disappointing,didn,off,waste,tried,poor,apart
cheap,does,small,should,disappointed,broke,okay,return,thought,wasn,not,$,but,ok,work,t,did,pool,disappointing,didn,off,waste,tried,poor,apart
cheap,does,small,should,disappointed,broke,okay,return,thought,wasn,not,$,but,ok,work,t,did,pool,disappointing,didn,off,waste,tried,poor,apart
cheap,does,small,should,disappointed,broke,okay,return,thought,wasn,not,$,but,ok,work,t,did,pool,disappointing,didn,off,waste,tried,poor,apart
cheap,does,small,should,disappointed,broke,okay,return,thought,wasn,not,$,but,ok,work,t,did,pool,disappointing,didn,off,waste,tried,poor,apart
cheap,does,small,should,disappointed,broke,okay,return,thought,wasn,not,$,but,ok,work,t,did,pool,disappointing,didn,off,waste,tried,poor,apart
cheap,does,small,should,disappointed,broke,okay,return,thought,wasn,not,$,but,ok,work,t,did,pool,disappointing,didn,off,waste,tried,poor,apart
cheap,does,small,should,disappointed,broke,okay,return,thought,wasn,not,$,but,ok,work,t,did,pool,disappointing,didn,off,waste,tried,poor,apart
cheap,does,small,should,disappointed,broke,okay,return,thought,wasn,not,$,but,ok,work,t,did,pool,disappointing,didn,off,waste,tried,poor,apart
cheap,does,small,should,disappointed,broke,okay,return,thought,wasn,not,$,but,ok,work,t,did,pool,disappointing,didn,off,waste,tried,poor,apart
cheap,does,small,should,disappointed,broke,okay,return,thought,wasn,not,$,but,ok,work,t,did,pool,disappointing,didn,off,waste,tried,poor,apart
cheap,does,small,should,disappointed,broke,okay,return,thought,wasn,not,$,but,ok,work,t,did,pool,disappointing,didn,off,waste,tried,poor,apart
cheap,does,small,should,disappointed,broke,okay,return,thought,wasn,not,$,but,ok,work,t,did,pool,disappointing,didn,off,waste,tried,poor,apart
cheap,does,small,should,disappointed,broke,okay,return,thought,wasn,not,$,but,ok,work,t,did,pool,disappointing,didn,off,waste,tried,poor,apart
cheap,does,small,should,disappointed,broke,okay,return,thought,wasn,not,$,but,ok,work,t,did,pool,disappointing,didn,off,waste,tried,poor,apart
cheap,does,small,should,disappointed,broke,okay,return,thought,wasn,not,$,but,ok,work,t,did,pool,disappointing,didn,off,waste,tried,poor,apart
cheap,does,small,should,disappointed,broke,okay,return,thought,wasn,not,$,but,ok,work,t,did,pool,disappointing,didn,off,waste,tried,poor,apart
cheap,does,small,should,disappointed,broke,okay,return,thought,wasn,not,$,but,ok,work,t,did,pool,disappointing,didn,off,waste,tried,poor,apart
cheap,does,small,should,disappointed,broke,okay,return,thought,wasn,not,$,but,ok,work,t,did,pool,disappointing,didn,off,waste,tried,poor,apart
cheap,does,small,should,disappointed,broke,okay,return,thought,wasn,not,$,but,ok,work,t,did,pool,disappointing,didn,off,waste,tried,poor,apart
cheap,does,small,should,disappointed,broke,okay,return,thought,wasn,not,$,but,ok,work,t,did,pool,disappointing,didn,off,waste,tried,poor,apart
cheap,does,small,should,disappointed,broke,okay,return,thought,wasn,not,$,but,ok,work,t,did,pool,disappointing,didn,off,waste,tried,poor,apart
cheap,does,small,should,disappointed,broke,okay,return,thought,wasn,not,$,but,ok,work,t,did,pool,disappointing,didn,off,waste,tried,poor,apart
cheap,does,small,should,disappointed,broke,okay,return,thought,wasn,not,$,but,ok,work,t,did,pool,disappointing,didn,off,waste,tried,poor,apart
cheap,does,small,should,disappointed,broke,okay,return,thought,wasn,not,$,but,ok,work,t,did,pool,disappointing,didn,off,waste,tried,poor,apart
cheap,does,small,should,disappointed,broke,okay,return,thought,wasn,not,$,but,ok,work,t,did,pool,disappointing,didn,off,waste,tried,poor,apart
cheap,does,small,should,disappointed,broke,okay,return,thought,wasn,not,$,but,ok,work,t,did,pool,disappointing,didn,off,waste,tried,poor,apart
cheap,does,small,should,disappointed,broke,okay,return,thought,wasn,not,$,but,ok,work,t,did,pool,disappointing,didn,off,waste,tried,poor,apart
cheap,does,small,should,disappointed,broke,okay,return,thought,wasn,not,$,but,ok,work,t,did,pool,disappointing,didn,off,waste,tried,poor,apart
cheap,does,small,should,disappointed,broke,okay,return,thought,wasn,not,$,but,ok,work,t,did,pool,disappointing,didn,off,waste,tried,poor,apart
cheap,does,small,should,disappointed,broke,okay,return,thought,wasn,not,$,but,ok,work,t,did,pool,disappointing,didn,off,waste,tried,poor,apart
cheap,does,small,should,disappointed,broke,okay,return,thought,wasn,not,$,but,ok,work,t,did,pool,disappointing,didn,off,waste,tried,poor,apart
cheap,does,small,should,disappointed,broke,okay,return,thought,wasn,not,$,but,ok,work,t,did,pool,disappointing,didn,off,waste,tried,poor,apart
cheap,does,small,should,disappointed,broke,okay,return,thought,wasn,not,$,but,ok,work,t,did,pool,disappointing,didn,off,waste,tried,poor,apart
cheap,does,small,should,disappointed,broke,okay,return,thought,wasn,not,$,but,ok,work,t,did,pool,disappointing,didn,off,waste,tried,poor,apart
cheap,does,small,should,disappointed,broke,okay,return,thought,wasn,not,$,but,ok,work,t,did,pool,disappointing,didn,off,waste,tried,poor,apart
cheap,does,small,should,disappointed,broke,okay,return,thought,wasn,not,$,but,ok,work,t,did,pool,disappointing,didn,off,waste,tried,poor,apart
cheap,does,small,should,disappointed,broke,okay,return,thought,wasn,not,$,but,ok,work,t,did,pool,disappointing,didn,off,waste,tried,poor,apart
cheap,does,small,should,disappointed,broke,return,thought,wasn,not,$,but,ok,work,t,did,pool,disappointing,didn,off,waste,tried,after,poor,apart
cheap,does,small,should,disappointed,broke,return,thought,wasn,not,$,but,ok,work,t,did,pool,disappointing,didn,off,waste,tried,after,poor,apart
cheap,does,small,should,disappointed,broke,return,thought,wasn,not,$,but,ok,work,t,did,pool,disappointing,didn,off,waste,tried,after,poor,apart
cheap,does,small,should,disappointed,broke,return,thought,wasn,not,$,but,ok,work,t,did,pool,disappointing,didn,off,waste,tried,after,poor,apart
cheap,does,small,should,disappointed,broke,okay,return,thought,wasn,not,$,but,ok,work,t,did,pool,disappointing,didn,off,waste,tried,poor,apart
cheap,does,small,should,disappointed,broke,okay,return,thought,wasn,not,$,but,ok,work,t,did,pool,disappointing,didn,off,waste,tried,poor,apart
cheap,does,small,should,disappointed,broke,okay,return,thought,wasn,not,$,but,ok,work,t,did,pool,disappointing,didn,off,waste,tried,poor,apart
cheap,does,small,should,disappointed,broke,okay,return,thought,wasn,not,$,but,ok,work,t,did,pool,disappointing,didn,off,waste,tried,poor,apart
cheap,does,small,should,disappointed,broke,okay,return,thought,wasn,not,$,but,ok,work,t,did,pool,disappointing,didn,off,waste,tried,poor,apart
cheap,does,small,should,disappointed,broke,okay,return,thought,wasn,not,$,but,ok,work,t,did,pool,disappointing,didn,off,waste,tried,poor,apart
cheap,does,small,should,disappointed,broke,okay,return,thought,wasn,not,$,but,ok,work,t,did,pool,disappointing,didn,off,waste,tried,poor,apart
cheap,does,small,should,disappointed,broke,okay,return,thought,wasn,not,$,but,ok,work,t,did,pool,disappointing,didn,off,waste,tried,poor,apart
cheap,does,small,should,disappointed,broke,okay,return,thought,wasn,not,$,but,ok,work,t,did,pool,disappointing,didn,off,waste,tried,poor,apart
cheap,does,small,should,disappointed,broke,okay,return,thought,wasn,not,$,but,ok,work,t,did,pool,disappointing,didn,off,waste,tried,poor,apart
cheap,does,small,should,disappointed,broke,okay,return,thought,wasn,not,$,but,ok,work,t,did,pool,disappointing,didn,off,waste,tried,poor,apart
cheap,does,small,should,disappointed,broke,okay,return,thought,wasn,not,$,but,ok,work,t,did,pool,disappointing,didn,off,waste,tried,poor,apart
cheap,does,small,should,disappointed,broke,okay,return,thought,wasn,not,$,but,ok,work,t,did,pool,disappointing,didn,off,waste,tried,poor,apart
cheap,does,small,should,disappointed,broke,okay,return,thought,wasn,not,$,but,ok,work,t,did,pool,disappointing,didn,off,waste,tried,poor,apart
cheap,does,small,should,disappointed,broke,okay,return,thought,wasn,not,$,but,ok,work,t,did,pool,disappointing,didn,off,waste,tried,poor,apart
cheap,does,small,should,disappointed,broke,okay,return,thought,wasn,not,$,but,ok,work,t,did,pool,disappointing,didn,off,waste,tried,poor,apart
cheap,does,small,should,disappointed,broke,okay,return,thought,wasn,not,$,but,ok,work,t,did,pool,disappointing,didn,off,waste,tried,poor,apart
cheap,does,small,should,disappointed,broke,okay,return,thought,wasn,not,$,but,ok,work,t,did,pool,disappointing,didn,off,waste,tried,poor,apart
cheap,does,small,should,disappointed,broke,okay,return,thought,wasn,not,$,but,ok,work,t,did,pool,disappointing,didn,off,waste,tried,poor,apart
cheap,does,small,should,disappointed,broke,okay,return,thought,wasn,not,$,but,ok,work,t,did,pool,disappointing,didn,off,waste,tried,poor,apart
cheap,does,small,should,disappointed,broke,okay,return,thought,wasn,not,$,but,ok,work,t,did,pool,disappointing,didn,off,waste,tried,poor,apart
cheap,does,small,should,disappointed,broke,okay,return,thought,wasn,not,$,but,ok,work,t,did,pool,disappointing,didn,off,waste,tried,poor,apart
cheap,does,small,should,disappointed,broke,okay,return,thought,wasn,not,$,but,ok,work,t,did,pool,didn,off,waste,tried,returned,poor,apart
cheap,does,small,should,disappointed,broke,okay,return,thought,wasn,not,$,but,ok,work,t,did,pool,didn,off,waste,tried,returned,poor,apart
cheap,does,small,should,disappointed,broke,okay,return,thought,wasn,not,$,but,ok,work,t,did,pool,didn,off,waste,tried,returned,poor,apart
cheap,does,small,should,disappointed,broke,okay,return,thought,wasn,not,$,but,ok,work,t,did,pool,didn,off,waste,tried,returned,poor,apart
cheap,does,small,should,disappointed,broke,okay,return,thought,wasn,not,$,but,ok,work,t,did,pool,didn,off,waste,tried,returned,poor,apart
cheap,does,small,should,disappointed,broke,okay,return,thought,wasn,not,$,but,ok,work,t,did,pool,didn,off,waste,tried,returned,poor,apart
cheap,does,small,should,disappointed,broke,okay,return,thought,wasn,not,$,but,ok,work,t,did,pool,didn,off,waste,tried,returned,poor,apart
cheap,does,small,should,disappointed,broke,okay,return,thought,wasn,not,$,but,ok,work,t,did,pool,didn,off,waste,tried,returned,poor,apart
cheap,does,small,should,disappointed,broke,okay,return,thought,wasn,not,$,but,ok,work,t,did,pool,didn,off,waste,tried,returned,poor,apart
cheap,does,small,should,disappointed,broke,okay,return,thought,wasn,not,$,but,ok,work,t,did,pool,didn,off,waste,tried,returned,poor,apart
cheap,does,small,should,disappointed,broke,okay,return,thought,wasn,not,$,but,ok,work,t,did,pool,didn,off,waste,tried,returned,poor,apart
cheap,does,small,should,disappointed,broke,okay,return,thought,wasn,not,$,but,ok,work,t,did,pool,didn,off,waste,tried,returned,poor,apart
cheap,does,small,should,disappointed,broke,okay,return,thought,wasn,not,$,but,ok,work,t,did,pool,didn,off,waste,tried,returned,poor,apart
cheap,does,small,should,disappointed,broke,okay,return,thought,wasn,not,$,but,ok,work,t,did,pool,didn,off,waste,tried,returned,poor,apart
cheap,does,small,should,disappointed,broke,okay,return,thought,wasn,not,$,but,ok,work,t,did,pool,didn,off,waste,tried,returned,poor,apart
cheap,does,small,should,disappointed,broke,okay,return,thought,wasn,not,$,but,ok,work,t,did,pool,didn,off,waste,tried,returned,poor,apart
cheap,does,small,should,disappointed,broke,okay,return,thought,wasn,not,$,but,ok,work,t,did,pool,didn,off,waste,tried,returned,poor,apart
cheap,does,small,should,disappointed,broke,okay,return,thought,wasn,not,$,but,ok,work,t,did,pool,didn,off,waste,tried,returned,poor,apart
cheap,does,small,should,disappointed,broke,okay,return,thought,wasn,not,$,but,ok,work,t,did,pool,didn,off,waste,tried,returned,poor,apart
cheap,does,small,should,disappointed,broke,okay,return,thought,wasn,not,$,but,ok,work,t,did,pool,didn,off,waste,tried,returned,poor,apart
cheap,does,small,should,disappointed,broke,okay,return,thought,wasn,not,$,but,ok,work,t,did,pool,didn,off,waste,tried,returned,poor,apart
cheap,does,small,should,disappointed,broke,okay,return,thought,wasn,not,$,but,ok,work,t,did,pool,didn,off,waste,tried,returned,poor,apart
cheap,does,small,should,disappointed,broke,okay,return,thought,wasn,not,$,but,ok,work,t,did,pool,didn,off,waste,tried,returned,poor,apart
cheap,does,small,should,disappointed,broke,okay,return,thought,wasn,not,$,but,ok,work,t,did,pool,didn,off,waste,tried,returned,poor,apart
cheap,does,small,should,disappointed,broke,okay,return,thought,wasn,not,$,but,ok,work,t,did,pool,didn,off,waste,tried,returned,poor,apart
cheap,does,small,should,disappointed,broke,okay,return,thought,wasn,not,$,but,ok,work,t,did,pool,didn,off,waste,tried,returned,poor,apart
cheap,does,small,should,disappointed,broke,okay,return,thought,wasn,not,$,but,ok,work,t,did,pool,didn,off,waste,tried,returned,poor,apart
cheap,does,small,should,disappointed,broke,okay,return,thought,wasn,not,$,but,ok,work,t,did,pool,didn,off,waste,tried,returned,poor,apart
cheap,does,small,should,disappointed,broke,okay,return,thought,wasn,not,$,but,ok,work,t,did,pool,didn,off,waste,tried,returned,poor,apart
cheap,does,small,should,disappointed,broke,okay,return,thought,wasn,not,$,but,ok,work,t,did,pool,didn,off,waste,tried,returned,poor,apart
cheap,does,small,should,disappointed,broke,okay,return,thought,wasn,not,$,but,ok,work,t,did,pool,didn,off,waste,tried,returned,poor,apart
cheap,does,small,should,disappointed,broke,okay,return,thought,wasn,not,$,but,ok,work,t,did,pool,didn,off,waste,tried,returned,poor,apart
cheap,does,small,should,disappointed,broke,okay,return,thought,wasn,not,$,but,ok,work,t,did,pool,didn,off,waste,tried,returned,poor,apart
cheap,does,small,should,disappointed,broke,okay,return,thought,wasn,not,$,but,ok,work,t,did,pool,didn,off,waste,tried,returned,poor,apart
cheap,does,small,should,disappointed,broke,okay,return,thought,wasn,not,$,but,ok,work,t,did,pool,didn,off,waste,tried,returned,poor,apart
cheap,does,small,should,disappointed,broke,okay,return,thought,wasn,not,$,but,ok,work,t,did,pool,didn,off,waste,tried,returned,poor,apart
cheap,does,small,should,disappointed,broke,okay,return,thought,wasn,not,$,but,ok,work,t,did,pool,didn,off,waste,tried,returned,poor,apart
cheap,does,small,should,disappointed,broke,okay,return,thought,wasn,not,$,but,ok,work,t,did,pool,didn,off,waste,tried,returned,poor,apart
cheap,does,small,should,disappointed,broke,okay,return,thought,wasn,not,$,but,ok,work,t,did,pool,didn,off,waste,tried,returned,poor,apart
cheap,does,small,should,disappointed,broke,okay,return,thought,wasn,not,$,but,ok,work,t,did,pool,didn,off,waste,tried,returned,poor,apart
cheap,does,small,should,disappointed,broke,okay,return,thought,wasn,not,$,but,ok,work,t,did,pool,didn,off,waste,tried,returned,poor,apart
cheap,does,small,should,disappointed,broke,okay,return,thought,wasn,not,$,but,ok,work,t,did,pool,didn,off,waste,tried,returned,poor,apart
cheap,does,small,should,disappointed,broke,okay,return,thought,wasn,not,$,but,ok,work,t,did,pool,didn,off,waste,tried,returned,poor,apart
cheap,does,small,disappointed,broke,wouldn,okay,return,thought,wasn,not,$,but,ok,work,t,did,pool,didn,off,waste,tried,returned,poor,apart
cheap,does,small,disappointed,broke,wouldn,okay,return,thought,wasn,not,$,but,ok,work,t,did,pool,didn,off,waste,tried,returned,poor,apart
cheap,does,small,disappointed,broke,wouldn,okay,return,thought,wasn,not,$,but,ok,work,t,did,pool,didn,off,waste,tried,returned,poor,apart
cheap,does,small,disappointed,broke,wouldn,okay,return,thought,wasn,not,$,but,ok,work,t,did,pool,didn,off,waste,tried,returned,poor,apart
cheap,does,small,disappointed,broke,wouldn,okay,return,thought,wasn,not,$,but,ok,work,t,did,pool,didn,off,waste,tried,returned,poor,apart
cheap,does,small,disappointed,broke,wouldn,okay,return,thought,wasn,not,$,but,ok,work,t,did,pool,didn,off,waste,tried,returned,poor,apart
cheap,does,small,disappointed,broke,wouldn,okay,return,thought,wasn,not,$,but,ok,work,t,did,pool,didn,off,waste,tried,returned,poor,apart
cheap,does,small,disappointed,broke,wouldn,okay,return,thought,wasn,not,$,but,ok,work,t,did,pool,didn,off,waste,tried,returned,poor,apart
cheap,does,small,disappointed,broke,wouldn,okay,return,thought,wasn,not,$,but,ok,work,t,did,pool,didn,off,waste,tried,returned,poor,apart
cheap,does,small,disappointed,broke,wouldn,okay,return,thought,wasn,not,$,but,ok,work,t,did,pool,didn,off,waste,tried,returned,poor,apart
cheap,does,small,disappointed,broke,wouldn,okay,return,thought,wasn,not,$,but,ok,work,t,did,pool,didn,off,waste,tried,returned,poor,apart
cheap,does,small,disappointed,broke,wouldn,okay,return,thought,wasn,not,$,but,ok,work,t,did,pool,didn,off,waste,tried,returned,poor,apart
cheap,does,small,disappointed,broke,wouldn,okay,return,thought,wasn,not,$,but,ok,work,t,did,pool,didn,off,waste,tried,returned,poor,apart
cheap,does,small,disappointed,broke,wouldn,okay,return,thought,wasn,not,$,but,ok,work,t,did,pool,didn,off,waste,tried,returned,poor,apart
cheap,does,small,disappointed,broke,wouldn,okay,return,thought,wasn,not,$,but,ok,work,t,did,pool,didn,off,waste,tried,returned,poor,apart
cheap,does,small,disappointed,broke,wouldn,okay,return,thought,wasn,not,$,but,ok,work,t,did,pool,didn,off,waste,tried,returned,poor,apart
cheap,does,small,disappointed,broke,wouldn,okay,return,thought,wasn,not,$,but,ok,work,t,did,pool,didn,off,waste,tried,returned,poor,apart
cheap,does,small,disappointed,broke,wouldn,okay,return,thought,wasn,not,$,but,ok,work,t,did,pool,didn,off,waste,tried,returned,poor,apart
cheap,does,small,disappointed,broke,wouldn,okay,return,thought,wasn,not,$,but,ok,work,t,did,pool,didn,off,waste,tried,returned,poor,apart
cheap,does,small,disappointed,broke,wouldn,okay,return,thought,wasn,not,$,but,ok,work,t,did,pool,didn,off,waste,tried,returned,poor,apart
cheap,does,small,disappointed,broke,wouldn,okay,return,thought,wasn,not,$,but,ok,work,t,did,pool,didn,off,waste,tried,returned,poor,apart
cheap,does,small,disappointed,broke,wouldn,okay,return,thought,wasn,not,$,but,ok,work,t,did,pool,didn,off,waste,tried,returned,poor,apart
cheap,does,small,disappointed,broke,wouldn,okay,return,thought,wasn,not,$,but,ok,work,t,did,pool,didn,off,waste,tried,returned,poor,apart
cheap,does,small,disappointed,broke,wouldn,okay,return,thought,wasn,not,$,but,ok,work,t,did,pool,didn,off,waste,tried,returned,poor,apart
cheap,does,small,disappointed,broke,wouldn,okay,return,thought,wasn,not,$,but,ok,work,t,did,pool,didn,off,waste,tried,returned,poor,apart
cheap,does,small,disappointed,broke,wouldn,okay,return,thought,wasn,not,$,but,ok,work,t,did,pool,didn,off,waste,tried,returned,poor,apart
cheap,does,small,disappointed,broke,wouldn,okay,return,thought,wasn,not,$,but,ok,work,t,did,pool,didn,off,waste,tried,returned,poor,apart
cheap,does,small,disappointed,broke,wouldn,okay,return,thought,wasn,not,$,but,ok,work,t,did,pool,didn,off,waste,tried,returned,poor,apart
cheap,does,small,disappointed,broke,wouldn,okay,return,thought,wasn,not,$,but,ok,work,t,did,pool,didn,off,waste,tried,returned,poor,apart
cheap,does,small,disappointed,broke,wouldn,okay,return,thought,wasn,not,$,but,ok,work,t,did,pool,didn,off,waste,tried,returned,poor,apart
cheap,does,small,disappointed,broke,wouldn,okay,return,thought,wasn,not,$,but,ok,work,t,did,pool,didn,off,waste,tried,returned,poor,apart
cheap,does,small,disappointed,broke,wouldn,okay,return,thought,wasn,not,$,but,ok,work,t,did,pool,didn,off,waste,tried,returned,poor,apart
cheap,does,small,disappointed,broke,wouldn,okay,return,thought,wasn,not,$,but,ok,work,t,did,pool,didn,off,waste,tried,returned,poor,apart
cheap,does,small,disappointed,broke,wouldn,okay,return,thought,wasn,not,$,but,ok,work,t,did,pool,didn,off,waste,tried,returned,poor,apart
cheap,does,small,disappointed,broke,wouldn,okay,return,thought,wasn,not,$,but,ok,work,t,did,pool,didn,off,waste,tried,returned,poor,apart
cheap,does,small,disappointed,broke,wouldn,okay,return,thought,wasn,not,$,but,ok,work,t,did,pool,didn,off,waste,tried,returned,poor,apart
cheap,does,small,disappointed,broke,wouldn,okay,return,thought,wasn,not,$,but,ok,work,t,did,pool,didn,off,waste,tried,returned,poor,apart
cheap,does,small,disappointed,broke,wouldn,okay,return,thought,wasn,not,$,but,ok,work,t,did,pool,didn,off,waste,tried,returned,poor,apart
cheap,does,small,disappointed,broke,wouldn,okay,return,thought,wasn,not,$,but,ok,work,t,did,pool,didn,off,waste,tried,returned,poor,apart
cheap,does,small,disappointed,broke,wouldn,okay,return,thought,wasn,not,$,but,ok,work,t,did,pool,didn,off,waste,tried,returned,poor,apart
cheap,does,small,disappointed,broke,wouldn,okay,return,thought,wasn,not,$,but,ok,work,t,did,pool,didn,off,waste,tried,returned,poor,apart
cheap,does,small,disappointed,broke,wouldn,okay,return,thought,wasn,not,$,but,ok,work,t,did,pool,didn,off,waste,tried,returned,poor,apart
cheap,does,small,disappointed,broke,wouldn,okay,return,thought,wasn,not,$,but,ok,work,t,did,pool,didn,off,waste,tried,returned,poor,apart
cheap,does,small,disappointed,broke,wouldn,okay,return,thought,wasn,not,$,but,ok,work,t,did,pool,didn,off,waste,tried,returned,poor,apart
cheap,does,small,disappointed,broke,wouldn,okay,return,thought,wasn,not,$,but,ok,work,t,did,pool,didn,off,waste,tried,returned,poor,apart
cheap,does,small,disappointed,broke,wouldn,okay,return,thought,wasn,not,$,but,ok,work,t,did,pool,didn,off,waste,tried,returned,poor,apart
cheap,does,small,disappointed,broke,wouldn,okay,return,thought,wasn,not,$,but,ok,work,t,did,pool,didn,off,waste,tried,returned,poor,apart
cheap,does,small,disappointed,broke,wouldn,okay,return,thought,wasn,not,$,but,ok,work,t,did,pool,didn,off,waste,tried,returned,poor,apart
cheap,does,small,disappointed,broke,wouldn,okay,return,thought,wasn,not,$,but,ok,work,t,did,pool,didn,off,waste,tried,returned,poor,apart
cheap,does,small,disappointed,broke,wouldn,okay,return,thought,wasn,not,$,but,ok,work,t,did,pool,didn,off,waste,tried,returned,poor,apart
cheap,does,small,disappointed,broke,wouldn,okay,return,thought,wasn,not,$,but,ok,work,t,did,pool,didn,off,waste,tried,returned,poor,apart
cheap,does,small,disappointed,broke,wouldn,okay,return,thought,wasn,not,$,but,ok,work,t,did,pool,didn,off,waste,tried,returned,poor,apart
cheap,does,small,disappointed,broke,wouldn,okay,return,thought,wasn,not,$,but,ok,work,t,did,pool,didn,off,waste,tried,returned,poor,apart
cheap,does,small,disappointed,broke,wouldn,okay,return,thought,wasn,not,$,but,ok,work,t,did,pool,didn,off,waste,tried,returned,poor,apart
cheap,does,small,disappointed,broke,wouldn,okay,return,thought,wasn,not,$,but,ok,work,t,did,pool,didn,off,waste,tried,returned,poor,apart
cheap,does,small,disappointed,broke,wouldn,okay,return,thought,wasn,not,$,but,ok,work,t,did,pool,didn,off,waste,tried,returned,poor,apart
cheap,does,small,disappointed,broke,wouldn,okay,return,thought,wasn,not,$,but,ok,work,t,did,pool,didn,off,waste,tried,returned,poor,apart
cheap,does,small,disappointed,broke,wouldn,okay,return,thought,wasn,not,$,but,ok,work,t,did,pool,didn,off,waste,tried,returned,poor,apart
cheap,does,small,disappointed,broke,wouldn,okay,return,thought,wasn,not,$,but,ok,work,t,did,pool,didn,off,waste,tried,returned,poor,apart
cheap,does,small,disappointed,broke,wouldn,okay,return,thought,wasn,not,$,but,ok,work,t,did,pool,didn,off,waste,tried,returned,poor,apart
cheap,does,small,disappointed,broke,wouldn,okay,return,thought,wasn,not,$,but,ok,work,t,did,pool,didn,off,waste,tried,returned,poor,apart
cheap,does,small,disappointed,broke,wouldn,okay,return,thought,wasn,not,$,but,ok,work,t,did,pool,didn,off,waste,tried,returned,poor,apart
cheap,does,small,disappointed,broke,okay,return,thought,wasn,not,$,but,ok,work,t,did,pool,disappointing,didn,off,waste,tried,returned,poor,apart
cheap,does,small,disappointed,broke,okay,return,thought,wasn,not,$,but,ok,work,t,did,pool,disappointing,didn,off,waste,tried,returned,poor,apart
cheap,does,small,disappointed,broke,okay,return,thought,wasn,not,$,but,ok,work,t,did,pool,disappointing,didn,off,waste,tried,returned,poor,apart
cheap,does,small,disappointed,broke,okay,return,thought,wasn,not,$,but,ok,work,t,did,pool,disappointing,didn,off,waste,tried,returned,poor,apart
cheap,does,small,should,disappointed,broke,return,thought,wasn,not,$,but,ok,work,t,did,pool,disappointing,didn,off,waste,tried,returned,poor,apart
cheap,does,small,should,disappointed,broke,return,thought,wasn,not,$,but,ok,work,t,did,pool,disappointing,didn,off,waste,tried,returned,poor,apart
cheap,does,small,should,disappointed,broke,return,thought,wasn,not,$,but,ok,work,t,did,pool,disappointing,didn,off,waste,tried,returned,poor,apart
cheap,does,small,should,disappointed,broke,return,thought,wasn,not,$,but,ok,work,t,did,pool,disappointing,didn,off,waste,tried,returned,poor,apart
cheap,does,small,should,disappointed,broke,return,thought,wasn,not,$,but,ok,work,t,did,pool,disappointing,didn,off,waste,tried,returned,poor,apart
cheap,does,small,should,disappointed,broke,return,thought,wasn,not,$,but,ok,work,t,did,pool,disappointing,didn,off,waste,tried,returned,poor,apart
cheap,does,small,disappointed,broke,return,thought,wasn,not,$,but,ok,work,t,did,pool,disappointing,didn,off,waste,tried,after,returned,poor,apart
cheap,does,small,disappointed,broke,return,thought,wasn,not,$,but,ok,work,t,did,pool,disappointing,didn,off,waste,tried,after,returned,poor,apart
cheap,does,small,disappointed,broke,return,thought,wasn,not,$,but,ok,work,t,did,pool,disappointing,didn,off,waste,tried,after,returned,poor,apart
cheap,does,small,disappointed,broke,return,thought,wasn,not,$,but,ok,work,t,did,pool,disappointing,didn,off,waste,tried,after,returned,poor,apart
cheap,does,small,disappointed,broke,return,thought,wasn,not,$,but,ok,work,t,did,pool,disappointing,didn,off,waste,tried,after,returned,poor,apart
cheap,does,small,disappointed,broke,return,thought,wasn,not,$,but,ok,work,t,did,pool,disappointing,didn,off,waste,tried,after,returned,poor,apart
cheap,does,small,disappointed,broke,return,thought,wasn,not,$,but,ok,work,t,did,pool,disappointing,didn,off,waste,tried,after,returned,poor,apart
cheap,does,small,disappointed,broke,return,thought,wasn,not,$,but,ok,work,t,did,pool,disappointing,didn,off,waste,tried,after,returned,poor,apart
cheap,does,small,disappointed,broke,return,thought,wasn,not,$,but,ok,work,t,did,pool,disappointing,didn,off,waste,tried,after,returned,poor,apart
cheap,does,small,disappointed,broke,return,thought,wasn,not,$,but,ok,work,t,did,pool,disappointing,didn,off,waste,tried,after,returned,poor,apart
cheap,does,small,disappointed,broke,return,thought,wasn,not,$,but,ok,work,t,did,pool,disappointing,didn,off,waste,tried,after,returned,poor,apart
cheap,does,small,disappointed,broke,return,thought,wasn,not,$,but,ok,work,t,did,pool,disappointing,didn,off,waste,tried,after,returned,poor,apart
cheap,does,small,disappointed,broke,return,thought,wasn,not,$,but,ok,work,t,did,pool,disappointing,didn,off,waste,tried,after,returned,poor,apart
cheap,does,small,disappointed,broke,return,thought,wasn,not,$,but,ok,work,t,did,pool,disappointing,didn,off,waste,tried,after,returned,poor,apart
cheap,does,small,disappointed,broke,return,thought,wasn,not,$,but,ok,work,t,did,pool,disappointing,didn,off,waste,tried,after,returned,poor,apart
cheap,does,small,disappointed,broke,return,thought,wasn,not,$,but,ok,work,t,did,pool,disappointing,didn,off,waste,tried,after,returned,poor,apart
cheap,does,small,disappointed,broke,return,thought,wasn,not,$,but,ok,work,t,did,pool,disappointing,didn,off,waste,tried,after,returned,poor,apart
cheap,does,small,disappointed,broke,return,thought,wasn,not,$,but,ok,work,t,did,pool,disappointing,didn,off,waste,tried,after,returned,poor,apart
cheap,does,small,disappointed,broke,return,thought,wasn,not,$,but,ok,work,t,did,pool,disappointing,didn,off,waste,tried,after,returned,poor,apart
cheap,does,small,disappointed,broke,return,thought,wasn,not,$,but,ok,work,t,did,pool,disappointing,didn,off,waste,tried,after,returned,poor,apart
cheap,does,small,disappointed,broke,return,thought,wasn,not,$,but,ok,work,t,did,pool,disappointing,didn,off,waste,tried,after,returned,poor,apart
cheap,does,small,disappointed,broke,return,thought,wasn,not,$,but,ok,work,t,did,pool,disappointing,didn,off,waste,tried,after,returned,poor,apart
cheap,does,small,disappointed,broke,return,thought,wasn,not,$,but,ok,work,t,did,pool,disappointing,didn,off,waste,tried,after,returned,poor,apart
cheap,does,small,disappointed,broke,return,thought,wasn,not,$,but,ok,work,t,did,pool,disappointing,didn,off,waste,tried,after,returned,poor,apart
cheap,does,small,disappointed,broke,return,thought,wasn,not,$,but,ok,work,t,did,pool,disappointing,didn,off,waste,tried,after,returned,poor,apart
cheap,does,small,disappointed,broke,return,thought,wasn,not,$,but,ok,work,t,did,pool,disappointing,didn,off,waste,tried,after,returned,poor,apart
cheap,does,small,disappointed,broke,return,thought,wasn,not,$,but,ok,work,t,did,pool,disappointing,didn,off,waste,tried,after,returned,poor,apart
cheap,does,small,disappointed,broke,return,thought,wasn,not,$,but,ok,work,t,did,pool,disappointing,didn,off,waste,tried,after,returned,poor,apart
cheap,does,small,disappointed,broke,return,thought,wasn,not,$,but,ok,work,t,did,pool,disappointing,didn,off,waste,tried,after,returned,poor,apart
cheap,does,small,disappointed,broke,return,thought,wasn,not,$,but,ok,work,t,did,pool,disappointing,didn,off,waste,tried,after,returned,poor,apart
cheap,does,small,disappointed,broke,return,thought,wasn,not,$,but,ok,work,t,did,pool,disappointing,didn,off,waste,tried,after,returned,poor,apart
cheap,does,small,disappointed,broke,return,thought,wasn,not,$,but,ok,work,t,did,pool,disappointing,didn,off,waste,tried,after,returned,poor,apart
cheap,does,small,disappointed,broke,return,thought,wasn,not,$,but,ok,work,t,did,pool,disappointing,didn,off,waste,tried,after,returned,poor,apart
cheap,does,small,disappointed,broke,return,thought,wasn,not,$,but,ok,work,t,did,pool,disappointing,didn,off,waste,tried,after,returned,poor,apart
cheap,does,small,disappointed,broke,return,thought,wasn,not,$,but,ok,work,t,did,pool,disappointing,didn,off,waste,tried,after,returned,poor,apart
cheap,does,small,disappointed,broke,return,thought,wasn,not,$,but,ok,work,t,did,pool,disappointing,didn,off,waste,tried,after,returned,poor,apart
cheap,does,small,disappointed,broke,return,thought,wasn,not,$,but,ok,work,t,did,pool,disappointing,didn,off,waste,tried,after,returned,poor,apart
cheap,does,small,disappointed,broke,return,thought,wasn,not,$,but,ok,work,t,did,pool,disappointing,didn,off,waste,tried,after,returned,poor,apart
cheap,does,small,disappointed,broke,return,thought,wasn,not,$,but,ok,work,t,did,pool,disappointing,didn,off,waste,tried,after,returned,poor,apart
cheap,does,small,disappointed,broke,return,thought,wasn,not,$,but,ok,work,t,did,pool,disappointing,didn,off,waste,tried,after,returned,poor,apart
cheap,does,small,disappointed,broke,return,thought,wasn,not,$,but,ok,work,t,did,pool,disappointing,didn,off,waste,tried,after,returned,poor,apart
cheap,does,small,disappointed,broke,return,thought,wasn,not,$,but,ok,work,t,did,pool,disappointing,didn,off,waste,tried,after,returned,poor,apart
cheap,does,small,disappointed,broke,return,thought,wasn,not,$,but,ok,work,t,did,pool,disappointing,didn,off,waste,tried,after,returned,poor,apart
cheap,does,small,disappointed,broke,return,thought,wasn,not,$,but,ok,work,t,did,pool,disappointing,didn,off,waste,tried,after,returned,poor,apart
cheap,does,small,disappointed,broke,return,thought,wasn,not,$,but,ok,work,t,did,pool,disappointing,didn,off,waste,tried,after,returned,poor,apart
cheap,does,small,disappointed,broke,return,thought,wasn,not,$,but,ok,work,t,did,pool,disappointing,didn,off,waste,tried,after,returned,poor,apart
cheap,does,small,disappointed,broke,return,thought,wasn,not,$,but,ok,work,t,did,pool,disappointing,didn,off,waste,tried,after,returned,poor,apart
cheap,does,small,disappointed,broke,return,thought,wasn,not,$,but,ok,work,t,did,pool,disappointing,didn,off,waste,tried,after,returned,poor,apart
cheap,does,small,disappointed,broke,return,thought,wasn,not,$,but,ok,work,t,did,pool,disappointing,didn,off,waste,tried,after,returned,poor,apart
cheap,does,small,disappointed,broke,return,thought,wasn,not,$,but,ok,work,t,did,pool,disappointing,didn,off,waste,tried,after,returned,poor,apart
cheap,does,small,disappointed,broke,return,thought,wasn,not,$,but,ok,work,t,did,pool,disappointing,didn,off,waste,tried,after,returned,poor,apart
cheap,does,small,disappointed,broke,return,thought,wasn,not,$,but,ok,work,t,did,pool,disappointing,didn,off,waste,tried,after,returned,poor,apart
cheap,does,small,disappointed,broke,return,thought,wasn,not,$,but,ok,work,t,did,pool,disappointing,didn,off,waste,tried,after,returned,poor,apart
cheap,does,small,disappointed,broke,return,thought,wasn,not,$,but,ok,work,t,did,pool,disappointing,didn,off,waste,tried,after,returned,poor,apart
cheap,does,small,disappointed,broke,return,thought,wasn,not,$,but,ok,work,t,did,pool,disappointing,didn,off,waste,tried,after,returned,poor,apart
cheap,does,small,disappointed,broke,return,thought,wasn,not,$,but,ok,work,t,did,pool,disappointing,didn,off,waste,tried,after,returned,poor,apart
cheap,does,small,disappointed,broke,return,thought,wasn,not,$,but,ok,work,t,did,pool,disappointing,didn,off,waste,tried,after,returned,poor,apart
cheap,does,small,disappointed,broke,return,thought,wasn,not,$,but,ok,work,t,did,pool,disappointing,didn,off,waste,tried,after,returned,poor,apart
cheap,does,small,disappointed,broke,return,thought,wasn,not,$,but,ok,work,t,did,pool,disappointing,didn,off,waste,tried,after,returned,poor,apart
cheap,does,small,disappointed,broke,return,thought,wasn,not,$,but,ok,work,t,did,pool,disappointing,didn,off,waste,tried,after,returned,poor,apart
cheap,does,small,disappointed,broke,return,thought,wasn,not,$,but,ok,work,t,did,pool,disappointing,didn,off,waste,tried,after,returned,poor,apart
cheap,does,small,disappointed,broke,return,thought,wasn,not,$,but,ok,work,t,did,pool,disappointing,didn,off,waste,tried,after,returned,poor,apart
cheap,does,small,disappointed,broke,return,thought,wasn,not,$,but,ok,work,t,did,pool,disappointing,didn,off,waste,tried,after,returned,poor,apart
cheap,does,small,disappointed,broke,return,thought,wasn,not,$,but,ok,work,t,did,pool,disappointing,didn,off,waste,tried,after,returned,poor,apart
cheap,does,small,disappointed,broke,return,thought,wasn,not,$,but,ok,work,t,did,pool,disappointing,didn,off,waste,tried,after,returned,poor,apart
cheap,does,small,disappointed,broke,return,thought,wasn,not,$,but,ok,work,t,did,pool,disappointing,didn,off,waste,tried,after,returned,poor,apart
cheap,does,small,disappointed,broke,return,thought,wasn,not,$,but,ok,work,t,did,pool,disappointing,didn,off,waste,tried,after,returned,poor,apart
cheap,does,small,disappointed,broke,return,thought,wasn,not,$,but,ok,work,t,did,pool,disappointing,didn,off,waste,tried,after,returned,poor,apart
cheap,does,small,disappointed,broke,return,thought,wasn,not,$,but,ok,work,t,did,pool,disappointing,didn,off,waste,tried,after,returned,poor,apart
cheap,does,small,disappointed,broke,return,thought,wasn,not,$,but,ok,work,t,did,pool,disappointing,didn,off,waste,tried,after,returned,poor,apart
cheap,does,small,disappointed,broke,return,thought,wasn,not,$,but,ok,work,t,did,pool,disappointing,didn,off,waste,tried,after,returned,poor,apart
cheap,does,small,disappointed,broke,return,thought,wasn,not,$,but,ok,work,t,did,pool,disappointing,didn,off,waste,tried,after,returned,poor,apart
cheap,does,small,disappointed,broke,return,thought,wasn,not,$,but,ok,work,t,did,pool,disappointing,didn,off,waste,tried,after,returned,poor,apart
cheap,does,small,disappointed,broke,return,thought,wasn,not,$,but,ok,work,t,did,pool,disappointing,didn,off,waste,tried,after,returned,poor,apart
cheap,does,small,disappointed,broke,return,thought,wasn,not,$,but,ok,work,t,did,pool,disappointing,didn,off,waste,tried,after,returned,poor,apart
cheap,does,small,disappointed,broke,return,thought,wasn,not,$,but,ok,work,t,did,pool,disappointing,didn,off,waste,tried,after,returned,poor,apart
cheap,does,small,disappointed,broke,return,thought,wasn,not,$,but,ok,work,t,did,pool,disappointing,didn,off,waste,tried,after,returned,poor,apart
cheap,does,small,disappointed,broke,return,thought,wasn,not,$,but,ok,work,t,did,pool,disappointing,didn,off,waste,tried,after,returned,poor,apart
cheap,does,small,disappointed,broke,return,thought,wasn,not,$,but,ok,work,t,did,pool,disappointing,didn,off,waste,tried,after,returned,poor,apart
cheap,does,small,disappointed,broke,return,thought,wasn,not,$,but,ok,work,t,did,pool,disappointing,didn,off,waste,tried,after,returned,poor,apart
cheap,does,small,disappointed,broke,return,thought,wasn,not,$,but,ok,work,t,did,pool,disappointing,didn,off,waste,tried,after,returned,poor,apart
cheap,does,small,disappointed,broke,return,thought,wasn,not,$,but,ok,work,t,did,pool,disappointing,didn,off,waste,tried,after,returned,poor,apart
cheap,does,small,disappointed,broke,return,thought,wasn,not,$,but,ok,work,t,did,pool,disappointing,didn,off,waste,tried,after,returned,poor,apart
cheap,does,small,disappointed,broke,return,thought,wasn,not,$,but,ok,work,t,did,pool,disappointing,didn,off,waste,tried,after,returned,poor,apart
cheap,does,small,disappointed,broke,return,thought,wasn,not,$,but,ok,work,t,did,pool,disappointing,didn,off,waste,tried,after,returned,poor,apart
cheap,does,small,disappointed,broke,return,thought,wasn,not,$,but,ok,work,t,did,pool,disappointing,didn,off,waste,tried,after,returned,poor,apart
cheap,does,small,disappointed,broke,return,thought,wasn,not,$,but,ok,work,t,did,pool,disappointing,didn,off,waste,tried,after,returned,poor,apart
cheap,does,small,should,disappointed,broke,return,thought,wasn,not,$,but,ok,work,t,did,disappointing,didn,off,waste,tried,after,returned,poor,apart
cheap,does,small,should,disappointed,broke,return,thought,wasn,not,$,but,ok,work,t,did,disappointing,didn,off,waste,tried,after,returned,poor,apart
cheap,does,small,should,disappointed,broke,okay,return,thought,wasn,not,$,but,ok,work,t,did,didn,off,waste,tried,after,returned,poor,apart
cheap,does,small,should,disappointed,broke,okay,return,thought,wasn,not,$,but,ok,work,t,did,didn,off,waste,tried,after,returned,poor,apart
cheap,does,small,should,disappointed,broke,okay,return,thought,wasn,not,$,but,ok,work,t,did,didn,off,waste,tried,after,returned,poor,apart
cheap,does,small,should,disappointed,broke,okay,return,thought,wasn,not,$,but,ok,work,t,did,didn,off,waste,tried,after,returned,poor,apart
cheap,does,small,should,disappointed,broke,okay,return,thought,wasn,not,$,but,ok,work,t,did,didn,off,waste,tried,after,returned,poor,apart
cheap,does,small,should,disappointed,broke,okay,return,thought,wasn,not,$,but,ok,work,t,did,didn,off,waste,tried,after,returned,poor,apart
cheap,does,small,should,disappointed,broke,okay,return,thought,wasn,not,$,but,ok,work,t,did,didn,off,waste,tried,after,returned,poor,apart
cheap,does,small,should,disappointed,broke,okay,return,thought,wasn,not,$,but,ok,work,t,did,didn,off,waste,tried,after,returned,poor,apart
cheap,does,small,should,disappointed,broke,okay,return,thought,wasn,not,$,but,ok,work,t,did,didn,off,waste,tried,after,returned,poor,apart
cheap,does,small,should,disappointed,broke,okay,return,thought,wasn,not,$,but,ok,work,t,did,didn,off,waste,tried,after,returned,poor,apart
cheap,does,small,should,disappointed,broke,okay,return,thought,wasn,not,$,but,ok,work,t,did,didn,off,waste,tried,after,returned,poor,apart
cheap,does,small,should,disappointed,broke,okay,return,thought,wasn,not,$,but,ok,work,t,did,didn,off,waste,tried,after,returned,poor,apart
cheap,does,small,should,disappointed,broke,okay,return,thought,wasn,not,$,but,ok,work,t,did,didn,off,waste,tried,after,returned,poor,apart
cheap,does,small,should,disappointed,broke,okay,return,thought,wasn,not,$,but,ok,work,t,did,didn,off,waste,tried,after,returned,poor,apart
cheap,does,small,should,disappointed,broke,okay,return,thought,wasn,not,$,but,ok,work,t,did,didn,off,waste,tried,after,returned,poor,apart
cheap,does,small,should,disappointed,broke,okay,return,thought,wasn,not,$,but,ok,work,t,did,didn,off,waste,tried,after,returned,poor,apart
cheap,does,small,should,disappointed,broke,okay,return,thought,wasn,not,$,but,ok,work,t,did,didn,off,waste,tried,after,returned,poor,apart
cheap,does,small,should,disappointed,broke,okay,return,thought,wasn,not,$,but,ok,work,t,did,didn,off,waste,tried,after,returned,poor,apart
cheap,does,small,should,disappointed,broke,okay,return,thought,wasn,not,$,but,ok,work,t,did,didn,off,waste,tried,after,returned,poor,apart
cheap,does,small,should,disappointed,broke,okay,return,thought,wasn,not,$,but,ok,work,t,did,didn,off,waste,tried,after,returned,poor,apart
cheap,does,small,should,disappointed,broke,okay,return,thought,wasn,not,$,but,ok,work,t,did,didn,off,waste,tried,after,returned,poor,apart
cheap,does,small,should,disappointed,broke,okay,return,thought,wasn,not,$,but,ok,work,t,did,didn,off,waste,tried,after,returned,poor,apart
cheap,does,small,should,disappointed,broke,okay,return,thought,wasn,not,$,but,ok,work,t,did,didn,off,waste,tried,after,returned,poor,apart
cheap,does,small,should,disappointed,broke,okay,return,thought,wasn,not,$,but,ok,work,t,did,didn,off,waste,tried,after,returned,poor,apart
cheap,does,small,should,disappointed,broke,okay,return,thought,wasn,not,$,but,ok,work,t,did,didn,off,waste,tried,after,returned,poor,apart
cheap,does,small,should,disappointed,broke,okay,return,thought,wasn,not,$,but,ok,work,t,did,didn,off,waste,tried,after,returned,poor,apart
cheap,does,small,should,disappointed,broke,okay,return,thought,wasn,not,$,but,ok,work,t,did,didn,off,waste,tried,after,returned,poor,apart
cheap,does,small,should,disappointed,broke,okay,return,thought,wasn,not,$,but,ok,work,t,did,didn,off,waste,tried,after,returned,poor,apart
cheap,does,small,should,disappointed,broke,okay,return,thought,wasn,not,$,but,ok,work,t,did,didn,off,waste,tried,after,returned,poor,apart
cheap,does,small,should,disappointed,broke,okay,return,thought,wasn,not,$,but,ok,work,t,did,didn,off,waste,tried,after,returned,poor,apart
cheap,does,small,should,disappointed,broke,okay,return,thought,wasn,not,$,but,ok,work,t,did,didn,off,waste,tried,after,returned,poor,apart
cheap,does,small,should,disappointed,broke,okay,return,thought,wasn,not,$,but,ok,work,t,did,didn,off,waste,tried,after,returned,poor,apart
cheap,does,small,should,disappointed,broke,okay,return,thought,wasn,not,$,but,ok,work,t,did,didn,off,waste,tried,after,returned,poor,apart
cheap,does,small,should,disappointed,broke,okay,return,thought,wasn,not,$,but,ok,work,t,did,didn,off,waste,tried,after,returned,poor,apart
cheap,does,small,should,disappointed,broke,okay,return,thought,wasn,not,$,but,ok,work,t,did,didn,off,waste,tried,after,returned,poor,apart
cheap,does,small,should,disappointed,broke,okay,return,thought,wasn,not,$,but,ok,work,t,did,didn,off,waste,tried,after,returned,poor,apart
cheap,does,small,should,disappointed,broke,okay,return,thought,wasn,not,$,but,ok,work,t,did,didn,off,waste,tried,after,returned,poor,apart
cheap,does,small,should,disappointed,broke,okay,return,thought,wasn,not,$,but,ok,work,t,did,didn,off,waste,tried,after,returned,poor,apart
cheap,does,small,should,disappointed,broke,okay,return,thought,wasn,not,$,but,ok,work,t,did,didn,off,waste,tried,after,returned,poor,apart
cheap,does,small,should,disappointed,broke,okay,return,thought,wasn,not,$,but,ok,work,t,did,didn,off,waste,tried,after,returned,poor,apart
cheap,does,small,should,disappointed,broke,okay,return,thought,wasn,not,$,but,ok,work,t,did,didn,off,waste,tried,after,returned,poor,apart
cheap,does,small,should,disappointed,broke,okay,return,thought,wasn,not,$,but,ok,work,t,did,disappointing,didn,off,waste,tried,after,poor,apart
cheap,does,small,should,disappointed,broke,okay,return,thought,wasn,not,$,but,ok,work,t,did,disappointing,didn,off,waste,tried,after,poor,apart
cheap,does,small,should,disappointed,broke,okay,return,thought,wasn,not,$,but,ok,work,t,did,disappointing,didn,off,waste,tried,after,poor,apart
cheap,does,small,should,disappointed,broke,okay,return,thought,wasn,not,$,but,ok,work,t,did,disappointing,didn,off,waste,tried,after,poor,apart
cheap,does,small,should,disappointed,broke,okay,return,thought,wasn,not,$,but,ok,work,t,did,disappointing,didn,off,waste,tried,after,poor,apart
cheap,does,small,should,disappointed,broke,okay,return,thought,wasn,not,$,but,ok,work,t,did,disappointing,didn,off,waste,tried,after,poor,apart
cheap,does,small,should,disappointed,broke,okay,return,thought,wasn,not,$,but,ok,work,t,did,disappointing,didn,off,waste,tried,after,poor,apart
cheap,does,small,should,disappointed,broke,okay,return,thought,wasn,not,$,but,ok,work,t,did,disappointing,didn,off,waste,tried,after,poor,apart
cheap,does,small,should,disappointed,broke,okay,return,thought,wasn,not,$,but,ok,work,t,did,disappointing,didn,off,waste,tried,after,poor,apart
cheap,does,small,should,disappointed,broke,okay,return,thought,wasn,not,$,but,ok,work,t,did,disappointing,didn,off,waste,tried,after,poor,apart
cheap,does,small,should,disappointed,broke,okay,return,thought,wasn,not,$,but,ok,work,t,did,disappointing,didn,off,waste,tried,after,poor,apart
cheap,does,small,should,disappointed,broke,okay,return,thought,wasn,not,$,but,ok,work,t,did,disappointing,didn,off,waste,tried,after,poor,apart
cheap,does,small,should,disappointed,broke,okay,return,thought,wasn,not,$,but,ok,work,t,did,disappointing,didn,off,waste,tried,after,poor,apart
cheap,does,small,should,disappointed,broke,okay,return,thought,wasn,not,$,but,ok,work,t,did,disappointing,didn,off,waste,tried,after,poor,apart
cheap,does,small,should,disappointed,broke,okay,return,thought,wasn,not,$,but,ok,work,t,did,disappointing,didn,off,waste,tried,after,poor,apart
cheap,does,small,should,disappointed,broke,okay,return,thought,wasn,not,$,but,ok,work,t,did,disappointing,didn,off,waste,tried,after,poor,apart
cheap,does,small,should,disappointed,broke,okay,return,thought,wasn,not,$,but,ok,work,t,did,disappointing,didn,off,waste,tried,after,poor,apart
cheap,does,small,should,disappointed,broke,okay,return,thought,wasn,not,$,but,ok,work,t,did,disappointing,didn,off,waste,tried,after,poor,apart
cheap,does,small,should,disappointed,broke,okay,return,thought,wasn,not,$,but,ok,work,t,did,pool,disappointing,didn,off,waste,tried,poor,apart
cheap,does,small,should,disappointed,broke,okay,return,thought,wasn,not,$,but,ok,work,t,did,pool,disappointing,didn,off,waste,tried,poor,apart
cheap,does,small,should,disappointed,broke,okay,return,thought,wasn,not,$,but,ok,work,t,did,pool,disappointing,didn,off,waste,tried,poor,apart
cheap,does,small,should,disappointed,broke,okay,return,thought,wasn,not,$,but,ok,work,t,did,pool,disappointing,didn,off,waste,tried,poor,apart
cheap,does,small,should,disappointed,broke,okay,return,thought,wasn,not,$,but,ok,work,t,did,pool,disappointing,didn,off,waste,tried,poor,apart
cheap,does,small,should,disappointed,broke,okay,return,thought,wasn,not,$,but,ok,work,t,did,pool,disappointing,didn,off,waste,tried,poor,apart
cheap,does,small,should,disappointed,broke,okay,return,thought,wasn,not,$,but,ok,work,t,did,pool,disappointing,didn,off,waste,tried,poor,apart
cheap,does,small,should,disappointed,broke,okay,return,thought,wasn,not,$,but,ok,work,t,did,pool,disappointing,didn,off,waste,tried,poor,apart
cheap,does,small,should,disappointed,broke,okay,return,thought,wasn,not,$,but,ok,work,t,did,pool,disappointing,didn,off,waste,tried,poor,apart
cheap,does,small,should,disappointed,broke,okay,return,thought,wasn,not,$,but,ok,work,t,did,pool,disappointing,didn,off,waste,tried,poor,apart
cheap,does,small,should,disappointed,broke,okay,return,thought,wasn,not,$,but,ok,work,t,did,pool,disappointing,didn,off,waste,tried,poor,apart
cheap,does,small,should,disappointed,broke,return,thought,wasn,not,$,but,ok,work,t,did,pool,disappointing,didn,off,waste,tried,after,poor,apart
cheap,does,small,should,disappointed,broke,return,thought,wasn,not,$,but,ok,work,t,did,pool,disappointing,didn,off,waste,tried,after,poor,apart
cheap,does,small,should,disappointed,broke,return,thought,wasn,not,$,but,ok,work,t,did,pool,disappointing,didn,off,waste,tried,after,poor,apart
cheap,does,small,should,disappointed,broke,return,thought,wasn,not,$,but,ok,work,t,did,pool,disappointing,didn,off,waste,tried,after,poor,apart
cheap,does,small,should,disappointed,broke,return,thought,wasn,not,$,but,ok,work,t,did,pool,disappointing,didn,off,waste,tried,after,poor,apart
cheap,does,small,should,disappointed,broke,return,thought,wasn,not,$,but,ok,work,t,did,pool,disappointing,didn,off,waste,tried,after,poor,apart
cheap,does,small,should,disappointed,broke,return,thought,wasn,not,$,but,ok,work,t,did,pool,disappointing,didn,off,waste,tried,after,poor,apart
cheap,does,small,should,disappointed,broke,return,thought,wasn,not,$,but,ok,work,t,did,pool,disappointing,didn,off,waste,tried,after,poor,apart
cheap,does,small,should,disappointed,broke,return,thought,wasn,not,$,but,ok,work,t,did,pool,disappointing,didn,off,waste,tried,after,poor,apart
cheap,does,small,should,disappointed,broke,return,thought,wasn,not,$,but,ok,work,t,did,pool,disappointing,didn,off,waste,tried,after,poor,apart
cheap,does,small,should,disappointed,broke,return,thought,wasn,not,$,but,ok,work,t,did,pool,disappointing,didn,off,waste,tried,after,poor,apart
cheap,does,small,should,disappointed,broke,return,thought,wasn,not,$,but,ok,work,t,did,pool,disappointing,didn,off,waste,tried,after,poor,apart
cheap,does,small,should,disappointed,broke,return,thought,wasn,not,$,but,ok,work,t,did,pool,disappointing,didn,off,waste,tried,after,poor,apart
cheap,does,small,should,disappointed,broke,return,thought,wasn,not,$,but,ok,work,t,did,pool,disappointing,didn,off,waste,tried,after,poor,apart
cheap,does,small,should,disappointed,broke,return,thought,wasn,not,$,but,ok,work,t,did,pool,disappointing,didn,off,waste,tried,after,poor,apart
cheap,does,small,should,disappointed,broke,return,thought,wasn,not,$,but,ok,work,t,did,pool,disappointing,didn,off,waste,tried,after,poor,apart
cheap,does,small,should,disappointed,broke,return,thought,wasn,not,$,but,ok,work,t,did,pool,disappointing,didn,off,waste,tried,after,poor,apart
cheap,does,small,should,disappointed,broke,return,thought,wasn,not,$,but,ok,work,t,did,pool,disappointing,didn,off,waste,tried,after,poor,apart
cheap,does,small,should,disappointed,broke,return,thought,wasn,not,$,but,ok,work,t,did,pool,disappointing,didn,off,waste,tried,after,poor,apart
cheap,does,small,should,disappointed,broke,return,thought,wasn,not,$,but,ok,work,t,did,pool,disappointing,didn,off,waste,tried,after,poor,apart
cheap,does,small,should,disappointed,broke,return,thought,wasn,not,$,but,ok,work,t,did,pool,disappointing,didn,off,waste,tried,after,poor,apart
cheap,does,small,should,disappointed,broke,return,thought,wasn,not,$,but,ok,work,t,did,pool,disappointing,didn,off,waste,tried,after,poor,apart
cheap,does,small,should,disappointed,broke,return,thought,wasn,not,$,but,ok,work,t,did,pool,disappointing,didn,off,waste,tried,after,poor,apart
cheap,does,small,should,disappointed,broke,return,thought,wasn,not,$,but,ok,work,t,did,pool,disappointing,didn,off,waste,tried,after,poor,apart
cheap,does,small,should,disappointed,broke,return,thought,wasn,not,$,but,ok,work,t,did,pool,disappointing,didn,off,waste,tried,after,poor,apart
cheap,does,small,should,disappointed,broke,return,thought,wasn,not,$,but,ok,work,t,did,pool,disappointing,didn,off,waste,tried,after,poor,apart
cheap,does,small,should,disappointed,broke,return,thought,wasn,not,$,but,ok,work,t,did,pool,disappointing,didn,off,waste,tried,after,poor,apart
cheap,does,small,should,disappointed,broke,return,thought,wasn,not,$,but,ok,work,t,did,pool,disappointing,didn,off,waste,tried,after,poor,apart
cheap,does,small,should,disappointed,broke,return,thought,wasn,not,$,but,ok,work,t,did,pool,disappointing,didn,off,waste,tried,after,poor,apart
cheap,does,small,should,disappointed,broke,return,thought,wasn,not,$,but,ok,work,t,did,pool,disappointing,didn,off,waste,tried,after,poor,apart
cheap,does,small,should,disappointed,broke,return,thought,wasn,not,$,but,ok,work,t,did,pool,disappointing,didn,off,waste,tried,after,poor,apart
cheap,does,small,should,disappointed,broke,return,thought,wasn,not,$,but,ok,work,t,did,pool,disappointing,didn,off,waste,tried,after,poor,apart
cheap,does,small,should,disappointed,broke,return,thought,wasn,not,$,but,ok,work,t,did,pool,disappointing,didn,off,waste,tried,after,poor,apart
cheap,does,small,should,disappointed,broke,return,thought,wasn,not,$,but,ok,work,t,did,pool,disappointing,didn,off,waste,tried,after,poor,apart
cheap,does,small,should,disappointed,broke,return,thought,wasn,not,$,but,ok,work,t,did,pool,disappointing,didn,off,waste,tried,after,poor,apart
cheap,does,small,should,disappointed,broke,return,thought,wasn,not,$,but,ok,work,t,did,pool,disappointing,didn,off,waste,tried,after,poor,apart
cheap,does,small,should,disappointed,broke,return,thought,wasn,not,$,but,ok,work,t,did,pool,disappointing,didn,off,waste,tried,after,poor,apart
cheap,does,small,should,disappointed,broke,return,thought,wasn,not,$,but,ok,work,t,did,pool,disappointing,didn,off,waste,tried,after,poor,apart
cheap,does,small,should,disappointed,broke,return,thought,wasn,not,$,but,ok,work,t,did,pool,disappointing,didn,off,waste,tried,after,poor,apart
cheap,does,small,should,disappointed,broke,return,thought,wasn,not,$,but,ok,work,t,did,pool,disappointing,didn,off,waste,tried,after,poor,apart
cheap,does,small,should,disappointed,broke,return,thought,wasn,not,$,but,ok,work,t,did,pool,disappointing,didn,off,waste,tried,after,poor,apart
cheap,does,small,should,disappointed,broke,return,thought,wasn,not,$,but,ok,work,t,did,pool,disappointing,didn,off,waste,tried,after,poor,apart
cheap,does,small,should,disappointed,broke,return,thought,wasn,not,$,but,ok,work,t,did,pool,disappointing,didn,off,waste,tried,after,poor,apart
cheap,does,small,should,disappointed,broke,return,thought,wasn,not,$,but,ok,work,t,did,pool,disappointing,didn,off,waste,tried,after,poor,apart
cheap,does,small,should,disappointed,broke,return,thought,wasn,not,$,but,ok,work,t,did,pool,disappointing,didn,off,waste,tried,after,poor,apart
cheap,does,small,should,disappointed,broke,return,thought,wasn,not,$,but,ok,work,t,did,pool,disappointing,didn,off,waste,tried,after,poor,apart
cheap,does,small,should,disappointed,broke,return,thought,wasn,not,$,but,ok,work,t,did,pool,disappointing,didn,off,waste,tried,after,poor,apart
cheap,does,small,should,disappointed,broke,return,thought,wasn,not,$,but,ok,work,t,did,pool,disappointing,didn,off,waste,tried,after,poor,apart
cheap,does,small,should,disappointed,broke,return,thought,wasn,not,$,but,ok,work,t,did,pool,disappointing,didn,off,waste,tried,after,poor,apart
cheap,does,small,should,disappointed,broke,return,thought,wasn,not,$,but,ok,work,t,did,pool,disappointing,didn,off,waste,tried,after,poor,apart
cheap,does,small,should,disappointed,broke,return,thought,wasn,not,$,but,ok,work,t,did,pool,disappointing,didn,off,waste,tried,after,poor,apart
cheap,does,small,should,disappointed,broke,return,thought,wasn,not,$,but,ok,work,t,did,pool,disappointing,didn,off,waste,tried,after,poor,apart
cheap,does,small,should,disappointed,broke,return,thought,wasn,not,$,but,ok,work,t,did,pool,disappointing,didn,off,waste,tried,after,poor,apart
cheap,does,small,should,disappointed,broke,return,thought,wasn,not,$,but,ok,work,t,did,pool,disappointing,didn,off,waste,tried,after,poor,apart
cheap,does,small,should,disappointed,broke,return,thought,wasn,not,$,but,ok,work,t,did,pool,disappointing,didn,off,waste,tried,after,poor,apart
cheap,does,small,should,disappointed,broke,return,thought,wasn,not,$,but,ok,work,t,did,pool,disappointing,didn,off,waste,tried,after,poor,apart
cheap,does,small,should,disappointed,broke,return,thought,wasn,not,$,but,ok,work,t,did,pool,disappointing,didn,off,waste,tried,after,poor,apart
cheap,does,small,should,disappointed,broke,return,thought,wasn,not,$,but,ok,work,t,did,pool,disappointing,didn,off,waste,tried,after,poor,apart
cheap,does,small,should,disappointed,broke,return,thought,wasn,not,$,but,ok,work,t,did,pool,disappointing,didn,off,waste,tried,after,poor,apart
cheap,does,small,should,disappointed,broke,return,thought,wasn,not,$,but,ok,work,t,did,pool,disappointing,didn,off,waste,tried,after,poor,apart
cheap,does,small,should,disappointed,broke,return,thought,wasn,not,$,but,ok,work,t,did,pool,disappointing,didn,off,waste,tried,after,poor,apart
cheap,does,small,should,disappointed,broke,return,thought,wasn,not,$,but,ok,work,t,did,pool,disappointing,didn,off,waste,tried,after,poor,apart
cheap,does,small,should,disappointed,broke,return,thought,wasn,not,$,but,ok,work,t,did,pool,disappointing,didn,off,waste,tried,after,poor,apart
cheap,does,small,should,disappointed,broke,return,thought,wasn,not,$,but,ok,work,t,did,pool,disappointing,didn,off,waste,tried,after,poor,apart
cheap,does,small,should,disappointed,broke,return,thought,wasn,not,$,but,ok,work,t,did,pool,disappointing,didn,off,waste,tried,after,poor,apart
cheap,does,small,should,disappointed,broke,return,thought,wasn,not,$,but,ok,work,t,did,pool,disappointing,didn,off,waste,tried,after,poor,apart
cheap,does,small,should,disappointed,broke,return,thought,wasn,not,$,but,ok,work,t,did,pool,disappointing,didn,off,waste,tried,after,poor,apart
cheap,does,small,should,disappointed,broke,return,thought,wasn,not,$,but,ok,work,t,did,pool,disappointing,didn,off,waste,tried,after,poor,apart
cheap,does,small,should,disappointed,broke,return,thought,wasn,not,$,but,ok,work,t,did,pool,disappointing,didn,off,waste,tried,after,poor,apart
cheap,does,small,should,disappointed,broke,return,thought,wasn,not,$,but,ok,work,t,did,pool,disappointing,didn,off,waste,tried,after,poor,apart
cheap,does,small,should,disappointed,broke,return,thought,wasn,not,$,but,ok,work,t,did,pool,disappointing,didn,off,waste,tried,after,poor,apart
cheap,does,small,should,disappointed,broke,return,thought,wasn,not,$,but,ok,work,t,did,pool,disappointing,didn,off,waste,tried,after,poor,apart
cheap,does,small,should,disappointed,broke,return,thought,wasn,not,$,but,ok,work,t,did,pool,disappointing,didn,off,waste,tried,after,poor,apart
cheap,does,small,should,disappointed,broke,return,thought,wasn,not,$,but,ok,work,t,did,pool,disappointing,didn,off,waste,tried,after,poor,apart
cheap,does,small,should,disappointed,broke,return,thought,wasn,not,$,but,ok,work,t,did,pool,disappointing,didn,off,waste,tried,after,poor,apart
cheap,does,small,should,disappointed,broke,return,thought,wasn,not,$,but,ok,work,t,did,pool,disappointing,didn,off,waste,tried,after,poor,apart
cheap,does,small,should,disappointed,broke,return,thought,wasn,not,$,but,ok,work,t,did,pool,disappointing,didn,off,waste,tried,after,poor,apart
cheap,does,small,should,disappointed,broke,return,thought,wasn,not,$,but,ok,work,t,did,pool,disappointing,didn,off,waste,tried,after,poor,apart
cheap,does,small,should,disappointed,broke,return,thought,wasn,not,$,but,ok,work,t,did,pool,disappointing,didn,off,waste,tried,after,poor,apart
cheap,does,small,should,disappointed,broke,return,thought,wasn,not,$,but,ok,work,t,did,pool,disappointing,didn,off,waste,tried,after,poor,apart
cheap,does,small,should,disappointed,broke,return,thought,wasn,not,$,but,ok,work,t,did,pool,disappointing,didn,off,waste,tried,after,poor,apart
cheap,does,small,should,disappointed,broke,return,thought,wasn,not,$,but,ok,work,t,did,pool,disappointing,didn,off,waste,tried,after,poor,apart
cheap,does,small,should,disappointed,broke,return,thought,wasn,not,$,but,ok,work,t,did,pool,disappointing,didn,off,waste,tried,after,poor,apart
cheap,does,small,should,disappointed,broke,return,thought,wasn,not,$,but,ok,work,t,did,pool,disappointing,didn,off,waste,tried,after,poor,apart
cheap,does,small,should,disappointed,broke,return,thought,wasn,not,$,but,ok,work,t,did,pool,disappointing,didn,off,waste,tried,after,poor,apart
cheap,does,small,should,disappointed,broke,return,thought,wasn,not,$,but,ok,work,t,did,pool,disappointing,didn,off,waste,tried,after,poor,apart
cheap,does,small,should,disappointed,broke,return,thought,wasn,not,$,but,ok,work,t,did,pool,disappointing,didn,off,waste,tried,after,poor,apart
cheap,does,small,should,disappointed,broke,return,thought,wasn,not,$,but,ok,work,t,did,pool,disappointing,didn,off,waste,tried,after,poor,apart
cheap,does,small,should,disappointed,broke,return,thought,wasn,not,$,but,ok,work,t,did,pool,disappointing,didn,off,waste,tried,after,poor,apart
cheap,does,small,should,disappointed,broke,return,thought,wasn,not,$,but,ok,work,t,did,pool,disappointing,didn,off,waste,tried,after,poor,apart
cheap,does,small,should,disappointed,broke,return,thought,wasn,not,$,but,ok,work,t,did,pool,disappointing,didn,off,waste,tried,after,poor,apart
cheap,does,small,should,disappointed,broke,return,thought,wasn,not,$,but,ok,work,t,did,pool,disappointing,didn,off,waste,tried,after,poor,apart
cheap,does,small,should,disappointed,broke,return,thought,wasn,not,$,but,ok,work,t,did,pool,disappointing,didn,off,waste,tried,after,poor,apart
cheap,does,small,should,disappointed,broke,return,thought,wasn,not,$,but,ok,work,t,did,pool,disappointing,didn,off,waste,tried,after,poor,apart
cheap,does,small,should,disappointed,broke,return,thought,wasn,not,$,but,ok,work,t,did,pool,disappointing,didn,off,waste,tried,after,poor,apart
cheap,does,small,should,disappointed,broke,return,thought,wasn,not,$,but,ok,work,t,did,pool,disappointing,didn,off,waste,tried,after,poor,apart
cheap,does,small,should,disappointed,broke,return,thought,wasn,not,$,but,ok,work,t,did,pool,disappointing,didn,off,waste,tried,after,poor,apart
cheap,does,small,should,disappointed,broke,return,thought,wasn,not,$,but,ok,work,t,did,pool,disappointing,didn,off,waste,tried,after,poor,apart
cheap,does,small,should,disappointed,broke,return,thought,wasn,not,$,but,ok,work,t,did,pool,disappointing,didn,off,waste,tried,after,poor,apart
cheap,does,small,should,disappointed,broke,return,thought,wasn,not,$,but,ok,work,t,did,pool,disappointing,didn,off,waste,tried,after,poor,apart
cheap,does,small,should,disappointed,broke,return,thought,wasn,not,$,but,ok,work,t,did,pool,disappointing,didn,off,waste,tried,after,poor,apart
cheap,does,small,should,disappointed,broke,return,thought,wasn,not,$,but,ok,work,t,did,pool,disappointing,didn,off,waste,tried,after,poor,apart
cheap,does,small,should,disappointed,broke,return,thought,wasn,not,$,but,ok,work,t,did,pool,disappointing,didn,off,waste,tried,after,poor,apart
cheap,does,small,should,disappointed,broke,return,thought,wasn,not,$,but,ok,work,t,did,pool,disappointing,didn,off,waste,tried,after,poor,apart
cheap,does,small,should,disappointed,broke,return,thought,wasn,not,$,but,ok,work,t,did,pool,disappointing,didn,off,waste,tried,after,poor,apart
cheap,does,small,should,disappointed,broke,return,thought,wasn,not,$,but,ok,work,t,did,pool,disappointing,didn,off,waste,tried,after,poor,apart
cheap,does,small,should,disappointed,broke,return,thought,wasn,not,$,but,ok,work,t,did,pool,disappointing,didn,off,waste,tried,after,poor,apart
cheap,does,small,should,disappointed,broke,return,thought,wasn,not,$,but,ok,work,t,did,pool,disappointing,didn,off,waste,tried,after,poor,apart
cheap,does,small,should,disappointed,broke,return,thought,wasn,not,$,but,ok,work,t,did,pool,disappointing,didn,off,waste,tried,after,poor,apart
cheap,does,small,should,disappointed,broke,return,thought,wasn,not,$,but,ok,work,t,did,pool,disappointing,didn,off,waste,tried,after,poor,apart
cheap,does,small,should,disappointed,broke,return,thought,wasn,not,$,but,ok,work,t,did,pool,disappointing,didn,off,waste,tried,after,poor,apart
cheap,does,small,should,disappointed,broke,return,thought,wasn,not,$,but,ok,work,t,did,pool,disappointing,didn,off,waste,tried,after,poor,apart
cheap,does,small,should,disappointed,broke,return,thought,wasn,not,$,but,ok,work,t,did,pool,disappointing,didn,off,waste,tried,after,poor,apart
cheap,does,small,should,disappointed,broke,return,thought,wasn,not,$,but,ok,work,t,did,pool,disappointing,didn,off,waste,tried,after,poor,apart
cheap,does,small,should,disappointed,broke,return,thought,wasn,not,$,but,ok,work,t,did,pool,disappointing,didn,off,waste,tried,after,poor,apart
cheap,does,small,should,disappointed,broke,return,thought,wasn,not,$,but,ok,work,t,did,pool,disappointing,didn,off,waste,tried,after,poor,apart
cheap,does,small,should,disappointed,broke,return,thought,wasn,not,$,but,ok,work,t,did,pool,disappointing,didn,off,waste,tried,after,poor,apart
cheap,does,small,should,disappointed,broke,return,thought,wasn,not,$,but,ok,work,t,did,pool,disappointing,didn,off,waste,tried,after,poor,apart
cheap,does,small,should,disappointed,broke,return,thought,wasn,not,$,but,ok,work,t,did,pool,disappointing,didn,off,waste,tried,after,poor,apart
cheap,does,small,should,disappointed,broke,return,thought,wasn,not,$,but,ok,work,t,did,pool,disappointing,didn,off,waste,tried,after,poor,apart
cheap,does,small,should,disappointed,broke,return,thought,wasn,not,$,but,ok,work,t,did,pool,disappointing,didn,off,waste,tried,after,poor,apart
cheap,does,small,should,disappointed,broke,return,thought,wasn,not,$,but,ok,work,t,did,pool,disappointing,didn,off,waste,tried,after,poor,apart
cheap,does,small,should,disappointed,broke,return,thought,wasn,not,$,but,ok,work,t,did,pool,disappointing,didn,off,waste,tried,after,poor,apart
cheap,does,small,should,disappointed,broke,return,thought,wasn,not,$,but,ok,work,t,did,pool,disappointing,didn,off,waste,tried,after,poor,apart
cheap,does,small,should,disappointed,broke,return,thought,wasn,not,$,but,ok,work,t,did,pool,disappointing,didn,off,waste,tried,after,poor,apart
cheap,does,small,should,disappointed,broke,return,thought,wasn,not,$,but,ok,work,t,did,pool,disappointing,didn,off,waste,tried,after,poor,apart
cheap,does,small,should,disappointed,broke,return,thought,wasn,not,$,but,ok,work,t,did,pool,disappointing,didn,off,waste,tried,after,poor,apart
cheap,does,small,should,disappointed,broke,return,thought,wasn,not,$,but,ok,work,t,did,pool,disappointing,didn,off,waste,tried,after,poor,apart
cheap,does,small,should,disappointed,broke,return,thought,wasn,not,$,but,ok,work,t,did,pool,disappointing,didn,off,waste,tried,after,poor,apart
cheap,does,small,should,disappointed,broke,return,thought,wasn,not,$,but,ok,work,t,did,pool,disappointing,didn,off,waste,tried,after,poor,apart
cheap,does,small,should,disappointed,broke,return,thought,wasn,not,$,but,ok,work,t,did,pool,disappointing,didn,off,waste,tried,after,poor,apart
cheap,does,small,should,disappointed,broke,return,thought,wasn,not,$,but,ok,work,t,did,pool,disappointing,didn,off,waste,tried,after,poor,apart
cheap,does,small,should,disappointed,broke,return,thought,wasn,not,$,but,ok,work,t,did,pool,disappointing,didn,off,waste,tried,after,poor,apart
cheap,does,small,should,disappointed,broke,return,thought,wasn,not,$,but,ok,work,t,did,pool,disappointing,didn,off,waste,tried,after,poor,apart
cheap,does,small,should,disappointed,broke,return,thought,wasn,not,$,but,ok,work,t,did,pool,disappointing,didn,off,waste,tried,after,poor,apart
cheap,does,small,should,disappointed,broke,return,thought,wasn,not,$,but,ok,work,t,did,pool,disappointing,didn,off,waste,tried,after,poor,apart
cheap,does,small,should,disappointed,broke,return,thought,wasn,not,$,but,ok,work,t,did,pool,disappointing,didn,off,waste,tried,after,poor,apart
cheap,does,small,should,disappointed,broke,return,thought,wasn,not,$,but,ok,work,t,did,pool,disappointing,didn,off,waste,tried,after,poor,apart
cheap,does,small,should,disappointed,broke,return,thought,wasn,not,$,but,ok,work,t,did,pool,disappointing,didn,off,waste,tried,after,poor,apart
cheap,does,small,should,disappointed,broke,return,thought,wasn,not,$,but,ok,work,t,did,pool,disappointing,didn,off,waste,tried,after,poor,apart
cheap,does,small,should,disappointed,broke,return,thought,wasn,not,$,but,ok,work,t,did,pool,disappointing,didn,off,waste,tried,after,poor,apart
cheap,does,small,should,disappointed,broke,return,thought,wasn,not,$,but,ok,work,t,did,pool,disappointing,didn,off,waste,tried,after,poor,apart
cheap,does,small,should,disappointed,broke,return,thought,wasn,not,$,but,ok,work,t,did,pool,disappointing,didn,off,waste,tried,after,poor,apart
cheap,does,small,should,disappointed,broke,return,thought,wasn,not,$,but,ok,work,t,did,pool,disappointing,didn,off,waste,tried,after,poor,apart
cheap,does,small,should,disappointed,broke,return,thought,wasn,not,$,but,ok,work,t,did,pool,disappointing,didn,off,waste,tried,after,poor,apart
cheap,does,small,should,disappointed,broke,return,thought,wasn,not,$,but,ok,work,t,did,pool,disappointing,didn,off,waste,tried,after,poor,apart
cheap,does,small,should,disappointed,broke,return,thought,wasn,not,$,but,ok,work,t,did,pool,disappointing,didn,off,waste,tried,after,poor,apart
cheap,does,small,should,disappointed,broke,return,thought,wasn,not,$,but,ok,work,t,did,pool,disappointing,didn,off,waste,tried,after,poor,apart
cheap,does,small,should,disappointed,broke,return,thought,wasn,not,$,but,ok,work,t,did,pool,disappointing,didn,off,waste,tried,after,poor,apart
cheap,does,small,should,disappointed,broke,return,thought,wasn,not,$,but,ok,work,t,did,pool,disappointing,didn,off,waste,tried,after,poor,apart
cheap,does,small,should,disappointed,broke,return,thought,wasn,not,$,but,ok,work,t,did,pool,disappointing,didn,off,waste,tried,after,poor,apart
cheap,does,small,should,disappointed,broke,return,thought,wasn,not,$,but,ok,work,t,did,pool,disappointing,didn,off,waste,tried,after,poor,apart
cheap,does,small,should,disappointed,broke,return,thought,wasn,not,$,but,ok,work,t,did,pool,disappointing,didn,off,waste,tried,after,poor,apart
cheap,does,small,should,disappointed,broke,return,thought,wasn,not,$,but,ok,work,t,did,pool,disappointing,didn,off,waste,tried,after,poor,apart
cheap,does,small,should,disappointed,broke,return,thought,wasn,not,$,but,ok,work,t,did,pool,disappointing,didn,off,waste,tried,after,poor,apart
cheap,does,small,should,disappointed,broke,return,thought,wasn,not,$,but,ok,work,t,did,pool,disappointing,didn,off,waste,tried,after,poor,apart
cheap,does,small,should,disappointed,broke,return,thought,wasn,not,$,but,ok,work,t,did,pool,disappointing,didn,off,waste,tried,after,poor,apart
cheap,does,small,should,disappointed,broke,return,thought,wasn,not,$,but,ok,work,t,did,pool,disappointing,didn,off,waste,tried,after,poor,apart
cheap,does,small,should,disappointed,broke,return,thought,wasn,not,$,but,ok,work,t,did,pool,disappointing,didn,off,waste,tried,after,poor,apart
cheap,does,small,should,disappointed,broke,return,thought,wasn,not,$,but,ok,work,t,did,pool,disappointing,didn,off,waste,tried,after,poor,apart
cheap,does,small,should,disappointed,broke,return,thought,wasn,not,$,but,ok,work,t,did,pool,disappointing,didn,off,waste,tried,after,poor,apart
cheap,does,small,should,disappointed,broke,return,thought,wasn,not,$,but,ok,work,t,did,pool,disappointing,didn,off,waste,tried,after,poor,apart
cheap,does,small,should,disappointed,broke,return,thought,wasn,not,$,but,ok,work,t,did,pool,disappointing,didn,off,waste,tried,after,poor,apart
cheap,does,small,should,disappointed,broke,return,thought,wasn,not,$,but,ok,work,t,did,pool,disappointing,didn,off,waste,tried,after,poor,apart
cheap,does,small,should,disappointed,broke,return,thought,wasn,not,$,but,ok,work,t,did,pool,disappointing,didn,off,waste,tried,after,poor,apart
cheap,does,small,should,disappointed,broke,return,thought,wasn,not,$,but,ok,work,t,did,pool,disappointing,didn,off,waste,tried,after,poor,apart
cheap,does,small,should,disappointed,broke,return,thought,wasn,not,$,but,ok,work,t,did,pool,disappointing,didn,off,waste,tried,after,poor,apart
cheap,does,small,should,disappointed,broke,return,thought,wasn,not,$,but,ok,work,t,did,pool,disappointing,didn,off,waste,tried,after,poor,apart
cheap,does,small,should,disappointed,broke,return,thought,wasn,not,$,but,ok,work,t,did,pool,disappointing,didn,off,waste,tried,after,poor,apart
cheap,does,small,should,disappointed,broke,return,thought,wasn,not,$,but,ok,work,t,did,pool,disappointing,didn,off,waste,tried,after,poor,apart
cheap,does,small,should,disappointed,broke,return,thought,wasn,not,$,but,ok,work,t,did,pool,disappointing,didn,off,waste,tried,after,poor,apart
cheap,does,small,should,disappointed,broke,return,thought,wasn,not,$,but,ok,work,t,did,pool,disappointing,didn,off,waste,tried,after,poor,apart
cheap,does,small,should,disappointed,broke,return,thought,wasn,not,$,but,ok,work,t,did,pool,disappointing,didn,off,waste,tried,after,poor,apart
cheap,does,small,should,disappointed,broke,return,thought,wasn,not,$,but,ok,work,t,did,pool,disappointing,didn,off,waste,tried,after,poor,apart
cheap,does,small,should,disappointed,broke,return,thought,wasn,not,$,but,ok,work,t,did,pool,disappointing,didn,off,waste,tried,after,poor,apart
cheap,does,small,should,disappointed,broke,return,thought,wasn,not,$,but,ok,work,t,did,pool,disappointing,didn,off,waste,tried,after,poor,apart
cheap,does,small,should,disappointed,broke,return,thought,wasn,not,$,but,ok,work,t,did,pool,disappointing,didn,off,waste,tried,after,poor,apart
cheap,does,small,should,disappointed,broke,return,thought,wasn,not,$,but,ok,work,t,did,pool,disappointing,didn,off,waste,tried,after,poor,apart
cheap,does,small,should,disappointed,broke,return,thought,wasn,not,$,but,ok,work,t,did,pool,disappointing,didn,off,waste,tried,after,poor,apart
cheap,does,small,should,disappointed,broke,return,thought,wasn,not,$,but,ok,work,t,did,pool,disappointing,didn,off,waste,tried,after,poor,apart
cheap,does,small,should,disappointed,broke,return,thought,wasn,not,$,but,ok,work,t,did,pool,disappointing,didn,off,waste,tried,after,poor,apart
cheap,does,small,should,disappointed,broke,return,thought,wasn,not,$,but,ok,work,t,did,pool,disappointing,didn,off,waste,tried,after,poor,apart
cheap,does,small,should,disappointed,broke,return,thought,wasn,not,$,but,ok,work,t,did,pool,disappointing,didn,off,waste,tried,after,poor,apart
cheap,does,small,should,disappointed,broke,return,thought,wasn,not,$,but,ok,work,t,did,pool,disappointing,didn,off,waste,tried,after,poor,apart
cheap,does,small,should,disappointed,broke,return,thought,wasn,not,$,but,ok,work,t,did,pool,disappointing,didn,off,waste,tried,after,poor,apart
cheap,does,small,should,disappointed,broke,return,thought,wasn,not,$,but,ok,work,t,did,pool,disappointing,didn,off,waste,tried,after,poor,apart
cheap,does,small,should,disappointed,broke,return,thought,wasn,not,$,but,ok,work,t,did,pool,disappointing,didn,off,waste,tried,after,poor,apart
cheap,does,small,should,disappointed,broke,return,thought,wasn,not,$,but,ok,work,t,did,pool,disappointing,didn,off,waste,tried,after,poor,apart
cheap,does,small,should,disappointed,broke,return,thought,wasn,not,$,but,ok,work,t,did,pool,disappointing,didn,off,waste,tried,after,poor,apart
cheap,does,small,should,disappointed,broke,return,thought,wasn,not,$,but,ok,work,t,did,pool,disappointing,didn,off,waste,tried,after,poor,apart
cheap,does,small,should,disappointed,broke,return,thought,wasn,not,$,but,ok,work,t,did,pool,disappointing,didn,off,waste,tried,after,poor,apart
cheap,does,small,should,disappointed,broke,return,thought,wasn,not,$,but,ok,work,t,did,pool,disappointing,didn,off,waste,tried,after,poor,apart
cheap,does,small,should,disappointed,broke,return,thought,wasn,not,$,but,ok,work,t,did,pool,disappointing,didn,off,waste,tried,after,poor,apart
cheap,does,small,should,disappointed,broke,return,thought,wasn,not,$,but,ok,work,t,did,pool,disappointing,didn,off,waste,tried,after,poor,apart
cheap,does,small,should,disappointed,broke,return,thought,wasn,not,$,but,ok,work,t,did,pool,disappointing,didn,off,waste,tried,after,poor,apart
cheap,does,small,should,disappointed,broke,return,thought,wasn,not,$,but,ok,work,t,did,pool,disappointing,didn,off,waste,tried,after,poor,apart
cheap,does,small,should,disappointed,broke,return,thought,wasn,not,$,but,ok,work,t,did,pool,disappointing,didn,off,waste,tried,after,poor,apart
cheap,does,small,should,disappointed,broke,return,thought,wasn,not,$,but,ok,work,t,did,pool,disappointing,didn,off,waste,tried,after,poor,apart
cheap,does,small,should,disappointed,broke,return,thought,wasn,not,$,but,ok,work,t,did,pool,disappointing,didn,off,waste,tried,after,poor,apart
cheap,does,small,should,disappointed,broke,return,thought,wasn,not,$,but,ok,work,t,did,pool,disappointing,didn,off,waste,tried,after,poor,apart
cheap,does,small,should,disappointed,broke,return,thought,wasn,not,$,but,ok,work,t,did,pool,disappointing,didn,off,waste,tried,after,poor,apart
cheap,does,small,should,disappointed,broke,return,thought,wasn,not,$,but,ok,work,t,did,pool,disappointing,didn,off,waste,tried,after,poor,apart
cheap,does,small,should,disappointed,broke,return,thought,wasn,not,$,but,ok,work,t,did,pool,disappointing,didn,off,waste,tried,after,poor,apart
cheap,does,small,should,disappointed,broke,return,thought,wasn,not,$,but,ok,work,t,did,pool,disappointing,didn,off,waste,tried,after,poor,apart
cheap,does,small,should,disappointed,broke,return,thought,wasn,not,$,but,ok,work,t,did,pool,disappointing,didn,off,waste,tried,after,poor,apart
cheap,does,small,should,disappointed,broke,return,thought,wasn,not,$,but,ok,work,t,did,pool,disappointing,didn,off,waste,tried,after,poor,apart
cheap,does,small,should,disappointed,broke,return,thought,wasn,not,$,but,ok,work,t,did,pool,disappointing,didn,off,waste,tried,after,poor,apart
cheap,does,small,should,disappointed,broke,return,thought,wasn,not,$,but,ok,work,t,did,pool,disappointing,didn,off,waste,tried,after,poor,apart
cheap,does,small,should,disappointed,broke,return,thought,wasn,not,$,but,ok,work,t,did,pool,disappointing,didn,off,waste,tried,after,poor,apart
cheap,does,small,should,disappointed,broke,return,thought,wasn,not,$,but,ok,work,t,did,pool,disappointing,didn,off,waste,tried,after,poor,apart
cheap,does,small,should,disappointed,broke,return,wasn,not,$,but,ok,work,t,did,pool,disappointing,didn,off,poorly,waste,tried,after,poor,apart
cheap,does,small,should,disappointed,broke,return,wasn,not,$,but,ok,work,t,did,pool,disappointing,didn,off,poorly,waste,tried,after,poor,apart
cheap,does,small,should,disappointed,broke,return,wasn,not,$,but,ok,work,t,did,pool,disappointing,didn,off,poorly,waste,tried,after,poor,apart
cheap,does,small,should,disappointed,broke,return,wasn,not,$,but,ok,work,t,did,pool,disappointing,didn,off,poorly,waste,tried,after,poor,apart
cheap,does,small,should,disappointed,broke,return,wasn,not,$,but,ok,work,t,did,pool,disappointing,didn,off,poorly,waste,tried,after,poor,apart
cheap,does,small,should,disappointed,broke,return,wasn,not,$,but,ok,work,t,did,pool,disappointing,didn,off,poorly,waste,tried,after,poor,apart
cheap,does,small,should,disappointed,broke,return,wasn,not,$,but,ok,work,t,did,pool,disappointing,didn,off,poorly,waste,tried,after,poor,apart
cheap,does,small,should,disappointed,broke,return,wasn,not,$,but,ok,work,t,did,pool,disappointing,didn,off,poorly,waste,tried,after,poor,apart
cheap,does,small,should,disappointed,broke,return,wasn,not,$,but,ok,work,t,did,pool,disappointing,didn,off,poorly,waste,tried,after,poor,apart
cheap,does,small,should,disappointed,broke,return,wasn,not,$,but,ok,work,t,did,pool,disappointing,didn,off,poorly,waste,tried,after,poor,apart
cheap,does,small,should,disappointed,broke,return,wasn,not,$,but,ok,work,t,did,pool,disappointing,didn,off,poorly,waste,tried,after,poor,apart
cheap,does,small,should,disappointed,broke,return,wasn,not,$,but,ok,work,t,did,pool,disappointing,didn,off,poorly,waste,tried,after,poor,apart
cheap,does,small,should,disappointed,broke,return,wasn,not,$,but,ok,work,t,did,pool,disappointing,didn,off,poorly,waste,tried,after,poor,apart
cheap,does,small,should,disappointed,broke,return,wasn,not,$,but,ok,work,t,did,pool,disappointing,didn,off,poorly,waste,tried,after,poor,apart
cheap,does,small,should,disappointed,broke,return,wasn,not,$,but,ok,work,t,did,pool,disappointing,didn,off,poorly,waste,tried,after,poor,apart
cheap,does,small,should,disappointed,broke,return,wasn,not,$,but,ok,work,t,did,pool,disappointing,didn,off,poorly,waste,tried,after,poor,apart
cheap,does,small,should,disappointed,broke,return,wasn,not,$,but,ok,work,t,did,pool,disappointing,didn,off,poorly,waste,tried,after,poor,apart
cheap,does,small,should,disappointed,broke,return,wasn,not,$,but,ok,work,t,did,pool,disappointing,didn,off,poorly,waste,tried,after,poor,apart
cheap,does,small,should,disappointed,broke,return,wasn,not,$,but,ok,work,t,did,pool,disappointing,didn,off,poorly,waste,tried,after,poor,apart
cheap,does,small,should,disappointed,broke,return,wasn,not,$,but,ok,work,t,did,pool,disappointing,didn,off,poorly,waste,tried,after,poor,apart
cheap,does,small,should,disappointed,broke,return,wasn,not,$,but,ok,work,t,did,pool,disappointing,didn,off,poorly,waste,tried,after,poor,apart
cheap,does,small,should,disappointed,broke,return,wasn,not,$,but,ok,work,t,did,pool,disappointing,didn,off,poorly,waste,tried,after,poor,apart
cheap,does,small,should,disappointed,broke,return,wasn,not,$,but,ok,work,t,did,pool,disappointing,didn,off,poorly,waste,tried,after,poor,apart
cheap,does,small,should,disappointed,broke,return,wasn,not,$,but,ok,work,t,did,pool,disappointing,didn,off,poorly,waste,tried,after,poor,apart
cheap,does,small,should,disappointed,broke,return,wasn,not,$,but,ok,work,t,did,pool,disappointing,didn,off,poorly,waste,tried,after,poor,apart
cheap,does,small,should,disappointed,broke,return,wasn,not,$,but,ok,work,t,did,pool,disappointing,didn,off,poorly,waste,tried,after,poor,apart
cheap,does,small,should,disappointed,broke,return,wasn,not,$,but,ok,work,t,did,pool,disappointing,didn,off,poorly,waste,tried,after,poor,apart
cheap,does,small,should,disappointed,broke,return,wasn,not,$,but,ok,work,t,did,pool,disappointing,didn,off,poorly,waste,tried,after,poor,apart
cheap,does,small,should,disappointed,broke,return,wasn,not,$,but,ok,work,t,did,pool,disappointing,didn,off,poorly,waste,tried,after,poor,apart
cheap,does,small,should,disappointed,broke,return,wasn,not,$,but,ok,work,t,did,pool,disappointing,didn,off,poorly,waste,tried,after,poor,apart
cheap,does,small,should,disappointed,broke,return,wasn,not,$,but,ok,work,t,did,pool,disappointing,didn,off,poorly,waste,tried,after,poor,apart
cheap,does,small,should,disappointed,broke,return,wasn,not,$,but,ok,work,t,did,pool,disappointing,didn,off,poorly,waste,tried,after,poor,apart
cheap,does,small,should,disappointed,broke,return,wasn,not,$,but,ok,work,t,did,pool,disappointing,didn,off,poorly,waste,tried,after,poor,apart
cheap,does,small,should,disappointed,broke,return,wasn,not,$,but,ok,work,t,did,pool,disappointing,didn,off,poorly,waste,tried,after,poor,apart
cheap,does,small,should,disappointed,broke,return,wasn,not,$,but,ok,work,t,did,pool,disappointing,didn,off,poorly,waste,tried,after,poor,apart
cheap,does,small,should,disappointed,broke,return,wasn,not,$,but,ok,work,t,did,pool,disappointing,didn,off,poorly,waste,tried,after,poor,apart
cheap,does,small,should,disappointed,broke,return,wasn,not,$,but,ok,work,t,did,pool,disappointing,didn,off,poorly,waste,tried,after,poor,apart
cheap,does,small,should,disappointed,broke,return,wasn,not,$,but,ok,work,t,did,pool,disappointing,didn,off,poorly,waste,tried,after,poor,apart
cheap,does,small,should,disappointed,broke,return,wasn,not,$,but,ok,work,t,did,pool,disappointing,didn,off,poorly,waste,tried,after,poor,apart
cheap,does,small,should,disappointed,broke,return,wasn,not,$,but,ok,work,t,did,pool,disappointing,didn,off,poorly,waste,tried,after,poor,apart
cheap,does,small,should,disappointed,broke,return,wasn,not,$,but,ok,work,t,did,pool,disappointing,didn,off,poorly,waste,tried,after,poor,apart
cheap,does,small,should,disappointed,broke,return,wasn,not,$,but,ok,work,t,did,pool,disappointing,didn,off,poorly,waste,tried,after,poor,apart
cheap,does,small,should,disappointed,broke,return,wasn,not,$,but,ok,work,t,did,pool,disappointing,didn,off,poorly,waste,tried,after,poor,apart
cheap,does,small,should,disappointed,broke,return,wasn,not,$,but,ok,work,t,did,pool,disappointing,didn,off,poorly,waste,tried,after,poor,apart
cheap,does,small,should,disappointed,broke,return,wasn,not,$,but,ok,work,t,did,pool,disappointing,didn,off,poorly,waste,tried,after,poor,apart
cheap,does,small,should,disappointed,broke,return,wasn,not,$,but,ok,work,t,did,pool,disappointing,didn,off,poorly,waste,tried,after,poor,apart
cheap,does,small,should,disappointed,broke,return,wasn,not,$,but,ok,work,t,did,pool,disappointing,didn,off,poorly,waste,tried,after,poor,apart
cheap,does,small,should,disappointed,broke,return,wasn,not,$,but,ok,work,t,did,pool,disappointing,didn,off,poorly,waste,tried,after,poor,apart
cheap,does,small,should,disappointed,broke,return,wasn,not,$,but,ok,work,t,did,pool,disappointing,didn,off,poorly,waste,tried,after,poor,apart
cheap,does,small,should,disappointed,broke,return,wasn,not,$,but,ok,work,t,did,pool,disappointing,didn,off,poorly,waste,tried,after,poor,apart
cheap,does,small,should,disappointed,broke,return,wasn,not,$,but,ok,work,t,did,pool,disappointing,didn,off,poorly,waste,tried,after,poor,apart
cheap,does,small,should,disappointed,broke,return,wasn,not,$,but,ok,work,t,did,pool,disappointing,didn,off,poorly,waste,tried,after,poor,apart
cheap,does,small,should,disappointed,broke,return,wasn,not,$,but,ok,work,t,did,pool,disappointing,didn,off,poorly,waste,tried,after,poor,apart
cheap,does,small,should,disappointed,broke,return,wasn,not,$,but,ok,work,t,did,pool,disappointing,didn,off,poorly,waste,tried,after,poor,apart
cheap,does,small,should,disappointed,broke,return,wasn,not,$,but,ok,work,t,did,pool,disappointing,didn,off,poorly,waste,tried,after,poor,apart
cheap,does,small,should,disappointed,broke,return,wasn,not,$,but,ok,work,t,did,pool,disappointing,didn,off,poorly,waste,tried,after,poor,apart
cheap,does,small,should,disappointed,broke,return,wasn,not,$,but,ok,work,t,did,pool,disappointing,didn,off,poorly,waste,tried,after,poor,apart
cheap,does,small,should,disappointed,broke,return,wasn,not,$,but,ok,work,t,did,pool,disappointing,didn,off,poorly,waste,tried,after,poor,apart
cheap,does,small,should,disappointed,broke,return,wasn,not,$,but,ok,work,t,did,pool,disappointing,didn,off,poorly,waste,tried,after,poor,apart
cheap,does,small,should,disappointed,broke,return,wasn,not,$,but,ok,work,t,did,pool,disappointing,didn,off,poorly,waste,tried,after,poor,apart
cheap,does,small,should,disappointed,broke,return,wasn,not,$,but,ok,work,t,did,pool,disappointing,didn,off,poorly,waste,tried,after,poor,apart
cheap,does,small,should,disappointed,broke,return,wasn,not,$,but,ok,work,t,did,pool,disappointing,didn,off,poorly,waste,tried,after,poor,apart
cheap,does,small,should,disappointed,broke,return,wasn,not,$,but,ok,work,t,did,pool,disappointing,didn,off,poorly,waste,tried,after,poor,apart
cheap,does,small,should,disappointed,broke,return,wasn,not,$,but,ok,work,t,did,pool,disappointing,didn,off,poorly,waste,tried,after,poor,apart
cheap,does,small,should,disappointed,broke,return,wasn,not,$,but,ok,work,t,did,pool,disappointing,didn,off,poorly,waste,tried,after,poor,apart
cheap,does,small,should,disappointed,broke,return,wasn,not,$,but,ok,work,t,did,pool,however,disappointing,didn,off,waste,tried,after,poor,apart
cheap,does,small,should,disappointed,broke,return,wasn,not,$,but,ok,work,t,did,pool,however,disappointing,didn,off,waste,tried,after,poor,apart
cheap,does,small,should,disappointed,broke,return,wasn,not,$,but,ok,work,t,did,pool,however,disappointing,didn,off,waste,tried,after,poor,apart
cheap,does,small,should,disappointed,broke,return,wasn,not,$,but,ok,work,t,did,pool,however,disappointing,didn,off,waste,tried,after,poor,apart
cheap,does,small,should,disappointed,broke,return,wasn,not,$,but,ok,work,t,did,pool,however,disappointing,didn,off,waste,tried,after,poor,apart
cheap,does,small,should,disappointed,broke,return,wasn,not,$,but,ok,work,t,did,pool,however,disappointing,didn,off,waste,tried,after,poor,apart
cheap,does,small,should,disappointed,broke,return,wasn,not,$,but,ok,work,t,did,pool,however,disappointing,didn,off,waste,tried,after,poor,apart
cheap,does,small,should,disappointed,broke,return,wasn,not,$,but,ok,work,t,did,pool,however,disappointing,didn,off,waste,tried,after,poor,apart
cheap,does,small,should,disappointed,broke,return,wasn,not,$,but,ok,work,t,did,pool,however,disappointing,didn,off,waste,tried,after,poor,apart
cheap,does,small,should,disappointed,broke,return,wasn,not,$,but,ok,work,t,did,pool,however,disappointing,didn,off,waste,tried,after,poor,apart
cheap,does,small,should,disappointed,broke,return,wasn,not,$,but,ok,work,t,did,pool,however,disappointing,didn,off,waste,tried,after,poor,apart
cheap,does,small,should,disappointed,broke,return,wasn,not,$,but,ok,work,t,did,pool,however,disappointing,didn,off,waste,tried,after,poor,apart
cheap,does,small,should,disappointed,broke,return,wasn,not,$,but,ok,work,t,did,pool,however,disappointing,didn,off,waste,tried,after,poor,apart
cheap,does,small,should,disappointed,broke,return,wasn,not,$,but,ok,work,t,did,pool,however,disappointing,didn,off,waste,tried,after,poor,apart
cheap,does,small,should,disappointed,broke,return,wasn,not,$,but,ok,work,t,did,pool,however,disappointing,didn,off,waste,tried,after,poor,apart
cheap,does,small,should,disappointed,broke,return,wasn,not,$,but,ok,work,t,did,pool,however,disappointing,didn,off,waste,tried,after,poor,apart
cheap,does,small,should,disappointed,broke,return,wasn,not,$,but,ok,work,t,did,pool,however,disappointing,didn,off,waste,tried,after,poor,apart
cheap,does,small,should,disappointed,broke,return,wasn,not,$,but,ok,work,t,did,pool,however,disappointing,didn,off,waste,tried,after,poor,apart
cheap,does,small,should,disappointed,broke,return,wasn,not,$,but,ok,work,t,did,pool,however,disappointing,didn,off,waste,tried,after,poor,apart
cheap,does,small,should,disappointed,broke,return,wasn,not,$,but,ok,work,t,did,pool,however,disappointing,didn,off,waste,tried,after,poor,apart
cheap,does,small,should,disappointed,broke,return,wasn,not,$,but,ok,work,t,did,pool,however,disappointing,didn,off,waste,tried,after,poor,apart
cheap,does,small,should,disappointed,broke,return,wasn,not,$,but,ok,work,t,did,pool,however,disappointing,didn,off,waste,tried,after,poor,apart
cheap,does,small,should,disappointed,broke,return,wasn,not,$,but,ok,work,t,did,pool,however,disappointing,didn,off,waste,tried,after,poor,apart
cheap,does,small,should,disappointed,broke,return,wasn,not,$,but,ok,work,t,did,pool,however,disappointing,didn,off,waste,tried,after,poor,apart
cheap,does,small,should,disappointed,broke,return,wasn,not,$,but,ok,work,t,did,pool,however,disappointing,didn,off,waste,tried,after,poor,apart
cheap,does,small,should,disappointed,broke,return,wasn,not,$,but,ok,work,t,did,pool,however,disappointing,didn,off,waste,tried,after,poor,apart
cheap,does,small,should,disappointed,broke,return,wasn,not,$,but,ok,work,t,did,pool,however,disappointing,didn,off,waste,tried,after,poor,apart
cheap,does,small,should,disappointed,broke,return,wasn,not,$,but,ok,work,t,did,pool,however,disappointing,didn,off,waste,tried,after,poor,apart
cheap,does,small,should,disappointed,broke,return,wasn,not,$,but,ok,work,t,did,pool,however,disappointing,didn,off,waste,tried,after,poor,apart
cheap,does,small,should,disappointed,broke,return,wasn,not,$,but,ok,work,t,did,pool,however,disappointing,didn,off,waste,tried,after,poor,apart
cheap,does,small,should,disappointed,broke,return,wasn,not,$,but,ok,work,t,did,pool,however,disappointing,didn,off,waste,tried,after,poor,apart
cheap,does,small,should,disappointed,broke,return,wasn,not,$,but,ok,work,t,did,pool,however,disappointing,didn,off,waste,tried,after,poor,apart
cheap,does,small,should,disappointed,broke,return,wasn,not,$,but,ok,work,t,did,pool,however,disappointing,didn,off,waste,tried,after,poor,apart
cheap,does,small,should,disappointed,broke,return,wasn,not,$,but,ok,work,t,did,pool,however,disappointing,didn,off,waste,tried,after,poor,apart
cheap,does,small,should,disappointed,broke,return,wasn,not,$,but,ok,work,t,did,pool,however,disappointing,didn,off,waste,tried,after,poor,apart
cheap,does,small,should,disappointed,broke,return,wasn,not,$,but,ok,work,t,did,pool,however,disappointing,didn,off,waste,tried,after,poor,apart
cheap,does,small,should,disappointed,broke,return,wasn,not,$,but,ok,work,t,did,pool,however,disappointing,didn,off,waste,tried,after,poor,apart
cheap,does,small,should,disappointed,broke,return,wasn,not,$,but,ok,work,t,did,pool,however,disappointing,didn,off,waste,tried,after,poor,apart
cheap,does,small,should,disappointed,broke,return,wasn,not,$,but,ok,work,t,did,pool,however,disappointing,didn,off,waste,tried,after,poor,apart
cheap,does,small,should,disappointed,broke,return,wasn,not,$,but,ok,work,t,did,pool,however,disappointing,didn,off,waste,tried,after,poor,apart
cheap,does,small,should,disappointed,broke,return,wasn,not,$,but,ok,work,t,did,pool,however,disappointing,didn,off,waste,tried,after,poor,apart
cheap,does,small,should,disappointed,broke,return,wasn,not,$,but,ok,work,t,did,pool,however,disappointing,didn,off,waste,tried,after,poor,apart
cheap,does,small,should,disappointed,broke,return,wasn,not,$,but,ok,work,t,did,pool,however,disappointing,didn,off,waste,tried,after,poor,apart
cheap,does,small,should,disappointed,broke,return,wasn,not,$,but,ok,work,t,did,pool,however,disappointing,didn,off,waste,tried,after,poor,apart
cheap,does,small,should,disappointed,broke,return,wasn,not,$,but,ok,work,t,did,pool,however,disappointing,didn,off,waste,tried,after,poor,apart
cheap,does,small,should,disappointed,broke,return,wasn,not,$,but,ok,work,t,did,pool,however,disappointing,didn,off,waste,tried,after,poor,apart
cheap,does,small,should,disappointed,broke,return,wasn,not,$,but,ok,work,t,did,pool,however,disappointing,didn,off,waste,tried,after,poor,apart
cheap,does,small,should,disappointed,broke,return,wasn,not,$,but,ok,work,t,did,pool,however,disappointing,didn,off,waste,tried,after,poor,apart
cheap,does,small,should,disappointed,broke,return,thought,wasn,not,$,but,ok,work,t,did,however,disappointing,didn,off,waste,tried,after,poor,apart
cheap,does,small,should,disappointed,broke,return,thought,wasn,not,$,but,ok,work,t,did,however,disappointing,didn,off,waste,tried,after,poor,apart
cheap,does,small,should,disappointed,broke,return,thought,wasn,not,$,but,ok,work,t,did,however,disappointing,didn,off,waste,tried,after,poor,apart
cheap,does,small,should,disappointed,broke,return,thought,wasn,not,$,but,ok,work,t,did,however,disappointing,didn,off,waste,tried,after,poor,apart
cheap,does,small,should,disappointed,broke,return,thought,wasn,not,$,but,ok,work,t,did,however,disappointing,didn,off,waste,tried,after,poor,apart
cheap,does,small,should,disappointed,broke,return,thought,wasn,not,$,but,ok,work,t,did,however,disappointing,didn,off,waste,tried,after,poor,apart
cheap,does,small,should,disappointed,broke,return,thought,wasn,not,$,but,ok,work,t,did,however,disappointing,didn,off,waste,tried,after,poor,apart
cheap,does,small,should,disappointed,broke,return,thought,wasn,not,$,but,ok,work,t,did,however,disappointing,didn,off,waste,tried,after,poor,apart
cheap,does,small,should,disappointed,broke,return,thought,wasn,not,$,but,ok,work,t,did,however,disappointing,didn,off,waste,tried,after,poor,apart
cheap,does,small,should,disappointed,broke,return,thought,wasn,not,$,but,ok,work,t,did,however,disappointing,didn,off,waste,tried,after,poor,apart
cheap,does,small,should,disappointed,broke,return,thought,wasn,not,$,but,ok,work,t,did,however,disappointing,didn,off,waste,tried,after,poor,apart
cheap,does,small,should,disappointed,broke,return,thought,wasn,not,$,but,ok,work,t,did,however,disappointing,didn,off,waste,tried,after,poor,apart
cheap,does,small,should,disappointed,broke,return,thought,wasn,not,$,but,ok,work,t,did,however,disappointing,didn,off,waste,tried,after,poor,apart
cheap,does,small,should,disappointed,broke,return,wasn,not,$,but,ok,work,t,did,however,disappointing,didn,off,poorly,waste,tried,after,poor,apart
cheap,does,small,should,disappointed,broke,return,wasn,not,$,but,ok,work,t,did,however,disappointing,didn,off,poorly,waste,tried,after,poor,apart
cheap,does,small,should,disappointed,broke,return,wasn,not,$,but,ok,work,t,did,however,disappointing,didn,off,poorly,waste,tried,after,poor,apart
cheap,does,small,should,disappointed,broke,return,wasn,not,$,but,ok,work,t,did,however,disappointing,didn,off,poorly,waste,tried,after,poor,apart
cheap,does,small,should,disappointed,broke,return,wasn,not,$,but,ok,work,t,did,however,disappointing,didn,off,poorly,waste,tried,after,poor,apart
cheap,does,small,should,disappointed,broke,return,wasn,not,$,but,ok,work,t,did,however,disappointing,didn,off,poorly,waste,tried,after,poor,apart
cheap,does,small,should,disappointed,broke,return,wasn,not,$,but,ok,work,t,did,however,disappointing,didn,off,poorly,waste,tried,after,poor,apart
cheap,does,small,should,disappointed,broke,return,wasn,not,$,but,ok,work,t,did,however,disappointing,didn,off,poorly,waste,tried,after,poor,apart
cheap,does,small,should,disappointed,broke,return,wasn,not,$,but,ok,work,t,did,however,disappointing,didn,off,poorly,waste,tried,after,poor,apart
cheap,does,small,should,disappointed,broke,return,wasn,not,$,but,ok,work,t,did,however,disappointing,didn,off,poorly,waste,tried,after,poor,apart
cheap,does,small,should,disappointed,broke,return,wasn,not,$,but,ok,work,t,did,however,disappointing,didn,off,poorly,waste,tried,after,poor,apart
cheap,does,small,should,disappointed,broke,return,wasn,not,$,but,ok,work,t,did,however,disappointing,didn,off,poorly,waste,tried,after,poor,apart
cheap,does,small,should,disappointed,broke,return,wasn,not,$,but,ok,work,t,did,however,disappointing,didn,off,poorly,waste,tried,after,poor,apart
cheap,does,small,should,disappointed,broke,return,wasn,not,$,but,ok,work,t,did,however,disappointing,didn,off,poorly,waste,tried,after,poor,apart
cheap,does,small,should,disappointed,broke,return,wasn,not,$,but,ok,work,t,did,however,disappointing,didn,off,poorly,waste,tried,after,poor,apart
cheap,does,small,should,disappointed,broke,return,wasn,not,$,but,ok,work,t,did,however,disappointing,didn,off,poorly,waste,tried,after,poor,apart
cheap,does,small,should,disappointed,broke,return,wasn,not,$,but,ok,work,t,did,however,disappointing,didn,off,poorly,waste,tried,after,poor,apart
cheap,does,small,should,disappointed,broke,return,wasn,not,$,but,ok,work,t,did,however,disappointing,didn,off,poorly,waste,tried,after,poor,apart
cheap,does,small,should,disappointed,broke,return,wasn,not,$,but,ok,work,t,did,however,disappointing,didn,off,poorly,waste,tried,after,poor,apart
cheap,does,small,should,disappointed,broke,return,wasn,not,$,but,ok,work,t,did,however,disappointing,didn,off,poorly,waste,tried,after,poor,apart
cheap,does,small,should,disappointed,broke,return,wasn,not,$,but,ok,work,t,did,however,disappointing,didn,off,poorly,waste,tried,after,poor,apart
cheap,does,small,should,disappointed,broke,return,wasn,not,$,but,ok,work,t,did,however,disappointing,didn,off,poorly,waste,tried,after,poor,apart
cheap,does,small,should,disappointed,broke,return,wasn,not,$,but,ok,work,t,did,however,disappointing,didn,off,poorly,waste,tried,after,poor,apart
cheap,does,small,should,disappointed,broke,return,wasn,not,$,but,ok,work,t,did,however,disappointing,didn,off,poorly,waste,tried,after,poor,apart
cheap,does,small,should,disappointed,broke,return,wasn,not,$,but,ok,work,t,did,however,disappointing,didn,off,poorly,waste,tried,after,poor,apart
cheap,does,small,should,disappointed,broke,return,wasn,not,$,but,ok,work,t,did,however,disappointing,didn,off,poorly,waste,tried,after,poor,apart
cheap,does,small,should,disappointed,broke,return,wasn,not,$,but,ok,work,t,did,however,disappointing,didn,off,poorly,waste,tried,after,poor,apart
cheap,does,small,should,disappointed,broke,return,wasn,not,$,but,ok,work,t,did,however,disappointing,didn,off,poorly,waste,tried,after,poor,apart
cheap,does,small,should,disappointed,broke,return,wasn,not,$,but,ok,work,t,did,however,disappointing,didn,off,poorly,waste,tried,after,poor,apart
cheap,does,small,should,disappointed,broke,return,wasn,not,$,but,ok,work,t,did,however,disappointing,didn,off,poorly,waste,tried,after,poor,apart
cheap,does,small,should,disappointed,broke,return,wasn,not,$,but,ok,work,t,did,however,disappointing,didn,off,poorly,waste,tried,after,poor,apart
cheap,does,small,should,disappointed,broke,return,wasn,not,$,but,ok,work,t,did,however,disappointing,didn,off,poorly,waste,tried,after,poor,apart
cheap,does,small,should,disappointed,broke,return,wasn,not,$,but,ok,work,t,did,however,disappointing,didn,off,poorly,waste,tried,after,poor,apart
cheap,does,small,should,disappointed,broke,return,wasn,not,$,but,ok,work,t,did,however,disappointing,didn,off,poorly,waste,tried,after,poor,apart
cheap,does,small,should,disappointed,broke,return,wasn,not,$,but,ok,work,t,did,however,disappointing,didn,off,poorly,waste,tried,after,poor,apart
cheap,does,small,should,disappointed,broke,return,wasn,not,$,but,ok,work,t,did,however,disappointing,didn,off,poorly,waste,tried,after,poor,apart
cheap,does,small,should,disappointed,broke,return,wasn,not,$,but,ok,work,t,did,however,disappointing,didn,off,poorly,waste,tried,after,poor,apart
cheap,does,small,should,disappointed,broke,return,wasn,not,$,but,ok,work,t,did,however,disappointing,didn,off,poorly,waste,tried,after,poor,apart
cheap,does,small,should,disappointed,broke,return,wasn,not,$,but,ok,work,t,did,however,disappointing,didn,off,poorly,waste,tried,after,poor,apart
cheap,does,small,should,disappointed,broke,return,wasn,not,$,but,ok,work,t,did,however,disappointing,didn,off,poorly,waste,tried,after,poor,apart
cheap,does,small,should,disappointed,broke,return,wasn,not,$,but,ok,work,t,did,however,disappointing,didn,off,poorly,waste,tried,after,poor,apart
cheap,does,small,should,disappointed,broke,return,wasn,not,$,but,ok,work,t,did,however,disappointing,didn,off,poorly,waste,tried,after,poor,apart
cheap,does,small,should,disappointed,broke,return,wasn,not,$,but,ok,work,t,did,however,disappointing,didn,off,poorly,waste,tried,after,poor,apart
cheap,does,small,should,disappointed,broke,return,wasn,not,$,but,ok,work,t,did,however,disappointing,didn,off,poorly,waste,tried,after,poor,apart
cheap,does,small,should,disappointed,broke,return,wasn,not,$,but,ok,work,t,did,however,disappointing,didn,off,poorly,waste,tried,after,poor,apart
cheap,does,small,should,disappointed,broke,return,wasn,not,$,but,ok,work,t,did,however,disappointing,didn,off,poorly,waste,tried,after,poor,apart
cheap,does,small,should,disappointed,broke,return,wasn,not,$,but,ok,work,t,did,however,disappointing,didn,off,poorly,waste,tried,after,poor,apart
cheap,does,small,should,disappointed,broke,return,wasn,not,$,but,ok,work,t,did,however,disappointing,didn,off,poorly,waste,tried,after,poor,apart
cheap,does,small,should,disappointed,broke,return,wasn,not,$,but,ok,work,t,did,however,disappointing,didn,off,poorly,waste,tried,after,poor,apart
cheap,does,small,should,disappointed,broke,return,wasn,not,$,but,ok,work,t,did,however,disappointing,didn,off,poorly,waste,tried,after,poor,apart
cheap,does,small,should,disappointed,broke,return,wasn,not,$,but,ok,work,t,did,however,disappointing,didn,off,poorly,waste,tried,after,poor,apart
cheap,does,small,should,disappointed,broke,return,wasn,not,$,but,ok,work,t,did,however,disappointing,didn,off,poorly,waste,tried,after,poor,apart
cheap,does,small,should,disappointed,broke,return,wasn,not,$,but,ok,work,t,did,however,disappointing,didn,off,poorly,waste,tried,after,poor,apart
cheap,does,small,should,disappointed,broke,return,wasn,not,$,but,ok,work,t,did,however,disappointing,didn,off,poorly,waste,tried,after,poor,apart
cheap,does,small,should,disappointed,broke,return,wasn,not,$,but,ok,work,t,did,however,disappointing,didn,off,poorly,waste,tried,after,poor,apart
cheap,does,small,should,disappointed,broke,return,wasn,not,$,but,ok,work,t,did,however,disappointing,didn,off,poorly,waste,tried,after,poor,apart
cheap,does,small,should,disappointed,broke,return,wasn,not,$,but,ok,work,t,did,however,disappointing,didn,off,poorly,waste,tried,after,poor,apart
cheap,does,small,should,disappointed,broke,return,wasn,not,$,but,ok,work,t,did,however,disappointing,didn,off,poorly,waste,tried,after,poor,apart
cheap,does,small,should,disappointed,broke,return,wasn,not,$,but,ok,work,t,did,however,disappointing,didn,off,poorly,waste,tried,after,poor,apart
cheap,does,small,should,disappointed,broke,return,wasn,not,$,but,ok,work,t,did,however,disappointing,didn,off,poorly,waste,tried,after,poor,apart
cheap,does,small,should,disappointed,broke,return,wasn,not,$,but,ok,work,t,did,however,disappointing,didn,off,poorly,waste,tried,after,poor,apart
cheap,does,small,should,disappointed,broke,return,wasn,not,$,but,ok,work,t,did,however,disappointing,didn,off,poorly,waste,tried,after,poor,apart
cheap,does,small,should,disappointed,broke,return,thought,wasn,not,$,but,ok,work,t,did,however,disappointing,didn,off,waste,tried,after,poor,apart
cheap,does,small,should,disappointed,broke,return,thought,wasn,not,$,but,ok,work,t,did,however,disappointing,didn,off,waste,tried,after,poor,apart
cheap,does,small,should,disappointed,broke,return,thought,wasn,not,$,but,ok,work,t,did,however,disappointing,didn,off,waste,tried,after,poor,apart
cheap,does,small,should,disappointed,broke,return,thought,wasn,not,$,but,ok,work,t,did,however,disappointing,didn,off,waste,tried,after,poor,apart
cheap,does,small,should,disappointed,broke,return,thought,wasn,not,$,but,ok,work,t,did,however,disappointing,didn,off,waste,tried,after,poor,apart
cheap,does,small,should,disappointed,broke,return,thought,wasn,not,$,but,ok,work,t,did,however,disappointing,didn,off,waste,tried,after,poor,apart
cheap,does,small,should,disappointed,broke,return,thought,wasn,not,$,but,ok,work,t,did,however,disappointing,didn,off,waste,tried,after,poor,apart
cheap,does,small,should,disappointed,broke,return,thought,wasn,not,$,but,ok,work,t,did,however,disappointing,didn,off,waste,tried,after,poor,apart
cheap,does,small,should,disappointed,broke,return,thought,wasn,not,$,but,ok,work,t,did,however,disappointing,didn,off,waste,tried,after,poor,apart
cheap,does,small,should,disappointed,broke,return,thought,wasn,not,$,but,ok,work,t,did,however,disappointing,didn,off,waste,tried,after,poor,apart
cheap,does,small,should,disappointed,broke,return,thought,wasn,not,$,but,ok,work,t,did,however,disappointing,didn,off,waste,tried,after,poor,apart
cheap,does,small,should,disappointed,broke,return,thought,wasn,not,$,but,ok,work,t,did,however,disappointing,didn,off,waste,tried,after,poor,apart
cheap,does,small,should,disappointed,broke,return,thought,wasn,not,$,but,ok,work,t,did,however,disappointing,didn,off,waste,tried,after,poor,apart
cheap,does,small,should,disappointed,broke,return,thought,wasn,not,$,but,ok,work,t,did,however,disappointing,didn,off,waste,tried,after,poor,apart
cheap,does,small,should,disappointed,broke,return,thought,wasn,not,$,but,ok,work,t,did,however,disappointing,didn,off,waste,tried,after,poor,apart
cheap,does,small,should,disappointed,broke,return,thought,wasn,not,$,but,ok,work,t,did,however,disappointing,didn,off,waste,tried,after,poor,apart
cheap,does,small,should,disappointed,broke,return,thought,wasn,not,$,but,ok,work,t,did,however,disappointing,didn,off,waste,tried,after,poor,apart
cheap,does,small,should,disappointed,broke,return,thought,wasn,not,$,but,ok,work,t,did,however,disappointing,didn,off,waste,tried,after,poor,apart
cheap,does,small,should,disappointed,broke,return,thought,wasn,not,$,but,ok,work,t,did,however,disappointing,didn,off,waste,tried,after,poor,apart
cheap,does,small,should,disappointed,broke,return,thought,wasn,not,$,but,ok,work,t,did,however,disappointing,didn,off,waste,tried,after,poor,apart
cheap,does,small,should,disappointed,broke,return,thought,wasn,not,$,but,ok,work,t,did,however,disappointing,didn,off,waste,tried,after,poor,apart
cheap,does,small,should,disappointed,broke,return,thought,wasn,not,$,but,ok,work,t,did,however,disappointing,didn,off,waste,tried,after,poor,apart
cheap,does,small,should,disappointed,broke,return,thought,wasn,not,$,but,ok,work,t,did,however,disappointing,didn,off,waste,tried,after,poor,apart
cheap,does,small,should,disappointed,broke,return,thought,wasn,not,$,but,ok,work,t,did,however,disappointing,didn,off,waste,tried,after,poor,apart
cheap,does,small,should,disappointed,broke,return,thought,wasn,not,$,but,ok,work,t,did,however,disappointing,didn,off,waste,tried,after,poor,apart
cheap,does,small,should,disappointed,broke,return,thought,wasn,not,$,but,ok,work,t,did,however,disappointing,didn,off,waste,tried,after,poor,apart
cheap,does,small,should,disappointed,broke,return,thought,wasn,not,$,but,ok,work,t,did,however,disappointing,didn,off,waste,tried,after,poor,apart
cheap,does,small,should,disappointed,broke,return,thought,wasn,not,$,but,ok,work,t,did,however,disappointing,didn,off,waste,tried,after,poor,apart
cheap,does,small,should,disappointed,broke,return,thought,wasn,not,$,but,ok,work,t,did,however,disappointing,didn,off,waste,tried,after,poor,apart
cheap,does,small,should,disappointed,broke,return,thought,wasn,not,$,but,ok,work,t,did,however,disappointing,didn,off,waste,tried,after,poor,apart
cheap,does,small,should,disappointed,broke,return,thought,wasn,not,$,but,ok,work,t,did,however,disappointing,didn,off,waste,tried,after,poor,apart
cheap,does,small,should,disappointed,broke,return,thought,wasn,not,$,but,ok,work,t,did,however,disappointing,didn,off,waste,tried,after,poor,apart
cheap,does,small,should,disappointed,broke,return,thought,wasn,not,$,but,ok,work,t,did,however,disappointing,didn,off,waste,tried,after,poor,apart
cheap,does,small,should,disappointed,broke,return,thought,wasn,not,$,but,ok,work,t,did,however,disappointing,didn,off,waste,tried,after,poor,apart
cheap,does,small,should,disappointed,broke,return,thought,wasn,not,$,but,ok,work,t,did,however,disappointing,didn,off,waste,tried,after,poor,apart
cheap,does,small,should,disappointed,broke,return,thought,wasn,not,$,but,ok,work,t,did,however,disappointing,didn,off,waste,tried,after,poor,apart
cheap,does,small,should,disappointed,broke,return,thought,wasn,not,$,but,ok,work,t,did,however,disappointing,didn,off,waste,tried,after,poor,apart
cheap,does,small,should,disappointed,broke,return,thought,wasn,not,$,but,ok,work,t,did,however,disappointing,didn,off,waste,tried,after,poor,apart
cheap,does,small,should,disappointed,broke,return,thought,wasn,not,$,but,ok,work,t,did,however,disappointing,didn,off,waste,tried,after,poor,apart
cheap,does,small,should,disappointed,broke,return,thought,wasn,not,$,but,ok,work,t,did,however,disappointing,didn,off,waste,tried,after,poor,apart
cheap,does,small,should,disappointed,broke,return,thought,wasn,not,$,but,ok,work,t,did,however,disappointing,didn,off,waste,tried,after,poor,apart
cheap,does,small,should,disappointed,broke,return,thought,wasn,not,$,but,ok,work,t,did,however,disappointing,didn,off,waste,tried,after,poor,apart
cheap,does,small,should,disappointed,broke,return,thought,wasn,not,$,but,ok,work,t,did,however,disappointing,didn,off,waste,tried,after,poor,apart
cheap,does,small,should,disappointed,broke,return,thought,wasn,not,$,but,ok,work,t,did,however,disappointing,didn,off,waste,tried,after,poor,apart
cheap,does,small,should,disappointed,broke,return,thought,wasn,not,$,but,ok,work,t,did,however,disappointing,didn,off,waste,tried,after,poor,apart
cheap,does,small,should,disappointed,broke,return,thought,wasn,not,$,but,ok,work,t,did,however,disappointing,didn,off,waste,tried,after,poor,apart
cheap,does,small,should,disappointed,broke,return,thought,wasn,not,$,but,ok,work,t,did,however,disappointing,didn,off,waste,tried,after,poor,apart
cheap,does,small,should,disappointed,broke,return,thought,wasn,not,$,but,ok,work,t,did,however,disappointing,didn,off,waste,tried,after,poor,apart
cheap,does,small,should,disappointed,broke,return,thought,wasn,not,$,but,ok,work,t,did,however,disappointing,didn,off,waste,tried,after,poor,apart
cheap,does,small,should,disappointed,broke,return,thought,wasn,not,$,but,ok,work,t,did,however,disappointing,didn,off,waste,tried,after,poor,apart
cheap,does,small,should,disappointed,broke,return,thought,wasn,not,$,but,ok,work,t,did,however,disappointing,didn,off,waste,tried,after,poor,apart
cheap,does,small,should,disappointed,broke,return,thought,wasn,not,$,but,ok,work,t,did,however,disappointing,didn,off,waste,tried,after,poor,apart
cheap,does,small,should,disappointed,broke,return,thought,wasn,not,$,but,ok,work,t,did,however,disappointing,didn,off,waste,tried,after,poor,apart
cheap,does,small,should,disappointed,broke,return,thought,wasn,not,$,but,ok,work,t,did,however,disappointing,didn,off,waste,tried,after,poor,apart
cheap,does,small,should,disappointed,broke,return,thought,wasn,not,$,but,ok,work,t,did,however,disappointing,didn,off,waste,tried,after,poor,apart
cheap,does,small,should,disappointed,broke,return,thought,wasn,not,$,but,ok,work,t,did,however,disappointing,didn,off,waste,tried,after,poor,apart
cheap,does,small,should,disappointed,broke,return,thought,wasn,not,$,but,ok,work,t,did,however,disappointing,didn,off,waste,tried,after,poor,apart
cheap,does,small,should,disappointed,broke,return,thought,wasn,not,$,but,ok,work,t,did,however,disappointing,didn,off,waste,tried,after,poor,apart
cheap,does,small,should,disappointed,broke,return,thought,wasn,not,$,but,ok,work,t,did,however,disappointing,didn,off,waste,tried,after,poor,apart
cheap,does,small,should,disappointed,broke,return,thought,wasn,not,$,but,ok,work,t,did,however,disappointing,didn,off,waste,tried,after,poor,apart
cheap,does,small,should,disappointed,broke,return,thought,wasn,not,$,but,ok,work,t,did,however,disappointing,didn,off,waste,tried,after,poor,apart
cheap,does,small,should,disappointed,broke,return,thought,wasn,not,$,but,ok,work,t,did,however,disappointing,didn,off,waste,tried,after,poor,apart
cheap,does,small,should,disappointed,broke,return,thought,wasn,not,$,but,ok,work,t,did,however,disappointing,didn,off,waste,tried,after,poor,apart
cheap,does,small,should,disappointed,broke,return,thought,wasn,not,$,but,ok,work,t,did,however,disappointing,didn,off,waste,tried,after,poor,apart
cheap,does,small,should,disappointed,broke,return,thought,wasn,not,$,but,ok,work,t,did,however,disappointing,didn,off,waste,tried,after,poor,apart
cheap,does,small,should,disappointed,broke,return,thought,wasn,not,$,but,ok,work,t,did,however,disappointing,didn,off,waste,tried,after,poor,apart
cheap,does,small,should,disappointed,broke,return,thought,wasn,not,$,but,ok,work,t,did,however,disappointing,didn,off,waste,tried,after,poor,apart
cheap,does,small,should,disappointed,broke,return,thought,wasn,not,$,but,ok,work,t,did,however,disappointing,didn,off,waste,tried,after,poor,apart
cheap,does,small,should,disappointed,broke,return,thought,wasn,not,$,but,ok,work,t,did,however,disappointing,didn,off,waste,tried,after,poor,apart
cheap,does,small,should,disappointed,broke,return,thought,wasn,not,$,but,ok,work,t,did,however,disappointing,didn,off,waste,tried,after,poor,apart
cheap,does,small,should,disappointed,broke,return,thought,wasn,not,$,but,ok,work,t,did,however,disappointing,didn,off,waste,tried,after,poor,apart
cheap,does,small,should,disappointed,broke,return,thought,wasn,not,$,but,ok,work,t,did,however,disappointing,didn,off,waste,tried,after,poor,apart
cheap,does,small,should,disappointed,broke,return,thought,wasn,not,$,but,ok,work,t,did,however,disappointing,didn,off,waste,tried,after,poor,apart
cheap,does,small,should,disappointed,broke,return,thought,wasn,not,$,but,ok,work,t,did,however,disappointing,didn,off,waste,tried,after,poor,apart
cheap,does,small,should,disappointed,broke,return,thought,wasn,not,$,but,ok,work,t,did,however,disappointing,didn,off,waste,tried,after,poor,apart
cheap,does,small,should,disappointed,broke,return,thought,wasn,not,$,but,ok,work,t,did,however,disappointing,didn,off,waste,tried,after,poor,apart
cheap,does,small,should,disappointed,broke,return,thought,wasn,not,$,but,ok,work,t,did,however,disappointing,didn,off,waste,tried,after,poor,apart
cheap,does,small,should,disappointed,broke,return,thought,wasn,not,$,but,ok,work,t,did,however,disappointing,didn,off,waste,tried,after,poor,apart
cheap,does,small,should,disappointed,broke,return,thought,wasn,not,$,but,ok,work,t,did,however,disappointing,didn,off,waste,tried,after,poor,apart
cheap,does,small,should,disappointed,broke,return,thought,wasn,not,$,but,ok,work,t,did,however,disappointing,didn,off,waste,tried,after,poor,apart
cheap,does,small,should,disappointed,broke,return,thought,wasn,not,$,but,ok,work,t,did,however,disappointing,didn,off,waste,tried,after,poor,apart
cheap,does,small,should,disappointed,broke,return,thought,wasn,not,$,but,ok,work,t,did,however,disappointing,didn,off,waste,tried,after,poor,apart
cheap,does,small,should,disappointed,broke,return,thought,wasn,not,$,but,ok,work,t,did,however,disappointing,didn,off,waste,tried,after,poor,apart
cheap,does,small,should,disappointed,broke,return,thought,wasn,not,$,but,ok,work,t,did,however,disappointing,didn,off,waste,tried,after,poor,apart
cheap,does,small,should,disappointed,broke,return,thought,wasn,not,$,but,ok,work,t,did,however,disappointing,didn,off,waste,tried,after,poor,apart
cheap,does,small,should,disappointed,broke,return,thought,wasn,not,$,but,ok,work,t,did,however,disappointing,didn,off,waste,tried,after,poor,apart
cheap,does,small,should,disappointed,broke,return,thought,wasn,not,$,but,ok,work,t,did,however,disappointing,didn,off,waste,tried,after,poor,apart
cheap,does,small,should,disappointed,broke,return,thought,wasn,not,$,but,ok,work,t,did,however,disappointing,didn,off,waste,tried,after,poor,apart
cheap,does,small,should,disappointed,broke,return,thought,wasn,not,$,but,ok,work,t,did,however,disappointing,didn,off,waste,tried,after,poor,apart
cheap,does,small,should,disappointed,broke,return,thought,wasn,not,$,but,ok,work,t,did,however,disappointing,didn,off,waste,tried,after,poor,apart
cheap,does,small,should,disappointed,broke,return,thought,wasn,not,$,but,ok,work,t,did,however,disappointing,didn,off,waste,tried,after,poor,apart
cheap,does,small,should,disappointed,broke,return,thought,wasn,not,$,but,ok,work,t,did,however,disappointing,didn,off,waste,tried,after,poor,apart
cheap,does,small,should,disappointed,broke,return,thought,wasn,not,$,but,ok,work,t,did,however,disappointing,didn,off,waste,tried,after,poor,apart
cheap,does,small,should,disappointed,broke,return,thought,wasn,not,$,but,ok,work,t,did,however,disappointing,didn,off,waste,tried,after,poor,apart
cheap,does,small,should,disappointed,broke,return,thought,wasn,not,$,but,ok,work,t,did,however,disappointing,didn,off,waste,tried,after,poor,apart
cheap,does,small,should,disappointed,broke,return,thought,wasn,not,$,but,ok,work,t,did,however,disappointing,didn,off,waste,tried,after,poor,apart
cheap,does,small,should,disappointed,broke,return,thought,wasn,not,$,but,ok,work,t,did,however,disappointing,didn,off,waste,tried,after,poor,apart
cheap,does,small,should,disappointed,broke,return,thought,wasn,not,$,but,ok,work,t,did,however,disappointing,didn,off,waste,tried,after,poor,apart
cheap,does,small,should,disappointed,broke,return,thought,wasn,not,$,but,ok,work,t,did,however,disappointing,didn,off,waste,tried,after,poor,apart
cheap,does,small,should,disappointed,broke,return,thought,wasn,not,$,but,ok,work,t,did,however,disappointing,didn,off,waste,tried,after,poor,apart
cheap,does,small,should,disappointed,broke,return,thought,wasn,not,$,but,ok,work,t,did,however,disappointing,didn,off,waste,tried,after,poor,apart
cheap,does,small,should,disappointed,broke,return,thought,wasn,not,$,but,ok,work,t,did,however,disappointing,didn,off,waste,tried,after,poor,apart
cheap,does,small,should,disappointed,broke,return,thought,wasn,not,$,but,ok,work,t,did,however,disappointing,didn,off,waste,tried,after,poor,apart
cheap,does,small,should,disappointed,broke,return,thought,wasn,not,$,but,ok,work,t,did,however,disappointing,didn,off,waste,tried,after,poor,apart
cheap,does,small,should,disappointed,broke,return,thought,wasn,not,$,but,ok,work,t,did,however,disappointing,didn,off,waste,tried,after,poor,apart
cheap,does,small,should,disappointed,broke,return,thought,wasn,not,$,but,ok,work,t,did,however,disappointing,didn,off,waste,tried,after,poor,apart
cheap,does,small,should,disappointed,broke,return,thought,wasn,not,$,but,ok,work,t,did,however,disappointing,didn,off,waste,tried,after,poor,apart
cheap,does,small,should,disappointed,broke,return,thought,wasn,not,$,but,ok,work,t,did,however,disappointing,didn,off,waste,tried,after,poor,apart
cheap,does,small,should,disappointed,broke,return,thought,wasn,not,$,but,ok,work,t,did,however,disappointing,didn,off,waste,tried,after,poor,apart
cheap,does,small,should,disappointed,broke,return,thought,wasn,not,$,but,ok,work,t,did,however,disappointing,didn,off,waste,tried,after,poor,apart
cheap,does,small,should,disappointed,broke,return,thought,wasn,not,$,but,ok,work,t,did,however,disappointing,didn,off,waste,tried,after,poor,apart
cheap,does,small,should,disappointed,broke,return,thought,wasn,not,$,but,ok,work,t,did,however,disappointing,didn,off,waste,tried,after,poor,apart
cheap,does,small,should,disappointed,broke,return,thought,wasn,not,$,but,ok,work,t,did,however,disappointing,didn,off,waste,tried,after,poor,apart
cheap,does,small,should,disappointed,broke,return,thought,wasn,not,$,but,ok,work,t,did,however,disappointing,didn,off,waste,tried,after,poor,apart
cheap,does,small,should,disappointed,broke,return,thought,wasn,not,$,but,ok,work,t,did,however,disappointing,didn,off,waste,tried,after,poor,apart
cheap,does,small,should,disappointed,broke,return,thought,wasn,not,$,but,ok,work,t,did,however,disappointing,didn,off,waste,tried,after,poor,apart
cheap,does,small,should,disappointed,broke,return,thought,wasn,not,$,but,ok,work,t,did,however,disappointing,didn,off,waste,tried,after,poor,apart
cheap,does,small,should,disappointed,broke,return,thought,wasn,not,$,but,ok,work,t,did,however,disappointing,didn,off,waste,tried,after,poor,apart
cheap,does,small,should,disappointed,broke,return,thought,wasn,not,$,but,ok,work,t,did,however,disappointing,didn,off,waste,tried,after,poor,apart
cheap,does,small,should,disappointed,broke,return,thought,wasn,not,$,but,ok,work,t,did,however,disappointing,didn,off,waste,tried,after,poor,apart
cheap,does,small,should,disappointed,broke,return,thought,wasn,not,$,but,ok,work,t,did,however,disappointing,didn,off,waste,tried,after,poor,apart
cheap,does,small,should,disappointed,broke,return,thought,wasn,not,$,but,ok,work,t,did,however,disappointing,didn,off,waste,tried,after,poor,apart
cheap,does,small,should,disappointed,broke,return,thought,wasn,not,$,but,ok,work,t,did,however,disappointing,didn,off,waste,tried,after,poor,apart
cheap,does,small,should,disappointed,broke,return,thought,wasn,not,$,but,ok,work,t,did,however,disappointing,didn,off,waste,tried,after,poor,apart
cheap,does,small,should,disappointed,broke,return,thought,wasn,not,$,but,ok,work,t,did,however,disappointing,didn,off,waste,tried,after,poor,apart
cheap,does,small,should,disappointed,broke,return,thought,wasn,not,$,but,ok,work,t,did,however,disappointing,didn,off,waste,tried,after,poor,apart
cheap,does,small,should,disappointed,broke,return,thought,wasn,not,$,but,ok,work,t,did,however,disappointing,didn,off,waste,tried,after,poor,apart
cheap,does,small,should,disappointed,broke,return,thought,wasn,not,$,but,ok,work,t,did,however,disappointing,didn,off,waste,tried,after,poor,apart
cheap,does,small,should,disappointed,broke,return,thought,wasn,not,$,but,ok,work,t,did,however,disappointing,didn,off,waste,tried,after,poor,apart
cheap,does,small,should,disappointed,broke,return,thought,wasn,not,$,but,ok,work,t,did,however,disappointing,didn,off,waste,tried,after,poor,apart
cheap,does,small,should,disappointed,broke,return,thought,wasn,not,$,but,ok,work,t,did,however,disappointing,didn,off,waste,tried,after,poor,apart
cheap,does,small,should,disappointed,broke,return,thought,wasn,not,$,but,ok,work,t,did,however,disappointing,didn,off,waste,tried,after,poor,apart
cheap,does,small,should,disappointed,broke,return,thought,wasn,not,$,but,ok,work,t,did,however,disappointing,didn,off,waste,tried,after,poor,apart
cheap,does,small,should,disappointed,broke,return,thought,wasn,not,$,but,ok,work,t,did,however,disappointing,didn,off,waste,tried,after,poor,apart
cheap,does,small,should,disappointed,broke,return,thought,wasn,not,$,but,ok,work,t,did,however,disappointing,didn,off,waste,tried,after,poor,apart
cheap,does,small,should,disappointed,broke,return,thought,wasn,not,$,but,ok,work,t,did,however,disappointing,didn,off,waste,tried,after,poor,apart
cheap,does,small,should,disappointed,broke,return,thought,wasn,not,$,but,ok,work,t,did,however,disappointing,didn,off,waste,tried,after,poor,apart
cheap,does,small,should,disappointed,broke,return,thought,wasn,not,$,but,ok,work,t,did,however,disappointing,didn,off,waste,tried,after,poor,apart
cheap,does,small,should,disappointed,broke,return,thought,wasn,not,$,but,ok,work,t,did,however,disappointing,didn,off,waste,tried,after,poor,apart
cheap,does,small,should,disappointed,broke,return,thought,wasn,not,$,but,ok,work,t,did,however,disappointing,didn,off,waste,tried,after,poor,apart
cheap,does,small,should,disappointed,broke,return,thought,wasn,not,$,but,ok,work,t,did,however,disappointing,didn,off,waste,tried,after,poor,apart
cheap,does,small,should,disappointed,broke,return,thought,wasn,not,$,but,ok,work,t,did,however,disappointing,didn,off,waste,tried,after,poor,apart
cheap,does,small,should,disappointed,broke,return,thought,wasn,not,$,but,ok,work,t,did,however,disappointing,didn,off,waste,tried,after,poor,apart
cheap,does,small,should,disappointed,broke,return,thought,wasn,not,$,but,ok,work,t,did,however,disappointing,didn,off,waste,tried,after,poor,apart
cheap,does,small,should,disappointed,broke,return,thought,wasn,not,$,but,ok,work,t,did,however,disappointing,didn,off,waste,tried,after,poor,apart
cheap,does,small,should,disappointed,broke,return,thought,wasn,not,$,but,ok,work,t,did,however,disappointing,didn,off,waste,tried,after,poor,apart
cheap,does,small,should,disappointed,broke,return,thought,wasn,not,$,but,ok,work,t,did,however,disappointing,didn,off,waste,tried,after,poor,apart
cheap,does,small,should,disappointed,broke,return,thought,wasn,not,$,but,ok,work,t,did,however,disappointing,didn,off,waste,tried,after,poor,apart
cheap,does,small,should,disappointed,broke,return,thought,wasn,not,$,but,ok,work,t,did,however,disappointing,didn,off,waste,tried,after,poor,apart
cheap,does,small,should,disappointed,broke,return,thought,wasn,not,$,but,ok,work,t,did,however,disappointing,didn,off,waste,tried,after,poor,apart
cheap,does,small,should,disappointed,broke,return,thought,wasn,not,$,but,ok,work,t,did,however,disappointing,didn,off,waste,tried,after,poor,apart
cheap,does,small,should,disappointed,broke,return,thought,wasn,not,$,but,ok,work,t,did,however,disappointing,didn,off,waste,tried,after,poor,apart
cheap,does,small,should,disappointed,broke,return,thought,wasn,not,$,but,ok,work,t,did,however,disappointing,didn,off,waste,tried,after,poor,apart
cheap,does,small,should,disappointed,broke,return,thought,wasn,not,$,but,ok,work,t,did,however,disappointing,didn,off,waste,tried,after,poor,apart
cheap,does,small,should,disappointed,broke,return,thought,wasn,not,$,but,ok,work,t,did,however,disappointing,didn,off,waste,tried,after,poor,apart
cheap,does,small,should,disappointed,broke,return,thought,wasn,not,$,but,ok,work,t,did,however,disappointing,didn,off,waste,tried,after,poor,apart
cheap,does,small,should,disappointed,broke,return,thought,wasn,not,$,but,ok,work,t,did,however,disappointing,didn,off,waste,tried,after,poor,apart
cheap,does,small,should,disappointed,broke,return,thought,wasn,not,$,but,ok,work,t,did,however,disappointing,didn,off,waste,tried,after,poor,apart
cheap,does,small,should,disappointed,broke,return,thought,wasn,not,$,but,ok,work,t,did,however,disappointing,didn,off,waste,tried,after,poor,apart
cheap,does,small,should,disappointed,broke,return,thought,wasn,not,$,but,ok,work,t,did,however,disappointing,didn,off,waste,tried,after,poor,apart
cheap,does,small,should,disappointed,broke,return,thought,wasn,not,$,but,ok,work,t,did,however,disappointing,didn,off,waste,tried,after,poor,apart
cheap,does,small,should,disappointed,broke,return,thought,wasn,not,$,but,ok,work,t,did,however,disappointing,didn,off,waste,tried,after,poor,apart
cheap,does,small,should,disappointed,broke,return,thought,wasn,not,$,but,ok,work,t,did,however,disappointing,didn,off,waste,tried,after,poor,apart
cheap,does,small,should,disappointed,broke,return,thought,wasn,not,$,but,ok,work,t,did,however,disappointing,didn,off,waste,tried,after,poor,apart
cheap,does,small,should,disappointed,broke,return,thought,wasn,not,$,but,ok,work,t,did,however,disappointing,didn,off,waste,tried,after,poor,apart
cheap,does,small,should,disappointed,broke,return,thought,wasn,not,$,but,ok,work,t,did,however,disappointing,didn,off,waste,tried,after,poor,apart
cheap,does,small,should,disappointed,broke,return,thought,wasn,not,$,but,ok,work,t,did,however,disappointing,didn,off,waste,tried,after,poor,apart
cheap,does,small,should,disappointed,broke,return,thought,wasn,not,$,but,ok,work,t,did,however,disappointing,didn,off,waste,tried,after,poor,apart
cheap,does,small,should,disappointed,broke,return,thought,wasn,not,$,but,ok,work,t,did,however,disappointing,didn,off,waste,tried,after,poor,apart
cheap,does,small,should,disappointed,broke,return,thought,wasn,not,$,but,ok,work,t,did,however,disappointing,didn,off,waste,tried,after,poor,apart
cheap,does,small,should,disappointed,broke,return,thought,wasn,not,$,but,ok,work,t,did,however,disappointing,didn,off,waste,tried,after,poor,apart
cheap,does,small,should,disappointed,broke,return,thought,wasn,not,$,but,ok,work,t,did,however,disappointing,didn,off,waste,tried,after,poor,apart
cheap,does,small,should,disappointed,broke,return,thought,wasn,not,$,but,ok,work,t,did,however,disappointing,didn,off,waste,tried,after,poor,apart
cheap,does,small,should,disappointed,broke,return,thought,wasn,not,$,but,ok,work,t,did,however,disappointing,didn,off,waste,tried,after,poor,apart
cheap,does,small,should,disappointed,broke,return,thought,wasn,not,$,but,ok,work,t,did,however,disappointing,didn,off,waste,tried,after,poor,apart
cheap,does,small,should,disappointed,broke,return,thought,wasn,not,$,but,ok,work,t,did,however,disappointing,didn,off,waste,tried,after,poor,apart
cheap,does,small,should,disappointed,broke,return,thought,wasn,not,$,but,ok,work,t,did,however,disappointing,didn,off,waste,tried,after,poor,apart
cheap,does,small,should,disappointed,broke,return,thought,wasn,not,$,but,ok,work,t,did,however,disappointing,didn,off,waste,tried,after,poor,apart
cheap,does,small,should,disappointed,broke,return,thought,wasn,not,$,but,ok,work,t,did,however,disappointing,didn,off,waste,tried,after,poor,apart
cheap,does,small,should,disappointed,broke,return,thought,wasn,not,$,but,ok,work,t,did,however,disappointing,didn,off,waste,tried,after,poor,apart
cheap,does,small,should,disappointed,broke,return,thought,wasn,not,$,but,ok,work,t,did,however,disappointing,didn,off,waste,tried,after,poor,apart
cheap,does,small,should,disappointed,broke,return,thought,wasn,not,$,but,ok,work,t,did,however,disappointing,didn,off,waste,tried,after,poor,apart
cheap,does,small,should,disappointed,broke,return,thought,wasn,not,$,but,ok,work,t,did,however,disappointing,didn,off,waste,tried,after,poor,apart
cheap,does,small,should,disappointed,broke,return,thought,wasn,not,$,but,ok,work,t,did,however,disappointing,didn,off,waste,tried,after,poor,apart
cheap,does,small,should,disappointed,broke,return,thought,wasn,not,$,but,ok,work,t,did,however,disappointing,didn,off,waste,tried,after,poor,apart
cheap,does,small,should,disappointed,broke,return,thought,wasn,not,$,but,ok,work,t,did,however,disappointing,didn,off,waste,tried,after,poor,apart
cheap,does,small,should,disappointed,broke,return,thought,wasn,not,$,but,ok,work,t,did,however,disappointing,didn,off,waste,tried,after,poor,apart
cheap,does,small,should,disappointed,broke,return,thought,wasn,not,$,but,ok,work,t,did,however,disappointing,didn,off,waste,tried,after,poor,apart
cheap,does,small,should,disappointed,broke,return,thought,wasn,not,$,but,ok,work,t,did,however,disappointing,didn,off,waste,tried,after,poor,apart
cheap,does,small,should,disappointed,broke,return,thought,wasn,not,$,but,ok,work,t,did,however,disappointing,didn,off,waste,tried,after,poor,apart
cheap,does,small,should,disappointed,broke,return,thought,wasn,not,$,but,ok,work,t,did,however,disappointing,didn,off,waste,tried,after,poor,apart
cheap,does,small,should,disappointed,broke,return,thought,wasn,not,$,but,ok,work,t,did,however,disappointing,didn,off,waste,tried,after,poor,apart
cheap,does,small,should,disappointed,broke,return,thought,wasn,not,$,but,ok,work,t,did,however,disappointing,didn,off,waste,tried,after,poor,apart
cheap,does,small,should,disappointed,broke,return,thought,wasn,not,$,but,ok,work,t,did,however,disappointing,didn,off,waste,tried,after,poor,apart
cheap,does,small,should,disappointed,broke,return,thought,wasn,not,$,but,ok,work,t,did,however,disappointing,didn,off,waste,tried,after,poor,apart
cheap,does,small,should,disappointed,broke,return,thought,wasn,not,$,but,ok,work,t,did,however,disappointing,didn,off,waste,tried,after,poor,apart
cheap,does,small,should,disappointed,broke,return,thought,wasn,not,$,but,ok,work,t,did,however,disappointing,didn,off,waste,tried,after,poor,apart
cheap,does,small,should,disappointed,broke,return,thought,wasn,not,$,but,ok,work,t,did,however,disappointing,didn,off,waste,tried,after,poor,apart
cheap,does,small,should,disappointed,broke,return,thought,wasn,not,$,but,ok,work,t,did,however,disappointing,didn,off,waste,tried,after,poor,apart
cheap,does,small,should,disappointed,broke,return,thought,wasn,not,$,but,ok,work,t,did,however,disappointing,didn,off,waste,tried,after,poor,apart
cheap,does,small,should,disappointed,broke,return,thought,wasn,not,$,but,ok,work,t,did,however,disappointing,didn,off,waste,tried,after,poor,apart
cheap,does,small,should,disappointed,broke,return,thought,wasn,not,$,but,ok,work,t,did,however,disappointing,didn,off,waste,tried,after,poor,apart
cheap,does,small,should,disappointed,broke,return,thought,wasn,not,$,but,ok,work,t,did,however,disappointing,didn,off,waste,tried,after,poor,apart
cheap,does,small,should,disappointed,broke,return,thought,wasn,not,$,but,ok,work,t,did,however,disappointing,didn,off,waste,tried,after,poor,apart
cheap,does,small,should,disappointed,broke,return,thought,wasn,not,$,but,ok,work,t,did,however,disappointing,didn,off,waste,tried,after,poor,apart
cheap,does,small,should,disappointed,broke,return,thought,wasn,not,$,but,ok,work,t,did,however,disappointing,didn,off,waste,tried,after,poor,apart
cheap,does,small,should,disappointed,broke,return,thought,wasn,not,$,but,ok,work,t,did,however,disappointing,didn,off,waste,tried,after,poor,apart
cheap,does,small,should,disappointed,broke,return,thought,wasn,not,$,but,ok,work,t,did,however,disappointing,didn,off,waste,tried,after,poor,apart
cheap,does,small,should,disappointed,broke,return,thought,wasn,not,$,but,ok,work,t,did,however,disappointing,didn,off,waste,tried,after,poor,apart
cheap,does,small,should,disappointed,broke,return,thought,wasn,not,$,but,ok,work,t,did,however,disappointing,didn,off,waste,tried,after,poor,apart
cheap,does,small,should,disappointed,broke,return,thought,wasn,not,$,but,ok,work,t,did,however,disappointing,didn,off,waste,tried,after,poor,apart
cheap,does,small,should,disappointed,broke,return,thought,wasn,not,$,but,ok,work,t,did,however,disappointing,didn,off,waste,tried,after,poor,apart
cheap,does,small,should,disappointed,broke,return,thought,wasn,not,$,but,ok,work,t,did,however,disappointing,didn,off,waste,tried,after,poor,apart
cheap,does,small,should,disappointed,broke,return,thought,wasn,not,$,but,ok,work,t,did,however,disappointing,didn,off,waste,tried,after,poor,apart
cheap,does,small,should,disappointed,broke,return,thought,wasn,not,$,but,ok,work,t,did,however,disappointing,didn,off,waste,tried,after,poor,apart
cheap,does,small,should,disappointed,broke,return,thought,wasn,not,$,but,ok,work,t,did,however,disappointing,didn,off,waste,tried,after,poor,apart
cheap,does,small,should,disappointed,broke,return,thought,wasn,not,$,but,ok,work,t,did,however,disappointing,didn,off,waste,tried,after,poor,apart
cheap,does,small,should,disappointed,broke,return,thought,wasn,not,$,but,ok,work,t,did,however,disappointing,didn,off,waste,tried,after,poor,apart
cheap,does,small,should,disappointed,broke,return,thought,wasn,not,$,but,ok,work,t,did,however,disappointing,didn,off,waste,tried,after,poor,apart
cheap,does,small,should,disappointed,broke,return,thought,wasn,not,$,but,ok,work,t,did,however,disappointing,didn,off,waste,tried,after,poor,apart
cheap,does,small,should,disappointed,broke,return,thought,wasn,not,$,but,ok,work,t,did,however,disappointing,didn,off,waste,tried,after,poor,apart
cheap,does,small,should,disappointed,broke,return,thought,wasn,not,$,but,ok,work,t,did,however,disappointing,didn,off,waste,tried,after,poor,apart
cheap,does,small,should,disappointed,broke,return,thought,wasn,not,$,but,ok,work,t,did,however,disappointing,didn,off,waste,tried,after,poor,apart
cheap,does,small,should,disappointed,broke,return,thought,wasn,not,$,but,ok,work,t,did,however,disappointing,didn,off,waste,tried,after,poor,apart
cheap,does,small,should,disappointed,broke,return,thought,wasn,not,$,but,ok,work,t,did,however,disappointing,didn,off,waste,tried,after,poor,apart
cheap,does,small,should,disappointed,broke,return,thought,wasn,not,$,but,ok,work,t,did,however,disappointing,didn,off,waste,tried,after,poor,apart
cheap,does,small,should,disappointed,broke,return,thought,wasn,not,$,but,ok,work,t,did,however,disappointing,didn,off,waste,tried,after,poor,apart
cheap,does,small,should,disappointed,broke,return,thought,wasn,not,$,but,ok,work,t,did,however,disappointing,didn,off,waste,tried,after,poor,apart
cheap,does,small,should,disappointed,broke,return,thought,wasn,not,$,but,ok,work,t,did,however,disappointing,didn,off,waste,tried,after,poor,apart
cheap,does,small,should,disappointed,broke,return,thought,wasn,not,$,but,ok,work,t,did,however,disappointing,didn,off,waste,tried,after,poor,apart
cheap,does,small,should,disappointed,broke,return,thought,wasn,not,$,but,ok,work,t,did,however,disappointing,didn,off,waste,tried,after,poor,apart
cheap,does,small,should,disappointed,broke,return,thought,wasn,not,$,but,ok,work,t,did,however,disappointing,didn,off,waste,tried,after,poor,apart
cheap,does,small,should,disappointed,broke,return,thought,wasn,not,$,but,ok,work,t,did,however,disappointing,didn,off,waste,tried,after,poor,apart
cheap,does,small,should,disappointed,broke,return,thought,wasn,not,$,but,ok,work,t,did,however,disappointing,didn,off,waste,tried,after,poor,apart
cheap,does,small,should,disappointed,broke,return,thought,wasn,not,$,but,ok,work,t,did,however,disappointing,didn,off,waste,tried,after,poor,apart
cheap,does,small,should,disappointed,broke,return,thought,wasn,not,$,but,ok,work,t,did,however,disappointing,didn,off,waste,tried,after,poor,apart
cheap,does,small,should,disappointed,broke,return,thought,wasn,not,$,but,ok,work,t,did,however,disappointing,didn,off,waste,tried,after,poor,apart
cheap,does,small,should,disappointed,broke,return,thought,wasn,not,$,but,ok,work,t,did,however,disappointing,didn,off,waste,tried,after,poor,apart
cheap,does,small,should,disappointed,broke,return,thought,wasn,not,$,but,ok,work,t,did,however,disappointing,didn,off,waste,tried,after,poor,apart
cheap,does,small,should,disappointed,broke,return,thought,wasn,not,$,but,ok,work,t,did,however,disappointing,didn,off,waste,tried,after,poor,apart
cheap,does,small,should,disappointed,broke,return,thought,wasn,not,$,but,ok,work,t,did,however,disappointing,didn,off,waste,tried,after,poor,apart
cheap,does,small,should,disappointed,broke,return,thought,wasn,not,$,but,ok,work,t,did,however,disappointing,didn,off,waste,tried,after,poor,apart
cheap,does,small,should,disappointed,broke,return,thought,wasn,not,$,but,ok,work,t,did,however,disappointing,didn,off,waste,tried,after,poor,apart
cheap,does,small,should,disappointed,broke,return,thought,wasn,not,$,but,ok,work,t,did,however,disappointing,didn,off,waste,tried,after,poor,apart
cheap,does,small,should,disappointed,broke,return,thought,wasn,not,$,but,ok,work,t,did,however,disappointing,didn,off,waste,tried,after,poor,apart
cheap,does,small,should,disappointed,broke,return,thought,wasn,not,$,but,ok,work,t,did,however,disappointing,didn,off,waste,tried,after,poor,apart
cheap,does,small,should,disappointed,broke,return,thought,wasn,not,$,but,ok,work,t,did,however,disappointing,didn,off,waste,tried,after,poor,apart
cheap,does,small,should,disappointed,broke,return,thought,wasn,not,$,but,ok,work,t,did,however,disappointing,didn,off,waste,tried,after,poor,apart
cheap,does,small,should,disappointed,broke,return,thought,wasn,not,$,but,ok,work,t,did,however,disappointing,didn,off,waste,tried,after,poor,apart
cheap,does,small,should,disappointed,broke,return,thought,wasn,not,$,but,ok,work,t,did,however,disappointing,didn,off,waste,tried,after,poor,apart
cheap,does,small,should,disappointed,broke,return,thought,wasn,not,$,but,ok,work,t,did,however,disappointing,didn,off,waste,tried,after,poor,apart
cheap,does,small,should,disappointed,broke,return,thought,wasn,not,$,but,ok,work,t,did,however,disappointing,didn,off,waste,tried,after,poor,apart
cheap,does,small,should,disappointed,broke,return,thought,wasn,not,$,but,ok,work,t,did,however,disappointing,didn,off,waste,tried,after,poor,apart
cheap,does,small,should,disappointed,broke,return,thought,wasn,not,$,but,ok,work,t,did,however,disappointing,didn,off,waste,tried,after,poor,apart
cheap,does,small,should,disappointed,broke,return,thought,wasn,not,$,but,ok,work,t,did,however,disappointing,didn,off,waste,tried,after,poor,apart
cheap,does,small,should,disappointed,broke,return,thought,wasn,not,$,but,ok,work,t,did,however,disappointing,didn,off,waste,tried,after,poor,apart
cheap,does,small,should,disappointed,broke,return,thought,wasn,not,$,but,ok,work,t,did,however,disappointing,didn,off,waste,tried,after,poor,apart
cheap,does,small,should,disappointed,broke,return,thought,wasn,not,$,but,ok,work,t,did,however,disappointing,didn,off,waste,tried,after,poor,apart
cheap,does,small,should,disappointed,broke,return,thought,wasn,not,$,but,ok,work,t,did,however,disappointing,didn,off,waste,tried,after,poor,apart
cheap,does,small,should,disappointed,broke,return,thought,wasn,not,$,but,ok,work,t,did,however,disappointing,didn,off,waste,tried,after,poor,apart
cheap,does,small,should,disappointed,broke,return,thought,wasn,not,$,but,ok,work,t,did,however,disappointing,didn,off,waste,tried,after,poor,apart
cheap,does,small,should,disappointed,broke,return,thought,wasn,not,$,but,ok,work,t,did,however,disappointing,didn,off,waste,tried,after,poor,apart
cheap,does,small,should,disappointed,broke,return,thought,wasn,not,$,but,ok,work,t,did,however,disappointing,didn,off,waste,tried,after,poor,apart
cheap,does,small,should,disappointed,broke,return,thought,wasn,not,$,but,ok,work,t,did,however,disappointing,didn,off,waste,tried,after,poor,apart
cheap,does,small,should,disappointed,broke,return,thought,wasn,not,$,but,ok,work,t,did,however,disappointing,didn,off,waste,tried,after,poor,apart
cheap,does,small,should,disappointed,broke,return,thought,wasn,not,$,but,ok,work,t,did,however,disappointing,didn,off,waste,tried,after,poor,apart
cheap,does,small,should,disappointed,broke,return,thought,wasn,not,$,but,ok,work,t,did,however,disappointing,didn,off,waste,tried,after,poor,apart
cheap,does,small,should,disappointed,broke,return,thought,wasn,not,$,but,ok,work,t,did,however,disappointing,didn,off,waste,tried,after,poor,apart
cheap,does,small,should,disappointed,broke,return,thought,wasn,not,$,but,ok,work,t,did,however,disappointing,didn,off,waste,tried,after,poor,apart
cheap,does,small,should,disappointed,broke,return,thought,wasn,not,$,but,ok,work,t,did,however,disappointing,didn,off,waste,tried,after,poor,apart
cheap,does,small,should,disappointed,broke,return,thought,wasn,not,$,but,ok,work,t,did,however,disappointing,didn,off,waste,tried,after,poor,apart
cheap,does,small,should,disappointed,broke,return,thought,wasn,not,$,but,ok,work,t,did,however,disappointing,didn,off,waste,tried,after,poor,apart
cheap,does,small,should,disappointed,broke,return,thought,wasn,not,$,but,ok,work,t,did,however,disappointing,didn,off,waste,tried,after,poor,apart
cheap,does,small,should,disappointed,broke,return,thought,wasn,not,$,but,ok,work,t,did,however,disappointing,didn,off,waste,tried,after,poor,apart
cheap,does,small,should,disappointed,broke,return,thought,wasn,not,$,but,ok,work,t,did,however,disappointing,didn,off,waste,tried,after,poor,apart
cheap,does,small,should,disappointed,broke,return,thought,wasn,not,$,but,ok,work,t,did,however,disappointing,didn,off,waste,tried,after,poor,apart
cheap,does,small,should,disappointed,broke,return,thought,wasn,not,$,but,ok,work,t,did,however,disappointing,didn,off,waste,tried,after,poor,apart
cheap,does,small,should,disappointed,broke,return,thought,wasn,not,$,but,ok,work,t,did,however,disappointing,didn,off,waste,tried,after,poor,apart
cheap,does,small,should,disappointed,broke,return,thought,wasn,not,$,but,ok,work,t,did,however,disappointing,didn,off,waste,tried,after,poor,apart
cheap,does,small,should,disappointed,broke,return,thought,wasn,not,$,but,ok,work,t,did,however,disappointing,didn,off,waste,tried,after,poor,apart
cheap,does,small,should,disappointed,broke,return,thought,wasn,not,$,but,ok,work,t,did,however,disappointing,didn,off,waste,tried,after,poor,apart
cheap,does,small,should,disappointed,broke,return,thought,wasn,not,$,but,ok,work,t,did,however,disappointing,didn,off,waste,tried,after,poor,apart
cheap,does,small,should,disappointed,broke,return,thought,wasn,not,$,but,ok,work,t,did,however,disappointing,didn,off,waste,tried,after,poor,apart
cheap,does,small,should,disappointed,broke,return,thought,wasn,not,$,but,ok,work,t,did,however,disappointing,didn,off,waste,tried,after,poor,apart
cheap,does,small,should,disappointed,broke,return,thought,wasn,not,$,but,ok,work,t,did,however,disappointing,didn,off,waste,tried,after,poor,apart
cheap,does,small,should,disappointed,broke,return,thought,wasn,not,$,but,ok,work,t,did,however,disappointing,didn,off,waste,tried,after,poor,apart
cheap,does,small,should,disappointed,broke,return,thought,wasn,not,$,but,ok,work,t,did,however,disappointing,didn,off,waste,tried,after,poor,apart
cheap,does,small,should,disappointed,broke,return,thought,wasn,not,$,but,ok,work,t,did,however,disappointing,didn,off,waste,tried,after,poor,apart
cheap,does,small,should,disappointed,broke,return,thought,wasn,not,$,but,ok,work,t,did,however,disappointing,didn,off,waste,tried,after,poor,apart
cheap,does,small,should,disappointed,broke,return,thought,wasn,not,$,but,ok,work,t,did,however,disappointing,didn,off,waste,tried,after,poor,apart
cheap,does,small,should,disappointed,broke,return,thought,wasn,not,$,but,ok,work,t,did,however,disappointing,didn,off,waste,tried,after,poor,apart
cheap,does,small,should,disappointed,broke,return,thought,wasn,not,$,but,ok,work,t,did,however,disappointing,didn,off,waste,tried,after,poor,apart
cheap,does,small,should,disappointed,broke,return,thought,wasn,not,$,but,ok,work,t,did,however,disappointing,didn,off,waste,tried,after,poor,apart
cheap,does,small,should,disappointed,broke,return,thought,wasn,not,$,but,ok,work,t,did,however,disappointing,didn,off,waste,tried,after,poor,apart
cheap,does,small,should,disappointed,broke,return,thought,wasn,not,$,but,ok,work,t,did,however,disappointing,didn,off,waste,tried,after,poor,apart
cheap,does,small,should,disappointed,broke,return,thought,wasn,not,$,but,ok,work,t,did,however,disappointing,didn,off,waste,tried,after,poor,apart
cheap,does,small,should,disappointed,broke,wouldn,return,thought,wasn,not,$,but,ok,work,t,did,however,didn,off,waste,tried,after,poor,apart
cheap,does,small,should,disappointed,broke,wouldn,return,thought,wasn,not,$,but,ok,work,t,did,however,didn,off,waste,tried,after,poor,apart
cheap,does,small,should,disappointed,broke,wouldn,return,thought,wasn,not,$,but,ok,work,t,did,however,didn,off,waste,tried,after,poor,apart
cheap,does,small,should,disappointed,broke,wouldn,return,thought,wasn,not,$,but,ok,work,t,did,however,didn,off,waste,tried,after,poor,apart
cheap,does,small,should,disappointed,broke,wouldn,return,thought,wasn,not,$,but,ok,work,t,did,however,didn,off,waste,tried,after,poor,apart
cheap,does,small,should,disappointed,broke,wouldn,return,thought,wasn,not,$,but,ok,work,t,did,however,didn,off,waste,tried,after,poor,apart
cheap,does,small,should,disappointed,broke,wouldn,return,thought,wasn,not,$,but,ok,work,t,did,however,didn,off,waste,tried,after,poor,apart
cheap,does,small,should,disappointed,broke,wouldn,return,thought,wasn,not,$,but,ok,work,t,did,however,didn,off,waste,tried,after,poor,apart
cheap,does,small,should,disappointed,broke,wouldn,return,thought,wasn,not,$,but,ok,work,t,did,however,didn,off,waste,tried,after,poor,apart
cheap,does,small,should,disappointed,broke,wouldn,return,thought,wasn,not,$,but,ok,work,t,did,however,didn,off,waste,tried,after,poor,apart
cheap,does,small,should,disappointed,broke,wouldn,return,thought,wasn,not,$,but,ok,work,t,did,however,didn,off,waste,tried,after,poor,apart
cheap,does,small,should,disappointed,broke,wouldn,return,thought,wasn,not,$,but,ok,work,t,did,however,didn,off,waste,tried,after,poor,apart
cheap,does,small,should,disappointed,broke,wouldn,return,thought,wasn,not,$,but,ok,work,t,did,however,didn,off,waste,tried,after,poor,apart
cheap,does,small,should,disappointed,broke,wouldn,return,thought,wasn,not,$,but,ok,work,t,did,however,didn,off,waste,tried,after,poor,apart
cheap,does,small,should,disappointed,broke,wouldn,return,thought,wasn,not,$,but,ok,work,t,did,however,didn,off,waste,tried,after,poor,apart
cheap,does,small,should,disappointed,broke,wouldn,return,thought,wasn,not,$,but,ok,work,t,did,however,didn,off,waste,tried,after,poor,apart
cheap,does,small,should,disappointed,broke,wouldn,return,thought,wasn,not,$,but,ok,work,t,did,however,didn,off,waste,tried,after,poor,apart
cheap,does,small,should,disappointed,broke,wouldn,return,thought,wasn,not,$,but,ok,work,t,did,however,didn,off,waste,tried,after,poor,apart
cheap,does,small,should,disappointed,broke,wouldn,return,thought,wasn,not,$,but,ok,work,t,did,however,didn,off,waste,tried,after,poor,apart
cheap,does,small,should,disappointed,broke,wouldn,return,thought,wasn,not,$,but,ok,work,t,did,however,didn,off,waste,tried,after,poor,apart
cheap,does,small,should,disappointed,broke,wouldn,return,thought,wasn,not,$,but,ok,work,t,did,however,didn,off,waste,tried,after,poor,apart
cheap,does,small,should,disappointed,broke,wouldn,return,thought,wasn,not,$,but,ok,work,t,did,however,didn,off,waste,tried,after,poor,apart
cheap,does,small,should,disappointed,broke,wouldn,return,thought,wasn,not,$,but,ok,work,t,did,however,didn,off,waste,tried,after,poor,apart
cheap,does,small,should,disappointed,broke,wouldn,return,thought,wasn,not,$,but,ok,work,t,did,however,didn,off,waste,tried,after,poor,apart
cheap,does,small,should,disappointed,broke,wouldn,return,thought,wasn,not,$,but,ok,work,t,did,however,didn,off,waste,tried,after,poor,apart
cheap,does,small,should,disappointed,broke,wouldn,return,thought,wasn,not,$,but,ok,work,t,did,however,didn,off,waste,tried,after,poor,apart
cheap,does,small,should,disappointed,broke,wouldn,return,thought,wasn,not,$,but,ok,work,t,did,however,didn,off,waste,tried,after,poor,apart
cheap,does,small,should,disappointed,broke,wouldn,return,thought,wasn,not,$,but,ok,work,t,did,however,didn,off,waste,tried,after,poor,apart
cheap,does,small,should,disappointed,broke,wouldn,return,thought,wasn,not,$,but,ok,work,t,did,however,didn,off,waste,tried,after,poor,apart
cheap,does,small,should,disappointed,broke,wouldn,return,thought,wasn,not,$,but,ok,work,t,did,however,didn,off,waste,tried,after,poor,apart
cheap,does,small,should,disappointed,broke,wouldn,return,thought,wasn,not,$,but,ok,work,t,did,however,didn,off,waste,tried,after,poor,apart
cheap,does,small,should,disappointed,broke,wouldn,return,thought,wasn,not,$,but,ok,work,t,did,however,didn,off,waste,tried,after,poor,apart
cheap,does,small,should,disappointed,broke,wouldn,return,thought,wasn,not,$,but,ok,work,t,did,however,didn,off,waste,tried,after,poor,apart
cheap,does,small,should,disappointed,broke,wouldn,return,thought,wasn,not,$,but,ok,work,t,did,however,didn,off,waste,tried,after,poor,apart
cheap,does,small,should,disappointed,broke,wouldn,return,thought,wasn,not,$,but,ok,work,t,did,however,didn,off,waste,tried,after,poor,apart
cheap,does,small,should,disappointed,broke,wouldn,return,thought,wasn,not,$,but,ok,work,t,did,however,didn,off,waste,tried,after,poor,apart
cheap,does,small,should,disappointed,broke,wouldn,return,thought,wasn,not,$,but,ok,work,t,did,however,didn,off,waste,tried,after,poor,apart
cheap,does,small,should,disappointed,broke,wouldn,return,thought,wasn,not,$,but,ok,work,t,did,however,didn,off,waste,tried,after,poor,apart
cheap,does,small,should,disappointed,broke,wouldn,return,thought,wasn,not,$,but,ok,work,t,did,however,didn,off,waste,tried,after,poor,apart
cheap,does,small,should,disappointed,broke,wouldn,return,thought,wasn,not,$,but,ok,work,t,did,however,didn,off,waste,tried,after,poor,apart
cheap,does,small,should,disappointed,broke,wouldn,return,thought,wasn,not,$,but,ok,work,t,did,however,didn,off,waste,tried,after,poor,apart
cheap,does,small,should,disappointed,broke,wouldn,return,thought,wasn,not,$,but,ok,work,t,did,however,didn,off,waste,tried,after,poor,apart
cheap,does,small,should,disappointed,broke,wouldn,return,thought,wasn,not,$,but,ok,work,t,did,however,didn,off,waste,tried,after,poor,apart
cheap,does,small,should,disappointed,broke,wouldn,return,thought,wasn,not,$,but,ok,work,t,did,however,didn,off,waste,tried,after,poor,apart
cheap,does,small,should,disappointed,broke,wouldn,return,thought,wasn,not,$,but,ok,work,t,did,however,didn,off,waste,tried,after,poor,apart
cheap,does,small,should,disappointed,broke,wouldn,return,thought,wasn,not,$,but,ok,work,t,did,however,didn,off,waste,tried,after,poor,apart
cheap,does,small,should,disappointed,broke,wouldn,return,thought,wasn,not,$,but,ok,work,t,did,however,didn,off,waste,tried,after,poor,apart
cheap,does,small,should,disappointed,broke,wouldn,return,thought,wasn,not,$,but,ok,work,t,did,however,didn,off,waste,tried,after,poor,apart
cheap,does,small,should,disappointed,broke,wouldn,return,thought,wasn,not,$,but,ok,work,t,did,however,didn,off,waste,tried,after,poor,apart
cheap,does,small,should,disappointed,broke,wouldn,return,thought,wasn,not,$,but,ok,work,t,did,however,didn,off,waste,tried,after,poor,apart
cheap,does,small,should,disappointed,broke,wouldn,return,thought,wasn,not,$,but,ok,work,t,did,however,didn,off,waste,tried,after,poor,apart
cheap,does,small,should,disappointed,broke,wouldn,return,thought,wasn,not,$,but,ok,work,t,did,however,didn,off,waste,tried,after,poor,apart
cheap,does,small,should,disappointed,broke,wouldn,return,thought,wasn,not,$,but,ok,work,t,did,however,didn,off,waste,tried,after,poor,apart
cheap,does,small,should,disappointed,broke,wouldn,return,thought,wasn,not,$,but,ok,work,t,did,however,didn,off,waste,tried,after,poor,apart
cheap,does,small,should,disappointed,broke,wouldn,return,thought,wasn,not,$,but,ok,work,t,did,however,didn,off,waste,tried,after,poor,apart
cheap,does,small,should,disappointed,broke,wouldn,return,thought,wasn,not,$,but,ok,work,t,did,however,didn,off,waste,tried,after,poor,apart
cheap,does,small,should,disappointed,broke,wouldn,return,thought,wasn,not,$,but,ok,work,t,did,however,didn,off,waste,tried,after,poor,apart
cheap,does,small,should,disappointed,broke,wouldn,return,thought,wasn,not,$,but,ok,work,t,did,however,didn,off,waste,tried,after,poor,apart
cheap,does,small,should,disappointed,broke,wouldn,return,thought,wasn,not,$,but,ok,work,t,did,however,didn,off,waste,tried,after,poor,apart
cheap,does,small,should,disappointed,broke,wouldn,return,thought,wasn,not,$,but,ok,work,t,did,however,didn,off,waste,tried,after,poor,apart
cheap,does,small,should,disappointed,broke,wouldn,return,thought,wasn,not,$,but,ok,work,t,did,however,didn,off,waste,tried,after,poor,apart
cheap,does,small,should,disappointed,broke,wouldn,return,thought,wasn,not,$,but,ok,work,t,did,however,didn,off,waste,tried,after,poor,apart
cheap,does,small,should,disappointed,broke,wouldn,return,thought,wasn,not,$,but,ok,work,t,did,however,didn,off,waste,tried,after,poor,apart
cheap,does,small,should,disappointed,broke,wouldn,return,thought,wasn,not,$,but,ok,work,t,did,however,didn,off,waste,tried,after,poor,apart
cheap,does,small,should,disappointed,broke,wouldn,return,thought,wasn,not,$,but,ok,work,t,did,however,didn,off,waste,tried,after,poor,apart
cheap,does,small,should,disappointed,broke,wouldn,return,thought,wasn,not,$,but,ok,work,t,did,however,didn,off,waste,tried,after,poor,apart
cheap,does,small,should,disappointed,broke,wouldn,return,thought,wasn,not,$,but,ok,work,t,did,however,didn,off,waste,tried,after,poor,apart
cheap,does,small,should,disappointed,broke,wouldn,return,thought,wasn,not,$,but,ok,work,t,did,however,didn,off,waste,tried,after,poor,apart
cheap,does,small,should,disappointed,broke,wouldn,return,thought,wasn,not,$,but,ok,work,t,did,however,didn,off,waste,tried,after,poor,apart
cheap,does,small,should,disappointed,broke,wouldn,return,thought,wasn,not,$,but,ok,work,t,did,however,didn,off,waste,tried,after,poor,apart
cheap,does,small,should,disappointed,broke,wouldn,return,thought,wasn,not,$,but,ok,work,t,did,however,didn,off,waste,tried,after,poor,apart
cheap,does,small,should,disappointed,broke,wouldn,return,thought,wasn,not,$,but,ok,work,t,did,however,didn,off,waste,tried,after,poor,apart
cheap,does,small,should,disappointed,broke,wouldn,return,thought,wasn,not,$,but,ok,work,t,did,however,didn,off,waste,tried,after,poor,apart
cheap,does,small,should,disappointed,broke,wouldn,return,thought,wasn,not,$,but,ok,work,t,did,however,didn,off,waste,tried,after,poor,apart
cheap,does,small,should,disappointed,broke,wouldn,return,thought,wasn,not,$,but,ok,work,t,did,however,didn,off,waste,tried,after,poor,apart
cheap,does,small,should,disappointed,broke,wouldn,return,thought,wasn,not,$,but,ok,work,t,did,however,didn,off,waste,tried,after,poor,apart
cheap,does,small,should,disappointed,broke,wouldn,return,thought,wasn,not,$,but,ok,work,t,did,however,didn,off,waste,tried,after,poor,apart
cheap,does,small,should,disappointed,broke,wouldn,return,thought,wasn,not,$,but,ok,work,t,did,however,didn,off,waste,tried,after,poor,apart
cheap,does,small,should,disappointed,broke,wouldn,return,thought,wasn,not,$,but,ok,work,t,did,however,didn,off,waste,tried,after,poor,apart
cheap,does,small,should,disappointed,broke,wouldn,return,thought,wasn,not,$,but,ok,work,t,did,however,didn,off,waste,tried,after,poor,apart
cheap,does,small,should,disappointed,broke,wouldn,return,thought,wasn,not,$,but,ok,work,t,did,however,didn,off,waste,tried,after,poor,apart
cheap,does,small,should,disappointed,broke,wouldn,return,thought,wasn,not,$,but,ok,work,t,did,however,didn,off,waste,tried,after,poor,apart
cheap,does,small,should,disappointed,broke,wouldn,return,thought,wasn,not,$,but,ok,work,t,did,however,didn,off,waste,tried,after,poor,apart
cheap,does,small,should,disappointed,broke,wouldn,return,thought,wasn,not,$,but,ok,work,t,did,however,didn,off,waste,tried,after,poor,apart
cheap,does,small,should,disappointed,broke,wouldn,return,thought,wasn,not,$,but,ok,work,t,did,however,didn,off,waste,tried,after,poor,apart
cheap,does,small,should,disappointed,broke,wouldn,return,thought,wasn,not,$,but,ok,work,t,did,however,didn,off,waste,tried,after,poor,apart
cheap,does,small,should,disappointed,broke,wouldn,return,thought,wasn,not,$,but,ok,work,t,did,however,didn,off,waste,tried,after,poor,apart
cheap,does,small,should,disappointed,broke,wouldn,return,thought,wasn,not,$,but,ok,work,t,did,however,didn,off,waste,tried,after,poor,apart
cheap,does,small,should,disappointed,broke,wouldn,return,thought,wasn,not,$,but,ok,work,t,did,however,didn,off,waste,tried,after,poor,apart
cheap,does,small,should,disappointed,broke,wouldn,return,thought,wasn,not,$,but,ok,work,t,did,however,didn,off,waste,tried,after,poor,apart
cheap,does,small,should,disappointed,broke,wouldn,return,thought,wasn,not,$,but,ok,work,t,did,however,didn,off,waste,tried,after,poor,apart
cheap,does,small,should,disappointed,broke,wouldn,return,thought,wasn,not,$,but,ok,work,t,did,however,didn,off,waste,tried,after,poor,apart
cheap,does,small,should,disappointed,broke,wouldn,return,thought,wasn,not,$,but,ok,work,t,did,however,didn,off,waste,tried,after,poor,apart
cheap,does,small,should,disappointed,broke,wouldn,return,thought,wasn,not,$,but,ok,work,t,did,however,didn,off,waste,tried,after,poor,apart
cheap,does,small,should,disappointed,broke,wouldn,return,thought,wasn,not,$,but,ok,work,t,did,however,didn,off,waste,tried,after,poor,apart
cheap,does,small,should,disappointed,broke,wouldn,return,thought,wasn,not,$,but,ok,work,t,did,however,didn,off,waste,tried,after,poor,apart
cheap,does,small,should,disappointed,broke,wouldn,return,thought,wasn,not,$,but,ok,work,t,did,however,didn,off,waste,tried,after,poor,apart
cheap,does,small,should,disappointed,broke,wouldn,return,thought,wasn,not,$,but,ok,work,t,did,however,didn,off,waste,tried,after,poor,apart
cheap,does,small,should,disappointed,broke,wouldn,return,thought,wasn,not,$,but,ok,work,t,did,however,didn,off,waste,tried,after,poor,apart
cheap,does,small,should,disappointed,broke,wouldn,return,thought,wasn,not,$,but,ok,work,t,did,however,didn,off,waste,tried,after,poor,apart
cheap,does,small,should,disappointed,broke,wouldn,return,thought,wasn,not,$,but,ok,work,t,did,however,didn,off,waste,tried,after,poor,apart
cheap,does,small,should,disappointed,broke,wouldn,return,thought,wasn,not,$,but,ok,work,t,did,however,didn,off,waste,tried,after,poor,apart
cheap,does,small,should,disappointed,broke,wouldn,return,thought,wasn,not,$,but,ok,work,t,did,however,didn,off,waste,tried,after,poor,apart
cheap,does,small,should,disappointed,broke,wouldn,return,thought,wasn,not,$,but,ok,work,t,did,however,didn,off,waste,tried,after,poor,apart
cheap,does,small,should,disappointed,broke,wouldn,return,thought,wasn,not,$,but,ok,work,t,did,however,didn,off,waste,tried,after,poor,apart
cheap,does,small,should,disappointed,broke,wouldn,return,thought,wasn,not,$,but,ok,work,t,did,however,didn,off,waste,tried,after,poor,apart
cheap,does,small,should,disappointed,broke,wouldn,return,thought,wasn,not,$,but,ok,work,t,did,however,didn,off,waste,tried,after,poor,apart
cheap,does,small,should,disappointed,broke,wouldn,return,thought,wasn,not,$,but,ok,work,t,did,however,didn,off,waste,tried,after,poor,apart
cheap,does,small,should,disappointed,broke,wouldn,return,thought,wasn,not,$,but,ok,work,t,did,however,didn,off,waste,tried,after,poor,apart
cheap,does,small,should,disappointed,broke,wouldn,return,thought,wasn,not,$,but,ok,work,t,did,however,didn,off,waste,tried,after,poor,apart
cheap,does,small,should,disappointed,broke,wouldn,return,thought,wasn,not,$,but,ok,work,t,did,however,didn,off,waste,tried,after,poor,apart
cheap,does,small,should,disappointed,broke,wouldn,return,thought,wasn,not,$,but,ok,work,t,did,however,didn,off,waste,tried,after,poor,apart
cheap,does,small,should,disappointed,broke,wouldn,return,thought,wasn,not,$,but,ok,work,t,did,however,didn,off,waste,tried,after,poor,apart
cheap,does,small,should,disappointed,broke,wouldn,return,thought,wasn,not,$,but,ok,work,t,did,however,didn,off,waste,tried,after,poor,apart
cheap,does,small,should,disappointed,broke,wouldn,return,thought,wasn,not,$,but,ok,work,t,did,however,didn,off,waste,tried,after,poor,apart
cheap,does,small,should,disappointed,broke,wouldn,return,thought,wasn,not,$,but,ok,work,t,did,however,didn,off,waste,tried,after,poor,apart
cheap,does,small,should,disappointed,broke,wouldn,return,thought,wasn,not,$,but,ok,work,t,did,however,didn,off,waste,tried,after,poor,apart
cheap,does,small,should,disappointed,broke,wouldn,return,thought,wasn,not,$,but,ok,work,t,did,however,didn,off,waste,tried,after,poor,apart
cheap,does,small,should,disappointed,broke,wouldn,return,thought,wasn,not,$,but,ok,work,t,did,however,didn,off,waste,tried,after,poor,apart
cheap,does,small,should,disappointed,broke,wouldn,return,thought,wasn,not,$,but,ok,work,t,did,however,didn,off,waste,tried,after,poor,apart
cheap,does,small,should,disappointed,broke,wouldn,return,thought,wasn,not,$,but,ok,work,t,did,however,didn,off,waste,tried,after,poor,apart
cheap,does,small,should,disappointed,broke,wouldn,return,thought,wasn,not,$,but,ok,work,t,did,however,didn,off,waste,tried,after,poor,apart
cheap,does,small,should,disappointed,broke,wouldn,return,thought,wasn,not,$,but,ok,work,t,did,however,didn,off,waste,tried,after,poor,apart
cheap,does,small,should,disappointed,broke,wouldn,return,thought,wasn,not,$,but,ok,work,t,did,however,didn,off,waste,tried,after,poor,apart
cheap,does,small,should,disappointed,broke,wouldn,return,thought,wasn,not,$,but,ok,work,t,did,however,didn,off,waste,tried,after,poor,apart
cheap,does,small,should,disappointed,broke,wouldn,return,thought,wasn,not,$,but,ok,work,t,did,however,didn,off,waste,tried,after,poor,apart
cheap,does,small,should,disappointed,broke,wouldn,return,thought,wasn,not,$,but,ok,work,t,did,however,didn,off,waste,tried,after,poor,apart
cheap,does,small,should,disappointed,broke,wouldn,return,thought,wasn,not,$,but,ok,work,t,did,however,didn,off,waste,tried,after,poor,apart
cheap,does,small,should,disappointed,broke,wouldn,return,thought,wasn,not,$,but,ok,work,t,did,however,didn,off,waste,tried,after,poor,apart
cheap,does,small,should,disappointed,broke,wouldn,return,thought,wasn,not,$,but,ok,work,t,did,however,didn,off,waste,tried,after,poor,apart
cheap,does,small,should,disappointed,broke,wouldn,return,thought,wasn,not,$,but,ok,work,t,did,however,didn,off,waste,tried,after,poor,apart
cheap,does,small,should,disappointed,broke,wouldn,return,thought,wasn,not,$,but,ok,work,t,did,however,didn,off,waste,tried,after,poor,apart
cheap,does,small,should,disappointed,broke,wouldn,return,thought,wasn,not,$,but,ok,work,t,did,however,didn,off,waste,tried,after,poor,apart
cheap,does,small,should,disappointed,broke,wouldn,return,thought,wasn,not,$,but,ok,work,t,did,however,didn,off,waste,tried,after,poor,apart
cheap,does,small,should,disappointed,broke,wouldn,return,thought,wasn,not,$,but,ok,work,t,did,however,didn,off,waste,tried,after,poor,apart
cheap,does,small,should,disappointed,broke,wouldn,return,thought,wasn,not,$,but,ok,work,t,did,however,didn,off,waste,tried,after,poor,apart
cheap,does,small,should,disappointed,broke,wouldn,return,thought,wasn,not,$,but,ok,work,t,did,however,didn,off,waste,tried,after,poor,apart
cheap,does,small,should,disappointed,broke,wouldn,return,thought,wasn,not,$,but,ok,work,t,did,however,didn,off,waste,tried,after,poor,apart
cheap,does,small,should,disappointed,broke,wouldn,return,thought,wasn,not,$,but,ok,work,t,did,however,didn,off,waste,tried,after,poor,apart
cheap,does,small,should,disappointed,broke,wouldn,return,thought,wasn,not,$,but,ok,work,t,did,however,didn,off,waste,tried,after,poor,apart
cheap,does,small,should,disappointed,broke,wouldn,return,thought,wasn,not,$,but,ok,work,t,did,however,didn,off,waste,tried,after,poor,apart
cheap,does,small,should,disappointed,broke,wouldn,return,thought,wasn,not,$,but,ok,work,t,did,however,didn,off,waste,tried,after,poor,apart
cheap,does,small,should,disappointed,broke,wouldn,return,thought,wasn,not,$,but,ok,work,t,did,however,didn,off,waste,tried,after,poor,apart
cheap,does,small,should,disappointed,broke,wouldn,return,thought,wasn,not,$,but,ok,work,t,did,however,didn,off,waste,tried,after,poor,apart
cheap,does,small,should,disappointed,broke,wouldn,return,thought,wasn,not,$,but,ok,work,t,did,however,didn,off,waste,tried,after,poor,apart
cheap,does,small,should,disappointed,broke,wouldn,return,thought,wasn,not,$,but,ok,work,t,did,however,didn,off,waste,tried,after,poor,apart
cheap,does,small,should,disappointed,broke,wouldn,return,thought,wasn,not,$,but,ok,work,t,did,however,didn,off,waste,tried,after,poor,apart
cheap,does,small,should,disappointed,broke,wouldn,return,thought,wasn,not,$,but,ok,work,t,did,however,didn,off,waste,tried,after,poor,apart
cheap,does,small,should,disappointed,broke,wouldn,return,thought,wasn,not,$,but,ok,work,t,did,however,didn,off,waste,tried,after,poor,apart
cheap,does,small,should,disappointed,broke,wouldn,return,thought,wasn,not,$,but,ok,work,t,did,however,didn,off,waste,tried,after,poor,apart
cheap,does,small,should,disappointed,broke,wouldn,return,thought,wasn,not,$,but,ok,work,t,did,however,didn,off,waste,tried,after,poor,apart
cheap,does,small,should,disappointed,broke,wouldn,return,thought,wasn,not,$,but,ok,work,t,did,however,didn,off,waste,tried,after,poor,apart
cheap,does,small,should,disappointed,broke,wouldn,return,thought,wasn,not,$,but,ok,work,t,did,however,didn,off,waste,tried,after,poor,apart
cheap,does,small,should,disappointed,broke,wouldn,return,thought,wasn,not,$,but,ok,work,t,did,however,didn,off,waste,tried,after,poor,apart
cheap,does,small,should,disappointed,broke,wouldn,return,thought,wasn,not,$,but,ok,work,t,did,however,didn,off,waste,tried,after,poor,apart
cheap,does,small,should,disappointed,broke,wouldn,return,thought,wasn,not,$,but,ok,work,t,did,however,didn,off,waste,tried,after,poor,apart
cheap,does,small,should,disappointed,broke,wouldn,return,thought,wasn,not,$,but,ok,work,t,did,however,didn,off,waste,tried,after,poor,apart
cheap,does,small,should,disappointed,broke,wouldn,return,thought,wasn,not,$,but,ok,work,t,did,however,didn,off,waste,tried,after,poor,apart
cheap,does,small,should,disappointed,broke,wouldn,return,thought,wasn,not,$,but,ok,work,t,did,however,didn,off,waste,tried,after,poor,apart
cheap,does,small,should,disappointed,broke,wouldn,return,thought,wasn,not,$,but,ok,work,t,did,however,didn,off,waste,tried,after,poor,apart
cheap,does,small,should,disappointed,broke,wouldn,return,thought,wasn,not,$,but,ok,work,t,did,however,didn,off,waste,tried,after,poor,apart
cheap,does,small,should,disappointed,broke,wouldn,return,thought,wasn,not,$,but,ok,work,t,did,however,didn,off,waste,tried,after,poor,apart
cheap,does,small,should,disappointed,broke,wouldn,return,thought,wasn,not,$,but,ok,work,t,did,however,didn,off,waste,tried,after,poor,apart
cheap,does,small,should,disappointed,broke,wouldn,return,thought,wasn,not,$,but,ok,work,t,did,however,didn,off,waste,tried,after,poor,apart
cheap,does,small,should,disappointed,broke,wouldn,return,thought,wasn,not,$,but,ok,work,t,did,however,didn,off,waste,tried,after,poor,apart
cheap,does,small,should,disappointed,broke,wouldn,return,thought,wasn,not,$,but,ok,work,t,did,however,didn,off,waste,tried,after,poor,apart
cheap,does,small,should,disappointed,broke,wouldn,return,thought,wasn,not,$,but,ok,work,t,did,however,didn,off,waste,tried,after,poor,apart
cheap,does,small,should,disappointed,broke,return,thought,wasn,not,$,but,ok,work,t,did,pool,however,didn,off,waste,tried,after,poor,apart
cheap,does,small,should,disappointed,broke,return,thought,wasn,not,$,but,ok,work,t,did,pool,however,didn,off,waste,tried,after,poor,apart
cheap,does,small,should,disappointed,broke,return,thought,wasn,not,$,but,ok,work,t,did,pool,however,didn,off,waste,tried,after,poor,apart
cheap,does,small,should,disappointed,broke,return,thought,wasn,not,$,but,ok,work,t,did,pool,however,didn,off,waste,tried,after,poor,apart
cheap,does,small,should,disappointed,broke,return,thought,wasn,not,$,but,ok,work,t,did,pool,however,didn,off,waste,tried,after,poor,apart
cheap,does,small,should,disappointed,broke,return,thought,wasn,not,$,but,ok,work,t,did,pool,however,didn,off,waste,tried,after,poor,apart
cheap,does,small,should,disappointed,broke,return,thought,wasn,not,$,but,ok,work,t,did,pool,however,didn,off,waste,tried,after,poor,apart
cheap,does,small,should,disappointed,broke,return,thought,wasn,not,$,but,ok,work,t,did,pool,however,didn,off,waste,tried,after,poor,apart
cheap,does,small,should,disappointed,broke,return,thought,wasn,not,$,but,ok,work,t,did,pool,however,didn,off,waste,tried,after,poor,apart
cheap,does,small,should,disappointed,broke,return,thought,wasn,not,$,but,ok,work,t,did,pool,however,didn,off,waste,tried,after,poor,apart
cheap,does,small,should,disappointed,broke,return,thought,wasn,not,$,but,ok,work,t,did,pool,however,didn,off,waste,tried,after,poor,apart
cheap,does,small,should,disappointed,broke,return,thought,wasn,not,$,but,ok,work,t,did,pool,however,didn,off,waste,tried,after,poor,apart
cheap,does,small,should,disappointed,broke,return,thought,wasn,not,$,but,ok,work,t,did,pool,however,didn,off,waste,tried,after,poor,apart
cheap,does,small,should,disappointed,broke,return,thought,wasn,not,$,but,ok,work,t,did,pool,however,didn,off,waste,tried,after,poor,apart
cheap,does,small,should,disappointed,broke,return,thought,wasn,not,$,but,ok,work,t,did,pool,however,didn,off,waste,tried,after,poor,apart
cheap,does,small,should,disappointed,broke,return,thought,wasn,not,$,but,ok,work,t,did,pool,however,didn,off,waste,tried,after,poor,apart
cheap,does,small,should,disappointed,broke,return,thought,wasn,not,$,but,ok,work,t,did,pool,however,didn,off,waste,tried,after,poor,apart
cheap,does,small,should,disappointed,broke,return,thought,wasn,not,$,but,ok,work,t,did,pool,however,didn,off,waste,tried,after,poor,apart
cheap,does,small,should,disappointed,broke,return,thought,wasn,not,$,but,ok,work,t,did,pool,however,didn,off,waste,tried,after,poor,apart
cheap,does,small,should,disappointed,broke,return,thought,wasn,not,$,but,ok,work,t,did,pool,however,didn,off,waste,tried,after,poor,apart
cheap,does,small,should,disappointed,broke,return,thought,wasn,not,$,but,ok,work,t,did,pool,however,didn,off,waste,tried,after,poor,apart
cheap,does,small,should,disappointed,broke,return,thought,wasn,not,$,but,ok,work,t,did,pool,however,didn,off,waste,tried,after,poor,apart
cheap,does,small,should,disappointed,broke,return,thought,wasn,not,$,but,ok,work,t,did,pool,however,didn,off,waste,tried,after,poor,apart
cheap,does,small,should,disappointed,broke,return,thought,wasn,not,$,but,ok,work,t,did,pool,however,didn,off,waste,tried,after,poor,apart
cheap,does,small,should,disappointed,broke,return,thought,wasn,not,$,but,ok,work,t,did,pool,however,didn,off,waste,tried,after,poor,apart
cheap,does,small,should,disappointed,broke,return,thought,wasn,not,$,but,ok,work,t,did,pool,however,didn,off,waste,tried,after,poor,apart
cheap,does,small,should,disappointed,broke,return,thought,wasn,not,$,but,ok,work,t,did,pool,however,didn,off,waste,tried,after,poor,apart
cheap,does,small,should,disappointed,broke,return,thought,wasn,not,$,but,ok,work,t,did,pool,however,didn,off,waste,tried,after,poor,apart
cheap,does,small,should,disappointed,broke,return,thought,wasn,not,$,but,ok,work,t,did,pool,however,didn,off,waste,tried,after,poor,apart
cheap,does,small,should,disappointed,broke,return,thought,wasn,not,$,but,ok,work,t,did,pool,however,didn,off,waste,tried,after,poor,apart
cheap,does,small,should,disappointed,broke,return,thought,wasn,not,$,but,ok,work,t,did,pool,however,didn,off,waste,tried,after,poor,apart
cheap,does,small,should,disappointed,broke,return,thought,wasn,not,$,but,ok,work,t,did,pool,however,didn,off,waste,tried,after,poor,apart
cheap,does,small,should,disappointed,broke,return,thought,wasn,not,$,but,ok,work,t,did,pool,however,didn,off,waste,tried,after,poor,apart
cheap,does,small,should,disappointed,broke,return,thought,wasn,not,$,but,ok,work,t,did,pool,however,didn,off,waste,tried,after,poor,apart
cheap,does,small,should,disappointed,broke,return,thought,wasn,not,$,but,ok,work,t,did,pool,however,didn,off,waste,tried,after,poor,apart
cheap,does,small,should,disappointed,broke,return,thought,wasn,not,$,but,ok,work,t,did,pool,however,didn,off,waste,tried,after,poor,apart
cheap,does,small,should,disappointed,broke,return,thought,wasn,not,$,but,ok,work,t,did,pool,however,didn,off,waste,tried,after,poor,apart
cheap,does,small,should,disappointed,broke,return,thought,wasn,not,$,but,ok,work,t,did,pool,however,didn,off,waste,tried,after,poor,apart
cheap,does,small,should,disappointed,broke,return,thought,wasn,not,$,but,ok,work,t,did,pool,however,didn,off,waste,tried,after,poor,apart
cheap,does,small,should,disappointed,broke,return,thought,wasn,not,$,but,ok,work,t,did,pool,however,didn,off,waste,tried,after,poor,apart
cheap,does,small,should,disappointed,broke,return,thought,wasn,not,$,but,ok,work,t,did,pool,however,didn,off,waste,tried,after,poor,apart
cheap,does,small,should,disappointed,broke,return,thought,wasn,not,$,but,ok,work,t,did,pool,however,didn,off,waste,tried,after,poor,apart
cheap,does,small,should,disappointed,broke,return,thought,wasn,not,$,but,ok,work,t,did,pool,however,didn,off,waste,tried,after,poor,apart
cheap,does,small,should,disappointed,broke,return,thought,wasn,not,$,but,ok,work,t,did,pool,however,didn,off,waste,tried,after,poor,apart
cheap,does,small,should,disappointed,broke,return,thought,wasn,not,$,but,ok,work,t,did,pool,however,didn,off,waste,tried,after,poor,apart
cheap,does,small,should,disappointed,broke,return,thought,wasn,not,$,but,ok,work,t,did,pool,however,didn,off,waste,tried,after,poor,apart
cheap,does,small,should,disappointed,broke,return,thought,wasn,not,$,but,ok,work,t,did,pool,however,didn,off,waste,tried,after,poor,apart
cheap,does,small,should,disappointed,broke,return,thought,wasn,not,$,but,ok,work,t,did,pool,however,didn,off,waste,tried,after,poor,apart
cheap,does,small,should,disappointed,broke,return,thought,wasn,not,$,but,ok,work,t,did,pool,however,didn,off,waste,tried,after,poor,apart
cheap,does,small,should,disappointed,broke,return,thought,wasn,not,$,but,ok,work,t,did,pool,however,didn,off,waste,tried,after,poor,apart
cheap,does,small,should,disappointed,broke,return,thought,wasn,not,$,but,ok,work,t,did,pool,however,didn,off,waste,tried,after,poor,apart
cheap,does,small,should,disappointed,broke,return,thought,wasn,not,$,but,ok,work,t,did,pool,however,didn,off,waste,tried,after,poor,apart
cheap,does,small,should,disappointed,broke,return,thought,wasn,not,$,but,ok,work,t,did,pool,however,didn,off,waste,tried,after,poor,apart
cheap,does,small,should,disappointed,broke,return,thought,wasn,not,$,but,ok,work,t,did,pool,however,didn,off,waste,tried,after,poor,apart
cheap,does,small,should,disappointed,broke,return,thought,wasn,not,$,but,ok,work,t,did,pool,however,didn,off,waste,tried,after,poor,apart
cheap,does,small,should,disappointed,broke,return,thought,wasn,not,$,but,ok,work,t,did,pool,however,didn,off,waste,tried,after,poor,apart
cheap,does,small,should,disappointed,broke,return,thought,wasn,not,$,but,ok,work,t,did,pool,however,didn,off,waste,tried,after,poor,apart
cheap,does,small,should,disappointed,broke,return,thought,wasn,not,$,but,ok,work,t,did,pool,however,didn,off,waste,tried,after,poor,apart
cheap,does,small,should,disappointed,broke,return,thought,wasn,not,$,but,ok,work,t,did,pool,however,didn,off,waste,tried,after,poor,apart
cheap,does,small,should,disappointed,broke,return,thought,wasn,not,$,but,ok,work,t,did,pool,however,didn,off,waste,tried,after,poor,apart
cheap,does,small,should,disappointed,broke,return,thought,wasn,not,$,but,ok,work,t,did,pool,however,didn,off,waste,tried,after,poor,apart
cheap,does,small,should,disappointed,broke,return,thought,wasn,not,$,but,ok,work,t,did,pool,however,didn,off,waste,tried,after,poor,apart
cheap,does,small,should,disappointed,broke,return,thought,wasn,not,$,but,ok,work,t,did,pool,however,didn,off,waste,tried,after,poor,apart
cheap,does,small,should,disappointed,broke,return,thought,wasn,not,$,but,ok,work,t,did,pool,however,didn,off,waste,tried,after,poor,apart
cheap,does,small,should,disappointed,broke,return,thought,wasn,not,$,but,ok,work,t,did,pool,however,didn,off,waste,tried,after,poor,apart
cheap,does,small,should,disappointed,broke,return,thought,wasn,not,$,but,ok,work,t,did,pool,however,didn,off,waste,tried,after,poor,apart
cheap,does,small,should,disappointed,broke,return,thought,wasn,not,$,but,ok,work,t,did,pool,however,didn,off,waste,tried,after,poor,apart
cheap,does,small,should,disappointed,broke,return,thought,wasn,not,$,but,ok,work,t,did,pool,however,didn,off,waste,tried,after,poor,apart
cheap,does,small,should,disappointed,broke,return,thought,wasn,not,$,but,ok,work,t,did,pool,however,didn,off,waste,tried,after,poor,apart
cheap,does,small,should,disappointed,broke,return,thought,wasn,not,$,but,ok,work,t,did,pool,however,didn,off,waste,tried,after,poor,apart
cheap,does,small,should,disappointed,broke,return,thought,wasn,not,$,but,ok,work,t,did,pool,however,didn,off,waste,tried,after,poor,apart
cheap,does,small,should,disappointed,broke,return,thought,wasn,not,$,but,ok,work,t,did,pool,however,didn,off,waste,tried,after,poor,apart
cheap,does,small,should,disappointed,broke,return,thought,wasn,not,$,but,ok,work,t,did,pool,however,didn,off,waste,tried,after,poor,apart
cheap,does,small,should,disappointed,broke,return,thought,wasn,not,$,but,ok,work,t,did,pool,however,didn,off,waste,tried,after,poor,apart
cheap,does,small,should,disappointed,broke,return,thought,wasn,not,$,but,ok,work,t,did,pool,however,didn,off,waste,tried,after,poor,apart
cheap,does,small,should,disappointed,broke,return,thought,wasn,not,$,but,ok,work,t,did,pool,however,didn,off,waste,tried,after,poor,apart
cheap,does,small,should,disappointed,broke,return,thought,wasn,not,$,but,ok,work,t,did,pool,however,didn,off,waste,tried,after,poor,apart
cheap,does,small,should,disappointed,broke,return,thought,wasn,not,$,but,ok,work,t,did,pool,however,didn,off,waste,tried,after,poor,apart
cheap,does,small,should,disappointed,broke,return,thought,wasn,not,$,but,ok,work,t,did,pool,however,didn,off,waste,tried,after,poor,apart
cheap,does,small,should,disappointed,broke,return,thought,wasn,not,$,but,ok,work,t,did,pool,however,didn,off,waste,tried,after,poor,apart
cheap,does,small,should,disappointed,broke,return,thought,wasn,not,$,but,ok,work,t,did,pool,however,didn,off,waste,tried,after,poor,apart
cheap,does,small,should,disappointed,broke,return,thought,wasn,not,$,but,ok,work,t,did,pool,however,didn,off,waste,tried,after,poor,apart
cheap,does,small,should,disappointed,broke,return,thought,wasn,not,$,but,ok,work,t,did,pool,however,didn,off,waste,tried,after,poor,apart
cheap,does,small,should,disappointed,broke,return,thought,wasn,not,$,but,ok,work,t,did,pool,however,didn,off,waste,tried,after,poor,apart
cheap,does,small,should,disappointed,broke,return,thought,wasn,not,$,but,ok,work,t,did,pool,however,didn,off,waste,tried,after,poor,apart
cheap,does,small,should,disappointed,broke,return,thought,wasn,not,$,but,ok,work,t,did,pool,however,didn,off,waste,tried,after,poor,apart
cheap,does,small,should,disappointed,broke,return,thought,wasn,not,$,but,ok,work,t,did,pool,however,didn,off,waste,tried,after,poor,apart
cheap,does,small,should,disappointed,broke,return,thought,wasn,not,$,but,ok,work,t,did,pool,however,didn,off,waste,tried,after,poor,apart
cheap,does,small,should,disappointed,broke,return,thought,wasn,not,$,but,ok,work,t,did,pool,however,didn,off,waste,tried,after,poor,apart
cheap,does,small,should,disappointed,broke,return,thought,wasn,not,$,but,ok,work,t,did,pool,however,didn,off,waste,tried,after,poor,apart
cheap,does,small,should,disappointed,broke,return,thought,wasn,not,$,but,ok,work,t,did,pool,however,didn,off,waste,tried,after,poor,apart
cheap,does,small,should,disappointed,broke,return,thought,wasn,not,$,but,ok,work,t,did,pool,however,didn,off,waste,tried,after,poor,apart
cheap,does,small,should,disappointed,broke,return,thought,wasn,not,$,but,ok,work,t,did,pool,however,didn,off,waste,tried,after,poor,apart
cheap,does,small,should,disappointed,broke,return,thought,wasn,not,$,but,ok,work,t,did,pool,however,didn,off,waste,tried,after,poor,apart
cheap,does,small,should,disappointed,broke,return,thought,wasn,not,$,but,ok,work,t,did,pool,however,didn,off,waste,tried,after,poor,apart
cheap,does,small,should,disappointed,broke,return,thought,wasn,not,$,but,ok,work,t,did,pool,however,didn,off,waste,tried,after,poor,apart
cheap,does,small,should,disappointed,broke,return,thought,wasn,not,$,but,ok,work,t,did,pool,however,didn,off,waste,tried,after,poor,apart
cheap,does,small,should,disappointed,broke,return,thought,wasn,not,$,but,ok,work,t,did,however,disappointing,didn,off,waste,tried,after,poor,apart
cheap,does,small,should,disappointed,broke,return,thought,wasn,not,$,but,ok,work,t,did,however,disappointing,didn,off,waste,tried,after,poor,apart
cheap,does,small,should,disappointed,broke,return,thought,wasn,not,$,but,ok,work,t,did,however,disappointing,didn,off,waste,tried,after,poor,apart
cheap,does,small,should,disappointed,broke,return,thought,wasn,not,$,but,ok,work,t,did,however,disappointing,didn,off,waste,tried,after,poor,apart
cheap,does,small,should,disappointed,broke,return,thought,wasn,not,$,but,ok,work,t,did,however,disappointing,didn,off,waste,tried,after,poor,apart
cheap,does,small,should,disappointed,broke,return,thought,wasn,not,$,but,ok,work,t,did,however,disappointing,didn,off,waste,tried,after,poor,apart
cheap,does,small,should,disappointed,broke,return,thought,wasn,not,$,but,ok,work,t,did,however,disappointing,didn,off,waste,tried,after,poor,apart
cheap,does,small,should,disappointed,broke,return,thought,wasn,not,$,but,ok,work,t,did,however,disappointing,didn,off,waste,tried,after,poor,apart
cheap,does,small,should,disappointed,broke,return,thought,wasn,not,$,but,ok,work,t,did,however,disappointing,didn,off,waste,tried,after,poor,apart
cheap,does,small,should,disappointed,broke,return,thought,wasn,not,$,but,ok,work,t,did,however,disappointing,didn,off,waste,tried,after,poor,apart
cheap,does,small,should,disappointed,broke,return,thought,wasn,not,$,but,ok,work,t,did,however,disappointing,didn,off,waste,tried,after,poor,apart
cheap,does,small,should,disappointed,broke,return,thought,wasn,not,$,but,ok,work,t,did,however,disappointing,didn,off,waste,tried,after,poor,apart
cheap,does,small,should,disappointed,broke,return,thought,wasn,not,$,but,ok,work,t,did,however,disappointing,didn,off,waste,tried,after,poor,apart
cheap,does,small,should,disappointed,broke,return,thought,wasn,not,$,but,ok,work,t,did,however,disappointing,didn,off,waste,tried,after,poor,apart
cheap,does,small,should,disappointed,broke,return,thought,wasn,not,$,but,ok,work,t,did,however,disappointing,didn,off,waste,tried,after,poor,apart
cheap,does,small,should,disappointed,broke,return,thought,wasn,not,$,but,ok,work,t,did,however,disappointing,didn,off,waste,tried,after,poor,apart
cheap,does,small,should,disappointed,broke,return,thought,wasn,not,$,but,ok,work,t,did,however,disappointing,didn,off,waste,tried,after,poor,apart
cheap,does,small,should,disappointed,broke,return,thought,wasn,not,$,but,ok,work,t,did,however,disappointing,didn,off,waste,tried,after,poor,apart
cheap,does,small,should,disappointed,broke,return,thought,wasn,not,$,but,ok,work,t,did,however,disappointing,didn,off,waste,tried,after,poor,apart
cheap,does,small,should,disappointed,broke,return,thought,wasn,not,$,but,ok,work,t,did,however,disappointing,didn,off,waste,tried,after,poor,apart
cheap,does,small,should,disappointed,broke,return,thought,wasn,not,$,but,ok,work,t,did,however,disappointing,didn,off,waste,tried,after,poor,apart
cheap,does,small,should,disappointed,broke,return,thought,wasn,not,$,but,ok,work,t,did,however,disappointing,didn,off,waste,tried,after,poor,apart
cheap,does,small,should,disappointed,broke,return,thought,wasn,not,$,but,ok,work,t,did,however,disappointing,didn,off,waste,tried,after,poor,apart
cheap,does,small,should,disappointed,broke,return,thought,wasn,not,$,but,ok,work,t,did,however,disappointing,didn,off,waste,tried,after,poor,apart
cheap,does,small,should,disappointed,broke,return,thought,wasn,not,$,but,ok,work,t,did,however,disappointing,didn,off,waste,tried,after,poor,apart
cheap,does,small,should,disappointed,broke,return,thought,wasn,not,$,but,ok,work,t,did,however,disappointing,didn,off,waste,tried,after,poor,apart
cheap,does,small,should,disappointed,broke,return,thought,wasn,not,$,but,ok,work,t,did,however,disappointing,didn,off,waste,tried,after,poor,apart
cheap,does,small,should,disappointed,broke,return,thought,wasn,not,$,but,ok,work,t,did,however,disappointing,didn,off,waste,tried,after,poor,apart
cheap,does,small,should,disappointed,broke,return,thought,wasn,not,$,but,ok,work,t,did,however,disappointing,didn,off,waste,tried,after,poor,apart
cheap,does,small,should,disappointed,broke,return,thought,wasn,not,$,but,ok,work,t,did,however,disappointing,didn,off,waste,tried,after,poor,apart
cheap,does,small,should,disappointed,broke,return,thought,wasn,not,$,but,ok,work,t,did,however,disappointing,didn,off,waste,tried,after,poor,apart
cheap,does,small,should,disappointed,broke,return,thought,wasn,not,$,but,ok,work,t,did,however,disappointing,didn,off,waste,tried,after,poor,apart
cheap,does,small,should,disappointed,broke,return,thought,wasn,not,$,but,ok,work,t,did,however,disappointing,didn,off,waste,tried,after,poor,apart
cheap,does,small,should,disappointed,broke,return,thought,wasn,not,$,but,ok,work,t,did,however,disappointing,didn,off,waste,tried,after,poor,apart
cheap,does,small,should,disappointed,broke,return,thought,wasn,not,$,but,ok,work,t,did,however,disappointing,didn,off,waste,tried,after,poor,apart
cheap,does,small,should,disappointed,broke,return,thought,wasn,not,$,but,ok,work,t,did,however,disappointing,didn,off,waste,tried,after,poor,apart
cheap,does,small,should,disappointed,broke,return,thought,wasn,not,$,but,ok,work,t,did,however,disappointing,didn,off,waste,tried,after,poor,apart
cheap,does,small,should,disappointed,broke,return,thought,wasn,not,$,but,ok,work,t,did,however,disappointing,didn,off,waste,tried,after,poor,apart
cheap,does,small,should,disappointed,broke,return,thought,wasn,not,$,but,ok,work,t,did,however,disappointing,didn,off,waste,tried,after,poor,apart
cheap,does,small,should,disappointed,broke,return,thought,wasn,not,$,but,ok,work,t,did,however,disappointing,didn,off,waste,tried,after,poor,apart
cheap,does,small,should,disappointed,broke,return,thought,wasn,not,$,but,ok,work,t,did,however,disappointing,didn,off,waste,tried,after,poor,apart
cheap,does,small,should,disappointed,broke,return,thought,wasn,not,$,but,ok,work,t,did,however,disappointing,didn,off,waste,tried,after,poor,apart
cheap,does,small,should,disappointed,broke,return,thought,wasn,not,$,but,ok,work,t,did,however,disappointing,didn,off,waste,tried,after,poor,apart
cheap,does,small,should,disappointed,broke,return,thought,wasn,not,$,but,ok,work,t,did,however,disappointing,didn,off,waste,tried,after,poor,apart
cheap,does,small,should,disappointed,broke,return,thought,wasn,not,$,but,ok,work,t,did,however,disappointing,didn,off,waste,tried,after,poor,apart
cheap,does,small,should,disappointed,broke,return,thought,wasn,not,$,but,ok,work,t,did,however,disappointing,didn,off,waste,tried,after,poor,apart
cheap,does,small,should,disappointed,broke,return,thought,wasn,not,$,but,ok,work,t,did,however,disappointing,didn,off,waste,tried,after,poor,apart
cheap,does,small,should,disappointed,broke,return,thought,wasn,not,$,but,ok,work,t,did,however,disappointing,didn,off,waste,tried,after,poor,apart
cheap,does,small,should,disappointed,broke,return,thought,wasn,not,$,but,ok,work,t,did,however,disappointing,didn,off,waste,tried,after,poor,apart
cheap,does,small,should,disappointed,broke,return,thought,wasn,not,$,but,ok,work,t,did,however,disappointing,didn,off,waste,tried,after,poor,apart
cheap,does,small,should,disappointed,broke,return,thought,wasn,not,$,but,ok,work,t,did,however,disappointing,didn,off,waste,tried,after,poor,apart
cheap,does,small,should,disappointed,broke,return,thought,wasn,not,$,but,ok,work,t,did,however,disappointing,didn,off,waste,tried,after,poor,apart
cheap,does,small,should,disappointed,broke,return,thought,wasn,not,$,but,ok,work,t,did,however,disappointing,didn,off,waste,tried,after,poor,apart
cheap,does,small,should,disappointed,broke,return,thought,wasn,not,$,but,ok,work,t,did,however,disappointing,didn,off,waste,tried,after,poor,apart
cheap,does,small,should,disappointed,broke,return,thought,wasn,not,$,but,ok,work,t,did,however,disappointing,didn,off,waste,tried,after,poor,apart
cheap,does,small,should,disappointed,broke,return,thought,wasn,not,$,but,ok,work,t,did,however,disappointing,didn,off,waste,tried,after,poor,apart
cheap,does,small,should,disappointed,broke,return,thought,wasn,not,$,but,ok,work,t,did,however,disappointing,didn,off,waste,tried,after,poor,apart
cheap,does,small,should,disappointed,broke,return,thought,wasn,not,$,but,ok,work,t,did,however,disappointing,didn,off,waste,tried,after,poor,apart
cheap,does,small,should,disappointed,broke,return,thought,wasn,not,$,but,ok,work,t,did,however,disappointing,didn,off,waste,tried,after,poor,apart
cheap,does,small,should,disappointed,broke,return,thought,wasn,not,$,but,ok,work,t,did,however,disappointing,didn,off,waste,tried,after,poor,apart
cheap,does,small,should,disappointed,broke,return,thought,wasn,not,$,but,ok,work,t,did,however,disappointing,didn,off,waste,tried,after,poor,apart
cheap,does,small,should,disappointed,broke,return,thought,wasn,not,$,but,ok,work,t,did,however,disappointing,didn,off,waste,tried,after,poor,apart
cheap,does,small,should,disappointed,broke,return,thought,wasn,not,$,but,ok,work,t,did,however,disappointing,didn,off,waste,tried,after,poor,apart
cheap,does,small,should,disappointed,broke,return,thought,wasn,not,$,but,ok,work,t,did,however,disappointing,didn,off,waste,tried,after,poor,apart
cheap,does,small,should,disappointed,broke,return,thought,wasn,not,$,but,ok,work,t,did,however,disappointing,didn,off,waste,tried,after,poor,apart
cheap,does,small,should,disappointed,broke,return,thought,wasn,not,$,but,ok,work,t,did,however,disappointing,didn,off,waste,tried,after,poor,apart
cheap,does,small,should,disappointed,broke,wouldn,return,wasn,not,$,but,ok,work,t,did,however,disappointing,didn,off,waste,tried,after,poor,apart
cheap,does,small,should,disappointed,broke,wouldn,return,wasn,not,$,but,ok,work,t,did,however,disappointing,didn,off,waste,tried,after,poor,apart
cheap,does,small,should,disappointed,broke,wouldn,return,wasn,not,$,but,ok,work,t,did,however,didn,off,poorly,waste,tried,after,poor,apart
cheap,does,small,should,disappointed,broke,wouldn,return,wasn,not,$,but,ok,work,t,did,however,didn,off,poorly,waste,tried,after,poor,apart
cheap,does,small,should,disappointed,broke,wouldn,return,wasn,not,$,but,ok,work,t,did,however,didn,off,poorly,waste,tried,after,poor,apart
cheap,does,small,should,disappointed,broke,wouldn,return,wasn,not,$,but,ok,work,t,did,however,didn,off,poorly,waste,tried,after,poor,apart
cheap,does,small,should,disappointed,broke,wouldn,return,wasn,not,$,but,ok,work,t,did,however,didn,off,poorly,waste,tried,after,poor,apart
cheap,does,small,should,disappointed,broke,wouldn,return,wasn,not,$,but,ok,work,t,did,however,didn,off,poorly,waste,tried,after,poor,apart
cheap,does,small,should,disappointed,broke,wouldn,return,wasn,not,$,but,ok,work,t,did,however,didn,off,poorly,waste,tried,after,poor,apart
cheap,does,small,should,disappointed,broke,wouldn,return,wasn,not,$,but,ok,work,t,did,however,didn,off,poorly,waste,tried,after,poor,apart
cheap,does,small,should,disappointed,broke,wouldn,return,wasn,not,$,but,ok,work,t,did,however,didn,off,poorly,waste,tried,after,poor,apart
cheap,does,small,should,disappointed,broke,wouldn,return,wasn,not,$,but,ok,work,t,did,however,didn,off,poorly,waste,tried,after,poor,apart
cheap,does,small,should,disappointed,broke,wouldn,return,wasn,not,$,but,ok,work,t,did,however,didn,off,poorly,waste,tried,after,poor,apart
cheap,does,small,should,disappointed,broke,wouldn,return,wasn,not,$,but,ok,work,t,did,however,didn,off,poorly,waste,tried,after,poor,apart
cheap,does,small,should,disappointed,broke,wouldn,return,wasn,not,$,but,ok,work,t,did,however,didn,off,poorly,waste,tried,after,poor,apart
cheap,does,small,should,disappointed,broke,wouldn,return,wasn,not,$,but,ok,work,t,did,however,didn,off,poorly,waste,tried,after,poor,apart
cheap,does,small,should,disappointed,broke,wouldn,return,wasn,not,$,but,ok,work,t,did,however,didn,off,poorly,waste,tried,after,poor,apart
cheap,does,small,should,disappointed,broke,wouldn,return,wasn,not,$,but,ok,work,t,did,however,didn,off,poorly,waste,tried,after,poor,apart
cheap,does,small,should,disappointed,broke,wouldn,return,wasn,not,$,but,ok,work,t,did,however,didn,off,poorly,waste,tried,after,poor,apart
cheap,does,small,should,disappointed,broke,wouldn,return,wasn,not,$,but,ok,work,t,did,however,didn,off,poorly,waste,tried,after,poor,apart
cheap,does,small,should,disappointed,broke,wouldn,return,wasn,not,$,but,ok,work,t,did,however,didn,off,poorly,waste,tried,after,poor,apart
cheap,does,small,should,disappointed,broke,wouldn,return,wasn,not,$,but,ok,work,t,did,however,didn,off,poorly,waste,tried,after,poor,apart
cheap,does,small,should,disappointed,broke,wouldn,return,wasn,not,$,but,ok,work,t,did,however,didn,off,poorly,waste,tried,after,poor,apart
cheap,does,small,should,disappointed,broke,wouldn,return,wasn,not,$,but,ok,work,t,did,however,didn,off,poorly,waste,tried,after,poor,apart
cheap,does,small,should,disappointed,broke,wouldn,return,wasn,not,$,but,ok,work,t,did,however,didn,off,poorly,waste,tried,after,poor,apart
cheap,does,small,should,disappointed,broke,wouldn,return,wasn,not,$,but,ok,work,t,did,however,didn,off,poorly,waste,tried,after,poor,apart
cheap,does,small,should,disappointed,broke,wouldn,return,wasn,not,$,but,ok,work,t,did,however,didn,off,poorly,waste,tried,after,poor,apart
cheap,does,small,should,disappointed,broke,wouldn,return,wasn,not,$,but,ok,work,t,did,however,didn,off,poorly,waste,tried,after,poor,apart
cheap,does,small,should,disappointed,broke,wouldn,return,wasn,not,$,but,ok,work,t,did,however,didn,off,poorly,waste,tried,after,poor,apart
cheap,does,small,should,disappointed,broke,wouldn,return,wasn,not,$,but,ok,work,t,did,however,didn,off,poorly,waste,tried,after,poor,apart
cheap,does,small,should,disappointed,broke,wouldn,return,wasn,not,$,but,ok,work,t,did,however,didn,off,poorly,waste,tried,after,poor,apart
cheap,does,small,should,disappointed,broke,wouldn,return,wasn,not,$,but,ok,work,t,did,however,didn,off,poorly,waste,tried,after,poor,apart
cheap,does,small,should,disappointed,broke,wouldn,return,wasn,not,$,but,ok,work,t,did,however,didn,off,poorly,waste,tried,after,poor,apart
cheap,does,small,should,disappointed,broke,wouldn,return,wasn,not,$,but,ok,work,t,did,however,didn,off,poorly,waste,tried,after,poor,apart
cheap,does,small,should,disappointed,broke,wouldn,return,wasn,not,$,but,ok,work,t,did,however,didn,off,poorly,waste,tried,after,poor,apart
cheap,does,small,should,disappointed,broke,wouldn,return,wasn,not,$,but,ok,work,t,did,however,didn,off,poorly,waste,tried,after,poor,apart
cheap,does,small,should,disappointed,broke,wouldn,return,wasn,not,$,but,ok,work,t,did,however,didn,off,poorly,waste,tried,after,poor,apart
cheap,does,small,should,disappointed,broke,wouldn,return,wasn,not,$,but,ok,work,t,did,however,didn,off,poorly,waste,tried,after,poor,apart
cheap,does,small,should,disappointed,broke,wouldn,return,wasn,not,$,but,ok,work,t,did,however,didn,off,poorly,waste,tried,after,poor,apart
cheap,does,small,should,disappointed,broke,wouldn,return,wasn,not,$,but,ok,work,t,did,however,didn,off,poorly,waste,tried,after,poor,apart
cheap,does,small,should,disappointed,broke,wouldn,return,wasn,not,$,but,ok,work,t,did,however,didn,off,poorly,waste,tried,after,poor,apart
cheap,does,small,should,disappointed,broke,wouldn,return,wasn,not,$,but,ok,work,t,did,however,didn,off,poorly,waste,tried,after,poor,apart
cheap,does,small,should,disappointed,broke,wouldn,return,wasn,not,$,but,ok,work,t,did,however,didn,off,poorly,waste,tried,after,poor,apart
cheap,does,small,should,disappointed,broke,wouldn,return,wasn,not,$,but,ok,work,t,did,however,didn,off,poorly,waste,tried,after,poor,apart
cheap,does,small,should,disappointed,broke,wouldn,return,wasn,not,$,but,ok,work,t,did,however,didn,off,poorly,waste,tried,after,poor,apart
cheap,does,small,should,disappointed,broke,wouldn,return,wasn,not,$,but,ok,work,t,did,however,didn,off,poorly,waste,tried,after,poor,apart
cheap,does,small,should,disappointed,broke,wouldn,return,wasn,not,$,but,ok,work,t,did,however,didn,off,poorly,waste,tried,after,poor,apart
cheap,does,small,should,disappointed,broke,wouldn,return,wasn,not,$,but,ok,work,t,did,however,didn,off,poorly,waste,tried,after,poor,apart
cheap,does,small,should,disappointed,broke,wouldn,return,wasn,not,$,but,ok,work,t,did,however,didn,off,poorly,waste,tried,after,poor,apart
cheap,does,small,should,disappointed,broke,wouldn,return,wasn,not,$,but,ok,work,t,did,however,didn,off,poorly,waste,tried,after,poor,apart
cheap,does,small,should,disappointed,broke,wouldn,return,wasn,not,$,but,ok,work,t,did,however,didn,off,poorly,waste,tried,after,poor,apart
cheap,does,small,should,disappointed,broke,wouldn,return,wasn,not,$,but,ok,work,t,did,however,didn,off,poorly,waste,tried,after,poor,apart
cheap,does,small,should,disappointed,broke,wouldn,return,wasn,not,$,but,ok,work,t,did,however,didn,off,poorly,waste,tried,after,poor,apart
cheap,does,small,should,disappointed,broke,wouldn,return,wasn,not,$,but,ok,work,t,did,however,didn,off,poorly,waste,tried,after,poor,apart
cheap,does,small,should,disappointed,broke,wouldn,return,wasn,not,$,but,ok,work,t,did,however,didn,off,poorly,waste,tried,after,poor,apart
cheap,does,small,should,disappointed,broke,wouldn,return,wasn,not,$,but,ok,work,t,did,however,didn,off,poorly,waste,tried,after,poor,apart
cheap,does,small,should,disappointed,broke,wouldn,return,wasn,not,$,but,ok,work,t,did,however,didn,off,poorly,waste,tried,after,poor,apart
cheap,does,small,should,disappointed,broke,wouldn,return,wasn,not,$,but,ok,work,t,did,however,didn,off,poorly,waste,tried,after,poor,apart
cheap,does,small,should,disappointed,broke,wouldn,return,wasn,not,$,but,ok,work,t,did,however,didn,off,poorly,waste,tried,after,poor,apart
cheap,does,small,should,disappointed,broke,wouldn,return,wasn,not,$,but,ok,work,t,did,however,didn,off,poorly,waste,tried,after,poor,apart
cheap,does,small,should,disappointed,broke,wouldn,return,wasn,not,$,but,ok,work,t,did,however,didn,off,poorly,waste,tried,after,poor,apart
cheap,does,small,should,disappointed,broke,wouldn,return,wasn,not,$,but,ok,work,t,did,however,didn,off,poorly,waste,tried,after,poor,apart
cheap,does,small,should,disappointed,broke,wouldn,return,wasn,not,$,but,ok,work,t,did,however,didn,off,poorly,waste,tried,after,poor,apart
cheap,does,small,should,disappointed,broke,wouldn,return,wasn,not,$,but,ok,work,t,did,however,didn,off,poorly,waste,tried,after,poor,apart
cheap,does,small,should,disappointed,broke,wouldn,return,wasn,not,$,but,ok,work,t,did,however,didn,off,poorly,waste,tried,after,poor,apart
cheap,does,small,should,disappointed,broke,wouldn,return,wasn,not,$,but,ok,work,t,did,however,didn,off,poorly,waste,tried,after,poor,apart
cheap,does,small,should,disappointed,broke,wouldn,return,wasn,not,$,but,ok,work,t,did,however,didn,off,poorly,waste,tried,after,poor,apart
cheap,does,small,should,disappointed,broke,wouldn,return,wasn,not,$,but,ok,work,t,did,however,didn,off,poorly,waste,tried,after,poor,apart
cheap,does,small,should,disappointed,broke,wouldn,return,wasn,not,$,but,ok,work,t,did,however,didn,off,poorly,waste,tried,after,poor,apart
cheap,does,small,should,disappointed,broke,wouldn,return,wasn,not,$,but,ok,work,t,did,however,didn,off,poorly,waste,tried,after,poor,apart
cheap,does,small,should,disappointed,broke,wouldn,return,wasn,not,$,but,ok,work,t,did,however,didn,off,poorly,waste,tried,after,poor,apart
cheap,does,small,should,disappointed,broke,wouldn,return,wasn,not,$,but,ok,work,t,did,however,didn,off,poorly,waste,tried,after,poor,apart
cheap,does,small,should,disappointed,broke,wouldn,return,wasn,not,$,but,ok,work,t,did,however,didn,off,poorly,waste,tried,after,poor,apart
cheap,does,small,should,disappointed,broke,wouldn,return,wasn,not,$,but,ok,work,t,did,however,didn,off,poorly,waste,tried,after,poor,apart
cheap,does,small,should,disappointed,broke,wouldn,return,wasn,not,$,but,ok,work,t,did,however,didn,off,poorly,waste,tried,after,poor,apart
cheap,does,small,should,disappointed,broke,wouldn,return,wasn,not,$,but,ok,work,t,did,however,didn,off,poorly,waste,tried,after,poor,apart
cheap,does,small,should,disappointed,broke,wouldn,return,wasn,not,$,but,ok,work,t,did,however,didn,off,poorly,waste,tried,after,poor,apart
cheap,does,small,should,disappointed,broke,wouldn,return,wasn,not,$,but,ok,work,t,did,however,didn,off,poorly,waste,tried,after,poor,apart
cheap,does,small,should,disappointed,broke,wouldn,return,wasn,not,$,but,ok,work,t,did,however,didn,off,poorly,waste,tried,after,poor,apart
cheap,does,small,should,disappointed,broke,wouldn,return,wasn,not,$,but,ok,work,t,did,however,didn,off,poorly,waste,tried,after,poor,apart
cheap,does,small,should,disappointed,broke,wouldn,return,wasn,not,$,but,ok,work,t,did,however,didn,off,poorly,waste,tried,after,poor,apart
cheap,does,small,should,disappointed,broke,wouldn,return,wasn,not,$,but,ok,work,t,did,however,didn,off,poorly,waste,tried,after,poor,apart
cheap,does,small,should,disappointed,broke,wouldn,return,wasn,not,$,but,ok,work,t,did,however,didn,off,poorly,waste,tried,after,poor,apart
cheap,does,small,should,disappointed,broke,wouldn,return,wasn,not,$,but,ok,work,t,did,however,didn,off,poorly,waste,tried,after,poor,apart
cheap,does,small,should,disappointed,broke,wouldn,return,wasn,not,$,but,ok,work,t,did,however,didn,off,poorly,waste,tried,after,poor,apart
cheap,does,small,should,disappointed,broke,wouldn,return,wasn,not,$,but,ok,work,t,did,however,didn,off,poorly,waste,tried,after,poor,apart
cheap,does,small,should,disappointed,broke,wouldn,return,wasn,not,$,but,ok,work,t,did,however,didn,off,poorly,waste,tried,after,poor,apart
cheap,does,small,should,disappointed,broke,wouldn,return,wasn,not,$,but,ok,work,t,did,however,didn,off,poorly,waste,tried,after,poor,apart
cheap,does,small,should,disappointed,broke,wouldn,return,wasn,not,$,but,ok,work,t,did,however,didn,off,poorly,waste,tried,after,poor,apart
cheap,does,small,should,disappointed,broke,wouldn,return,wasn,not,$,but,ok,work,t,did,however,didn,off,poorly,waste,tried,after,poor,apart
cheap,does,small,should,disappointed,broke,wouldn,return,wasn,not,$,but,ok,work,t,did,however,didn,off,poorly,waste,tried,after,poor,apart
cheap,does,small,should,disappointed,broke,wouldn,return,wasn,not,$,but,ok,work,t,did,however,didn,off,poorly,waste,tried,after,poor,apart
cheap,does,small,should,disappointed,broke,wouldn,return,wasn,not,$,but,ok,work,t,did,however,didn,off,poorly,waste,tried,after,poor,apart
cheap,does,small,should,disappointed,broke,wouldn,return,wasn,not,$,but,ok,work,t,did,however,didn,off,poorly,waste,tried,after,poor,apart
cheap,does,small,should,disappointed,broke,wouldn,return,wasn,not,$,but,ok,work,t,did,however,didn,off,poorly,waste,tried,after,poor,apart
cheap,does,small,should,disappointed,broke,wouldn,return,wasn,not,$,but,ok,work,t,did,however,didn,off,poorly,waste,tried,after,poor,apart
cheap,does,small,should,disappointed,broke,wouldn,return,wasn,not,$,but,ok,work,t,did,however,didn,off,poorly,waste,tried,after,poor,apart
cheap,does,small,should,disappointed,broke,wouldn,return,wasn,not,$,but,ok,work,t,did,however,didn,off,poorly,waste,tried,after,poor,apart
cheap,does,small,should,disappointed,broke,wouldn,return,wasn,not,$,but,ok,work,t,did,however,didn,off,poorly,waste,tried,after,poor,apart
cheap,does,small,should,disappointed,broke,wouldn,return,wasn,not,$,but,ok,work,t,did,however,didn,off,poorly,waste,tried,after,poor,apart
cheap,does,small,should,disappointed,broke,wouldn,return,wasn,not,$,but,ok,work,t,did,however,didn,off,poorly,waste,tried,after,poor,apart
cheap,does,small,should,disappointed,broke,wouldn,return,wasn,not,$,but,ok,work,t,did,however,didn,off,poorly,waste,tried,after,poor,apart
cheap,does,small,should,disappointed,broke,wouldn,return,wasn,not,$,but,ok,work,t,did,however,didn,off,poorly,waste,tried,after,poor,apart
cheap,does,small,should,disappointed,broke,wouldn,return,wasn,not,$,but,ok,work,t,did,however,didn,off,poorly,waste,tried,after,poor,apart
cheap,does,small,should,disappointed,broke,wouldn,return,wasn,not,$,but,ok,work,t,did,however,didn,off,poorly,waste,tried,after,poor,apart
cheap,does,small,should,disappointed,broke,wouldn,return,wasn,not,$,but,ok,work,t,did,however,didn,off,poorly,waste,tried,after,poor,apart
cheap,does,small,should,disappointed,broke,wouldn,return,wasn,not,$,but,ok,work,t,did,however,didn,off,poorly,waste,tried,after,poor,apart
cheap,does,small,should,disappointed,broke,wouldn,return,wasn,not,$,but,ok,work,t,did,however,didn,off,poorly,waste,tried,after,poor,apart
cheap,does,small,should,disappointed,broke,wouldn,return,wasn,not,$,but,ok,work,t,did,however,didn,off,poorly,waste,tried,after,poor,apart
cheap,does,small,should,disappointed,broke,wouldn,return,wasn,not,$,but,ok,work,t,did,however,didn,off,poorly,waste,tried,after,poor,apart
cheap,does,small,should,disappointed,broke,wouldn,return,wasn,not,$,but,ok,work,t,did,however,didn,off,poorly,waste,tried,after,poor,apart
cheap,does,small,should,disappointed,broke,wouldn,return,wasn,not,$,but,ok,work,t,did,however,didn,off,poorly,waste,tried,after,poor,apart
cheap,does,small,should,disappointed,broke,wouldn,return,wasn,not,$,but,ok,work,t,did,however,didn,off,poorly,waste,tried,after,poor,apart
cheap,does,small,should,disappointed,broke,wouldn,return,wasn,not,$,but,ok,work,t,did,however,didn,off,poorly,waste,tried,after,poor,apart
cheap,does,small,should,disappointed,broke,wouldn,return,wasn,not,$,but,ok,work,t,did,however,didn,off,poorly,waste,tried,after,poor,apart
cheap,does,small,should,disappointed,broke,wouldn,return,wasn,not,$,but,ok,work,t,did,however,didn,off,poorly,waste,tried,after,poor,apart
cheap,does,small,should,disappointed,broke,wouldn,return,wasn,not,$,but,ok,work,t,did,however,didn,off,poorly,waste,tried,after,poor,apart
cheap,does,small,should,disappointed,broke,wouldn,return,wasn,not,$,but,ok,work,t,did,however,didn,off,poorly,waste,tried,after,poor,apart
cheap,does,small,should,disappointed,broke,wouldn,return,wasn,not,$,but,ok,work,t,did,however,didn,off,poorly,waste,tried,after,poor,apart
cheap,does,small,should,disappointed,broke,wouldn,return,wasn,not,$,but,ok,work,t,did,however,didn,off,poorly,waste,tried,after,poor,apart
cheap,does,small,should,disappointed,broke,wouldn,return,wasn,not,$,but,ok,work,t,did,however,didn,off,poorly,waste,tried,after,poor,apart
cheap,does,small,should,disappointed,broke,wouldn,return,wasn,not,$,but,ok,work,t,did,however,didn,off,poorly,waste,tried,after,poor,apart
cheap,does,small,should,disappointed,broke,wouldn,return,wasn,not,$,but,ok,work,t,did,however,didn,off,poorly,waste,tried,after,poor,apart
cheap,does,small,should,disappointed,broke,wouldn,return,wasn,not,$,but,ok,work,t,did,however,didn,off,poorly,waste,tried,after,poor,apart
cheap,does,small,should,disappointed,broke,wouldn,return,wasn,not,$,but,ok,work,t,did,however,didn,off,poorly,waste,tried,after,poor,apart
cheap,does,small,should,disappointed,broke,wouldn,return,wasn,not,$,but,ok,work,t,did,however,didn,off,poorly,waste,tried,after,poor,apart
cheap,does,small,should,disappointed,broke,wouldn,return,wasn,not,$,but,ok,work,t,did,however,didn,off,poorly,waste,tried,after,poor,apart
cheap,does,small,should,disappointed,broke,wouldn,return,wasn,not,$,but,ok,work,t,did,however,didn,off,poorly,waste,tried,after,poor,apart
cheap,does,small,should,disappointed,broke,wouldn,return,wasn,not,$,but,ok,work,t,did,however,didn,off,poorly,waste,tried,after,poor,apart
cheap,does,small,should,disappointed,broke,wouldn,return,wasn,not,$,but,ok,work,t,did,however,didn,off,poorly,waste,tried,after,poor,apart
cheap,does,small,should,disappointed,broke,wouldn,return,wasn,not,$,but,ok,work,t,did,however,didn,off,poorly,waste,tried,after,poor,apart
cheap,does,small,should,disappointed,broke,wouldn,return,wasn,not,$,but,ok,work,t,did,however,didn,off,poorly,waste,tried,after,poor,apart
cheap,does,small,should,disappointed,broke,wouldn,return,wasn,not,$,but,ok,work,t,did,however,didn,off,poorly,waste,tried,after,poor,apart
cheap,does,small,should,disappointed,broke,wouldn,return,wasn,not,$,but,ok,work,t,did,however,didn,off,poorly,waste,tried,after,poor,apart
cheap,does,small,should,disappointed,broke,wouldn,return,wasn,not,$,but,ok,work,t,did,however,didn,off,poorly,waste,tried,after,poor,apart
cheap,does,small,should,disappointed,broke,wouldn,return,wasn,not,$,but,ok,work,t,did,however,didn,off,poorly,waste,tried,after,poor,apart
cheap,does,small,should,disappointed,broke,wouldn,return,wasn,not,$,but,ok,work,t,did,however,didn,off,poorly,waste,tried,after,poor,apart
cheap,does,small,should,disappointed,broke,wouldn,return,wasn,not,$,but,ok,work,t,did,however,didn,off,poorly,waste,tried,after,poor,apart
cheap,does,small,should,disappointed,broke,wouldn,return,wasn,not,$,but,ok,work,t,did,however,didn,off,poorly,waste,tried,after,poor,apart
cheap,does,small,should,disappointed,broke,wouldn,return,wasn,not,$,but,ok,work,t,did,however,didn,off,poorly,waste,tried,after,poor,apart
cheap,does,small,should,disappointed,broke,wouldn,return,wasn,not,$,but,ok,work,t,did,however,didn,off,poorly,waste,tried,after,poor,apart
cheap,does,small,should,disappointed,broke,wouldn,return,wasn,not,$,but,ok,work,t,did,however,didn,off,poorly,waste,tried,after,poor,apart
cheap,does,small,should,disappointed,broke,wouldn,return,wasn,not,$,but,ok,work,t,did,however,didn,off,poorly,waste,tried,after,poor,apart
cheap,does,small,should,disappointed,broke,wouldn,return,wasn,not,$,but,ok,work,t,did,however,didn,off,poorly,waste,tried,after,poor,apart
cheap,does,small,should,disappointed,broke,wouldn,return,wasn,not,$,but,ok,work,t,did,however,didn,off,poorly,waste,tried,after,poor,apart
cheap,does,small,should,disappointed,broke,wouldn,return,wasn,not,$,but,ok,work,t,did,however,didn,off,poorly,waste,tried,after,poor,apart
cheap,does,small,should,disappointed,broke,wouldn,return,wasn,not,$,but,ok,work,t,did,however,didn,off,poorly,waste,tried,after,poor,apart
cheap,does,small,should,disappointed,broke,wouldn,return,wasn,not,$,but,ok,work,t,did,however,didn,off,poorly,waste,tried,after,poor,apart
cheap,does,small,should,disappointed,broke,wouldn,return,wasn,not,$,but,ok,work,t,did,however,didn,off,poorly,waste,tried,after,poor,apart
cheap,does,small,should,disappointed,broke,wouldn,return,wasn,not,$,but,ok,work,t,did,however,didn,off,poorly,waste,tried,after,poor,apart
cheap,does,small,should,disappointed,broke,wouldn,return,wasn,not,$,but,ok,work,t,did,however,didn,off,poorly,waste,tried,after,poor,apart
cheap,does,small,should,disappointed,broke,wouldn,return,wasn,not,$,but,ok,work,t,did,however,didn,off,poorly,waste,tried,after,poor,apart
cheap,does,small,should,disappointed,broke,wouldn,return,wasn,not,$,but,ok,work,t,did,however,didn,off,poorly,waste,tried,after,poor,apart
cheap,does,small,should,disappointed,broke,wouldn,return,wasn,not,$,but,ok,work,t,did,however,didn,off,poorly,waste,tried,after,poor,apart
cheap,does,small,should,disappointed,broke,wouldn,return,wasn,not,$,but,ok,work,t,did,however,didn,off,poorly,waste,tried,after,poor,apart
cheap,does,small,should,disappointed,broke,wouldn,return,wasn,not,$,but,ok,work,t,did,however,didn,off,poorly,waste,tried,after,poor,apart
cheap,does,small,should,disappointed,broke,wouldn,return,wasn,not,$,but,ok,work,t,did,however,didn,off,poorly,waste,tried,after,poor,apart
cheap,does,small,should,disappointed,broke,wouldn,return,wasn,not,$,but,ok,work,t,did,however,didn,off,poorly,waste,tried,after,poor,apart
cheap,does,small,should,disappointed,broke,wouldn,return,wasn,not,$,but,ok,work,t,did,however,didn,off,poorly,waste,tried,after,poor,apart
cheap,does,small,should,disappointed,broke,wouldn,return,wasn,not,$,but,ok,work,t,did,however,didn,off,poorly,waste,tried,after,poor,apart
cheap,does,small,should,disappointed,broke,wouldn,return,wasn,not,$,but,ok,work,t,did,however,didn,off,poorly,waste,tried,after,poor,apart
cheap,does,small,should,disappointed,broke,wouldn,return,wasn,not,$,but,ok,work,t,did,however,didn,off,poorly,waste,tried,after,poor,apart
cheap,does,small,should,disappointed,broke,wouldn,return,wasn,not,$,but,ok,work,t,did,however,didn,off,poorly,waste,tried,after,poor,apart
cheap,does,small,should,disappointed,broke,wouldn,return,wasn,not,$,but,ok,work,t,did,however,didn,off,poorly,waste,tried,after,poor,apart
cheap,does,small,should,disappointed,broke,wouldn,return,wasn,not,$,but,ok,work,t,did,however,didn,off,poorly,waste,tried,after,poor,apart
cheap,does,small,should,disappointed,broke,wouldn,return,wasn,not,$,but,ok,work,t,did,however,didn,off,poorly,waste,tried,after,poor,apart
cheap,does,small,should,disappointed,broke,wouldn,return,wasn,not,$,but,ok,work,t,did,however,didn,off,poorly,waste,tried,after,poor,apart
cheap,does,small,should,disappointed,broke,wouldn,return,wasn,not,$,but,ok,work,t,did,however,didn,off,poorly,waste,tried,after,poor,apart
cheap,does,small,should,disappointed,broke,wouldn,return,wasn,not,$,but,ok,work,t,did,however,didn,off,poorly,waste,tried,after,poor,apart
cheap,does,small,should,disappointed,broke,wouldn,return,wasn,not,$,but,ok,work,t,did,however,didn,off,poorly,waste,tried,after,poor,apart
cheap,does,small,should,disappointed,broke,wouldn,return,wasn,not,$,but,ok,work,t,did,however,didn,off,poorly,waste,tried,after,poor,apart
cheap,does,small,should,disappointed,broke,wouldn,return,thought,wasn,not,$,but,ok,work,t,did,however,didn,off,waste,tried,after,poor,apart
cheap,does,small,should,disappointed,broke,wouldn,return,thought,wasn,not,$,but,ok,work,t,did,however,didn,off,waste,tried,after,poor,apart
cheap,does,small,should,disappointed,broke,wouldn,return,thought,wasn,not,$,but,ok,work,t,did,however,didn,off,waste,tried,after,poor,apart
cheap,does,small,should,disappointed,broke,wouldn,return,thought,wasn,not,$,but,ok,work,t,did,however,didn,off,waste,tried,after,poor,apart
cheap,does,small,should,disappointed,broke,wouldn,return,thought,wasn,not,$,but,ok,work,t,did,however,didn,off,waste,tried,after,poor,apart
cheap,does,small,should,disappointed,broke,wouldn,return,thought,wasn,not,$,but,ok,work,t,did,however,didn,off,waste,tried,after,poor,apart
cheap,does,small,should,disappointed,broke,wouldn,return,thought,wasn,not,$,but,ok,work,t,did,however,didn,off,waste,tried,after,poor,apart
cheap,does,small,should,disappointed,broke,wouldn,return,thought,wasn,not,$,but,ok,work,t,did,however,didn,off,waste,tried,after,poor,apart
cheap,does,small,should,disappointed,broke,wouldn,return,thought,wasn,not,$,but,ok,work,t,did,however,didn,off,waste,tried,after,poor,apart
cheap,does,small,should,disappointed,broke,wouldn,return,thought,wasn,not,$,but,ok,work,t,did,however,didn,off,waste,tried,after,poor,apart
cheap,does,small,should,disappointed,broke,wouldn,return,thought,wasn,not,$,but,ok,work,t,did,however,didn,off,waste,tried,after,poor,apart
cheap,does,small,should,disappointed,broke,wouldn,return,thought,wasn,not,$,but,ok,work,t,did,however,didn,off,waste,tried,after,poor,apart
cheap,does,small,should,disappointed,broke,wouldn,return,thought,wasn,not,$,but,ok,work,t,did,however,didn,off,waste,tried,after,poor,apart
cheap,does,small,should,disappointed,broke,wouldn,return,thought,wasn,not,$,but,ok,work,t,did,however,didn,off,waste,tried,after,poor,apart
cheap,does,small,should,disappointed,broke,wouldn,return,thought,wasn,not,$,but,ok,work,t,did,however,didn,off,waste,tried,after,poor,apart
cheap,does,small,should,disappointed,broke,wouldn,return,thought,wasn,not,$,but,ok,work,t,did,however,didn,off,waste,tried,after,poor,apart
cheap,does,small,should,disappointed,broke,wouldn,return,thought,wasn,not,$,but,ok,work,t,did,however,didn,off,waste,tried,after,poor,apart
cheap,does,small,should,disappointed,broke,wouldn,return,thought,wasn,not,$,but,ok,work,t,did,however,didn,off,waste,tried,after,poor,apart
cheap,does,small,should,disappointed,broke,wouldn,return,thought,wasn,not,$,but,ok,work,t,did,however,didn,off,waste,tried,after,poor,apart
cheap,does,small,should,disappointed,broke,wouldn,return,thought,wasn,not,$,but,ok,work,t,did,however,didn,off,waste,tried,after,poor,apart
cheap,does,small,should,disappointed,broke,wouldn,return,thought,wasn,not,$,but,ok,work,t,did,however,didn,off,waste,tried,after,poor,apart
cheap,does,small,should,disappointed,broke,wouldn,return,thought,wasn,not,$,but,ok,work,t,did,however,didn,off,waste,tried,after,poor,apart
cheap,does,small,should,disappointed,broke,wouldn,return,thought,wasn,not,$,but,ok,work,t,did,however,didn,off,waste,tried,after,poor,apart
cheap,does,small,should,disappointed,broke,wouldn,return,thought,wasn,not,$,but,ok,work,t,did,however,didn,off,waste,tried,after,poor,apart
cheap,does,small,should,disappointed,broke,wouldn,return,thought,wasn,not,$,but,ok,work,t,did,however,didn,off,waste,tried,after,poor,apart
cheap,does,small,should,disappointed,broke,wouldn,return,thought,wasn,not,$,but,ok,work,t,did,however,didn,off,waste,tried,after,poor,apart
cheap,does,small,should,disappointed,broke,wouldn,return,thought,wasn,not,$,but,ok,work,t,did,however,didn,off,waste,tried,after,poor,apart
cheap,does,small,should,disappointed,broke,wouldn,return,thought,wasn,not,$,but,ok,work,t,did,however,didn,off,waste,tried,after,poor,apart
cheap,does,small,should,disappointed,broke,wouldn,return,thought,wasn,not,$,but,ok,work,t,did,however,didn,off,waste,tried,after,poor,apart
cheap,does,small,should,disappointed,broke,wouldn,return,thought,wasn,not,$,but,ok,work,t,did,however,didn,off,waste,tried,after,poor,apart
cheap,does,small,should,disappointed,broke,wouldn,return,thought,wasn,not,$,but,ok,work,t,did,however,didn,off,waste,tried,after,poor,apart
cheap,does,small,should,disappointed,broke,wouldn,return,thought,wasn,not,$,but,ok,work,t,did,however,didn,off,waste,tried,after,poor,apart
cheap,does,small,should,disappointed,broke,wouldn,return,thought,wasn,not,$,but,ok,work,t,did,however,didn,off,waste,tried,after,poor,apart
cheap,does,small,should,disappointed,broke,wouldn,return,thought,wasn,not,$,but,ok,work,t,did,however,didn,off,waste,tried,after,poor,apart
cheap,does,small,should,disappointed,broke,wouldn,return,thought,wasn,not,$,but,ok,work,t,did,however,didn,off,waste,tried,after,poor,apart
cheap,does,small,should,disappointed,broke,wouldn,return,thought,wasn,not,$,but,ok,work,t,did,however,didn,off,waste,tried,after,poor,apart
cheap,does,small,should,disappointed,broke,wouldn,return,thought,wasn,not,$,but,ok,work,t,did,however,didn,off,waste,tried,after,poor,apart
cheap,does,small,should,disappointed,broke,wouldn,return,thought,wasn,not,$,but,ok,work,t,did,however,didn,off,waste,tried,after,poor,apart
cheap,does,small,should,disappointed,broke,wouldn,return,thought,wasn,not,$,but,ok,work,t,did,however,didn,off,waste,tried,after,poor,apart
cheap,does,small,should,disappointed,broke,wouldn,return,thought,wasn,not,$,but,ok,work,t,did,however,didn,off,waste,tried,after,poor,apart
cheap,does,small,should,disappointed,broke,wouldn,return,thought,wasn,not,$,but,ok,work,t,did,however,didn,off,waste,tried,after,poor,apart
cheap,does,small,should,disappointed,broke,wouldn,return,thought,wasn,not,$,but,ok,work,t,did,however,didn,off,waste,tried,after,poor,apart
cheap,does,small,should,disappointed,broke,wouldn,return,thought,wasn,not,$,but,ok,work,t,did,however,didn,off,waste,tried,after,poor,apart
cheap,does,small,should,disappointed,broke,wouldn,return,thought,wasn,not,$,but,ok,work,t,did,however,didn,off,waste,tried,after,poor,apart
cheap,does,small,should,disappointed,broke,wouldn,return,thought,wasn,not,$,but,ok,work,t,did,however,didn,off,waste,tried,after,poor,apart
cheap,does,small,should,disappointed,broke,wouldn,return,thought,wasn,not,$,but,ok,work,t,did,however,didn,off,waste,tried,after,poor,apart
cheap,does,small,should,disappointed,broke,wouldn,return,thought,wasn,not,$,but,ok,work,t,did,however,didn,off,waste,tried,after,poor,apart
cheap,does,small,should,disappointed,broke,wouldn,return,thought,wasn,not,$,but,ok,work,t,did,however,didn,off,waste,tried,after,poor,apart
cheap,does,small,should,disappointed,broke,wouldn,return,thought,wasn,not,$,but,ok,work,t,did,however,didn,off,waste,tried,after,poor,apart
cheap,does,small,should,disappointed,broke,wouldn,return,thought,wasn,not,$,but,ok,work,t,did,however,didn,off,waste,tried,after,poor,apart
cheap,does,small,should,disappointed,broke,wouldn,return,thought,wasn,not,$,but,ok,work,t,did,however,didn,off,waste,tried,after,poor,apart
cheap,does,small,should,disappointed,broke,wouldn,return,thought,wasn,not,$,but,ok,work,t,did,however,didn,off,waste,tried,after,poor,apart
cheap,does,small,should,disappointed,broke,wouldn,return,thought,wasn,not,$,but,ok,work,t,did,however,didn,off,waste,tried,after,poor,apart
cheap,does,small,should,disappointed,broke,wouldn,return,thought,wasn,not,$,but,ok,work,t,did,however,didn,off,waste,tried,after,poor,apart
cheap,does,small,should,disappointed,broke,wouldn,return,thought,wasn,not,$,but,ok,work,t,did,however,didn,off,waste,tried,after,poor,apart
cheap,does,small,should,disappointed,broke,wouldn,return,thought,wasn,not,$,but,ok,work,t,did,however,didn,off,waste,tried,after,poor,apart
cheap,does,small,should,disappointed,broke,wouldn,return,thought,wasn,not,$,but,ok,work,t,did,however,didn,off,waste,tried,after,poor,apart
cheap,does,small,should,disappointed,broke,wouldn,return,thought,wasn,not,$,but,ok,work,t,did,however,didn,off,waste,tried,after,poor,apart
cheap,does,small,should,disappointed,broke,wouldn,return,thought,wasn,not,$,but,ok,work,t,did,however,didn,off,waste,tried,after,poor,apart
cheap,does,small,should,disappointed,broke,wouldn,return,thought,wasn,not,$,but,ok,work,t,did,however,didn,off,waste,tried,after,poor,apart
cheap,does,small,should,disappointed,broke,wouldn,return,thought,wasn,not,$,but,ok,work,t,did,however,didn,off,waste,tried,after,poor,apart
cheap,does,small,should,disappointed,broke,wouldn,return,thought,wasn,not,$,but,ok,work,t,did,however,didn,off,waste,tried,after,poor,apart
cheap,does,small,should,disappointed,broke,wouldn,return,thought,wasn,not,$,but,ok,work,t,did,however,didn,off,waste,tried,after,poor,apart
cheap,does,small,should,disappointed,broke,wouldn,return,thought,wasn,not,$,but,ok,work,t,did,however,didn,off,waste,tried,after,poor,apart
cheap,does,small,should,disappointed,broke,wouldn,return,thought,wasn,not,$,but,ok,work,t,did,however,didn,off,waste,tried,after,poor,apart
cheap,does,small,should,disappointed,broke,wouldn,return,thought,wasn,not,$,but,ok,work,t,did,however,didn,off,waste,tried,after,poor,apart
cheap,does,small,should,disappointed,broke,wouldn,return,thought,wasn,not,$,but,ok,work,t,did,however,didn,off,waste,tried,after,poor,apart
cheap,does,small,should,disappointed,broke,wouldn,return,thought,wasn,not,$,but,ok,work,t,did,however,didn,off,waste,tried,after,poor,apart
cheap,does,small,should,disappointed,broke,wouldn,return,thought,wasn,not,$,but,ok,work,t,did,however,didn,off,waste,tried,after,poor,apart
cheap,does,small,should,disappointed,broke,wouldn,return,thought,wasn,not,$,but,ok,work,t,did,however,didn,off,waste,tried,after,poor,apart
cheap,does,small,should,disappointed,broke,wouldn,return,thought,wasn,not,$,but,ok,work,t,did,however,didn,off,waste,tried,after,poor,apart
cheap,does,small,should,disappointed,broke,wouldn,return,thought,wasn,not,$,but,ok,work,t,did,however,didn,off,waste,tried,after,poor,apart
cheap,does,small,should,disappointed,broke,wouldn,return,thought,wasn,not,$,but,ok,work,t,did,however,didn,off,waste,tried,after,poor,apart
cheap,does,small,should,disappointed,broke,wouldn,return,thought,wasn,not,$,but,ok,work,t,did,however,didn,off,waste,tried,after,poor,apart
cheap,does,small,should,disappointed,broke,wouldn,return,thought,wasn,not,$,but,ok,work,t,did,however,didn,off,waste,tried,after,poor,apart
cheap,does,small,should,disappointed,broke,wouldn,return,thought,wasn,not,$,but,ok,work,t,did,however,didn,off,waste,tried,after,poor,apart
cheap,does,small,should,disappointed,broke,wouldn,return,thought,wasn,not,$,but,ok,work,t,did,however,didn,off,waste,tried,after,poor,apart
cheap,does,small,should,disappointed,broke,wouldn,return,thought,wasn,not,$,but,ok,work,t,did,however,didn,off,waste,tried,after,poor,apart
cheap,does,small,should,disappointed,broke,wouldn,return,thought,wasn,not,$,but,ok,work,t,did,however,didn,off,waste,tried,after,poor,apart
cheap,does,small,should,disappointed,broke,wouldn,return,thought,wasn,not,$,but,ok,work,t,did,however,didn,off,waste,tried,after,poor,apart
cheap,does,small,should,disappointed,broke,wouldn,return,thought,wasn,not,$,but,ok,work,t,did,however,didn,off,waste,tried,after,poor,apart
cheap,does,small,should,disappointed,broke,wouldn,return,thought,wasn,not,$,but,ok,work,t,did,however,didn,off,waste,tried,after,poor,apart
cheap,does,small,should,disappointed,broke,wouldn,return,thought,wasn,not,$,but,ok,work,t,did,however,didn,off,waste,tried,after,poor,apart
cheap,does,small,should,disappointed,broke,wouldn,return,thought,wasn,not,$,but,ok,work,t,did,however,didn,off,waste,tried,after,poor,apart
cheap,does,small,should,disappointed,broke,wouldn,return,thought,wasn,not,$,but,ok,work,t,did,however,didn,off,waste,tried,after,poor,apart
cheap,does,small,should,disappointed,broke,wouldn,return,thought,wasn,not,$,but,ok,work,t,did,however,didn,off,waste,tried,after,poor,apart
cheap,does,small,should,disappointed,broke,wouldn,return,thought,wasn,not,$,but,ok,work,t,did,however,didn,off,waste,tried,after,poor,apart
cheap,does,small,should,disappointed,broke,wouldn,return,thought,wasn,not,$,but,ok,work,t,did,however,didn,off,waste,tried,after,poor,apart
cheap,does,small,should,disappointed,broke,wouldn,return,thought,wasn,not,$,but,ok,work,t,did,however,didn,off,waste,tried,after,poor,apart
cheap,does,small,should,disappointed,broke,wouldn,return,thought,wasn,not,$,but,ok,work,t,did,however,didn,off,waste,tried,after,poor,apart
cheap,does,small,should,disappointed,broke,wouldn,return,thought,wasn,not,$,but,ok,work,t,did,however,didn,off,waste,tried,after,poor,apart
cheap,does,small,should,disappointed,broke,wouldn,return,thought,wasn,not,$,but,ok,work,t,did,however,didn,off,waste,tried,after,poor,apart
cheap,does,small,should,disappointed,broke,wouldn,return,thought,wasn,not,$,but,ok,work,t,did,however,didn,off,waste,tried,after,poor,apart
cheap,does,small,should,disappointed,broke,wouldn,return,thought,wasn,not,$,but,ok,work,t,did,however,didn,off,waste,tried,after,poor,apart
cheap,does,small,should,disappointed,broke,wouldn,return,thought,wasn,not,$,but,ok,work,t,did,however,didn,off,waste,tried,after,poor,apart
cheap,does,small,should,disappointed,broke,wouldn,return,thought,wasn,not,$,but,ok,work,t,did,however,didn,off,waste,tried,after,poor,apart
cheap,does,small,should,disappointed,broke,wouldn,return,thought,wasn,not,$,but,ok,work,t,did,however,didn,off,waste,tried,after,poor,apart
cheap,does,small,should,disappointed,broke,wouldn,return,thought,wasn,not,$,but,ok,work,t,did,however,didn,off,waste,tried,after,poor,apart
cheap,does,small,should,disappointed,broke,wouldn,return,thought,wasn,not,$,but,ok,work,t,did,however,didn,off,waste,tried,after,poor,apart
cheap,does,small,should,disappointed,broke,wouldn,return,thought,wasn,not,$,but,ok,work,t,did,however,didn,off,waste,tried,after,poor,apart
cheap,does,small,should,disappointed,broke,wouldn,return,thought,wasn,not,$,but,ok,work,t,did,however,didn,off,waste,tried,after,poor,apart
cheap,does,small,should,disappointed,broke,wouldn,return,thought,wasn,not,$,but,ok,work,t,did,however,didn,off,waste,tried,after,poor,apart
cheap,does,small,should,disappointed,broke,wouldn,return,thought,wasn,not,$,but,ok,work,t,did,however,didn,off,waste,tried,after,poor,apart
cheap,does,small,should,disappointed,broke,wouldn,return,thought,wasn,not,$,but,ok,work,t,did,however,didn,off,waste,tried,after,poor,apart
cheap,does,small,should,disappointed,broke,wouldn,return,thought,wasn,not,$,but,ok,work,t,did,however,didn,off,waste,tried,after,poor,apart
cheap,does,small,should,disappointed,broke,wouldn,return,thought,wasn,not,$,but,ok,work,t,did,however,didn,off,waste,tried,after,poor,apart
cheap,does,small,should,disappointed,broke,wouldn,return,thought,wasn,not,$,but,ok,work,t,did,however,didn,off,waste,tried,after,poor,apart
cheap,does,small,should,disappointed,broke,wouldn,return,thought,wasn,not,$,but,ok,work,t,did,however,didn,off,waste,tried,after,poor,apart
cheap,does,small,should,disappointed,broke,wouldn,return,thought,wasn,not,$,but,ok,work,t,did,however,didn,off,waste,tried,after,poor,apart
cheap,does,small,should,disappointed,broke,wouldn,return,thought,wasn,not,$,but,ok,work,t,did,however,didn,off,waste,tried,after,poor,apart
cheap,does,small,should,disappointed,broke,wouldn,return,thought,wasn,not,$,but,ok,work,t,did,however,didn,off,waste,tried,after,poor,apart
cheap,does,small,should,disappointed,broke,wouldn,return,thought,wasn,not,$,but,ok,work,t,did,however,didn,off,waste,tried,after,poor,apart
cheap,does,small,should,disappointed,broke,wouldn,return,thought,wasn,not,$,but,ok,work,t,did,however,didn,off,waste,tried,after,poor,apart
cheap,does,small,should,disappointed,broke,wouldn,return,thought,wasn,not,$,but,ok,work,t,did,however,didn,off,waste,tried,after,poor,apart
cheap,does,small,should,disappointed,broke,wouldn,return,thought,wasn,not,$,but,ok,work,t,did,however,didn,off,waste,tried,after,poor,apart
cheap,does,small,should,disappointed,broke,wouldn,return,thought,wasn,not,$,but,ok,work,t,did,however,didn,off,waste,tried,after,poor,apart
cheap,does,small,should,disappointed,broke,wouldn,return,thought,wasn,not,$,but,ok,work,t,did,however,didn,off,waste,tried,after,poor,apart
cheap,does,small,should,disappointed,broke,wouldn,return,thought,wasn,not,$,but,ok,work,t,did,however,didn,off,waste,tried,after,poor,apart
cheap,does,small,should,disappointed,broke,wouldn,return,thought,wasn,not,$,but,ok,work,t,did,however,didn,off,waste,tried,after,poor,apart
cheap,does,small,should,disappointed,broke,wouldn,return,thought,wasn,not,$,but,ok,work,t,did,however,didn,off,waste,tried,after,poor,apart
cheap,does,small,should,disappointed,broke,wouldn,return,thought,wasn,not,$,but,ok,work,t,did,however,didn,off,waste,tried,after,poor,apart
cheap,does,small,should,disappointed,broke,wouldn,return,thought,wasn,not,$,but,ok,work,t,did,however,didn,off,waste,tried,after,poor,apart
cheap,does,small,should,disappointed,broke,wouldn,return,thought,wasn,not,$,but,ok,work,t,did,however,didn,off,waste,tried,after,poor,apart
cheap,does,small,should,disappointed,broke,wouldn,return,thought,wasn,not,$,but,ok,work,t,did,however,didn,off,waste,tried,after,poor,apart
cheap,does,small,should,disappointed,broke,wouldn,return,thought,wasn,not,$,but,ok,work,t,did,however,didn,off,waste,tried,after,poor,apart
cheap,does,small,should,disappointed,broke,wouldn,return,thought,wasn,not,$,but,ok,work,t,did,however,didn,off,waste,tried,after,poor,apart
cheap,does,small,should,disappointed,broke,wouldn,return,thought,wasn,not,$,but,ok,work,t,did,however,didn,off,waste,tried,after,poor,apart
cheap,does,small,should,disappointed,broke,wouldn,return,thought,wasn,not,$,but,ok,work,t,did,however,didn,off,waste,tried,after,poor,apart
cheap,does,small,should,disappointed,broke,wouldn,return,thought,wasn,not,$,but,ok,work,t,did,however,didn,off,waste,tried,after,poor,apart
cheap,does,small,should,disappointed,broke,wouldn,return,thought,wasn,not,$,but,ok,work,t,did,however,didn,off,waste,tried,after,poor,apart
cheap,does,small,should,disappointed,broke,wouldn,return,thought,wasn,not,$,but,ok,work,t,did,however,didn,off,waste,tried,after,poor,apart
cheap,does,small,should,disappointed,broke,wouldn,return,thought,wasn,not,$,but,ok,work,t,did,however,didn,off,waste,tried,after,poor,apart
cheap,does,small,should,disappointed,broke,wouldn,return,thought,wasn,not,$,but,ok,work,t,did,however,didn,off,waste,tried,after,poor,apart
cheap,does,small,should,disappointed,broke,wouldn,return,thought,wasn,not,$,but,ok,work,t,did,however,didn,off,waste,tried,after,poor,apart
cheap,does,small,should,disappointed,broke,wouldn,return,thought,wasn,not,$,but,ok,work,t,did,however,didn,off,waste,tried,after,poor,apart
cheap,does,small,should,disappointed,broke,return,thought,wasn,not,$,but,ok,work,t,did,pool,however,didn,off,waste,tried,after,poor,apart
cheap,does,small,should,disappointed,broke,return,thought,wasn,not,$,but,ok,work,t,did,pool,however,didn,off,waste,tried,after,poor,apart
cheap,does,small,should,disappointed,broke,return,thought,wasn,not,$,but,ok,work,t,did,pool,however,didn,off,waste,tried,after,poor,apart
cheap,does,small,should,disappointed,broke,return,thought,wasn,not,$,but,ok,work,t,did,pool,however,didn,off,waste,tried,after,poor,apart
cheap,does,small,should,disappointed,broke,return,thought,wasn,not,$,but,ok,work,t,did,pool,however,didn,off,waste,tried,after,poor,apart
cheap,does,small,should,disappointed,broke,return,thought,wasn,not,$,but,ok,work,t,did,pool,however,didn,off,waste,tried,after,poor,apart
cheap,does,small,should,disappointed,broke,return,thought,wasn,not,$,but,ok,work,t,did,pool,however,didn,off,waste,tried,after,poor,apart
cheap,does,small,should,disappointed,broke,return,thought,wasn,not,$,but,ok,work,t,did,pool,however,didn,off,waste,tried,after,poor,apart
cheap,does,small,should,disappointed,broke,return,thought,wasn,not,$,but,ok,work,t,did,pool,however,didn,off,waste,tried,after,poor,apart
cheap,does,small,should,disappointed,broke,return,thought,wasn,not,$,but,ok,work,t,did,pool,however,didn,off,waste,tried,after,poor,apart
cheap,does,small,should,disappointed,broke,return,thought,wasn,not,$,but,ok,work,t,did,pool,however,didn,off,waste,tried,after,poor,apart
cheap,does,small,should,disappointed,broke,return,thought,wasn,not,$,but,ok,work,t,did,pool,however,didn,off,waste,tried,after,poor,apart
cheap,does,small,should,disappointed,broke,return,thought,wasn,not,$,but,ok,work,t,did,pool,however,didn,off,waste,tried,after,poor,apart
cheap,does,small,should,disappointed,broke,return,thought,wasn,not,$,but,ok,work,t,did,pool,however,didn,off,waste,tried,after,poor,apart
cheap,does,small,should,disappointed,broke,return,thought,wasn,not,$,but,ok,work,t,did,pool,however,didn,off,waste,tried,after,poor,apart
cheap,does,small,should,disappointed,broke,return,thought,wasn,not,$,but,ok,work,t,did,pool,however,didn,off,waste,tried,after,poor,apart
cheap,does,small,should,disappointed,broke,return,thought,wasn,not,$,but,ok,work,t,did,pool,however,didn,off,waste,tried,after,poor,apart
cheap,does,small,should,disappointed,broke,return,thought,wasn,not,$,but,ok,work,t,did,pool,however,didn,off,waste,tried,after,poor,apart
cheap,does,small,should,disappointed,broke,return,thought,wasn,not,$,but,ok,work,t,did,pool,however,didn,off,waste,tried,after,poor,apart
cheap,does,small,should,disappointed,broke,return,thought,wasn,not,$,but,ok,work,t,did,pool,however,didn,off,waste,tried,after,poor,apart
cheap,does,small,should,disappointed,broke,return,thought,wasn,not,$,but,ok,work,t,did,pool,however,didn,off,waste,tried,after,poor,apart
cheap,does,small,should,disappointed,broke,return,thought,wasn,not,$,but,ok,work,t,did,pool,however,didn,off,waste,tried,after,poor,apart
cheap,does,small,should,disappointed,broke,return,thought,wasn,not,$,but,ok,work,t,did,pool,however,didn,off,waste,tried,after,poor,apart
cheap,does,small,should,disappointed,broke,return,thought,wasn,not,$,but,ok,work,t,did,pool,however,didn,off,waste,tried,after,poor,apart
cheap,does,small,should,disappointed,broke,return,thought,wasn,not,$,but,ok,work,t,did,pool,however,didn,off,waste,tried,after,poor,apart
cheap,does,small,should,disappointed,broke,return,thought,wasn,not,$,but,ok,work,t,did,pool,however,didn,off,waste,tried,after,poor,apart
cheap,does,small,should,disappointed,broke,return,thought,wasn,not,$,but,ok,work,t,did,pool,however,didn,off,waste,tried,after,poor,apart
cheap,does,small,should,disappointed,broke,return,thought,wasn,not,$,but,ok,work,t,did,pool,however,didn,off,waste,tried,after,poor,apart
cheap,does,small,should,disappointed,broke,return,thought,wasn,not,$,but,ok,work,t,did,pool,however,didn,off,waste,tried,after,poor,apart
cheap,does,small,should,disappointed,broke,return,thought,wasn,not,$,but,ok,work,t,did,pool,however,didn,off,waste,tried,after,poor,apart
cheap,does,small,should,disappointed,broke,return,thought,wasn,not,$,but,ok,work,t,did,pool,however,didn,off,waste,tried,after,poor,apart
cheap,does,small,should,disappointed,broke,return,thought,wasn,not,$,but,ok,work,t,did,pool,however,didn,off,waste,tried,after,poor,apart
cheap,does,small,should,disappointed,broke,return,thought,wasn,not,$,but,ok,work,t,did,pool,however,didn,off,waste,tried,after,poor,apart
cheap,does,small,should,disappointed,broke,return,thought,wasn,not,$,but,ok,work,t,did,pool,however,didn,off,waste,tried,after,poor,apart
cheap,does,small,should,disappointed,broke,return,thought,wasn,not,$,but,ok,work,t,did,pool,however,didn,off,waste,tried,after,poor,apart
cheap,does,small,should,disappointed,broke,return,thought,wasn,not,$,but,ok,work,t,did,pool,however,didn,off,waste,tried,after,poor,apart
cheap,does,small,should,disappointed,broke,return,thought,wasn,not,$,but,ok,work,t,did,pool,however,didn,off,waste,tried,after,poor,apart
cheap,does,small,should,disappointed,broke,return,thought,wasn,not,$,but,ok,work,t,did,pool,however,didn,off,waste,tried,after,poor,apart
cheap,does,small,should,disappointed,broke,return,thought,wasn,not,$,but,ok,work,t,did,pool,however,didn,off,waste,tried,after,poor,apart
cheap,does,small,should,disappointed,broke,return,thought,wasn,not,$,but,ok,work,t,did,pool,however,didn,off,waste,tried,after,poor,apart
cheap,does,small,should,disappointed,broke,return,thought,wasn,not,$,but,ok,work,t,did,pool,however,didn,off,waste,tried,after,poor,apart
cheap,does,small,should,disappointed,broke,return,thought,wasn,not,$,but,ok,work,t,did,pool,however,didn,off,waste,tried,after,poor,apart
cheap,does,small,should,disappointed,broke,return,thought,wasn,not,$,but,ok,work,t,did,pool,however,didn,off,waste,tried,after,poor,apart
cheap,does,small,should,disappointed,broke,return,thought,wasn,not,$,but,ok,work,t,did,pool,however,didn,off,waste,tried,after,poor,apart
cheap,does,small,should,disappointed,broke,return,thought,wasn,not,$,but,ok,work,t,did,pool,however,didn,off,waste,tried,after,poor,apart
cheap,does,small,should,disappointed,broke,return,thought,wasn,not,$,but,ok,work,t,did,pool,however,didn,off,waste,tried,after,poor,apart
cheap,does,small,should,disappointed,broke,return,thought,wasn,not,$,but,ok,work,t,did,pool,however,didn,off,waste,tried,after,poor,apart
cheap,does,small,should,disappointed,broke,return,thought,wasn,not,$,but,ok,work,t,did,pool,however,didn,off,waste,tried,after,poor,apart
cheap,does,small,should,disappointed,broke,return,thought,wasn,not,$,but,ok,work,t,did,pool,however,didn,off,waste,tried,after,poor,apart
cheap,does,small,should,disappointed,broke,return,thought,wasn,not,$,but,ok,work,t,did,pool,however,didn,off,waste,tried,after,poor,apart
cheap,does,small,should,disappointed,broke,return,thought,wasn,not,$,but,ok,work,t,did,pool,however,didn,off,waste,tried,after,poor,apart
cheap,does,small,should,disappointed,broke,return,thought,wasn,not,$,but,ok,work,t,did,pool,however,didn,off,waste,tried,after,poor,apart
cheap,does,small,should,disappointed,broke,return,thought,wasn,not,$,but,ok,work,t,did,pool,however,didn,off,waste,tried,after,poor,apart
cheap,does,small,should,disappointed,broke,return,thought,wasn,not,$,but,ok,work,t,did,pool,however,didn,off,waste,tried,after,poor,apart
cheap,does,small,should,disappointed,broke,return,thought,wasn,not,$,but,ok,work,t,did,pool,however,didn,off,waste,tried,after,poor,apart
cheap,does,small,should,disappointed,broke,return,thought,wasn,not,$,but,ok,work,t,did,pool,however,didn,off,waste,tried,after,poor,apart
cheap,does,small,should,disappointed,broke,return,thought,wasn,not,$,but,ok,work,t,did,pool,however,didn,off,waste,tried,after,poor,apart
cheap,does,small,should,disappointed,broke,return,thought,wasn,not,$,but,ok,work,t,did,pool,however,didn,off,waste,tried,after,poor,apart
cheap,does,small,should,disappointed,broke,return,thought,wasn,not,$,but,ok,work,t,did,pool,however,didn,off,waste,tried,after,poor,apart
cheap,does,small,should,disappointed,broke,return,thought,wasn,not,$,but,ok,work,t,did,pool,however,didn,off,waste,tried,after,poor,apart
cheap,does,small,should,disappointed,broke,return,thought,wasn,not,$,but,ok,work,t,did,pool,however,didn,off,waste,tried,after,poor,apart
cheap,does,small,should,disappointed,broke,return,thought,wasn,not,$,but,ok,work,t,did,pool,however,didn,off,waste,tried,after,poor,apart
cheap,does,small,should,disappointed,broke,return,thought,wasn,not,$,but,ok,work,t,did,pool,however,didn,off,waste,tried,after,poor,apart
cheap,does,small,should,disappointed,broke,return,thought,wasn,not,$,but,ok,work,t,did,pool,however,didn,off,waste,tried,after,poor,apart
cheap,does,small,should,disappointed,broke,return,thought,wasn,not,$,but,ok,work,t,did,pool,however,didn,off,waste,tried,after,poor,apart
cheap,does,small,should,disappointed,broke,return,thought,wasn,not,$,but,ok,work,t,did,pool,however,didn,off,waste,tried,after,poor,apart
cheap,does,small,should,disappointed,broke,return,thought,wasn,not,$,but,ok,work,t,did,pool,however,didn,off,waste,tried,after,poor,apart
cheap,does,small,should,disappointed,broke,return,thought,wasn,not,$,but,ok,work,t,did,pool,however,didn,off,waste,tried,after,poor,apart
cheap,does,small,should,disappointed,broke,return,thought,wasn,not,$,but,ok,work,t,did,pool,however,didn,off,waste,tried,after,poor,apart
cheap,does,small,should,disappointed,broke,return,thought,wasn,not,$,but,ok,work,t,did,pool,however,didn,off,waste,tried,after,poor,apart
cheap,does,small,should,disappointed,broke,return,thought,wasn,not,$,but,ok,work,t,did,pool,however,didn,off,waste,tried,after,poor,apart
cheap,does,small,should,disappointed,broke,return,thought,wasn,not,$,but,ok,work,t,did,pool,however,didn,off,waste,tried,after,poor,apart
cheap,does,small,should,disappointed,broke,return,thought,wasn,not,$,but,ok,work,t,did,pool,however,didn,off,waste,tried,after,poor,apart
cheap,does,small,should,disappointed,broke,return,thought,wasn,not,$,but,ok,work,t,did,pool,however,didn,off,waste,tried,after,poor,apart
cheap,does,small,should,disappointed,broke,return,thought,wasn,not,$,but,ok,work,t,did,pool,however,didn,off,waste,tried,after,poor,apart
cheap,does,small,should,disappointed,broke,return,thought,wasn,not,$,but,ok,work,t,did,pool,however,didn,off,waste,tried,after,poor,apart
cheap,does,small,should,disappointed,broke,return,thought,wasn,not,$,but,ok,work,t,did,pool,however,didn,off,waste,tried,after,poor,apart
cheap,does,small,should,disappointed,broke,return,thought,wasn,not,$,but,ok,work,t,did,pool,however,didn,off,waste,tried,after,poor,apart
cheap,does,small,should,disappointed,broke,return,thought,wasn,not,$,but,ok,work,t,did,pool,however,didn,off,waste,tried,after,poor,apart
cheap,does,small,should,disappointed,broke,return,thought,wasn,not,$,but,ok,work,t,did,pool,however,didn,off,waste,tried,after,poor,apart
cheap,does,small,should,disappointed,broke,return,thought,wasn,not,$,but,ok,work,t,did,pool,however,didn,off,waste,tried,after,poor,apart
cheap,does,small,should,disappointed,broke,return,thought,wasn,not,$,but,ok,work,t,did,pool,however,didn,off,waste,tried,after,poor,apart
cheap,does,small,should,disappointed,broke,return,thought,wasn,not,$,but,ok,work,t,did,pool,however,didn,off,waste,tried,after,poor,apart
cheap,does,small,should,disappointed,broke,return,thought,wasn,not,$,but,ok,work,t,did,pool,however,didn,off,waste,tried,after,poor,apart
cheap,does,small,should,disappointed,broke,return,thought,wasn,not,$,but,ok,work,t,did,pool,however,didn,off,waste,tried,after,poor,apart
cheap,does,small,should,disappointed,broke,return,thought,wasn,not,$,but,ok,work,t,did,pool,however,didn,off,waste,tried,after,poor,apart
cheap,does,small,should,disappointed,broke,return,thought,wasn,not,$,but,ok,work,t,did,pool,however,didn,off,waste,tried,after,poor,apart
cheap,does,small,should,disappointed,broke,return,thought,wasn,not,$,but,ok,work,t,did,pool,however,didn,off,waste,tried,after,poor,apart
cheap,does,small,should,disappointed,broke,return,thought,wasn,not,$,but,ok,work,t,did,pool,however,didn,off,waste,tried,after,poor,apart
cheap,does,small,should,disappointed,broke,return,thought,wasn,not,$,but,ok,work,t,did,pool,however,didn,off,waste,tried,after,poor,apart
cheap,does,small,should,disappointed,broke,return,thought,wasn,not,$,but,ok,work,t,did,pool,however,didn,off,waste,tried,after,poor,apart
cheap,does,small,should,disappointed,broke,return,thought,wasn,not,$,but,ok,work,t,did,pool,however,didn,off,waste,tried,after,poor,apart
cheap,does,small,should,disappointed,broke,return,thought,wasn,not,$,but,ok,work,t,did,pool,however,didn,off,waste,tried,after,poor,apart
cheap,does,small,should,disappointed,broke,return,thought,wasn,not,$,but,ok,work,t,did,pool,however,didn,off,waste,tried,after,poor,apart
cheap,does,small,should,disappointed,broke,return,thought,wasn,not,$,but,ok,work,t,did,pool,however,didn,off,waste,tried,after,poor,apart
cheap,does,small,should,disappointed,broke,return,thought,wasn,not,$,but,ok,work,t,did,pool,however,didn,off,waste,tried,after,poor,apart
cheap,does,small,should,disappointed,broke,return,thought,wasn,not,$,but,ok,work,t,did,pool,however,didn,off,waste,tried,after,poor,apart
cheap,does,small,should,disappointed,broke,return,thought,wasn,not,$,but,ok,work,t,did,pool,however,didn,off,waste,tried,after,poor,apart
cheap,does,small,should,disappointed,broke,return,thought,wasn,not,$,but,ok,work,t,did,pool,however,didn,off,waste,tried,after,poor,apart
cheap,does,small,should,disappointed,broke,return,thought,wasn,not,$,but,ok,work,t,did,pool,however,didn,off,waste,tried,after,poor,apart
cheap,does,small,should,disappointed,broke,return,thought,wasn,not,$,but,ok,work,t,did,pool,however,didn,off,waste,tried,after,poor,apart
cheap,does,small,should,disappointed,broke,return,thought,wasn,not,$,but,ok,work,t,did,pool,however,didn,off,waste,tried,after,poor,apart
cheap,does,small,should,disappointed,broke,return,thought,wasn,not,$,but,ok,work,t,did,pool,however,didn,off,waste,tried,after,poor,apart
cheap,does,small,should,disappointed,broke,return,thought,wasn,not,$,but,ok,work,t,did,pool,however,didn,off,waste,tried,after,poor,apart
cheap,does,small,should,disappointed,broke,return,thought,wasn,not,$,but,ok,work,t,did,pool,however,didn,off,waste,tried,after,poor,apart
cheap,does,small,should,disappointed,broke,return,thought,wasn,not,$,but,ok,work,t,did,pool,however,didn,off,waste,tried,after,poor,apart
cheap,does,small,should,disappointed,broke,return,thought,wasn,not,$,but,ok,work,t,did,pool,however,didn,off,waste,tried,after,poor,apart
cheap,does,small,should,disappointed,broke,return,thought,wasn,not,$,but,ok,work,t,did,pool,however,didn,off,waste,tried,after,poor,apart
cheap,does,small,should,disappointed,broke,return,thought,wasn,not,$,but,ok,work,t,did,pool,however,didn,off,waste,tried,after,poor,apart
cheap,does,small,should,disappointed,broke,return,thought,wasn,not,$,but,ok,work,t,did,pool,however,didn,off,waste,tried,after,poor,apart
cheap,does,small,should,disappointed,broke,return,thought,wasn,not,$,but,ok,work,t,did,pool,however,didn,off,waste,tried,after,poor,apart
cheap,does,small,should,disappointed,broke,return,thought,wasn,not,$,but,ok,work,t,did,pool,however,didn,off,waste,tried,after,poor,apart
cheap,does,small,should,disappointed,broke,return,thought,wasn,not,$,but,ok,work,t,did,pool,however,didn,off,waste,tried,after,poor,apart
cheap,does,small,should,disappointed,broke,return,thought,wasn,not,$,but,ok,work,t,did,pool,however,didn,off,waste,tried,after,poor,apart
cheap,does,small,should,disappointed,broke,return,thought,wasn,not,$,but,ok,work,t,did,pool,however,didn,off,waste,tried,after,poor,apart
cheap,does,small,should,disappointed,broke,return,thought,wasn,not,$,but,ok,work,t,did,pool,however,didn,off,waste,tried,after,poor,apart
cheap,does,small,should,disappointed,broke,return,thought,wasn,not,$,but,ok,work,t,did,pool,however,didn,off,waste,tried,after,poor,apart
cheap,does,small,should,disappointed,broke,return,thought,wasn,not,$,but,ok,work,t,did,pool,however,didn,off,waste,tried,after,poor,apart
cheap,does,small,should,disappointed,broke,return,thought,wasn,not,$,but,ok,work,t,did,pool,however,didn,off,waste,tried,after,poor,apart
cheap,does,small,should,disappointed,broke,return,thought,wasn,not,$,but,ok,work,t,did,pool,however,didn,off,waste,tried,after,poor,apart
cheap,does,small,should,disappointed,broke,return,thought,wasn,not,$,but,ok,work,t,did,pool,however,didn,off,waste,tried,after,poor,apart
cheap,does,small,should,disappointed,broke,return,thought,wasn,not,$,but,ok,work,t,did,pool,however,didn,off,waste,tried,after,poor,apart
cheap,does,small,should,disappointed,broke,return,thought,wasn,not,$,but,ok,work,t,did,pool,however,didn,off,waste,tried,after,poor,apart
cheap,does,small,should,disappointed,broke,return,thought,wasn,not,$,but,ok,work,t,did,pool,however,didn,off,waste,tried,after,poor,apart
cheap,does,small,should,disappointed,broke,return,thought,wasn,not,$,but,ok,work,t,did,pool,however,didn,off,waste,tried,after,poor,apart
cheap,does,small,should,disappointed,broke,return,thought,wasn,not,$,but,ok,work,t,did,pool,however,didn,off,waste,tried,after,poor,apart
cheap,does,small,should,disappointed,broke,return,thought,wasn,not,$,but,ok,work,t,did,pool,however,didn,off,waste,tried,after,poor,apart
cheap,does,small,should,disappointed,broke,return,thought,wasn,not,$,but,ok,work,t,did,pool,however,didn,off,waste,tried,after,poor,apart
cheap,does,small,should,disappointed,broke,return,thought,wasn,not,$,but,ok,work,t,did,pool,however,didn,off,waste,tried,after,poor,apart
cheap,does,small,should,disappointed,broke,return,thought,wasn,not,$,but,ok,work,t,did,pool,however,didn,off,waste,tried,after,poor,apart
cheap,does,small,should,disappointed,broke,return,thought,wasn,not,$,but,ok,work,t,did,pool,however,didn,off,waste,tried,after,poor,apart
cheap,does,small,should,disappointed,broke,return,thought,wasn,not,$,but,ok,work,t,did,pool,however,didn,off,waste,tried,after,poor,apart
cheap,does,small,should,disappointed,broke,return,thought,wasn,not,$,but,ok,work,t,did,pool,however,didn,off,waste,tried,after,poor,apart
cheap,does,small,should,disappointed,broke,return,thought,wasn,not,$,but,ok,work,t,did,pool,however,didn,off,waste,tried,after,poor,apart
cheap,does,small,should,disappointed,broke,return,thought,wasn,not,$,but,ok,work,t,did,pool,however,didn,off,waste,tried,after,poor,apart
cheap,does,small,should,disappointed,broke,return,thought,wasn,not,$,but,ok,work,t,did,pool,however,didn,off,waste,tried,after,poor,apart
cheap,does,small,should,disappointed,broke,return,thought,wasn,not,$,but,ok,work,t,did,pool,however,didn,off,waste,tried,after,poor,apart
cheap,does,small,should,disappointed,broke,return,thought,wasn,not,$,but,ok,work,t,did,pool,however,didn,off,waste,tried,after,poor,apart
cheap,does,small,should,disappointed,broke,return,thought,wasn,not,$,but,ok,work,t,did,pool,however,didn,off,waste,tried,after,poor,apart
cheap,does,small,should,disappointed,broke,return,thought,wasn,not,$,but,ok,work,t,did,pool,however,didn,off,waste,tried,after,poor,apart
cheap,does,small,should,disappointed,broke,return,thought,wasn,not,$,but,ok,work,t,did,pool,however,didn,off,waste,tried,after,poor,apart
cheap,does,small,should,disappointed,broke,return,thought,wasn,not,$,but,ok,work,t,did,pool,however,didn,off,waste,tried,after,poor,apart
cheap,does,small,should,disappointed,broke,return,thought,wasn,not,$,but,ok,work,t,did,pool,however,didn,off,waste,tried,after,poor,apart
cheap,does,small,should,disappointed,broke,return,thought,wasn,not,$,but,ok,work,t,did,pool,however,didn,off,waste,tried,after,poor,apart
cheap,does,small,should,disappointed,broke,return,thought,wasn,not,$,but,ok,work,t,did,pool,however,didn,off,waste,tried,after,poor,apart
cheap,does,small,should,disappointed,broke,return,thought,wasn,not,$,but,ok,work,t,did,pool,however,didn,off,waste,tried,after,poor,apart
cheap,does,small,should,disappointed,broke,return,thought,wasn,not,$,but,ok,work,t,did,pool,however,didn,off,waste,tried,after,poor,apart
cheap,does,small,should,disappointed,broke,return,thought,wasn,not,$,but,ok,work,t,did,pool,however,didn,off,waste,tried,after,poor,apart
cheap,does,small,should,disappointed,broke,return,thought,wasn,not,$,but,ok,work,t,did,pool,however,didn,off,waste,tried,after,poor,apart
cheap,does,small,should,disappointed,broke,return,thought,wasn,not,$,but,ok,work,t,did,pool,however,didn,off,waste,tried,after,poor,apart
cheap,does,small,should,disappointed,broke,return,thought,wasn,not,$,but,ok,work,t,did,pool,however,didn,off,waste,tried,after,poor,apart
cheap,does,small,should,disappointed,broke,return,thought,wasn,not,$,but,ok,work,t,did,pool,however,didn,off,waste,tried,after,poor,apart
cheap,does,small,should,disappointed,broke,return,thought,wasn,not,$,but,ok,work,t,did,pool,however,didn,off,waste,tried,after,poor,apart
cheap,does,small,should,disappointed,broke,return,thought,wasn,not,$,but,ok,work,t,did,pool,however,didn,off,waste,tried,after,poor,apart
cheap,does,small,should,disappointed,broke,return,thought,wasn,not,$,but,ok,work,t,did,pool,however,didn,off,waste,tried,after,poor,apart
cheap,does,small,should,disappointed,broke,return,thought,wasn,not,$,but,ok,work,t,did,pool,however,didn,off,waste,tried,after,poor,apart
cheap,does,small,should,disappointed,broke,return,thought,wasn,not,$,but,ok,work,t,did,pool,however,didn,off,waste,tried,after,poor,apart
cheap,does,small,should,disappointed,broke,return,thought,wasn,not,$,but,ok,work,t,did,pool,however,didn,off,waste,tried,after,poor,apart
cheap,does,small,should,disappointed,broke,return,thought,wasn,not,$,but,ok,work,t,did,pool,however,didn,off,waste,tried,after,poor,apart
cheap,does,small,should,disappointed,broke,return,thought,wasn,not,$,but,ok,work,t,did,pool,however,didn,off,waste,tried,after,poor,apart
cheap,does,small,should,disappointed,broke,return,thought,wasn,not,$,but,ok,work,t,did,pool,however,didn,off,waste,tried,after,poor,apart
cheap,does,small,should,disappointed,broke,return,thought,wasn,not,$,but,ok,work,t,did,pool,however,didn,off,waste,tried,after,poor,apart
cheap,does,small,should,disappointed,broke,return,thought,wasn,not,$,but,ok,work,t,did,pool,however,didn,off,waste,tried,after,poor,apart
cheap,does,small,should,disappointed,broke,return,thought,wasn,not,$,but,ok,work,t,did,pool,however,didn,off,waste,tried,after,poor,apart
cheap,does,small,should,disappointed,broke,return,thought,wasn,not,$,but,ok,work,t,did,pool,however,didn,off,waste,tried,after,poor,apart
cheap,does,small,should,disappointed,broke,return,thought,wasn,not,$,but,ok,work,t,did,pool,however,didn,off,waste,tried,after,poor,apart
cheap,does,small,should,disappointed,broke,return,thought,wasn,not,$,but,ok,work,t,did,pool,however,didn,off,waste,tried,after,poor,apart
cheap,does,small,should,disappointed,broke,return,thought,wasn,not,$,but,ok,work,t,did,pool,however,didn,off,waste,tried,after,poor,apart
cheap,does,small,should,disappointed,broke,return,thought,wasn,not,$,but,ok,work,t,did,pool,however,didn,off,waste,tried,after,poor,apart
cheap,does,small,should,disappointed,broke,return,thought,wasn,not,$,but,ok,work,t,did,pool,however,didn,off,waste,tried,after,poor,apart
cheap,does,small,should,disappointed,broke,return,thought,wasn,not,$,but,ok,work,t,did,pool,however,didn,off,waste,tried,after,poor,apart
cheap,does,small,should,disappointed,broke,return,thought,wasn,not,$,but,ok,work,t,did,pool,however,didn,off,waste,tried,after,poor,apart
cheap,does,small,should,disappointed,broke,return,thought,wasn,not,$,but,ok,work,t,did,pool,however,didn,off,waste,tried,after,poor,apart
cheap,does,small,should,disappointed,broke,return,thought,wasn,not,$,but,ok,work,t,did,pool,however,didn,off,waste,tried,after,poor,apart
cheap,does,small,should,disappointed,broke,return,thought,wasn,not,$,but,ok,work,t,did,pool,however,didn,off,waste,tried,after,poor,apart
cheap,does,small,should,disappointed,broke,return,thought,wasn,not,$,but,ok,work,t,did,pool,however,didn,off,waste,tried,after,poor,apart
cheap,does,small,should,disappointed,broke,return,thought,wasn,not,$,but,ok,work,t,did,pool,however,didn,off,waste,tried,after,poor,apart
cheap,does,small,should,disappointed,broke,return,thought,wasn,not,$,but,ok,work,t,did,pool,however,didn,off,waste,tried,after,poor,apart
cheap,does,small,should,disappointed,broke,return,thought,wasn,not,$,but,ok,work,t,did,pool,however,didn,off,waste,tried,after,poor,apart
cheap,does,small,should,disappointed,broke,return,thought,wasn,not,$,but,ok,work,t,did,pool,however,didn,off,waste,tried,after,poor,apart
cheap,does,small,should,disappointed,broke,return,thought,wasn,not,$,but,ok,work,t,did,pool,however,didn,off,waste,tried,after,poor,apart
cheap,does,small,should,disappointed,broke,return,thought,wasn,not,$,but,ok,work,t,did,pool,however,didn,off,waste,tried,after,poor,apart
cheap,does,small,should,disappointed,broke,return,thought,wasn,not,$,but,ok,work,t,did,pool,however,didn,off,waste,tried,after,poor,apart
cheap,does,small,should,disappointed,broke,return,thought,wasn,not,$,but,ok,work,t,did,pool,however,didn,off,waste,tried,after,poor,apart
cheap,does,small,should,disappointed,broke,return,thought,wasn,not,$,but,ok,work,t,did,pool,however,didn,off,waste,tried,after,poor,apart
cheap,does,small,should,disappointed,broke,return,thought,wasn,not,$,but,ok,work,t,did,pool,however,didn,off,waste,tried,after,poor,apart
cheap,does,small,should,disappointed,broke,return,thought,wasn,not,$,but,ok,work,t,did,pool,however,didn,off,waste,tried,after,poor,apart
cheap,does,small,should,disappointed,broke,return,thought,wasn,not,$,but,ok,work,t,did,pool,however,didn,off,waste,tried,after,poor,apart
cheap,does,small,should,disappointed,broke,return,thought,wasn,not,$,but,ok,work,t,did,pool,however,didn,off,waste,tried,after,poor,apart
cheap,does,small,should,disappointed,broke,return,thought,wasn,not,$,but,ok,work,t,did,pool,however,didn,off,waste,tried,after,poor,apart
cheap,does,small,should,disappointed,broke,return,thought,wasn,not,$,but,ok,work,t,did,pool,however,didn,off,waste,tried,after,poor,apart
cheap,does,small,should,disappointed,broke,return,thought,wasn,not,$,but,ok,work,t,did,pool,however,didn,off,waste,tried,after,poor,apart
cheap,does,small,should,disappointed,broke,return,thought,wasn,not,$,but,ok,work,t,did,pool,however,didn,off,waste,tried,after,poor,apart
cheap,does,small,should,disappointed,broke,return,thought,wasn,not,$,but,ok,work,t,did,pool,however,didn,off,waste,tried,after,poor,apart
cheap,does,small,should,disappointed,broke,return,thought,wasn,not,$,but,ok,work,t,did,pool,however,didn,off,waste,tried,after,poor,apart
cheap,does,small,should,disappointed,broke,return,thought,wasn,not,$,but,ok,work,t,did,pool,however,didn,off,waste,tried,after,poor,apart
cheap,does,small,should,disappointed,broke,return,thought,wasn,not,$,but,ok,work,t,did,pool,however,didn,off,waste,tried,after,poor,apart
cheap,does,small,should,disappointed,broke,return,thought,wasn,not,$,but,ok,work,t,did,pool,however,didn,off,waste,tried,after,poor,apart
cheap,does,small,should,disappointed,broke,return,thought,wasn,not,$,but,ok,work,t,did,pool,however,didn,off,waste,tried,after,poor,apart
cheap,does,small,should,disappointed,broke,return,thought,wasn,not,$,but,ok,work,t,did,pool,however,didn,off,waste,tried,after,poor,apart
cheap,does,small,should,disappointed,broke,return,thought,wasn,not,$,but,ok,work,t,did,pool,however,didn,off,waste,tried,after,poor,apart
cheap,does,small,should,disappointed,broke,return,thought,wasn,not,$,but,ok,work,t,did,pool,however,didn,off,waste,tried,after,poor,apart
cheap,does,small,should,disappointed,broke,return,thought,wasn,not,$,but,ok,work,t,did,pool,however,didn,off,waste,tried,after,poor,apart
cheap,does,small,should,disappointed,broke,return,thought,wasn,not,$,but,ok,work,t,did,pool,however,didn,off,waste,tried,after,poor,apart
cheap,does,small,should,disappointed,broke,return,thought,wasn,not,$,but,ok,work,t,did,pool,however,didn,off,waste,tried,after,poor,apart
cheap,does,small,should,disappointed,broke,return,thought,wasn,not,$,but,ok,work,t,did,pool,however,didn,off,waste,tried,after,poor,apart
cheap,does,small,should,disappointed,broke,return,thought,wasn,not,$,but,ok,work,t,did,pool,however,didn,off,waste,tried,after,poor,apart
cheap,does,small,should,disappointed,broke,return,thought,wasn,not,$,but,ok,work,t,did,pool,however,didn,off,waste,tried,after,poor,apart
cheap,does,small,should,disappointed,broke,return,thought,wasn,not,$,but,ok,work,t,did,pool,however,didn,off,waste,tried,after,poor,apart
cheap,does,small,should,disappointed,broke,return,thought,wasn,not,$,but,ok,work,t,did,pool,however,didn,off,waste,tried,after,poor,apart
cheap,does,small,should,disappointed,broke,return,thought,wasn,not,$,but,ok,work,t,did,pool,however,didn,off,waste,tried,after,poor,apart
cheap,does,small,should,disappointed,broke,return,thought,wasn,not,$,but,ok,work,t,did,pool,however,didn,off,waste,tried,after,poor,apart
cheap,does,small,should,disappointed,broke,return,thought,wasn,not,$,but,ok,work,t,did,pool,however,didn,off,waste,tried,after,poor,apart
cheap,does,small,should,disappointed,broke,return,thought,wasn,not,$,but,ok,work,t,did,pool,however,didn,off,waste,tried,after,poor,apart
cheap,does,small,should,disappointed,broke,return,thought,wasn,not,$,but,ok,work,t,did,pool,however,didn,off,waste,tried,after,poor,apart
cheap,does,small,should,disappointed,broke,return,thought,wasn,not,$,but,ok,work,t,did,pool,however,didn,off,waste,tried,after,poor,apart
cheap,does,small,should,disappointed,broke,return,thought,wasn,not,$,but,ok,work,t,did,pool,however,didn,off,waste,tried,after,poor,apart
cheap,does,small,should,disappointed,broke,return,thought,wasn,not,$,but,ok,work,t,did,pool,however,didn,off,waste,tried,after,poor,apart
cheap,does,small,should,disappointed,broke,return,thought,wasn,not,$,but,ok,work,t,did,pool,however,didn,off,waste,tried,after,poor,apart
cheap,does,small,should,disappointed,broke,return,thought,wasn,not,$,but,ok,work,t,did,pool,however,didn,off,waste,tried,after,poor,apart
cheap,does,small,should,disappointed,broke,return,thought,wasn,not,$,but,ok,work,t,did,pool,however,didn,off,waste,tried,after,poor,apart
cheap,does,small,should,disappointed,broke,return,thought,wasn,not,$,but,ok,work,t,did,pool,however,didn,off,waste,tried,after,poor,apart
cheap,does,small,should,disappointed,broke,return,thought,wasn,not,$,but,ok,work,t,did,pool,however,didn,off,waste,tried,after,poor,apart
cheap,does,small,should,disappointed,broke,return,thought,wasn,not,$,but,ok,work,t,did,pool,however,didn,off,waste,tried,after,poor,apart
cheap,does,small,should,disappointed,broke,return,thought,wasn,not,$,but,ok,work,t,did,pool,however,didn,off,waste,tried,after,poor,apart
cheap,does,small,should,disappointed,broke,return,thought,wasn,not,$,but,ok,work,t,did,pool,however,didn,off,waste,tried,after,poor,apart
cheap,does,small,should,disappointed,broke,return,thought,wasn,not,$,but,ok,work,t,did,pool,however,didn,off,waste,tried,after,poor,apart
cheap,does,small,should,disappointed,broke,return,thought,wasn,not,$,but,ok,work,t,did,pool,however,didn,off,waste,tried,after,poor,apart
cheap,does,small,should,disappointed,broke,return,thought,wasn,not,$,but,ok,work,t,did,pool,however,didn,off,waste,tried,after,poor,apart
cheap,does,small,should,disappointed,broke,return,thought,wasn,not,$,but,ok,work,t,did,pool,however,didn,off,waste,tried,after,poor,apart
cheap,does,small,should,disappointed,broke,return,thought,wasn,not,$,but,ok,work,t,did,pool,however,didn,off,waste,tried,after,poor,apart
cheap,does,small,should,disappointed,broke,return,thought,wasn,not,$,but,ok,work,t,did,pool,however,didn,off,waste,tried,after,poor,apart
cheap,does,small,should,disappointed,broke,return,thought,wasn,not,$,but,ok,work,t,did,pool,however,didn,off,waste,tried,after,poor,apart
cheap,does,small,should,disappointed,broke,return,thought,wasn,not,$,but,ok,work,t,did,pool,however,didn,off,waste,tried,after,poor,apart
cheap,does,small,should,disappointed,broke,return,thought,wasn,not,$,but,ok,work,t,did,pool,however,didn,off,waste,tried,after,poor,apart
cheap,does,small,should,disappointed,broke,return,thought,wasn,not,$,but,ok,work,t,did,pool,however,didn,off,waste,tried,after,poor,apart
cheap,does,small,should,disappointed,broke,return,thought,wasn,not,$,but,ok,work,t,did,pool,however,didn,off,waste,tried,after,poor,apart
cheap,does,small,should,disappointed,broke,return,thought,wasn,not,$,but,ok,work,t,did,pool,however,didn,off,waste,tried,after,poor,apart
cheap,does,small,should,disappointed,broke,return,thought,wasn,not,$,but,ok,work,t,did,pool,however,didn,off,waste,tried,after,poor,apart
cheap,does,small,should,disappointed,broke,return,thought,wasn,not,$,but,ok,work,t,did,pool,however,didn,off,waste,tried,after,poor,apart
cheap,does,small,should,disappointed,broke,return,thought,wasn,not,$,but,ok,work,t,did,pool,however,didn,off,waste,tried,after,poor,apart
cheap,does,small,should,disappointed,broke,return,thought,wasn,not,$,but,ok,work,t,did,pool,however,didn,off,waste,tried,after,poor,apart
cheap,does,small,should,disappointed,broke,return,thought,wasn,not,$,but,ok,work,t,did,pool,however,didn,off,waste,tried,after,poor,apart
cheap,does,small,should,disappointed,broke,return,thought,wasn,not,$,but,ok,work,t,did,pool,however,didn,off,waste,tried,after,poor,apart
cheap,does,small,should,disappointed,broke,return,thought,wasn,not,$,but,ok,work,t,did,pool,however,didn,off,waste,tried,after,poor,apart
cheap,does,small,should,disappointed,broke,return,thought,wasn,not,$,but,ok,work,t,did,pool,however,didn,off,waste,tried,after,poor,apart
cheap,does,small,should,disappointed,broke,return,thought,wasn,not,$,but,ok,work,t,did,pool,however,didn,off,waste,tried,after,poor,apart
cheap,does,small,should,disappointed,broke,return,thought,wasn,not,$,but,ok,work,t,did,pool,however,didn,off,waste,tried,after,poor,apart
cheap,does,small,should,disappointed,broke,return,thought,wasn,not,$,but,ok,work,t,did,pool,however,didn,off,waste,tried,after,poor,apart
cheap,does,small,should,disappointed,broke,return,thought,wasn,not,$,but,ok,work,t,did,pool,however,didn,off,waste,tried,after,poor,apart
cheap,does,small,should,disappointed,broke,return,thought,wasn,not,$,but,ok,work,t,did,pool,however,didn,off,waste,tried,after,poor,apart
cheap,does,small,should,disappointed,broke,return,thought,wasn,not,$,but,ok,work,t,did,pool,however,didn,off,waste,tried,after,poor,apart
cheap,does,small,should,disappointed,broke,return,thought,wasn,not,$,but,ok,work,t,did,pool,however,didn,off,waste,tried,after,poor,apart
cheap,does,small,should,disappointed,broke,return,thought,wasn,not,$,but,ok,work,t,did,pool,however,didn,off,waste,tried,after,poor,apart
cheap,does,small,should,disappointed,broke,return,thought,wasn,not,$,but,ok,work,t,did,pool,however,didn,off,waste,tried,after,poor,apart
cheap,does,small,should,disappointed,broke,return,thought,wasn,not,$,but,ok,work,t,did,pool,however,didn,off,waste,tried,after,poor,apart
cheap,does,small,should,disappointed,broke,return,thought,wasn,not,$,but,ok,work,t,did,pool,however,didn,off,waste,tried,after,poor,apart
cheap,does,small,should,disappointed,broke,return,thought,wasn,not,$,but,ok,work,t,did,pool,however,didn,off,waste,tried,after,poor,apart
cheap,does,small,should,disappointed,broke,return,thought,wasn,not,$,but,ok,work,t,did,pool,however,didn,off,waste,tried,after,poor,apart
cheap,does,small,should,disappointed,broke,return,thought,wasn,not,$,but,ok,work,t,did,pool,however,didn,off,waste,tried,after,poor,apart
cheap,does,small,should,disappointed,broke,return,thought,wasn,not,$,but,ok,work,t,did,pool,however,didn,off,waste,tried,after,poor,apart
cheap,does,small,should,disappointed,broke,return,thought,wasn,not,$,but,ok,work,t,did,pool,however,didn,off,waste,tried,after,poor,apart
cheap,does,small,should,disappointed,broke,return,thought,wasn,not,$,but,ok,work,t,did,pool,however,didn,off,waste,tried,after,poor,apart
cheap,does,small,should,disappointed,broke,return,thought,wasn,not,$,but,ok,work,t,did,pool,however,didn,off,waste,tried,after,poor,apart
cheap,does,small,should,disappointed,broke,return,thought,wasn,not,$,but,ok,work,t,did,pool,however,didn,off,waste,tried,after,poor,apart
cheap,does,small,should,disappointed,broke,return,thought,wasn,not,$,but,ok,work,t,did,pool,however,didn,off,waste,tried,after,poor,apart
cheap,does,small,should,disappointed,broke,return,thought,wasn,not,$,but,ok,work,t,did,pool,however,didn,off,waste,tried,after,poor,apart
cheap,does,small,should,disappointed,broke,return,thought,wasn,not,$,but,ok,work,t,did,pool,however,didn,off,waste,tried,after,poor,apart
cheap,does,small,should,disappointed,broke,return,thought,wasn,not,$,but,ok,work,t,did,pool,however,didn,off,waste,tried,after,poor,apart
cheap,does,small,should,disappointed,broke,return,thought,wasn,not,$,but,ok,work,t,did,pool,however,didn,off,waste,tried,after,poor,apart
cheap,does,small,should,disappointed,broke,return,thought,wasn,not,$,but,ok,work,t,did,pool,however,didn,off,waste,tried,after,poor,apart
cheap,does,small,should,disappointed,broke,return,thought,wasn,not,$,but,ok,work,t,did,pool,however,didn,off,waste,tried,after,poor,apart
cheap,does,small,should,disappointed,broke,return,thought,wasn,not,$,but,ok,work,t,did,pool,however,didn,off,waste,tried,after,poor,apart
cheap,does,small,should,disappointed,broke,return,thought,wasn,not,$,but,ok,work,t,did,pool,however,didn,off,waste,tried,after,poor,apart
cheap,does,small,should,disappointed,broke,return,thought,wasn,not,$,but,ok,work,t,did,pool,however,didn,off,waste,tried,after,poor,apart
cheap,does,small,should,disappointed,broke,return,thought,wasn,not,$,but,ok,work,t,did,pool,however,didn,off,waste,tried,after,poor,apart
cheap,does,small,should,disappointed,broke,return,thought,wasn,not,$,but,ok,work,t,did,pool,however,didn,off,waste,tried,after,poor,apart
cheap,does,small,should,disappointed,broke,return,thought,wasn,not,$,but,ok,work,t,did,pool,however,didn,off,waste,tried,after,poor,apart
cheap,does,small,should,disappointed,broke,return,thought,wasn,not,$,but,ok,work,t,did,pool,however,didn,off,waste,tried,after,poor,apart
cheap,does,small,should,disappointed,broke,return,thought,wasn,not,$,but,ok,work,t,did,pool,however,didn,off,waste,tried,after,poor,apart
cheap,does,small,should,disappointed,broke,return,thought,wasn,not,$,but,ok,work,t,did,pool,however,didn,off,waste,tried,after,poor,apart
cheap,does,small,should,disappointed,broke,return,thought,wasn,not,$,but,ok,work,t,did,pool,however,didn,off,waste,tried,after,poor,apart
cheap,does,small,should,disappointed,broke,return,thought,wasn,not,$,but,ok,work,t,did,pool,however,didn,off,waste,tried,after,poor,apart
cheap,does,small,should,disappointed,broke,return,thought,wasn,not,$,but,ok,work,t,did,pool,however,didn,off,waste,tried,after,poor,apart
cheap,does,small,should,disappointed,broke,return,thought,wasn,not,$,but,ok,work,t,did,pool,however,didn,off,waste,tried,after,poor,apart
cheap,does,small,should,disappointed,broke,return,thought,wasn,not,$,but,ok,work,t,did,pool,however,didn,off,waste,tried,after,poor,apart
cheap,does,small,should,disappointed,broke,return,thought,wasn,not,$,but,ok,work,t,did,pool,however,didn,off,waste,tried,after,poor,apart
cheap,does,small,should,disappointed,broke,return,thought,wasn,not,$,but,ok,work,t,did,pool,however,didn,off,waste,tried,after,poor,apart
cheap,does,small,should,disappointed,broke,return,thought,wasn,not,$,but,ok,work,t,did,pool,however,didn,off,waste,tried,after,poor,apart
cheap,does,small,should,disappointed,broke,return,thought,wasn,not,$,but,ok,work,t,did,pool,however,didn,off,waste,tried,after,poor,apart
cheap,does,small,should,disappointed,broke,return,thought,wasn,not,$,but,ok,work,t,did,pool,however,didn,off,waste,tried,after,poor,apart
cheap,does,small,should,disappointed,broke,return,thought,wasn,not,$,but,ok,work,t,did,pool,however,didn,off,waste,tried,after,poor,apart
cheap,does,small,should,disappointed,broke,return,thought,wasn,not,$,but,ok,work,t,did,pool,however,didn,off,waste,tried,after,poor,apart
cheap,does,small,should,disappointed,broke,return,thought,wasn,not,$,but,ok,work,t,did,pool,however,didn,off,waste,tried,after,poor,apart
cheap,does,small,should,disappointed,broke,return,thought,wasn,not,$,but,ok,work,t,did,pool,however,didn,off,waste,tried,after,poor,apart
cheap,does,small,should,disappointed,broke,return,thought,wasn,not,$,but,ok,work,t,did,pool,however,didn,off,waste,tried,after,poor,apart
cheap,does,small,should,disappointed,broke,return,thought,wasn,not,$,but,ok,work,t,did,pool,however,didn,off,waste,tried,after,poor,apart
cheap,does,small,should,disappointed,broke,return,thought,wasn,not,$,but,ok,work,t,did,pool,however,didn,off,waste,tried,after,poor,apart
cheap,does,small,should,disappointed,broke,return,thought,wasn,not,$,but,ok,work,t,did,pool,however,didn,off,waste,tried,after,poor,apart
cheap,does,small,should,disappointed,broke,return,thought,wasn,not,$,but,ok,work,t,did,pool,however,didn,off,waste,tried,after,poor,apart
cheap,does,small,should,disappointed,broke,return,thought,wasn,not,$,but,ok,work,t,did,pool,however,didn,off,waste,tried,after,poor,apart
cheap,does,small,should,disappointed,broke,return,thought,wasn,not,$,but,ok,work,t,did,pool,however,didn,off,waste,tried,after,poor,apart
cheap,does,small,should,disappointed,broke,return,thought,wasn,not,$,but,ok,work,t,did,pool,however,didn,off,waste,tried,after,poor,apart
cheap,does,small,should,disappointed,broke,return,thought,wasn,not,$,but,ok,work,t,did,pool,however,didn,off,waste,tried,after,poor,apart
cheap,does,small,should,disappointed,broke,return,thought,wasn,not,$,but,ok,work,t,did,pool,however,didn,off,waste,tried,after,poor,apart
cheap,does,small,should,disappointed,broke,return,thought,wasn,not,$,but,ok,work,t,did,pool,however,didn,off,waste,tried,after,poor,apart
cheap,does,small,should,disappointed,broke,return,thought,wasn,not,$,but,ok,work,t,did,pool,however,didn,off,waste,tried,after,poor,apart
cheap,does,small,should,disappointed,broke,return,thought,wasn,not,$,but,ok,work,t,did,pool,however,didn,off,waste,tried,after,poor,apart
cheap,does,small,should,disappointed,broke,return,thought,wasn,not,$,but,ok,work,t,did,pool,however,didn,off,waste,tried,after,poor,apart
cheap,does,small,should,disappointed,broke,return,thought,wasn,not,$,but,ok,work,t,did,pool,however,didn,off,waste,tried,after,poor,apart
cheap,does,small,should,disappointed,broke,return,thought,wasn,not,$,but,ok,work,t,did,pool,however,didn,off,waste,tried,after,poor,apart
cheap,does,small,should,disappointed,broke,return,thought,wasn,not,$,but,ok,work,t,did,pool,however,didn,off,waste,tried,after,poor,apart
cheap,does,small,should,disappointed,broke,return,thought,wasn,not,$,but,ok,work,t,did,pool,however,didn,off,waste,tried,after,poor,apart
cheap,does,small,should,disappointed,broke,return,thought,wasn,not,$,but,ok,work,t,did,pool,however,didn,off,waste,tried,after,poor,apart
cheap,does,small,should,disappointed,broke,return,thought,wasn,not,$,but,ok,work,t,did,pool,however,didn,off,waste,tried,after,poor,apart
cheap,does,small,should,disappointed,broke,return,thought,wasn,not,$,but,ok,work,t,did,pool,however,didn,off,waste,tried,after,poor,apart
cheap,does,small,should,disappointed,broke,return,thought,wasn,not,$,but,ok,work,t,did,pool,however,didn,off,waste,tried,after,poor,apart
cheap,does,small,should,disappointed,broke,return,thought,wasn,not,$,but,ok,work,t,did,pool,however,didn,off,waste,tried,after,poor,apart
cheap,does,small,should,disappointed,broke,return,thought,wasn,not,$,but,ok,work,t,did,pool,however,didn,off,waste,tried,after,poor,apart
cheap,does,small,should,disappointed,broke,return,thought,wasn,not,$,but,ok,work,t,did,pool,however,didn,off,waste,tried,after,poor,apart
cheap,does,small,should,disappointed,broke,return,thought,wasn,not,$,but,ok,work,t,did,pool,however,didn,off,waste,tried,after,poor,apart
cheap,does,small,should,disappointed,broke,return,thought,wasn,not,$,but,ok,work,t,did,pool,however,didn,off,waste,tried,after,poor,apart
cheap,does,small,should,disappointed,broke,return,thought,wasn,not,$,but,ok,work,t,did,pool,however,didn,off,waste,tried,after,poor,apart
cheap,does,small,should,disappointed,broke,return,thought,wasn,not,$,but,ok,work,t,did,pool,however,didn,off,waste,tried,after,poor,apart
cheap,does,small,should,disappointed,broke,return,thought,wasn,not,$,but,ok,work,t,did,pool,however,didn,off,waste,tried,after,poor,apart
cheap,does,small,should,disappointed,broke,return,thought,wasn,not,$,but,ok,work,t,did,pool,however,didn,off,waste,tried,after,poor,apart
cheap,does,small,should,disappointed,broke,return,thought,wasn,not,$,but,ok,work,t,did,pool,however,didn,off,waste,tried,after,poor,apart
cheap,does,small,should,disappointed,broke,return,thought,wasn,not,$,but,ok,work,t,did,pool,however,didn,off,waste,tried,after,poor,apart
cheap,does,small,should,disappointed,broke,return,thought,wasn,not,$,but,ok,work,t,did,pool,however,didn,off,waste,tried,after,poor,apart
cheap,does,small,should,disappointed,broke,return,thought,wasn,not,$,but,ok,work,t,did,pool,however,didn,off,waste,tried,after,poor,apart
cheap,does,small,should,disappointed,broke,return,thought,wasn,not,$,but,ok,work,t,did,pool,however,didn,off,waste,tried,after,poor,apart
cheap,does,small,should,disappointed,broke,return,thought,wasn,not,$,but,ok,work,t,did,pool,however,didn,off,waste,tried,after,poor,apart
cheap,does,small,should,disappointed,broke,return,thought,wasn,not,$,but,ok,work,t,did,pool,however,didn,off,waste,tried,after,poor,apart
cheap,does,small,should,disappointed,broke,return,thought,wasn,not,$,but,ok,work,t,did,pool,however,didn,off,waste,tried,after,poor,apart
cheap,does,small,should,disappointed,broke,return,thought,wasn,not,$,but,ok,work,t,did,pool,however,didn,off,waste,tried,after,poor,apart
cheap,does,small,should,disappointed,broke,return,thought,wasn,not,$,but,ok,work,t,did,pool,however,didn,off,waste,tried,after,poor,apart
cheap,does,small,should,disappointed,broke,return,thought,wasn,not,$,but,ok,work,t,did,pool,however,didn,off,waste,tried,after,poor,apart
cheap,does,small,should,disappointed,broke,return,thought,wasn,not,$,but,ok,work,t,did,pool,however,didn,off,waste,tried,after,poor,apart
cheap,does,small,should,disappointed,broke,return,thought,wasn,not,$,but,ok,work,t,did,pool,however,didn,off,waste,tried,after,poor,apart
cheap,does,small,should,disappointed,broke,return,thought,wasn,not,$,but,ok,work,t,did,pool,however,didn,off,waste,tried,after,poor,apart
cheap,does,small,should,disappointed,broke,return,thought,wasn,not,$,but,ok,work,t,did,pool,however,didn,off,waste,tried,after,poor,apart
cheap,does,small,should,disappointed,broke,return,thought,wasn,not,$,but,ok,work,t,did,pool,however,didn,off,waste,tried,after,poor,apart
cheap,does,small,should,disappointed,broke,return,thought,wasn,not,$,but,ok,work,t,did,pool,however,didn,off,waste,tried,after,poor,apart
cheap,does,small,should,disappointed,broke,return,thought,wasn,not,$,but,ok,work,t,did,pool,however,didn,off,waste,tried,after,poor,apart
cheap,does,small,should,disappointed,broke,return,thought,wasn,not,$,but,ok,work,t,did,pool,however,didn,off,waste,tried,after,poor,apart
cheap,does,small,should,disappointed,broke,return,thought,wasn,not,$,but,ok,work,t,did,pool,however,didn,off,waste,tried,after,poor,apart
cheap,does,small,should,disappointed,broke,return,thought,wasn,not,$,but,ok,work,t,did,pool,however,didn,off,waste,tried,after,poor,apart
cheap,does,small,should,disappointed,broke,return,thought,wasn,not,$,but,ok,work,t,did,pool,however,didn,off,waste,tried,after,poor,apart
cheap,does,small,should,disappointed,broke,return,thought,wasn,not,$,but,ok,work,t,did,pool,however,didn,off,waste,tried,after,poor,apart
cheap,does,small,should,disappointed,broke,return,thought,wasn,not,$,but,ok,work,t,did,pool,however,didn,off,waste,tried,after,poor,apart
cheap,does,small,should,disappointed,broke,return,thought,wasn,not,$,but,ok,work,t,did,pool,however,didn,off,waste,tried,after,poor,apart
cheap,does,small,should,disappointed,broke,return,thought,wasn,not,$,but,ok,work,t,did,pool,however,didn,off,waste,tried,after,poor,apart
cheap,does,small,should,disappointed,broke,return,thought,wasn,not,$,but,ok,work,t,did,pool,however,didn,off,waste,tried,after,poor,apart
cheap,does,small,should,disappointed,broke,return,thought,wasn,not,$,but,ok,work,t,did,pool,however,didn,off,waste,tried,after,poor,apart
cheap,does,small,should,disappointed,broke,return,thought,wasn,not,$,but,ok,work,t,did,pool,however,didn,off,waste,tried,after,poor,apart
cheap,does,small,should,disappointed,broke,return,thought,wasn,not,$,but,ok,work,t,did,pool,however,didn,off,waste,tried,after,poor,apart
cheap,does,small,should,disappointed,broke,return,thought,wasn,not,$,but,ok,work,t,did,pool,however,didn,off,waste,tried,after,poor,apart
cheap,does,small,should,disappointed,broke,return,thought,wasn,not,$,but,ok,work,t,did,pool,however,didn,off,waste,tried,after,poor,apart
cheap,does,small,should,disappointed,broke,return,thought,wasn,not,$,but,ok,work,t,did,pool,however,didn,off,waste,tried,after,poor,apart
cheap,does,small,should,disappointed,broke,return,thought,wasn,not,$,but,ok,work,t,did,pool,however,didn,off,waste,tried,after,poor,apart
cheap,does,small,should,disappointed,broke,return,thought,wasn,not,$,but,ok,work,t,did,pool,however,didn,off,waste,tried,after,poor,apart
cheap,does,small,should,disappointed,broke,return,thought,wasn,not,$,but,ok,work,t,did,pool,however,didn,off,waste,tried,after,poor,apart
cheap,does,small,should,disappointed,broke,return,thought,wasn,not,$,but,ok,work,t,did,pool,however,didn,off,waste,tried,after,poor,apart
cheap,does,small,should,disappointed,broke,return,thought,wasn,not,$,but,ok,work,t,did,pool,however,didn,off,waste,tried,after,poor,apart
cheap,does,small,should,disappointed,broke,return,thought,wasn,not,$,but,ok,work,t,did,pool,however,didn,off,waste,tried,after,poor,apart
cheap,does,small,should,disappointed,broke,return,thought,wasn,not,$,but,ok,work,t,did,pool,however,didn,off,waste,tried,after,poor,apart
cheap,does,small,should,disappointed,broke,return,thought,wasn,not,$,but,ok,work,t,did,pool,however,didn,off,waste,tried,after,poor,apart
cheap,does,small,should,disappointed,broke,return,thought,wasn,not,$,but,ok,work,t,did,pool,however,didn,off,waste,tried,after,poor,apart
cheap,does,small,should,disappointed,broke,return,thought,wasn,not,$,but,ok,work,t,did,pool,however,didn,off,waste,tried,after,poor,apart
cheap,does,small,should,disappointed,broke,return,thought,wasn,not,$,but,ok,work,t,did,pool,however,didn,off,waste,tried,after,poor,apart
cheap,does,small,should,disappointed,broke,return,thought,wasn,not,$,but,ok,work,t,did,pool,however,didn,off,waste,tried,after,poor,apart
cheap,does,small,should,disappointed,broke,return,thought,wasn,not,$,but,ok,work,t,did,pool,however,didn,off,waste,tried,after,poor,apart
cheap,does,small,should,disappointed,broke,return,thought,wasn,not,$,but,ok,work,t,did,pool,however,didn,off,waste,tried,after,poor,apart
cheap,does,small,should,disappointed,broke,return,thought,wasn,not,$,but,ok,work,t,did,pool,however,didn,off,waste,tried,after,poor,apart
cheap,does,small,should,disappointed,broke,return,thought,wasn,not,$,but,ok,work,t,did,pool,however,didn,off,waste,tried,after,poor,apart
cheap,does,small,should,disappointed,broke,return,thought,wasn,not,$,but,ok,work,t,did,pool,however,didn,off,waste,tried,after,poor,apart
cheap,does,small,should,disappointed,broke,return,thought,wasn,not,$,but,ok,work,t,did,pool,however,didn,off,waste,tried,after,poor,apart
cheap,does,small,should,disappointed,broke,return,thought,wasn,not,$,but,ok,work,t,did,pool,however,didn,off,waste,tried,after,poor,apart
cheap,does,small,should,disappointed,broke,return,thought,wasn,not,$,but,ok,work,t,did,pool,however,didn,off,waste,tried,after,poor,apart
cheap,does,small,should,disappointed,broke,return,thought,wasn,not,$,but,ok,work,t,did,pool,however,didn,off,waste,tried,after,poor,apart
cheap,does,small,should,disappointed,broke,return,thought,wasn,not,$,but,ok,work,t,did,pool,however,didn,off,waste,tried,after,poor,apart
cheap,does,small,should,disappointed,broke,return,thought,wasn,not,$,but,ok,work,t,did,pool,however,didn,off,waste,tried,after,poor,apart
cheap,does,small,should,disappointed,broke,return,thought,wasn,not,$,but,ok,work,t,did,pool,however,didn,off,waste,tried,after,poor,apart
cheap,does,small,should,disappointed,broke,return,thought,wasn,not,$,but,ok,work,t,did,pool,however,didn,off,waste,tried,after,poor,apart
cheap,does,small,should,disappointed,broke,return,thought,wasn,not,$,but,ok,work,t,did,pool,however,didn,off,waste,tried,after,poor,apart
cheap,does,small,should,disappointed,broke,return,thought,wasn,not,$,but,ok,work,t,did,pool,however,didn,off,waste,tried,after,poor,apart
cheap,does,small,should,disappointed,broke,return,thought,wasn,not,$,but,ok,work,t,did,pool,however,didn,off,waste,tried,after,poor,apart
cheap,does,small,should,disappointed,broke,return,thought,wasn,not,$,but,ok,work,t,did,pool,however,didn,off,waste,tried,after,poor,apart
cheap,does,small,should,disappointed,broke,return,thought,wasn,not,$,but,ok,work,t,did,pool,however,didn,off,waste,tried,after,poor,apart
cheap,does,small,should,disappointed,broke,return,thought,wasn,not,$,but,ok,work,t,did,pool,however,didn,off,waste,tried,after,poor,apart
cheap,does,small,should,disappointed,broke,return,thought,wasn,not,$,but,ok,work,t,did,pool,however,didn,off,waste,tried,after,poor,apart
cheap,does,small,should,disappointed,broke,return,thought,wasn,not,$,but,ok,work,t,did,pool,however,didn,off,waste,tried,after,poor,apart
cheap,does,small,should,disappointed,broke,return,thought,wasn,not,$,but,ok,work,t,did,pool,however,didn,off,waste,tried,after,poor,apart
cheap,does,small,should,disappointed,broke,return,thought,wasn,not,$,but,ok,work,t,did,pool,however,didn,off,waste,tried,after,poor,apart
cheap,does,small,should,disappointed,broke,return,thought,wasn,not,$,but,ok,work,t,did,pool,however,didn,off,waste,tried,after,poor,apart
cheap,does,small,should,disappointed,broke,return,thought,wasn,not,$,but,ok,work,t,did,pool,however,didn,off,waste,tried,after,poor,apart
cheap,does,small,should,disappointed,broke,return,thought,wasn,not,$,but,ok,work,t,did,pool,however,didn,off,waste,tried,after,poor,apart
cheap,does,small,should,disappointed,broke,return,thought,wasn,not,$,but,ok,work,t,did,pool,however,didn,off,waste,tried,after,poor,apart
cheap,does,small,should,disappointed,broke,return,thought,wasn,not,$,but,ok,work,t,did,pool,however,didn,off,waste,tried,after,poor,apart
cheap,does,small,should,disappointed,broke,return,thought,wasn,not,$,but,ok,work,t,did,pool,however,didn,off,waste,tried,after,poor,apart
cheap,does,small,should,disappointed,broke,return,thought,wasn,not,$,but,ok,work,t,did,pool,however,didn,off,waste,tried,after,poor,apart
cheap,does,small,should,disappointed,broke,return,thought,wasn,not,$,but,ok,work,t,did,pool,however,didn,off,waste,tried,after,poor,apart
cheap,does,small,should,disappointed,broke,return,thought,wasn,not,$,but,ok,work,t,did,pool,however,didn,off,waste,tried,after,poor,apart
cheap,does,small,should,disappointed,broke,return,thought,wasn,not,$,but,ok,work,t,did,pool,however,didn,off,waste,tried,after,poor,apart
cheap,does,small,should,disappointed,broke,return,thought,wasn,not,$,but,ok,work,t,did,pool,however,didn,off,waste,tried,after,poor,apart
cheap,does,small,should,disappointed,broke,return,thought,wasn,not,$,but,ok,work,t,did,pool,however,didn,off,waste,tried,after,poor,apart
cheap,does,small,should,disappointed,broke,return,thought,wasn,not,$,but,ok,work,t,did,pool,however,didn,off,waste,tried,after,poor,apart
cheap,does,small,should,disappointed,broke,return,thought,wasn,not,$,but,ok,work,t,did,pool,however,didn,off,waste,tried,after,poor,apart
cheap,does,small,should,disappointed,broke,return,thought,wasn,not,$,but,ok,work,t,did,pool,however,didn,off,waste,tried,after,poor,apart
cheap,does,small,should,disappointed,broke,return,thought,wasn,not,$,but,ok,work,t,did,pool,however,didn,off,waste,tried,after,poor,apart
cheap,does,small,should,disappointed,broke,return,thought,wasn,not,$,but,ok,work,t,did,pool,however,didn,off,waste,tried,after,poor,apart
cheap,does,small,should,disappointed,broke,return,thought,wasn,not,$,but,ok,work,t,did,pool,however,didn,off,waste,tried,after,poor,apart
cheap,does,small,should,disappointed,broke,return,thought,wasn,not,$,but,ok,work,t,did,pool,however,didn,off,waste,tried,after,poor,apart
cheap,does,small,should,disappointed,broke,return,thought,wasn,not,$,but,ok,work,t,did,pool,however,didn,off,waste,tried,after,poor,apart
cheap,does,small,should,disappointed,broke,return,thought,wasn,not,$,but,ok,work,t,did,pool,however,didn,off,waste,tried,after,poor,apart
cheap,does,small,should,disappointed,broke,return,thought,wasn,not,$,but,ok,work,t,did,pool,however,didn,off,waste,tried,after,poor,apart
cheap,does,small,should,disappointed,broke,return,thought,wasn,not,$,but,ok,work,t,did,pool,however,didn,off,waste,tried,after,poor,apart
cheap,does,small,should,disappointed,broke,return,thought,wasn,not,$,but,ok,work,t,did,pool,however,didn,off,waste,tried,after,poor,apart
cheap,does,small,should,disappointed,broke,return,thought,wasn,not,$,but,ok,work,t,did,pool,however,didn,off,waste,tried,after,poor,apart
cheap,does,small,should,disappointed,broke,return,thought,wasn,not,$,but,ok,work,t,did,pool,however,didn,off,waste,tried,after,poor,apart
cheap,does,small,should,disappointed,broke,return,thought,wasn,not,$,but,ok,work,t,did,pool,however,didn,off,waste,tried,after,poor,apart
cheap,does,small,should,disappointed,broke,return,thought,wasn,not,$,but,ok,work,t,did,pool,however,didn,off,waste,tried,after,poor,apart
cheap,does,small,should,disappointed,broke,return,thought,wasn,not,$,but,ok,work,t,did,pool,however,didn,off,waste,tried,after,poor,apart
cheap,does,small,should,disappointed,broke,return,thought,wasn,not,$,but,ok,work,t,did,pool,however,didn,off,waste,tried,after,poor,apart
cheap,does,small,should,disappointed,broke,return,thought,wasn,not,$,but,ok,work,t,did,pool,however,didn,off,waste,tried,after,poor,apart
cheap,does,small,should,disappointed,broke,return,thought,wasn,not,$,but,ok,work,t,did,pool,however,didn,off,waste,tried,after,poor,apart
cheap,does,small,should,disappointed,broke,return,thought,wasn,not,$,but,ok,work,t,did,pool,however,didn,off,waste,tried,after,poor,apart
cheap,does,small,should,disappointed,broke,return,thought,wasn,not,$,but,ok,work,t,did,pool,however,didn,off,waste,tried,after,poor,apart
cheap,does,small,should,disappointed,broke,return,thought,wasn,not,$,but,ok,work,t,did,pool,however,didn,off,waste,tried,after,poor,apart
cheap,does,small,should,disappointed,broke,return,thought,wasn,not,$,but,ok,work,t,did,pool,however,didn,off,waste,tried,after,poor,apart
cheap,does,small,should,disappointed,broke,return,thought,wasn,not,$,but,ok,work,t,did,pool,however,didn,off,waste,tried,after,poor,apart
cheap,does,small,should,disappointed,broke,return,thought,wasn,not,$,but,ok,work,t,did,pool,however,didn,off,waste,tried,after,poor,apart
cheap,does,small,should,disappointed,broke,return,thought,wasn,not,$,but,ok,work,t,did,pool,however,didn,off,waste,tried,after,poor,apart
cheap,does,small,should,disappointed,broke,return,thought,wasn,not,$,but,ok,work,t,did,pool,however,didn,off,waste,tried,after,poor,apart
cheap,does,small,should,disappointed,broke,return,thought,wasn,not,$,but,ok,work,t,did,pool,however,didn,off,waste,tried,after,poor,apart
cheap,does,small,should,disappointed,broke,return,thought,wasn,not,$,but,ok,work,t,did,pool,however,didn,off,waste,tried,after,poor,apart
cheap,does,small,should,disappointed,broke,return,thought,wasn,not,$,but,ok,work,t,did,pool,however,didn,off,waste,tried,after,poor,apart
cheap,does,small,should,disappointed,broke,return,thought,wasn,not,$,but,ok,work,t,did,pool,however,didn,off,waste,tried,after,poor,apart
cheap,does,small,should,disappointed,broke,return,thought,wasn,not,$,but,ok,work,t,did,pool,however,didn,off,waste,tried,after,poor,apart
cheap,does,small,should,disappointed,broke,return,thought,wasn,not,$,but,ok,work,t,did,pool,however,didn,off,waste,tried,after,poor,apart
cheap,does,small,should,disappointed,broke,return,thought,wasn,not,$,but,ok,work,t,did,pool,however,didn,off,waste,tried,after,poor,apart
cheap,does,small,should,disappointed,broke,return,thought,wasn,not,$,but,ok,work,t,did,pool,however,didn,off,waste,tried,after,poor,apart
cheap,does,small,should,disappointed,broke,return,thought,wasn,not,$,but,ok,work,t,did,pool,however,didn,off,waste,tried,after,poor,apart
cheap,does,small,should,disappointed,broke,return,thought,wasn,not,$,but,ok,work,t,did,pool,however,didn,off,waste,tried,after,poor,apart
cheap,does,small,should,disappointed,broke,return,thought,wasn,not,$,but,ok,work,t,did,pool,however,didn,off,waste,tried,after,poor,apart
cheap,does,small,should,disappointed,broke,return,thought,wasn,not,$,but,ok,work,t,did,pool,however,didn,off,waste,tried,after,poor,apart
cheap,does,small,should,disappointed,broke,return,thought,wasn,not,$,but,ok,work,t,did,pool,however,didn,off,waste,tried,after,poor,apart
cheap,does,small,should,disappointed,broke,return,thought,wasn,not,$,but,ok,work,t,did,pool,however,didn,off,waste,tried,after,poor,apart
cheap,does,small,should,disappointed,broke,return,thought,wasn,not,$,but,ok,work,t,did,pool,however,didn,off,waste,tried,after,poor,apart
cheap,does,small,should,disappointed,broke,return,thought,wasn,not,$,but,ok,work,t,did,pool,however,didn,off,waste,tried,after,poor,apart
cheap,does,small,should,disappointed,broke,return,thought,wasn,not,$,but,ok,work,t,did,pool,however,didn,off,waste,tried,after,poor,apart
cheap,does,small,should,disappointed,broke,return,thought,wasn,not,$,but,ok,work,t,did,pool,however,didn,off,waste,tried,after,poor,apart
cheap,does,small,should,disappointed,broke,return,thought,wasn,not,$,but,ok,work,t,did,pool,however,didn,off,waste,tried,after,poor,apart
cheap,does,small,should,disappointed,broke,return,thought,wasn,not,$,but,ok,work,t,did,pool,however,didn,off,waste,tried,after,poor,apart
cheap,does,small,should,disappointed,broke,return,thought,wasn,not,$,but,ok,work,t,did,pool,however,didn,off,waste,tried,after,poor,apart
cheap,does,small,should,disappointed,broke,return,thought,wasn,not,$,but,ok,work,t,did,pool,however,didn,off,waste,tried,after,poor,apart
cheap,does,small,should,disappointed,broke,return,thought,wasn,not,$,but,ok,work,t,did,pool,however,didn,off,waste,tried,after,poor,apart
cheap,does,small,should,disappointed,broke,return,thought,wasn,not,$,but,ok,work,t,did,pool,however,didn,off,waste,tried,after,poor,apart
cheap,does,small,should,disappointed,broke,return,thought,wasn,not,$,but,ok,work,t,did,pool,however,didn,off,waste,tried,after,poor,apart
cheap,does,small,should,disappointed,broke,return,thought,wasn,not,$,but,ok,work,t,did,pool,however,didn,off,waste,tried,after,poor,apart
cheap,does,small,should,disappointed,broke,return,thought,wasn,not,$,but,ok,work,t,did,pool,however,didn,off,waste,tried,after,poor,apart
cheap,does,small,should,disappointed,broke,return,thought,wasn,not,$,but,ok,work,t,did,pool,however,didn,off,waste,tried,after,poor,apart
cheap,does,small,should,disappointed,broke,return,thought,wasn,not,$,but,ok,work,t,did,pool,however,didn,off,waste,tried,after,poor,apart
cheap,does,small,should,disappointed,broke,return,thought,wasn,not,$,but,ok,work,t,did,pool,however,didn,off,waste,tried,after,poor,apart
cheap,does,small,should,disappointed,broke,return,thought,wasn,not,$,but,ok,work,t,did,pool,however,didn,off,waste,tried,after,poor,apart
cheap,does,small,should,disappointed,broke,return,thought,wasn,not,$,but,ok,work,t,did,pool,however,didn,off,waste,tried,after,poor,apart
cheap,does,small,should,disappointed,broke,return,thought,wasn,not,$,but,ok,work,t,did,pool,however,didn,off,waste,tried,after,poor,apart
cheap,does,small,should,disappointed,broke,return,thought,wasn,not,$,but,ok,work,t,did,pool,however,didn,off,waste,tried,after,poor,apart
cheap,does,small,should,disappointed,broke,return,thought,wasn,not,$,but,ok,work,t,did,pool,however,didn,off,waste,tried,after,poor,apart
cheap,does,small,should,disappointed,broke,return,thought,wasn,not,$,but,ok,work,t,did,pool,however,didn,off,waste,tried,after,poor,apart
cheap,does,small,should,disappointed,broke,return,thought,wasn,not,$,but,ok,work,t,did,pool,however,didn,off,waste,tried,after,poor,apart
cheap,does,small,should,disappointed,broke,return,thought,wasn,not,$,but,ok,work,t,did,pool,however,didn,off,waste,tried,after,poor,apart
cheap,does,small,should,disappointed,broke,return,thought,wasn,not,$,but,ok,work,t,did,pool,however,didn,off,waste,tried,after,poor,apart
cheap,does,small,should,disappointed,broke,return,thought,wasn,not,$,but,ok,work,t,did,pool,however,didn,off,waste,tried,after,poor,apart
cheap,does,small,should,disappointed,broke,return,thought,wasn,not,$,but,ok,work,t,did,pool,however,didn,off,waste,tried,after,poor,apart
cheap,does,small,should,disappointed,broke,return,thought,wasn,not,$,but,ok,work,t,did,pool,however,didn,off,waste,tried,after,poor,apart
cheap,does,small,should,disappointed,broke,return,thought,wasn,not,$,but,ok,work,t,did,pool,however,didn,off,waste,tried,after,poor,apart
cheap,does,small,should,disappointed,broke,return,thought,wasn,not,$,but,ok,work,t,did,pool,however,didn,off,waste,tried,after,poor,apart
cheap,does,small,should,disappointed,broke,return,thought,wasn,not,$,but,ok,work,t,did,pool,however,didn,off,waste,tried,after,poor,apart
cheap,does,small,should,disappointed,broke,return,thought,wasn,not,$,but,ok,work,t,did,pool,however,didn,off,waste,tried,after,poor,apart
cheap,does,small,should,disappointed,broke,return,thought,wasn,not,$,but,ok,work,t,did,pool,however,didn,off,waste,tried,after,poor,apart
cheap,does,small,should,disappointed,broke,return,thought,wasn,not,$,but,ok,work,t,did,pool,however,didn,off,waste,tried,after,poor,apart
cheap,does,small,should,disappointed,broke,return,thought,wasn,not,$,but,ok,work,t,did,pool,however,didn,off,waste,tried,after,poor,apart
cheap,does,small,should,disappointed,broke,return,thought,wasn,not,$,but,ok,work,t,did,pool,however,didn,off,waste,tried,after,poor,apart
cheap,does,small,should,disappointed,broke,return,thought,wasn,not,$,but,ok,work,t,did,pool,however,didn,off,waste,tried,after,poor,apart
cheap,does,small,should,disappointed,broke,return,thought,wasn,not,$,but,ok,work,t,did,pool,however,didn,off,waste,tried,after,poor,apart
cheap,does,small,should,disappointed,broke,return,thought,wasn,not,$,but,ok,work,t,did,pool,however,didn,off,waste,tried,after,poor,apart
cheap,does,small,should,disappointed,broke,return,thought,wasn,not,$,but,ok,work,t,did,pool,however,didn,off,waste,tried,after,poor,apart
cheap,does,small,should,disappointed,broke,return,thought,wasn,not,$,but,ok,work,t,did,pool,however,didn,off,waste,tried,after,poor,apart
cheap,does,small,should,disappointed,broke,return,thought,wasn,not,$,but,ok,work,t,did,pool,however,didn,off,waste,tried,after,poor,apart
cheap,does,small,should,disappointed,broke,return,thought,wasn,not,$,but,ok,work,t,did,pool,however,didn,off,waste,tried,after,poor,apart
cheap,does,small,should,disappointed,broke,return,thought,wasn,not,$,but,ok,work,t,did,pool,however,didn,off,waste,tried,after,poor,apart
cheap,does,small,should,disappointed,broke,return,thought,wasn,not,$,but,ok,work,t,did,pool,however,didn,off,waste,tried,after,poor,apart
cheap,does,small,should,disappointed,broke,return,thought,wasn,not,$,but,ok,work,t,did,pool,however,didn,off,waste,tried,after,poor,apart
cheap,does,small,should,disappointed,broke,return,thought,wasn,not,$,but,ok,work,t,did,pool,however,didn,off,waste,tried,after,poor,apart
cheap,does,small,should,disappointed,broke,return,thought,wasn,not,$,but,ok,work,t,did,pool,however,didn,off,waste,tried,after,poor,apart
cheap,does,small,should,disappointed,broke,return,thought,wasn,not,$,but,ok,work,t,did,pool,however,didn,off,waste,tried,after,poor,apart
cheap,does,small,should,disappointed,broke,return,thought,wasn,not,$,but,ok,work,t,did,pool,however,didn,off,waste,tried,after,poor,apart
cheap,does,small,should,disappointed,broke,return,thought,wasn,not,$,but,ok,work,t,did,pool,however,didn,off,waste,tried,after,poor,apart
cheap,does,small,should,disappointed,broke,return,thought,wasn,not,$,but,ok,work,t,did,pool,however,didn,off,waste,tried,after,poor,apart
cheap,does,small,should,disappointed,broke,return,thought,wasn,not,$,but,ok,work,t,did,pool,however,didn,off,waste,tried,after,poor,apart
cheap,does,small,should,disappointed,broke,return,thought,wasn,not,$,but,ok,work,t,did,pool,however,didn,off,waste,tried,after,poor,apart
cheap,does,small,should,disappointed,broke,return,thought,wasn,not,$,but,ok,work,t,did,pool,however,didn,off,waste,tried,after,poor,apart
cheap,does,small,should,disappointed,broke,return,thought,wasn,not,$,but,ok,work,t,did,however,disappointing,didn,off,waste,tried,after,poor,apart
cheap,does,small,should,disappointed,broke,return,thought,wasn,not,$,but,ok,work,t,did,however,disappointing,didn,off,waste,tried,after,poor,apart
cheap,does,small,should,disappointed,broke,return,thought,wasn,not,$,but,ok,work,t,did,however,disappointing,didn,off,waste,tried,after,poor,apart
cheap,does,small,should,disappointed,broke,return,thought,wasn,not,$,but,ok,work,t,did,however,disappointing,didn,off,waste,tried,after,poor,apart
cheap,does,small,should,disappointed,broke,return,thought,wasn,not,$,but,ok,work,t,did,however,disappointing,didn,off,waste,tried,after,poor,apart
cheap,does,small,should,disappointed,broke,return,thought,wasn,not,$,but,ok,work,t,did,however,disappointing,didn,off,waste,tried,after,poor,apart
cheap,does,small,should,disappointed,broke,return,thought,wasn,not,$,but,ok,work,t,did,however,disappointing,didn,off,waste,tried,after,poor,apart
cheap,does,small,should,disappointed,broke,return,thought,wasn,not,$,but,ok,work,t,did,however,disappointing,didn,off,waste,tried,after,poor,apart
cheap,does,small,should,disappointed,broke,return,thought,wasn,not,$,but,ok,work,t,did,however,disappointing,didn,off,waste,tried,after,poor,apart
cheap,does,small,should,disappointed,broke,return,thought,wasn,not,$,but,ok,work,t,did,however,disappointing,didn,off,waste,tried,after,poor,apart
cheap,does,small,should,disappointed,broke,return,thought,wasn,not,$,but,ok,work,t,did,however,disappointing,didn,off,waste,tried,after,poor,apart
cheap,does,small,should,disappointed,broke,return,thought,wasn,not,$,but,ok,work,t,did,however,disappointing,didn,off,waste,tried,after,poor,apart
cheap,does,small,should,disappointed,broke,return,thought,wasn,not,$,but,ok,work,t,did,however,disappointing,didn,off,waste,tried,after,poor,apart
cheap,does,small,should,disappointed,broke,return,thought,wasn,not,$,but,ok,work,t,did,however,disappointing,didn,off,waste,tried,after,poor,apart
cheap,does,small,should,disappointed,broke,return,thought,wasn,not,$,but,ok,work,t,did,however,disappointing,didn,off,waste,tried,after,poor,apart
cheap,does,small,should,disappointed,broke,return,thought,wasn,not,$,but,ok,work,t,did,however,disappointing,didn,off,waste,tried,after,poor,apart
cheap,does,small,should,disappointed,broke,return,thought,wasn,not,$,but,ok,work,t,did,however,disappointing,didn,off,waste,tried,after,poor,apart
cheap,does,small,should,disappointed,broke,return,thought,wasn,not,$,but,ok,work,t,did,however,disappointing,didn,off,waste,tried,after,poor,apart
cheap,does,small,should,disappointed,broke,return,thought,wasn,not,$,but,ok,work,t,did,however,disappointing,didn,off,waste,tried,after,poor,apart
cheap,does,small,should,disappointed,broke,return,thought,wasn,not,$,but,ok,work,t,did,however,disappointing,didn,off,waste,tried,after,poor,apart
cheap,does,small,should,disappointed,broke,return,thought,wasn,not,$,but,ok,work,t,did,however,disappointing,didn,off,waste,tried,after,poor,apart
cheap,does,small,should,disappointed,broke,return,thought,wasn,not,$,but,ok,work,t,did,however,disappointing,didn,off,waste,tried,after,poor,apart
cheap,does,small,should,disappointed,broke,return,thought,wasn,not,$,but,ok,work,t,did,however,disappointing,didn,off,waste,tried,after,poor,apart
cheap,does,small,should,disappointed,broke,return,thought,wasn,not,$,but,ok,work,t,did,however,disappointing,didn,off,waste,tried,after,poor,apart
cheap,does,small,should,disappointed,broke,return,thought,wasn,not,$,but,ok,work,t,did,however,disappointing,didn,off,waste,tried,after,poor,apart
cheap,does,small,should,disappointed,broke,return,thought,wasn,not,$,but,ok,work,t,did,however,disappointing,didn,off,waste,tried,after,poor,apart
cheap,does,small,should,disappointed,broke,return,thought,wasn,not,$,but,ok,work,t,did,however,disappointing,didn,off,waste,tried,after,poor,apart
cheap,does,small,should,disappointed,broke,return,thought,wasn,not,$,but,ok,work,t,did,however,disappointing,didn,off,waste,tried,after,poor,apart
cheap,does,small,should,disappointed,broke,return,thought,wasn,not,$,but,ok,work,t,did,however,disappointing,didn,off,waste,tried,after,poor,apart
cheap,does,small,should,disappointed,broke,return,thought,wasn,not,$,but,ok,work,t,did,however,disappointing,didn,off,waste,tried,after,poor,apart
cheap,does,small,should,disappointed,broke,return,thought,wasn,not,$,but,ok,work,t,did,however,disappointing,didn,off,waste,tried,after,poor,apart
cheap,does,small,should,disappointed,broke,return,thought,wasn,not,$,but,ok,work,t,did,however,disappointing,didn,off,waste,tried,after,poor,apart
cheap,does,small,should,disappointed,broke,return,thought,wasn,not,$,but,ok,work,t,did,however,disappointing,didn,off,waste,tried,after,poor,apart
cheap,does,small,should,disappointed,broke,return,thought,wasn,not,$,but,ok,work,t,did,however,disappointing,didn,off,waste,tried,after,poor,apart
cheap,does,small,should,disappointed,broke,return,thought,wasn,not,$,but,ok,work,t,did,however,disappointing,didn,off,waste,tried,after,poor,apart
cheap,does,small,should,disappointed,broke,return,thought,wasn,not,$,but,ok,work,t,did,however,disappointing,didn,off,waste,tried,after,poor,apart
cheap,does,small,should,disappointed,broke,return,thought,wasn,not,$,but,ok,work,t,did,however,disappointing,didn,off,waste,tried,after,poor,apart
cheap,does,small,should,disappointed,broke,return,thought,wasn,not,$,but,ok,work,t,did,however,disappointing,didn,off,waste,tried,after,poor,apart
cheap,does,small,should,disappointed,broke,return,thought,wasn,not,$,but,ok,work,t,did,however,disappointing,didn,off,waste,tried,after,poor,apart
cheap,does,small,should,disappointed,broke,return,thought,wasn,not,$,but,ok,work,t,did,however,disappointing,didn,off,waste,tried,after,poor,apart
cheap,does,small,should,disappointed,broke,return,thought,wasn,not,$,but,ok,work,t,did,however,disappointing,didn,off,waste,tried,after,poor,apart
cheap,does,small,should,disappointed,broke,return,thought,wasn,not,$,but,ok,work,t,did,however,disappointing,didn,off,waste,tried,after,poor,apart
cheap,does,small,should,disappointed,broke,return,thought,wasn,not,$,but,ok,work,t,did,however,disappointing,didn,off,waste,tried,after,poor,apart
cheap,does,small,should,disappointed,broke,return,thought,wasn,not,$,but,ok,work,t,did,however,disappointing,didn,off,waste,tried,after,poor,apart
cheap,does,small,should,disappointed,broke,return,thought,wasn,not,$,but,ok,work,t,did,however,disappointing,didn,off,waste,tried,after,poor,apart
cheap,does,small,should,disappointed,broke,return,thought,wasn,not,$,but,ok,work,t,did,however,disappointing,didn,off,waste,tried,after,poor,apart
cheap,does,small,should,disappointed,broke,return,thought,wasn,not,$,but,ok,work,t,did,however,disappointing,didn,off,waste,tried,after,poor,apart
cheap,does,small,should,disappointed,broke,return,thought,wasn,not,$,but,ok,work,t,did,however,disappointing,didn,off,waste,tried,after,poor,apart
cheap,does,small,should,disappointed,broke,return,thought,wasn,not,$,but,ok,work,t,did,however,disappointing,didn,off,waste,tried,after,poor,apart
cheap,does,small,should,disappointed,broke,return,thought,wasn,not,$,but,ok,work,t,did,however,disappointing,didn,off,waste,tried,after,poor,apart
cheap,does,small,should,disappointed,broke,return,thought,wasn,not,$,but,ok,work,t,did,however,disappointing,didn,off,waste,tried,after,poor,apart
cheap,does,small,should,disappointed,broke,return,thought,wasn,not,$,but,ok,work,t,did,however,disappointing,didn,off,waste,tried,after,poor,apart
cheap,does,small,should,disappointed,broke,return,thought,wasn,not,$,but,ok,work,t,did,however,disappointing,didn,off,waste,tried,after,poor,apart
cheap,does,small,should,disappointed,broke,return,thought,wasn,not,$,but,ok,work,t,did,however,disappointing,didn,off,waste,tried,after,poor,apart
cheap,does,small,should,disappointed,broke,return,thought,wasn,not,$,but,ok,work,t,did,however,disappointing,didn,off,waste,tried,after,poor,apart
cheap,does,small,should,disappointed,broke,return,thought,wasn,not,$,but,ok,work,t,did,however,disappointing,didn,off,waste,tried,after,poor,apart
cheap,does,small,should,disappointed,broke,return,thought,wasn,not,$,but,ok,work,t,did,however,disappointing,didn,off,waste,tried,after,poor,apart
cheap,does,small,should,disappointed,broke,return,thought,wasn,not,$,but,ok,work,t,did,however,disappointing,didn,off,waste,tried,after,poor,apart
cheap,does,small,should,disappointed,broke,return,thought,wasn,not,$,but,ok,work,t,did,however,disappointing,didn,off,waste,tried,after,poor,apart
cheap,does,small,should,disappointed,broke,return,thought,wasn,not,$,but,ok,work,t,did,however,disappointing,didn,off,waste,tried,after,poor,apart
cheap,does,small,should,disappointed,broke,return,thought,wasn,not,$,but,ok,work,t,did,however,disappointing,didn,off,waste,tried,after,poor,apart
cheap,does,small,should,disappointed,broke,return,thought,wasn,not,$,but,ok,work,t,did,however,disappointing,didn,off,waste,tried,after,poor,apart
cheap,does,small,should,disappointed,broke,return,thought,wasn,not,$,but,ok,work,t,did,however,disappointing,didn,off,waste,tried,after,poor,apart
cheap,does,small,should,disappointed,broke,return,thought,wasn,not,$,but,ok,work,t,did,however,disappointing,didn,off,waste,tried,after,poor,apart
cheap,does,small,should,disappointed,broke,return,thought,wasn,not,$,but,ok,work,t,did,however,disappointing,didn,off,waste,tried,after,poor,apart
cheap,does,small,should,disappointed,broke,return,thought,wasn,not,$,but,ok,work,t,did,however,disappointing,didn,off,waste,tried,after,poor,apart
cheap,does,small,should,disappointed,broke,return,thought,wasn,not,$,but,ok,work,t,did,however,disappointing,didn,off,waste,tried,after,poor,apart
cheap,does,small,should,disappointed,broke,return,thought,wasn,not,$,but,ok,work,t,did,however,disappointing,didn,off,waste,tried,after,poor,apart
cheap,does,small,should,disappointed,broke,return,thought,wasn,not,$,but,ok,work,t,did,however,disappointing,didn,off,waste,tried,after,poor,apart
cheap,does,small,should,disappointed,broke,return,thought,wasn,not,$,but,ok,work,t,did,however,disappointing,didn,off,waste,tried,after,poor,apart
cheap,does,small,should,disappointed,broke,return,wasn,not,$,but,ok,work,t,did,however,disappointing,didn,off,poorly,waste,tried,after,poor,apart
cheap,does,small,should,disappointed,broke,return,wasn,not,$,but,ok,work,t,did,however,disappointing,didn,off,poorly,waste,tried,after,poor,apart
cheap,does,small,should,disappointed,broke,return,wasn,not,$,but,ok,work,t,did,however,disappointing,didn,off,poorly,waste,tried,after,poor,apart
cheap,does,small,should,disappointed,broke,return,wasn,not,$,but,ok,work,t,did,however,disappointing,didn,off,poorly,waste,tried,after,poor,apart
cheap,does,small,should,disappointed,broke,return,wasn,not,$,but,ok,work,t,did,however,disappointing,didn,off,poorly,waste,tried,after,poor,apart
cheap,does,small,should,disappointed,broke,return,wasn,not,$,but,ok,work,t,did,however,disappointing,didn,off,poorly,waste,tried,after,poor,apart
cheap,does,small,should,disappointed,broke,return,wasn,not,$,but,ok,work,t,did,however,disappointing,didn,off,poorly,waste,tried,after,poor,apart
cheap,does,small,should,disappointed,broke,return,wasn,not,$,but,ok,work,t,did,however,disappointing,didn,off,poorly,waste,tried,after,poor,apart
cheap,does,small,should,disappointed,broke,return,wasn,not,$,but,ok,work,t,did,however,disappointing,didn,off,poorly,waste,tried,after,poor,apart
cheap,does,small,should,disappointed,broke,return,wasn,not,$,but,ok,work,t,did,however,disappointing,didn,off,poorly,waste,tried,after,poor,apart
cheap,does,small,should,disappointed,broke,return,wasn,not,$,but,ok,work,t,did,however,disappointing,didn,off,poorly,waste,tried,after,poor,apart
cheap,does,small,should,disappointed,broke,return,wasn,not,$,but,ok,work,t,did,however,disappointing,didn,off,poorly,waste,tried,after,poor,apart
cheap,does,small,should,disappointed,broke,return,wasn,not,$,but,ok,work,t,did,however,disappointing,didn,off,poorly,waste,tried,after,poor,apart
cheap,does,small,should,disappointed,broke,return,wasn,not,$,but,ok,work,t,did,however,disappointing,didn,off,poorly,waste,tried,after,poor,apart
cheap,does,small,should,disappointed,broke,return,wasn,not,$,but,ok,work,t,did,however,disappointing,didn,off,poorly,waste,tried,after,poor,apart
cheap,does,small,should,disappointed,broke,return,wasn,not,$,but,ok,work,t,did,however,disappointing,didn,off,poorly,waste,tried,after,poor,apart
cheap,does,small,should,disappointed,broke,return,wasn,not,$,but,ok,work,t,did,however,disappointing,didn,off,poorly,waste,tried,after,poor,apart
cheap,does,small,should,disappointed,broke,return,wasn,not,$,but,ok,work,t,did,however,disappointing,didn,off,poorly,waste,tried,after,poor,apart
cheap,does,small,should,disappointed,broke,return,wasn,not,$,but,ok,work,t,did,however,disappointing,didn,off,poorly,waste,tried,after,poor,apart
cheap,does,small,should,disappointed,broke,return,wasn,not,$,but,ok,work,t,did,however,disappointing,didn,off,poorly,waste,tried,after,poor,apart
cheap,does,small,should,disappointed,broke,return,wasn,not,$,but,ok,work,t,did,however,disappointing,didn,off,poorly,waste,tried,after,poor,apart
cheap,does,small,should,disappointed,broke,return,wasn,not,$,but,ok,work,t,did,however,disappointing,didn,off,poorly,waste,tried,after,poor,apart
cheap,does,small,should,disappointed,broke,return,wasn,not,$,but,ok,work,t,did,however,disappointing,didn,off,poorly,waste,tried,after,poor,apart
cheap,does,small,should,disappointed,broke,return,wasn,not,$,but,ok,work,t,did,however,disappointing,didn,off,poorly,waste,tried,after,poor,apart
cheap,does,small,should,disappointed,broke,return,wasn,not,$,but,ok,work,t,did,however,disappointing,didn,off,poorly,waste,tried,after,poor,apart
cheap,does,small,should,disappointed,broke,return,wasn,not,$,but,ok,work,t,did,pool,however,disappointing,didn,off,waste,tried,after,poor,apart
cheap,does,small,should,disappointed,broke,return,wasn,not,$,but,ok,work,t,did,pool,however,disappointing,didn,off,waste,tried,after,poor,apart
cheap,does,small,should,disappointed,broke,return,wasn,not,$,but,ok,work,t,did,pool,however,disappointing,didn,off,waste,tried,after,poor,apart
cheap,does,small,should,disappointed,broke,return,wasn,not,$,but,ok,work,t,did,pool,however,disappointing,didn,off,waste,tried,after,poor,apart
cheap,does,small,should,disappointed,broke,return,wasn,not,$,but,ok,work,t,did,pool,however,disappointing,didn,off,waste,tried,after,poor,apart
cheap,does,small,should,disappointed,broke,return,wasn,not,$,but,ok,work,t,did,pool,however,disappointing,didn,off,waste,tried,after,poor,apart
cheap,does,small,should,disappointed,broke,return,wasn,not,$,but,ok,work,t,did,pool,however,disappointing,didn,off,waste,tried,after,poor,apart
cheap,does,small,should,disappointed,broke,return,wasn,not,$,but,ok,work,t,did,pool,however,disappointing,didn,off,waste,tried,after,poor,apart
cheap,does,small,should,disappointed,broke,return,wasn,not,$,but,ok,work,t,did,pool,however,disappointing,didn,off,waste,tried,after,poor,apart
cheap,does,small,should,disappointed,broke,return,wasn,not,$,but,ok,work,t,did,pool,however,disappointing,didn,off,waste,tried,after,poor,apart
cheap,does,small,should,disappointed,broke,return,wasn,not,$,but,ok,work,t,did,pool,however,disappointing,didn,off,waste,tried,after,poor,apart
cheap,does,small,should,disappointed,broke,return,wasn,not,$,but,ok,work,t,did,pool,however,disappointing,didn,off,waste,tried,after,poor,apart
cheap,does,small,should,disappointed,broke,return,wasn,not,$,but,ok,work,t,did,pool,however,disappointing,didn,off,waste,tried,after,poor,apart
cheap,does,small,should,disappointed,broke,return,wasn,not,$,but,ok,work,t,did,pool,however,disappointing,didn,off,waste,tried,after,poor,apart
cheap,does,small,should,disappointed,broke,return,wasn,not,$,but,ok,work,t,did,pool,however,disappointing,didn,off,waste,tried,after,poor,apart
cheap,does,small,should,disappointed,broke,return,wasn,not,$,but,ok,work,t,did,pool,however,disappointing,didn,off,waste,tried,after,poor,apart
cheap,does,small,should,disappointed,broke,return,wasn,not,$,but,ok,work,t,did,pool,however,disappointing,didn,off,waste,tried,after,poor,apart
cheap,does,small,should,disappointed,broke,return,wasn,not,$,but,ok,work,t,did,pool,however,disappointing,didn,off,waste,tried,after,poor,apart
cheap,does,small,should,disappointed,broke,return,wasn,not,$,but,ok,work,t,did,pool,however,disappointing,didn,off,waste,tried,after,poor,apart
cheap,does,small,should,disappointed,broke,return,wasn,not,$,but,ok,work,t,did,pool,however,disappointing,didn,off,waste,tried,after,poor,apart
cheap,does,small,should,disappointed,broke,return,wasn,not,$,but,ok,work,t,did,pool,however,disappointing,didn,off,waste,tried,after,poor,apart
cheap,does,small,should,disappointed,broke,return,wasn,not,$,but,ok,work,t,did,pool,however,disappointing,didn,off,waste,tried,after,poor,apart
cheap,does,small,should,disappointed,broke,return,wasn,not,$,but,ok,work,t,did,pool,however,disappointing,didn,off,waste,tried,after,poor,apart
cheap,does,small,should,disappointed,broke,return,wasn,not,$,but,ok,work,t,did,pool,however,disappointing,didn,off,waste,tried,after,poor,apart
cheap,does,small,should,disappointed,broke,return,wasn,not,$,but,ok,work,t,did,pool,however,disappointing,didn,off,waste,tried,after,poor,apart
cheap,does,small,should,disappointed,broke,return,wasn,not,$,but,ok,work,t,did,pool,however,disappointing,didn,off,waste,tried,after,poor,apart
cheap,does,small,should,disappointed,broke,return,wasn,not,$,but,ok,work,t,did,pool,however,disappointing,didn,off,waste,tried,after,poor,apart
cheap,does,small,should,disappointed,broke,return,wasn,not,$,but,ok,work,t,did,pool,however,disappointing,didn,off,waste,tried,after,poor,apart
cheap,does,small,should,disappointed,broke,return,wasn,not,$,but,ok,work,t,did,pool,however,disappointing,didn,off,waste,tried,after,poor,apart
cheap,does,small,should,disappointed,broke,return,wasn,not,$,but,ok,work,t,did,pool,however,disappointing,didn,off,waste,tried,after,poor,apart
cheap,does,small,should,disappointed,broke,return,wasn,not,$,but,ok,work,t,did,pool,however,disappointing,didn,off,waste,tried,after,poor,apart
cheap,does,small,should,disappointed,broke,return,wasn,not,$,but,ok,work,t,did,pool,however,disappointing,didn,off,waste,tried,after,poor,apart
cheap,does,small,should,disappointed,broke,return,wasn,not,$,but,ok,work,t,did,pool,however,disappointing,didn,off,waste,tried,after,poor,apart
cheap,does,small,should,disappointed,broke,return,wasn,not,$,but,ok,work,t,did,pool,however,disappointing,didn,off,waste,tried,after,poor,apart
cheap,does,small,should,disappointed,broke,return,wasn,not,$,but,ok,work,t,did,pool,however,disappointing,didn,off,waste,tried,after,poor,apart
cheap,does,small,should,disappointed,broke,return,wasn,not,$,but,ok,work,t,did,pool,however,disappointing,didn,off,waste,tried,after,poor,apart
cheap,does,small,should,disappointed,broke,return,wasn,not,$,but,ok,work,t,did,pool,however,disappointing,didn,off,waste,tried,after,poor,apart
cheap,does,small,should,disappointed,broke,return,wasn,not,$,but,ok,work,t,did,pool,however,disappointing,didn,off,waste,tried,after,poor,apart
cheap,does,small,should,disappointed,broke,return,wasn,not,$,but,ok,work,t,did,pool,however,disappointing,didn,off,waste,tried,after,poor,apart
cheap,does,small,should,disappointed,broke,return,wasn,not,$,but,ok,work,t,did,pool,however,disappointing,didn,off,waste,tried,after,poor,apart
cheap,does,small,should,disappointed,broke,return,wasn,not,$,but,ok,work,t,did,pool,however,disappointing,didn,off,waste,tried,after,poor,apart
cheap,does,small,should,disappointed,broke,return,wasn,not,$,but,ok,work,t,did,pool,however,disappointing,didn,off,waste,tried,after,poor,apart
cheap,does,small,should,disappointed,broke,return,wasn,not,$,but,ok,work,t,did,pool,however,disappointing,didn,off,waste,tried,after,poor,apart
cheap,does,small,should,disappointed,broke,return,wasn,not,$,but,ok,work,t,did,pool,however,disappointing,didn,off,waste,tried,after,poor,apart
cheap,does,small,should,disappointed,broke,return,wasn,not,$,but,ok,work,t,did,pool,however,disappointing,didn,off,waste,tried,after,poor,apart
cheap,does,small,should,disappointed,broke,return,wasn,not,$,but,ok,work,t,did,pool,however,disappointing,didn,off,waste,tried,after,poor,apart
cheap,does,small,should,disappointed,broke,return,wasn,not,$,but,ok,work,t,did,pool,however,disappointing,didn,off,waste,tried,after,poor,apart
cheap,does,small,should,disappointed,broke,return,wasn,not,$,but,ok,work,t,did,pool,however,disappointing,didn,off,waste,tried,after,poor,apart
cheap,does,small,should,disappointed,broke,return,wasn,not,$,but,ok,work,t,did,pool,however,disappointing,didn,off,waste,tried,after,poor,apart
cheap,does,small,should,disappointed,broke,return,wasn,not,$,but,ok,work,t,did,pool,however,disappointing,didn,off,waste,tried,after,poor,apart
cheap,does,small,should,disappointed,broke,return,wasn,not,$,but,ok,work,t,did,pool,however,disappointing,didn,off,waste,tried,after,poor,apart
cheap,does,small,should,disappointed,broke,return,wasn,not,$,but,ok,work,t,did,pool,however,disappointing,didn,off,waste,tried,after,poor,apart
cheap,does,small,should,disappointed,broke,return,wasn,not,$,but,ok,work,t,did,pool,however,disappointing,didn,off,waste,tried,after,poor,apart
cheap,does,small,should,disappointed,broke,return,wasn,not,$,but,ok,work,t,did,pool,however,disappointing,didn,off,waste,tried,after,poor,apart
cheap,does,small,should,disappointed,broke,return,wasn,not,$,but,ok,work,t,did,pool,however,disappointing,didn,off,waste,tried,after,poor,apart
cheap,does,small,should,disappointed,broke,return,wasn,not,$,but,ok,work,t,did,pool,however,disappointing,didn,off,waste,tried,after,poor,apart
cheap,does,small,should,disappointed,broke,return,wasn,not,$,but,ok,work,t,did,pool,however,disappointing,didn,off,waste,tried,after,poor,apart
cheap,does,small,should,disappointed,broke,return,wasn,not,$,but,ok,work,t,did,pool,however,disappointing,didn,off,waste,tried,after,poor,apart
cheap,does,small,should,disappointed,broke,return,wasn,not,$,but,ok,work,t,did,pool,however,disappointing,didn,off,waste,tried,after,poor,apart
cheap,does,small,should,disappointed,broke,return,wasn,not,$,but,ok,work,t,did,pool,however,disappointing,didn,off,waste,tried,after,poor,apart
cheap,does,small,should,disappointed,broke,return,wasn,not,$,but,ok,work,t,did,pool,however,disappointing,didn,off,waste,tried,after,poor,apart
cheap,does,small,should,disappointed,broke,return,wasn,not,$,but,ok,work,t,did,pool,however,disappointing,didn,off,waste,tried,after,poor,apart
cheap,does,small,should,disappointed,broke,return,wasn,not,$,but,ok,work,t,did,pool,however,disappointing,didn,off,waste,tried,after,poor,apart
cheap,does,small,should,disappointed,broke,return,wasn,not,$,but,ok,work,t,did,pool,however,disappointing,didn,off,waste,tried,after,poor,apart
cheap,does,small,should,disappointed,broke,return,wasn,not,$,but,ok,work,t,did,pool,however,disappointing,didn,off,waste,tried,after,poor,apart
cheap,does,small,should,disappointed,broke,return,wasn,not,$,but,ok,work,t,did,pool,however,disappointing,didn,off,waste,tried,after,poor,apart
cheap,does,small,should,disappointed,broke,return,wasn,not,$,but,ok,work,t,did,pool,however,disappointing,didn,off,waste,tried,after,poor,apart
cheap,does,small,should,disappointed,broke,return,wasn,not,$,but,ok,work,t,did,pool,however,disappointing,didn,off,waste,tried,after,poor,apart
cheap,does,small,should,disappointed,broke,return,wasn,not,$,but,ok,work,t,did,pool,however,disappointing,didn,off,waste,tried,after,poor,apart
cheap,does,small,should,disappointed,broke,return,wasn,not,$,but,ok,work,t,did,pool,however,disappointing,didn,off,waste,tried,after,poor,apart
cheap,does,small,should,disappointed,broke,return,wasn,not,$,but,ok,work,t,did,pool,however,disappointing,didn,off,waste,tried,after,poor,apart
cheap,does,small,should,disappointed,broke,return,wasn,not,$,but,ok,work,t,did,pool,however,disappointing,didn,off,waste,tried,after,poor,apart
cheap,does,small,should,disappointed,broke,return,wasn,not,$,but,ok,work,t,did,pool,however,disappointing,didn,off,waste,tried,after,poor,apart
cheap,does,small,should,disappointed,broke,return,wasn,not,$,but,ok,work,t,did,pool,however,disappointing,didn,off,waste,tried,after,poor,apart
cheap,does,small,should,disappointed,broke,return,wasn,not,$,but,ok,work,t,did,pool,however,disappointing,didn,off,waste,tried,after,poor,apart
cheap,does,small,should,disappointed,broke,return,wasn,not,$,but,ok,work,t,did,pool,however,disappointing,didn,off,waste,tried,after,poor,apart
cheap,does,small,should,disappointed,broke,return,wasn,not,$,but,ok,work,t,did,pool,however,disappointing,didn,off,waste,tried,after,poor,apart
cheap,does,small,should,disappointed,broke,return,wasn,not,$,but,ok,work,t,did,pool,however,disappointing,didn,off,waste,tried,after,poor,apart
cheap,does,small,should,disappointed,broke,return,wasn,not,$,but,ok,work,t,did,pool,however,disappointing,didn,off,waste,tried,after,poor,apart
cheap,does,small,should,disappointed,broke,return,wasn,not,$,but,ok,work,t,did,pool,however,disappointing,didn,off,waste,tried,after,poor,apart
cheap,does,small,should,disappointed,broke,return,wasn,not,$,but,ok,work,t,did,pool,however,disappointing,didn,off,waste,tried,after,poor,apart
cheap,does,small,should,disappointed,broke,return,wasn,not,$,but,ok,work,t,did,pool,however,disappointing,didn,off,waste,tried,after,poor,apart
cheap,does,small,should,disappointed,broke,return,wasn,not,$,but,ok,work,t,did,pool,however,disappointing,didn,off,waste,tried,after,poor,apart
cheap,does,small,should,disappointed,broke,return,wasn,not,$,but,ok,work,t,did,pool,however,disappointing,didn,off,waste,tried,after,poor,apart
cheap,does,small,should,disappointed,broke,return,wasn,not,$,but,ok,work,t,did,pool,however,disappointing,didn,off,waste,tried,after,poor,apart
cheap,does,small,should,disappointed,broke,return,wasn,not,$,but,ok,work,t,did,pool,however,disappointing,didn,off,waste,tried,after,poor,apart
cheap,does,small,should,disappointed,broke,return,wasn,not,$,but,ok,work,t,did,pool,however,disappointing,didn,off,waste,tried,after,poor,apart
cheap,does,small,should,disappointed,broke,return,wasn,not,$,but,ok,work,t,did,pool,however,disappointing,didn,off,waste,tried,after,poor,apart
cheap,does,small,should,disappointed,broke,return,wasn,not,$,but,ok,work,t,did,pool,however,disappointing,didn,off,waste,tried,after,poor,apart
cheap,does,small,should,disappointed,broke,return,wasn,not,$,but,ok,work,t,did,pool,however,disappointing,didn,off,waste,tried,after,poor,apart
cheap,does,small,should,disappointed,broke,return,wasn,not,$,but,ok,work,t,did,pool,however,disappointing,didn,off,waste,tried,after,poor,apart
cheap,does,small,should,disappointed,broke,return,wasn,not,$,but,ok,work,t,did,pool,however,disappointing,didn,off,waste,tried,after,poor,apart
cheap,does,small,should,disappointed,broke,return,wasn,not,$,but,ok,work,t,did,pool,however,disappointing,didn,off,waste,tried,after,poor,apart
cheap,does,small,should,disappointed,broke,return,wasn,not,$,but,ok,work,t,did,pool,however,disappointing,didn,off,waste,tried,after,poor,apart
cheap,does,small,should,disappointed,broke,return,wasn,not,$,but,ok,work,t,did,pool,however,disappointing,didn,off,waste,tried,after,poor,apart
cheap,does,small,should,disappointed,broke,return,wasn,not,$,but,ok,work,t,did,pool,however,disappointing,didn,off,waste,tried,after,poor,apart
cheap,does,small,should,disappointed,broke,return,wasn,not,$,but,ok,work,t,did,pool,however,disappointing,didn,off,waste,tried,after,poor,apart
cheap,does,small,should,disappointed,broke,return,wasn,not,$,but,ok,work,t,did,pool,however,disappointing,didn,off,waste,tried,after,poor,apart
cheap,does,small,should,disappointed,broke,return,wasn,not,$,but,ok,work,t,did,pool,however,disappointing,didn,off,waste,tried,after,poor,apart
cheap,does,small,should,disappointed,broke,return,wasn,not,$,but,ok,work,t,did,pool,however,disappointing,didn,off,waste,tried,after,poor,apart
cheap,does,small,should,disappointed,broke,return,wasn,not,$,but,ok,work,t,did,pool,however,disappointing,didn,off,waste,tried,after,poor,apart
cheap,does,small,should,disappointed,broke,return,wasn,not,$,but,ok,work,t,did,pool,however,disappointing,didn,off,waste,tried,after,poor,apart
cheap,does,small,should,disappointed,broke,return,wasn,not,$,but,ok,work,t,did,pool,however,disappointing,didn,off,waste,tried,after,poor,apart
cheap,does,small,should,disappointed,broke,return,wasn,not,$,but,ok,work,t,did,pool,however,disappointing,didn,off,waste,tried,after,poor,apart
cheap,does,small,should,disappointed,broke,return,wasn,not,$,but,ok,work,t,did,pool,however,disappointing,didn,off,waste,tried,after,poor,apart
cheap,does,small,should,disappointed,broke,return,wasn,not,$,but,ok,work,t,did,pool,however,disappointing,didn,off,waste,tried,after,poor,apart
cheap,does,small,should,disappointed,broke,return,wasn,not,$,but,ok,work,t,did,pool,however,disappointing,didn,off,waste,tried,after,poor,apart
cheap,does,small,should,disappointed,broke,return,wasn,not,$,but,ok,work,t,did,pool,however,disappointing,didn,off,waste,tried,after,poor,apart
cheap,does,small,should,disappointed,broke,return,wasn,not,$,but,ok,work,t,did,pool,however,disappointing,didn,off,waste,tried,after,poor,apart
cheap,does,small,should,disappointed,broke,return,wasn,not,$,but,ok,work,t,did,pool,however,disappointing,didn,off,waste,tried,after,poor,apart
cheap,does,small,should,disappointed,broke,return,wasn,not,$,but,ok,work,t,did,pool,however,disappointing,didn,off,waste,tried,after,poor,apart
cheap,does,small,should,disappointed,broke,return,wasn,not,$,but,ok,work,t,did,pool,however,disappointing,didn,off,waste,tried,after,poor,apart
cheap,does,small,should,disappointed,broke,return,wasn,not,$,but,ok,work,t,did,pool,however,disappointing,didn,off,waste,tried,after,poor,apart
cheap,does,small,should,disappointed,broke,return,wasn,not,$,but,ok,work,t,did,pool,however,disappointing,didn,off,waste,tried,after,poor,apart
cheap,does,small,should,disappointed,broke,return,wasn,not,$,but,ok,work,t,did,pool,however,disappointing,didn,off,waste,tried,after,poor,apart
cheap,does,small,should,disappointed,broke,return,wasn,not,$,but,ok,work,t,did,pool,however,disappointing,didn,off,waste,tried,after,poor,apart
cheap,does,small,should,disappointed,broke,return,wasn,not,$,but,ok,work,t,did,pool,however,disappointing,didn,off,waste,tried,after,poor,apart
cheap,does,small,should,disappointed,broke,return,wasn,not,$,but,ok,work,t,did,pool,however,disappointing,didn,off,waste,tried,after,poor,apart
cheap,does,small,should,disappointed,broke,return,wasn,not,$,but,ok,work,t,did,pool,however,disappointing,didn,off,waste,tried,after,poor,apart
cheap,does,small,should,disappointed,broke,return,wasn,not,$,but,ok,work,t,did,pool,however,disappointing,didn,off,waste,tried,after,poor,apart
cheap,does,small,should,disappointed,broke,return,wasn,not,$,but,ok,work,t,did,pool,however,disappointing,didn,off,waste,tried,after,poor,apart
cheap,does,small,should,disappointed,broke,return,wasn,not,$,but,ok,work,t,did,pool,however,disappointing,didn,off,waste,tried,after,poor,apart
cheap,does,small,should,disappointed,broke,return,wasn,not,$,but,ok,work,t,did,pool,however,disappointing,didn,off,waste,tried,after,poor,apart
cheap,does,small,should,disappointed,broke,return,wasn,not,$,but,ok,work,t,did,pool,however,disappointing,didn,off,waste,tried,after,poor,apart
cheap,does,small,should,disappointed,broke,return,wasn,not,$,but,ok,work,t,did,pool,however,disappointing,didn,off,waste,tried,after,poor,apart
cheap,does,small,should,disappointed,broke,return,wasn,not,$,but,ok,work,t,did,pool,however,disappointing,didn,off,waste,tried,after,poor,apart
cheap,does,small,should,disappointed,broke,return,wasn,not,$,but,ok,work,t,did,pool,however,disappointing,didn,off,waste,tried,after,poor,apart
cheap,does,small,should,disappointed,broke,return,wasn,not,$,but,ok,work,t,did,pool,however,disappointing,didn,off,waste,tried,after,poor,apart
cheap,does,small,should,disappointed,broke,return,wasn,not,$,but,ok,work,t,did,pool,however,disappointing,didn,off,waste,tried,after,poor,apart
cheap,does,small,should,disappointed,broke,return,wasn,not,$,but,ok,work,t,did,pool,however,disappointing,didn,off,waste,tried,after,poor,apart
cheap,does,small,should,disappointed,broke,return,wasn,not,$,but,ok,work,t,did,pool,however,disappointing,didn,off,waste,tried,after,poor,apart
cheap,does,small,should,disappointed,broke,return,wasn,not,$,but,ok,work,t,did,pool,however,disappointing,didn,off,waste,tried,after,poor,apart
cheap,does,small,should,disappointed,broke,return,wasn,not,$,but,ok,work,t,did,pool,however,disappointing,didn,off,waste,tried,after,poor,apart
cheap,does,small,should,disappointed,broke,return,wasn,not,$,but,ok,work,t,did,pool,however,disappointing,didn,off,waste,tried,after,poor,apart
cheap,does,small,should,disappointed,broke,return,wasn,not,$,but,ok,work,t,did,pool,however,disappointing,didn,off,waste,tried,after,poor,apart
cheap,does,small,should,disappointed,broke,return,wasn,not,$,but,ok,work,t,did,pool,however,disappointing,didn,off,waste,tried,after,poor,apart
cheap,does,small,should,disappointed,broke,return,wasn,not,$,but,ok,work,t,did,pool,however,disappointing,didn,off,waste,tried,after,poor,apart
cheap,does,small,should,disappointed,broke,return,wasn,not,$,but,ok,work,t,did,pool,however,disappointing,didn,off,waste,tried,after,poor,apart
cheap,does,small,should,disappointed,broke,return,wasn,not,$,but,ok,work,t,did,pool,however,disappointing,didn,off,waste,tried,after,poor,apart
cheap,does,small,should,disappointed,broke,return,wasn,not,$,but,ok,work,t,did,pool,however,disappointing,didn,off,waste,tried,after,poor,apart
cheap,does,small,should,disappointed,broke,return,wasn,not,$,but,ok,work,t,did,pool,however,disappointing,didn,off,waste,tried,after,poor,apart
cheap,does,small,should,disappointed,broke,return,wasn,not,$,but,ok,work,t,did,pool,however,disappointing,didn,off,waste,tried,after,poor,apart
cheap,does,small,should,disappointed,broke,return,wasn,not,$,but,ok,work,t,did,pool,however,disappointing,didn,off,waste,tried,after,poor,apart
cheap,does,small,should,disappointed,broke,return,wasn,not,$,but,ok,work,t,did,pool,however,disappointing,didn,off,waste,tried,after,poor,apart
cheap,does,small,should,disappointed,broke,return,wasn,not,$,but,ok,work,t,did,pool,however,disappointing,didn,off,waste,tried,after,poor,apart
cheap,does,small,should,disappointed,broke,return,wasn,not,$,but,ok,work,t,did,pool,however,disappointing,didn,off,waste,tried,after,poor,apart
cheap,does,small,should,disappointed,broke,return,wasn,not,$,but,ok,work,t,did,pool,however,disappointing,didn,off,waste,tried,after,poor,apart
cheap,does,small,should,disappointed,broke,return,wasn,not,$,but,ok,work,t,did,pool,however,disappointing,didn,off,waste,tried,after,poor,apart
cheap,does,small,should,disappointed,broke,return,wasn,not,$,but,ok,work,t,did,pool,however,disappointing,didn,off,waste,tried,after,poor,apart
cheap,does,small,should,disappointed,broke,return,wasn,not,$,but,ok,work,t,did,pool,however,disappointing,didn,off,waste,tried,after,poor,apart
cheap,does,small,should,disappointed,broke,return,wasn,not,$,but,ok,work,t,did,pool,however,disappointing,didn,off,waste,tried,after,poor,apart
cheap,does,small,should,disappointed,broke,return,wasn,not,$,but,ok,work,t,did,pool,however,disappointing,didn,off,waste,tried,after,poor,apart
cheap,does,small,should,disappointed,broke,return,wasn,not,$,but,ok,work,t,did,pool,however,disappointing,didn,off,waste,tried,after,poor,apart
cheap,does,small,should,disappointed,broke,return,wasn,not,$,but,ok,work,t,did,pool,however,disappointing,didn,off,waste,tried,after,poor,apart
cheap,does,small,should,disappointed,broke,return,wasn,not,$,but,ok,work,t,did,pool,however,disappointing,didn,off,waste,tried,after,poor,apart
cheap,does,small,should,disappointed,broke,return,wasn,not,$,but,ok,work,t,did,pool,however,disappointing,didn,off,waste,tried,after,poor,apart
cheap,does,small,should,disappointed,broke,return,wasn,not,$,but,ok,work,t,did,pool,however,disappointing,didn,off,waste,tried,after,poor,apart
cheap,does,small,should,disappointed,broke,return,wasn,not,$,but,ok,work,t,did,pool,however,disappointing,didn,off,waste,tried,after,poor,apart
cheap,does,small,should,disappointed,broke,return,wasn,not,$,but,ok,work,t,did,pool,however,disappointing,didn,off,waste,tried,after,poor,apart
cheap,does,small,should,disappointed,broke,return,wasn,not,$,but,ok,work,t,did,pool,however,disappointing,didn,off,waste,tried,after,poor,apart
cheap,does,small,should,disappointed,broke,return,wasn,not,$,but,ok,work,t,did,pool,however,disappointing,didn,off,waste,tried,after,poor,apart
cheap,does,small,should,disappointed,broke,return,wasn,not,$,but,ok,work,t,did,pool,however,disappointing,didn,off,waste,tried,after,poor,apart
cheap,does,small,should,disappointed,broke,return,wasn,not,$,but,ok,work,t,did,pool,however,disappointing,didn,off,waste,tried,after,poor,apart
cheap,does,small,should,disappointed,broke,return,wasn,not,$,but,ok,work,t,did,pool,however,disappointing,didn,off,waste,tried,after,poor,apart
cheap,does,small,should,disappointed,broke,return,wasn,not,$,but,ok,work,t,did,pool,however,disappointing,didn,off,waste,tried,after,poor,apart
cheap,does,small,should,disappointed,broke,return,wasn,not,$,but,ok,work,t,did,pool,however,disappointing,didn,off,waste,tried,after,poor,apart
cheap,does,small,should,disappointed,broke,return,wasn,not,$,but,ok,work,t,did,pool,however,disappointing,didn,off,waste,tried,after,poor,apart
cheap,does,small,should,disappointed,broke,return,wasn,not,$,but,ok,work,t,did,however,disappointing,didn,off,poorly,waste,tried,after,poor,apart
cheap,does,small,should,disappointed,broke,return,wasn,not,$,but,ok,work,t,did,however,disappointing,didn,off,poorly,waste,tried,after,poor,apart
cheap,does,small,should,disappointed,broke,return,wasn,not,$,but,ok,work,t,did,however,disappointing,didn,off,poorly,waste,tried,after,poor,apart
cheap,does,small,should,disappointed,broke,return,wasn,not,$,but,ok,work,t,did,however,disappointing,didn,off,poorly,waste,tried,after,poor,apart
cheap,does,small,should,disappointed,broke,return,wasn,not,$,but,ok,work,t,did,however,disappointing,didn,off,poorly,waste,tried,after,poor,apart
cheap,does,small,should,disappointed,broke,return,wasn,not,$,but,ok,work,t,did,however,disappointing,didn,off,poorly,waste,tried,after,poor,apart
cheap,does,small,should,disappointed,broke,return,wasn,not,$,but,ok,work,t,did,however,disappointing,didn,off,poorly,waste,tried,after,poor,apart
cheap,does,small,should,disappointed,broke,return,wasn,not,$,but,ok,work,t,did,however,disappointing,didn,off,poorly,waste,tried,after,poor,apart
cheap,does,small,should,disappointed,broke,return,wasn,not,$,but,ok,work,t,did,however,disappointing,didn,off,poorly,waste,tried,after,poor,apart
cheap,does,small,should,disappointed,broke,return,wasn,not,$,but,ok,work,t,did,however,disappointing,didn,off,poorly,waste,tried,after,poor,apart
cheap,does,small,should,disappointed,broke,return,wasn,not,$,but,ok,work,t,did,however,disappointing,didn,off,poorly,waste,tried,after,poor,apart
cheap,does,small,should,disappointed,broke,return,wasn,not,$,but,ok,work,t,did,however,disappointing,didn,off,poorly,waste,tried,after,poor,apart
cheap,does,small,should,disappointed,broke,return,wasn,not,$,but,ok,work,t,did,however,disappointing,didn,off,poorly,waste,tried,after,poor,apart
cheap,does,small,should,disappointed,broke,return,wasn,not,$,but,ok,work,t,did,however,disappointing,didn,off,poorly,waste,tried,after,poor,apart
cheap,does,small,should,disappointed,broke,return,wasn,not,$,but,ok,work,t,did,however,disappointing,didn,off,poorly,waste,tried,after,poor,apart
cheap,does,small,should,disappointed,broke,return,wasn,not,$,but,ok,work,t,did,however,disappointing,didn,off,poorly,waste,tried,after,poor,apart
cheap,does,small,should,disappointed,broke,return,wasn,not,$,but,ok,work,t,did,however,disappointing,didn,off,poorly,waste,tried,after,poor,apart
cheap,does,small,should,disappointed,broke,return,wasn,not,$,but,ok,work,t,did,however,disappointing,didn,off,poorly,waste,tried,after,poor,apart
cheap,does,small,should,disappointed,broke,return,wasn,not,$,but,ok,work,t,did,however,disappointing,didn,off,poorly,waste,tried,after,poor,apart
cheap,does,small,should,disappointed,broke,return,wasn,not,$,but,ok,work,t,did,however,disappointing,didn,off,poorly,waste,tried,after,poor,apart
cheap,does,small,should,disappointed,broke,return,wasn,not,$,but,ok,work,t,did,however,disappointing,didn,off,poorly,waste,tried,after,poor,apart
cheap,does,small,should,disappointed,broke,return,wasn,not,$,but,ok,work,t,did,however,disappointing,didn,off,poorly,waste,tried,after,poor,apart
cheap,does,small,should,disappointed,broke,return,wasn,not,$,but,ok,work,t,did,however,disappointing,didn,off,poorly,waste,tried,after,poor,apart
cheap,does,small,should,disappointed,broke,return,wasn,not,$,but,ok,work,t,did,however,disappointing,didn,off,poorly,waste,tried,after,poor,apart
cheap,does,small,should,disappointed,broke,return,wasn,not,$,but,ok,work,t,did,however,disappointing,didn,off,poorly,waste,tried,after,poor,apart
cheap,does,small,should,disappointed,broke,return,wasn,not,$,but,ok,work,t,did,however,disappointing,didn,off,poorly,waste,tried,after,poor,apart
cheap,does,small,should,disappointed,broke,return,wasn,not,$,but,ok,work,t,did,however,disappointing,didn,off,poorly,waste,tried,after,poor,apart
cheap,does,small,should,disappointed,broke,return,wasn,not,$,but,ok,work,t,did,however,disappointing,didn,off,poorly,waste,tried,after,poor,apart
cheap,does,small,should,disappointed,broke,return,wasn,not,$,but,ok,work,t,did,however,disappointing,didn,off,poorly,waste,tried,after,poor,apart
cheap,does,small,should,disappointed,broke,return,wasn,not,$,but,ok,work,t,did,however,disappointing,didn,off,poorly,waste,tried,after,poor,apart
cheap,does,small,should,disappointed,broke,return,wasn,not,$,but,ok,work,t,did,however,disappointing,didn,off,poorly,waste,tried,after,poor,apart
cheap,does,small,should,disappointed,broke,return,wasn,not,$,but,ok,work,t,did,however,disappointing,didn,off,poorly,waste,tried,after,poor,apart
cheap,does,small,should,disappointed,broke,return,wasn,not,$,but,ok,work,t,did,however,disappointing,didn,off,poorly,waste,tried,after,poor,apart
cheap,does,small,should,disappointed,broke,return,wasn,not,$,but,ok,work,t,did,however,disappointing,didn,off,poorly,waste,tried,after,poor,apart
cheap,does,small,should,disappointed,broke,return,wasn,not,$,but,ok,work,t,did,however,disappointing,didn,off,poorly,waste,tried,after,poor,apart
cheap,does,small,should,disappointed,broke,return,wasn,not,$,but,ok,work,t,did,however,disappointing,didn,off,poorly,waste,tried,after,poor,apart
cheap,does,small,should,disappointed,broke,return,wasn,not,$,but,ok,work,t,did,however,disappointing,didn,off,poorly,waste,tried,after,poor,apart
cheap,does,small,should,disappointed,broke,return,wasn,not,$,but,ok,work,t,did,however,disappointing,didn,off,poorly,waste,tried,after,poor,apart
cheap,does,small,should,disappointed,broke,return,wasn,not,$,but,ok,work,t,did,however,disappointing,didn,off,poorly,waste,tried,after,poor,apart
cheap,does,small,should,disappointed,broke,return,wasn,not,$,but,ok,work,t,did,however,disappointing,didn,off,poorly,waste,tried,after,poor,apart
cheap,does,small,should,disappointed,broke,return,wasn,not,$,but,ok,work,t,did,however,disappointing,didn,off,poorly,waste,tried,after,poor,apart
cheap,does,small,should,disappointed,broke,return,wasn,not,$,but,ok,work,t,did,however,disappointing,didn,off,poorly,waste,tried,after,poor,apart
cheap,does,small,should,disappointed,broke,return,wasn,not,$,but,ok,work,t,did,however,disappointing,didn,off,poorly,waste,tried,after,poor,apart
cheap,does,small,should,disappointed,broke,return,wasn,not,$,but,ok,work,t,did,however,disappointing,didn,off,poorly,waste,tried,after,poor,apart
cheap,does,small,should,disappointed,broke,return,wasn,not,$,but,ok,work,t,did,however,disappointing,didn,off,poorly,waste,tried,after,poor,apart
cheap,does,small,should,disappointed,broke,return,wasn,not,$,but,ok,work,t,did,however,disappointing,didn,off,poorly,waste,tried,after,poor,apart
cheap,does,small,should,disappointed,broke,return,wasn,not,$,but,ok,work,t,did,however,disappointing,didn,off,poorly,waste,tried,after,poor,apart
cheap,does,small,should,disappointed,broke,return,wasn,not,$,but,ok,work,t,did,however,disappointing,didn,off,poorly,waste,tried,after,poor,apart
cheap,does,small,should,disappointed,broke,return,wasn,not,$,but,ok,work,t,did,however,disappointing,didn,off,poorly,waste,tried,after,poor,apart
cheap,does,small,should,disappointed,broke,return,wasn,not,$,but,ok,work,t,did,however,disappointing,didn,off,poorly,waste,tried,after,poor,apart
cheap,does,small,should,disappointed,broke,return,wasn,not,$,but,ok,work,t,did,however,disappointing,didn,off,poorly,waste,tried,after,poor,apart
cheap,does,small,should,disappointed,broke,return,wasn,not,$,but,ok,work,t,did,however,disappointing,didn,off,poorly,waste,tried,after,poor,apart
cheap,does,small,should,disappointed,broke,return,wasn,not,$,but,ok,work,t,did,however,disappointing,didn,off,poorly,waste,tried,after,poor,apart
cheap,does,small,should,disappointed,broke,return,wasn,not,$,but,ok,work,t,did,however,disappointing,didn,off,poorly,waste,tried,after,poor,apart
cheap,does,small,should,disappointed,broke,return,wasn,not,$,but,ok,work,t,did,however,disappointing,didn,off,poorly,waste,tried,after,poor,apart
cheap,does,small,should,disappointed,broke,return,wasn,not,$,but,ok,work,t,did,however,disappointing,didn,off,poorly,waste,tried,after,poor,apart
cheap,does,small,should,disappointed,broke,return,wasn,not,$,but,ok,work,t,did,however,disappointing,didn,off,poorly,waste,tried,after,poor,apart
cheap,does,small,should,disappointed,broke,return,wasn,not,$,but,ok,work,t,did,however,disappointing,didn,off,poorly,waste,tried,after,poor,apart
cheap,does,small,should,disappointed,broke,return,wasn,not,$,but,ok,work,t,did,however,disappointing,didn,off,poorly,waste,tried,after,poor,apart
cheap,does,small,should,disappointed,broke,return,wasn,not,$,but,ok,work,t,did,however,disappointing,didn,off,poorly,waste,tried,after,poor,apart
cheap,does,small,should,disappointed,broke,return,wasn,not,$,but,ok,work,t,did,however,disappointing,didn,off,poorly,waste,tried,after,poor,apart
cheap,does,small,should,disappointed,broke,return,wasn,not,$,but,ok,work,t,did,however,disappointing,didn,off,poorly,waste,tried,after,poor,apart
cheap,does,small,should,disappointed,broke,return,wasn,not,$,but,ok,work,t,did,however,disappointing,didn,off,poorly,waste,tried,after,poor,apart
cheap,does,small,should,disappointed,broke,return,wasn,not,$,but,ok,work,t,did,however,disappointing,didn,off,poorly,waste,tried,after,poor,apart
cheap,does,small,should,disappointed,broke,return,wasn,not,$,but,ok,work,t,did,however,disappointing,didn,off,poorly,waste,tried,after,poor,apart
cheap,does,small,should,disappointed,broke,return,wasn,not,$,but,ok,work,t,did,however,disappointing,didn,off,poorly,waste,tried,after,poor,apart
cheap,does,small,should,disappointed,broke,return,wasn,not,$,but,ok,work,t,did,however,disappointing,didn,off,poorly,waste,tried,after,poor,apart
cheap,does,small,should,disappointed,broke,return,wasn,not,$,but,ok,work,t,did,however,disappointing,didn,off,poorly,waste,tried,after,poor,apart
cheap,does,small,should,disappointed,broke,return,wasn,not,$,but,ok,work,t,did,however,disappointing,didn,off,poorly,waste,tried,after,poor,apart
cheap,does,small,should,disappointed,broke,return,wasn,not,$,but,ok,work,t,did,however,disappointing,didn,off,poorly,waste,tried,after,poor,apart
cheap,does,small,should,disappointed,broke,return,wasn,not,$,but,ok,work,t,did,however,disappointing,didn,off,poorly,waste,tried,after,poor,apart
cheap,does,small,should,disappointed,broke,return,thought,wasn,not,$,but,ok,work,t,did,however,disappointing,didn,off,waste,tried,after,poor,apart
cheap,does,small,should,disappointed,broke,return,thought,wasn,not,$,but,ok,work,t,did,however,disappointing,didn,off,waste,tried,after,poor,apart
cheap,does,small,should,disappointed,broke,return,thought,wasn,not,$,but,ok,work,t,did,however,disappointing,didn,off,waste,tried,after,poor,apart
cheap,does,small,should,disappointed,broke,return,thought,wasn,not,$,but,ok,work,t,did,disappointing,didn,off,poorly,waste,tried,after,poor,apart
cheap,does,small,should,disappointed,broke,return,thought,wasn,not,$,but,ok,work,t,did,disappointing,didn,off,poorly,waste,tried,after,poor,apart
cheap,does,small,should,disappointed,broke,return,thought,wasn,not,$,but,ok,work,t,did,disappointing,didn,off,poorly,waste,tried,after,poor,apart
cheap,does,small,should,disappointed,broke,return,thought,wasn,not,$,but,ok,work,t,did,disappointing,didn,off,poorly,waste,tried,after,poor,apart
cheap,does,small,should,disappointed,broke,return,thought,wasn,not,$,but,ok,work,t,did,disappointing,didn,off,poorly,waste,tried,after,poor,apart
cheap,does,small,should,disappointed,broke,return,thought,wasn,not,$,but,ok,work,t,did,disappointing,didn,off,poorly,waste,tried,after,poor,apart
cheap,does,small,should,disappointed,broke,return,thought,wasn,not,$,but,ok,work,t,did,disappointing,didn,off,poorly,waste,tried,after,poor,apart
cheap,does,small,should,disappointed,broke,return,thought,wasn,not,$,but,ok,work,t,did,disappointing,didn,off,poorly,waste,tried,after,poor,apart
cheap,does,small,should,disappointed,broke,return,thought,wasn,not,$,but,ok,work,t,did,disappointing,didn,off,poorly,waste,tried,after,poor,apart
cheap,does,small,should,disappointed,broke,return,thought,wasn,not,$,but,ok,work,t,did,disappointing,didn,off,poorly,waste,tried,after,poor,apart
cheap,does,small,should,disappointed,broke,return,thought,wasn,not,$,but,ok,work,t,did,disappointing,didn,off,poorly,waste,tried,after,poor,apart
cheap,does,small,should,disappointed,broke,return,thought,wasn,not,$,but,ok,work,t,did,disappointing,didn,off,poorly,waste,tried,after,poor,apart
cheap,does,small,should,disappointed,broke,return,thought,wasn,not,$,but,ok,work,t,did,disappointing,didn,off,poorly,waste,tried,after,poor,apart
cheap,does,small,should,disappointed,broke,return,thought,wasn,not,$,but,ok,work,t,did,disappointing,didn,off,poorly,waste,tried,after,poor,apart
cheap,does,small,should,disappointed,broke,return,thought,wasn,not,$,but,ok,work,t,did,disappointing,didn,off,poorly,waste,tried,after,poor,apart
cheap,does,small,should,disappointed,broke,return,thought,wasn,not,$,but,ok,work,t,did,disappointing,didn,off,poorly,waste,tried,after,poor,apart
cheap,does,small,should,disappointed,broke,return,thought,wasn,not,$,but,ok,work,t,did,disappointing,didn,off,poorly,waste,tried,after,poor,apart
cheap,does,small,should,disappointed,broke,return,thought,wasn,not,$,but,ok,work,t,did,disappointing,didn,off,poorly,waste,tried,after,poor,apart
cheap,does,small,should,disappointed,broke,return,thought,wasn,not,$,but,ok,work,t,did,disappointing,didn,off,poorly,waste,tried,after,poor,apart
cheap,does,small,should,disappointed,broke,return,thought,wasn,not,$,but,ok,work,t,did,disappointing,didn,off,poorly,waste,tried,after,poor,apart
cheap,does,small,should,disappointed,broke,return,thought,wasn,not,$,but,ok,work,t,did,disappointing,didn,off,poorly,waste,tried,after,poor,apart
cheap,does,small,should,disappointed,broke,return,thought,wasn,not,$,but,ok,work,t,did,disappointing,didn,off,poorly,waste,tried,after,poor,apart
cheap,does,small,should,disappointed,broke,return,thought,wasn,not,$,but,ok,work,t,did,disappointing,didn,off,poorly,waste,tried,after,poor,apart
cheap,does,small,should,disappointed,broke,return,thought,wasn,not,$,but,ok,work,t,did,disappointing,didn,off,poorly,waste,tried,after,poor,apart
cheap,does,small,should,disappointed,broke,return,thought,wasn,not,$,but,ok,work,t,did,disappointing,didn,off,poorly,waste,tried,after,poor,apart
cheap,does,small,should,disappointed,broke,return,thought,wasn,not,$,but,ok,work,t,did,disappointing,didn,off,poorly,waste,tried,after,poor,apart
cheap,does,small,should,disappointed,broke,return,thought,wasn,not,$,but,ok,work,t,did,disappointing,didn,off,poorly,waste,tried,after,poor,apart
cheap,does,small,should,disappointed,broke,return,thought,wasn,not,$,but,ok,work,t,did,disappointing,didn,off,poorly,waste,tried,after,poor,apart
cheap,does,small,should,disappointed,broke,return,thought,wasn,not,$,but,ok,work,t,did,disappointing,didn,off,poorly,waste,tried,after,poor,apart
cheap,does,small,should,disappointed,broke,return,thought,wasn,not,$,but,ok,work,t,did,disappointing,didn,off,poorly,waste,tried,after,poor,apart
cheap,does,small,should,disappointed,broke,return,thought,wasn,not,$,but,ok,work,t,did,disappointing,didn,off,poorly,waste,tried,after,poor,apart
cheap,does,small,should,disappointed,broke,return,thought,wasn,not,$,but,ok,work,t,did,disappointing,didn,off,poorly,waste,tried,after,poor,apart
cheap,does,small,should,disappointed,broke,return,thought,wasn,not,$,but,ok,work,t,did,disappointing,didn,off,poorly,waste,tried,after,poor,apart
cheap,does,small,should,disappointed,broke,return,thought,wasn,not,$,but,ok,work,t,did,disappointing,didn,off,poorly,waste,tried,after,poor,apart
cheap,does,small,should,disappointed,broke,return,thought,wasn,not,$,but,ok,work,t,did,disappointing,didn,off,poorly,waste,tried,after,poor,apart
cheap,does,small,should,disappointed,broke,return,thought,wasn,not,$,but,ok,work,t,did,disappointing,didn,off,poorly,waste,tried,after,poor,apart
cheap,does,small,should,disappointed,broke,return,thought,wasn,not,$,but,ok,work,t,did,disappointing,didn,off,poorly,waste,tried,after,poor,apart
cheap,does,small,should,disappointed,broke,return,thought,wasn,not,$,but,ok,work,t,did,disappointing,didn,off,poorly,waste,tried,after,poor,apart
cheap,does,small,should,disappointed,broke,return,thought,wasn,not,$,but,ok,work,t,did,disappointing,didn,off,poorly,waste,tried,after,poor,apart
cheap,does,small,should,disappointed,broke,return,thought,wasn,not,$,but,ok,work,t,did,disappointing,didn,off,poorly,waste,tried,after,poor,apart
cheap,does,small,should,disappointed,broke,return,thought,wasn,not,$,but,ok,work,t,did,disappointing,didn,off,poorly,waste,tried,after,poor,apart
cheap,does,small,should,disappointed,broke,return,thought,wasn,not,$,but,ok,work,t,did,disappointing,didn,off,poorly,waste,tried,after,poor,apart
cheap,does,small,should,disappointed,broke,return,thought,wasn,not,$,but,ok,work,t,did,disappointing,didn,off,poorly,waste,tried,after,poor,apart
cheap,does,small,should,disappointed,broke,return,thought,wasn,not,$,but,ok,work,t,did,disappointing,didn,off,poorly,waste,tried,after,poor,apart
cheap,does,small,should,disappointed,broke,return,thought,wasn,not,$,but,ok,work,t,did,however,disappointing,didn,off,poorly,waste,after,poor,apart
cheap,does,small,should,disappointed,broke,return,thought,wasn,not,$,but,ok,work,t,did,however,disappointing,didn,off,poorly,waste,after,poor,apart
cheap,does,small,should,disappointed,broke,return,thought,wasn,not,$,but,ok,work,t,did,however,disappointing,didn,off,poorly,waste,after,poor,apart
cheap,does,small,should,disappointed,broke,return,thought,wasn,not,$,but,ok,work,t,did,however,disappointing,didn,off,poorly,waste,after,poor,apart
cheap,does,small,should,disappointed,broke,return,thought,wasn,not,$,but,ok,work,t,did,however,disappointing,didn,off,poorly,waste,after,poor,apart
cheap,does,small,should,disappointed,broke,return,thought,wasn,not,$,but,ok,work,t,did,however,disappointing,didn,off,poorly,waste,after,poor,apart
cheap,does,small,should,disappointed,broke,return,thought,wasn,not,$,but,ok,work,t,did,however,disappointing,didn,off,poorly,waste,after,poor,apart
cheap,does,small,should,disappointed,broke,return,thought,wasn,not,$,but,ok,work,t,did,however,disappointing,didn,off,poorly,waste,after,poor,apart
cheap,does,small,should,disappointed,broke,return,thought,wasn,not,$,but,ok,work,t,did,however,disappointing,didn,off,poorly,waste,after,poor,apart
cheap,does,small,should,disappointed,broke,return,thought,wasn,not,$,but,ok,work,t,did,however,disappointing,didn,off,poorly,waste,after,poor,apart
cheap,does,small,should,disappointed,broke,return,thought,wasn,not,$,but,ok,work,t,did,however,disappointing,didn,off,poorly,waste,after,poor,apart
cheap,does,small,should,disappointed,broke,return,thought,wasn,not,$,but,ok,work,t,did,however,disappointing,didn,off,poorly,waste,after,poor,apart
cheap,does,small,should,disappointed,broke,return,thought,wasn,not,$,but,ok,work,t,did,however,disappointing,didn,off,poorly,waste,after,poor,apart
cheap,does,small,should,disappointed,broke,return,thought,wasn,not,$,but,ok,work,t,did,however,disappointing,didn,off,poorly,waste,after,poor,apart
cheap,does,small,should,disappointed,broke,return,thought,wasn,not,$,but,ok,work,t,did,however,disappointing,didn,off,poorly,waste,after,poor,apart
cheap,does,small,should,disappointed,broke,return,thought,wasn,not,$,but,ok,work,t,did,however,disappointing,didn,off,poorly,waste,after,poor,apart
cheap,does,small,should,disappointed,broke,return,thought,wasn,not,$,but,ok,work,t,did,however,disappointing,didn,off,poorly,waste,after,poor,apart
cheap,does,small,should,disappointed,broke,return,thought,wasn,not,$,but,ok,work,t,did,however,disappointing,didn,off,poorly,waste,after,poor,apart
cheap,does,small,should,disappointed,broke,return,thought,wasn,not,$,but,ok,work,t,did,however,disappointing,didn,off,poorly,waste,after,poor,apart
cheap,does,small,should,disappointed,broke,return,thought,wasn,not,$,but,ok,work,t,did,however,disappointing,didn,off,poorly,waste,after,poor,apart
cheap,does,small,should,disappointed,broke,return,thought,wasn,not,$,but,ok,work,t,did,however,disappointing,didn,off,poorly,waste,after,poor,apart
cheap,does,small,should,disappointed,broke,return,thought,wasn,not,$,but,ok,work,t,did,however,disappointing,didn,off,poorly,waste,after,poor,apart
cheap,does,small,should,disappointed,broke,return,thought,wasn,not,$,but,ok,work,t,did,however,disappointing,didn,off,poorly,waste,after,poor,apart
cheap,does,small,should,disappointed,broke,return,thought,wasn,not,$,but,ok,work,t,did,however,disappointing,didn,off,poorly,waste,after,poor,apart
cheap,does,small,should,disappointed,broke,return,thought,wasn,not,$,but,ok,work,t,did,however,disappointing,didn,off,poorly,waste,after,poor,apart
cheap,does,small,should,disappointed,broke,return,thought,wasn,not,$,but,ok,work,t,did,however,disappointing,didn,off,poorly,waste,after,poor,apart
cheap,does,small,should,disappointed,broke,return,thought,wasn,not,$,but,ok,work,t,did,however,disappointing,didn,off,poorly,waste,after,poor,apart
cheap,does,small,should,disappointed,broke,return,thought,wasn,not,$,but,ok,work,t,did,however,disappointing,didn,off,poorly,waste,after,poor,apart
cheap,does,small,should,disappointed,broke,return,thought,wasn,not,$,but,ok,work,t,did,however,disappointing,didn,off,poorly,waste,after,poor,apart
cheap,does,small,should,disappointed,broke,return,thought,wasn,not,$,but,ok,work,t,did,however,disappointing,didn,off,poorly,waste,after,poor,apart
cheap,does,small,should,disappointed,broke,return,thought,wasn,not,$,but,ok,work,t,did,however,disappointing,didn,off,poorly,waste,after,poor,apart
cheap,does,small,should,disappointed,broke,return,thought,wasn,not,$,but,ok,work,t,did,however,disappointing,didn,off,poorly,waste,after,poor,apart
cheap,does,small,should,disappointed,broke,return,thought,wasn,not,$,but,ok,work,t,did,however,disappointing,didn,off,poorly,waste,after,poor,apart
cheap,does,small,should,disappointed,broke,return,thought,wasn,not,$,but,ok,work,t,did,however,disappointing,didn,off,poorly,waste,after,poor,apart
cheap,does,small,should,disappointed,broke,return,thought,wasn,not,$,but,ok,work,t,did,however,disappointing,didn,off,poorly,waste,after,poor,apart
cheap,does,small,should,disappointed,broke,return,thought,wasn,not,$,but,ok,work,t,did,however,disappointing,didn,off,poorly,waste,after,poor,apart
cheap,does,small,should,disappointed,broke,return,thought,wasn,not,$,but,ok,work,t,did,however,disappointing,didn,off,poorly,waste,after,poor,apart
cheap,does,small,should,disappointed,broke,return,thought,wasn,not,$,but,ok,work,t,did,however,disappointing,didn,off,poorly,waste,after,poor,apart
cheap,does,small,should,disappointed,broke,return,thought,wasn,not,$,but,ok,work,t,did,however,disappointing,didn,off,poorly,waste,after,poor,apart
cheap,does,small,should,disappointed,broke,return,thought,wasn,not,$,but,ok,work,t,did,however,disappointing,didn,off,poorly,waste,after,poor,apart
cheap,does,small,should,disappointed,broke,return,thought,wasn,not,$,but,ok,work,t,did,however,disappointing,didn,off,poorly,waste,after,poor,apart
cheap,does,small,should,disappointed,broke,return,thought,wasn,not,$,but,ok,work,t,did,however,disappointing,didn,off,poorly,waste,after,poor,apart
cheap,does,small,should,disappointed,broke,return,thought,wasn,not,$,but,ok,work,t,did,however,disappointing,didn,off,poorly,waste,after,poor,apart
cheap,does,small,should,disappointed,broke,return,thought,wasn,not,$,but,ok,work,t,did,however,disappointing,didn,off,poorly,waste,after,poor,apart
cheap,does,small,should,disappointed,broke,return,thought,wasn,not,$,but,ok,work,t,did,however,disappointing,didn,off,poorly,waste,after,poor,apart
cheap,does,small,should,disappointed,broke,return,thought,wasn,not,$,but,ok,work,t,did,however,disappointing,didn,off,poorly,waste,after,poor,apart
cheap,does,small,should,disappointed,broke,return,thought,wasn,not,$,but,ok,work,t,did,however,disappointing,didn,off,poorly,waste,after,poor,apart
cheap,does,small,should,disappointed,broke,return,thought,wasn,not,$,but,ok,work,t,did,however,disappointing,didn,off,poorly,waste,after,poor,apart
cheap,does,small,should,disappointed,broke,return,thought,wasn,not,$,but,ok,work,t,did,however,disappointing,didn,off,poorly,waste,after,poor,apart
cheap,does,small,should,disappointed,broke,return,thought,wasn,not,$,but,ok,work,t,did,however,disappointing,didn,off,poorly,waste,after,poor,apart
cheap,does,small,should,disappointed,broke,return,thought,wasn,not,$,but,ok,work,t,did,however,disappointing,didn,off,poorly,waste,after,poor,apart
cheap,does,small,should,disappointed,broke,return,thought,wasn,not,$,but,ok,work,t,did,however,disappointing,didn,off,poorly,waste,after,poor,apart
cheap,does,small,should,disappointed,broke,return,thought,wasn,not,$,but,ok,work,t,did,however,disappointing,didn,off,poorly,waste,after,poor,apart
cheap,does,small,should,disappointed,broke,return,thought,wasn,not,$,but,ok,work,t,did,however,disappointing,didn,off,poorly,waste,after,poor,apart
cheap,does,small,should,disappointed,broke,return,thought,wasn,not,$,but,ok,work,t,did,however,disappointing,didn,off,poorly,waste,after,poor,apart
cheap,does,small,should,disappointed,broke,return,thought,wasn,not,$,but,ok,work,t,did,however,disappointing,didn,off,poorly,waste,after,poor,apart
cheap,does,small,should,disappointed,broke,return,thought,wasn,not,$,but,ok,work,t,did,however,disappointing,didn,off,poorly,waste,after,poor,apart
cheap,does,small,should,disappointed,broke,return,thought,wasn,not,$,but,ok,work,t,did,however,disappointing,didn,off,poorly,waste,after,poor,apart
cheap,does,small,should,disappointed,broke,return,thought,wasn,not,$,but,ok,work,t,did,however,disappointing,didn,off,poorly,waste,after,poor,apart
cheap,does,small,should,disappointed,broke,return,thought,wasn,not,$,but,ok,work,t,did,however,disappointing,didn,off,poorly,waste,after,poor,apart
cheap,does,small,should,disappointed,broke,return,thought,wasn,not,$,but,ok,work,t,did,however,disappointing,didn,off,poorly,waste,after,poor,apart
cheap,does,small,should,disappointed,broke,return,thought,wasn,not,$,but,ok,work,t,did,however,disappointing,didn,off,poorly,waste,after,poor,apart
cheap,does,small,should,disappointed,broke,return,thought,wasn,not,$,but,ok,work,t,did,however,disappointing,didn,off,poorly,waste,after,poor,apart
cheap,does,small,should,disappointed,broke,return,thought,wasn,not,$,but,ok,work,t,did,however,disappointing,didn,off,poorly,waste,after,poor,apart
cheap,does,small,should,disappointed,broke,return,thought,wasn,not,$,but,ok,work,t,did,however,disappointing,didn,off,poorly,waste,after,poor,apart
cheap,does,small,should,disappointed,broke,return,thought,wasn,not,$,but,ok,work,t,did,however,disappointing,didn,off,poorly,waste,after,poor,apart
cheap,does,small,should,disappointed,broke,return,thought,wasn,not,$,but,ok,work,t,did,however,disappointing,didn,off,poorly,waste,after,poor,apart
cheap,does,small,should,disappointed,broke,return,thought,wasn,not,$,but,ok,work,t,did,however,disappointing,didn,off,poorly,waste,after,poor,apart
cheap,does,small,should,disappointed,broke,return,thought,wasn,not,$,but,ok,work,t,did,however,disappointing,didn,off,poorly,waste,after,poor,apart
cheap,does,small,should,disappointed,broke,return,thought,wasn,not,$,but,ok,work,t,did,however,disappointing,didn,off,poorly,waste,after,poor,apart
cheap,does,small,should,disappointed,broke,return,thought,wasn,not,$,but,ok,work,t,did,however,disappointing,didn,off,poorly,waste,after,poor,apart
cheap,does,small,should,disappointed,broke,return,thought,wasn,not,$,but,ok,work,t,did,however,disappointing,didn,off,poorly,waste,after,poor,apart
cheap,does,small,should,disappointed,broke,return,thought,wasn,not,$,but,ok,work,t,did,however,disappointing,didn,off,poorly,waste,after,poor,apart
cheap,does,small,should,disappointed,broke,return,thought,wasn,not,$,but,ok,work,t,did,however,disappointing,didn,off,poorly,waste,after,poor,apart
cheap,does,small,should,disappointed,broke,return,thought,wasn,not,$,but,ok,work,t,did,however,disappointing,didn,off,poorly,waste,after,poor,apart
cheap,does,small,should,disappointed,broke,return,thought,wasn,not,$,but,ok,work,t,did,however,disappointing,didn,off,poorly,waste,after,poor,apart
cheap,does,small,should,disappointed,broke,return,thought,wasn,not,$,but,ok,work,t,did,however,disappointing,didn,off,poorly,waste,after,poor,apart
cheap,does,small,should,disappointed,broke,return,thought,wasn,not,$,but,ok,work,t,did,however,disappointing,didn,off,poorly,waste,after,poor,apart
cheap,does,small,should,disappointed,broke,return,thought,wasn,not,$,but,ok,work,t,did,however,disappointing,didn,off,poorly,waste,after,poor,apart
cheap,does,small,should,disappointed,broke,return,thought,wasn,not,$,but,ok,work,t,did,however,disappointing,didn,off,poorly,waste,after,poor,apart
cheap,does,small,should,disappointed,broke,return,thought,wasn,not,$,but,ok,work,t,did,however,disappointing,didn,off,poorly,waste,after,poor,apart
cheap,does,small,should,disappointed,broke,return,thought,wasn,not,$,but,ok,work,t,did,however,disappointing,didn,off,poorly,waste,after,poor,apart
cheap,does,small,should,disappointed,broke,return,thought,wasn,not,$,but,ok,work,t,did,however,disappointing,didn,off,poorly,waste,after,poor,apart
cheap,does,small,should,disappointed,broke,return,thought,wasn,not,$,but,ok,work,t,did,however,disappointing,didn,off,poorly,waste,after,poor,apart
cheap,does,small,should,disappointed,broke,return,thought,wasn,not,$,but,ok,work,t,did,however,disappointing,didn,off,poorly,waste,after,poor,apart
cheap,does,small,should,disappointed,broke,return,thought,wasn,not,$,but,ok,work,t,did,however,disappointing,didn,off,poorly,waste,after,poor,apart
cheap,does,small,should,disappointed,broke,return,thought,wasn,not,$,but,ok,work,t,did,however,disappointing,didn,off,poorly,waste,after,poor,apart
cheap,does,small,should,disappointed,broke,return,thought,wasn,not,$,but,ok,work,t,did,however,disappointing,didn,off,poorly,waste,after,poor,apart
cheap,does,small,should,disappointed,broke,return,thought,wasn,not,$,but,ok,work,t,did,however,disappointing,didn,off,poorly,waste,after,poor,apart
cheap,does,small,should,disappointed,broke,return,thought,wasn,not,$,but,ok,work,t,did,however,disappointing,didn,off,poorly,waste,after,poor,apart
cheap,does,small,should,disappointed,broke,return,thought,wasn,not,$,but,ok,work,t,did,however,disappointing,didn,off,poorly,waste,after,poor,apart
cheap,does,small,should,disappointed,broke,return,thought,wasn,not,$,but,ok,work,t,did,however,disappointing,didn,off,poorly,waste,after,poor,apart
cheap,does,small,should,disappointed,broke,return,thought,wasn,not,$,but,ok,work,t,did,however,disappointing,didn,off,poorly,waste,after,poor,apart
cheap,does,small,should,disappointed,broke,return,thought,wasn,not,$,but,ok,work,t,did,however,disappointing,didn,off,poorly,waste,after,poor,apart
cheap,does,small,should,disappointed,broke,return,thought,wasn,not,$,but,ok,work,t,did,however,disappointing,didn,off,poorly,waste,after,poor,apart
cheap,does,small,should,disappointed,broke,return,thought,wasn,not,$,but,ok,work,t,did,however,disappointing,didn,off,poorly,waste,after,poor,apart
cheap,does,small,should,disappointed,broke,return,thought,wasn,not,$,but,ok,work,t,did,however,disappointing,didn,off,poorly,waste,after,poor,apart
cheap,does,small,should,disappointed,broke,return,thought,wasn,not,$,but,ok,work,t,did,however,disappointing,didn,off,poorly,waste,after,poor,apart
cheap,does,small,should,disappointed,broke,return,thought,wasn,not,$,but,ok,work,t,did,however,disappointing,didn,off,poorly,waste,after,poor,apart
cheap,does,small,should,disappointed,broke,return,thought,wasn,not,$,but,ok,work,t,did,however,disappointing,didn,off,poorly,waste,after,poor,apart
cheap,does,small,should,disappointed,broke,return,thought,wasn,not,$,but,ok,work,t,did,however,disappointing,didn,off,poorly,waste,after,poor,apart
cheap,does,small,should,disappointed,broke,return,thought,wasn,not,$,but,ok,work,t,did,however,disappointing,didn,off,poorly,waste,after,poor,apart
cheap,does,small,should,disappointed,broke,return,thought,wasn,not,$,but,ok,work,t,did,however,disappointing,didn,off,poorly,waste,after,poor,apart
cheap,does,small,should,disappointed,broke,return,thought,wasn,not,$,but,ok,work,t,did,however,disappointing,didn,off,poorly,waste,after,poor,apart
cheap,does,small,should,disappointed,broke,return,thought,wasn,not,$,but,ok,work,t,did,however,disappointing,didn,off,poorly,waste,after,poor,apart
cheap,does,small,should,disappointed,broke,return,thought,wasn,not,$,but,ok,work,t,did,however,disappointing,didn,off,poorly,waste,after,poor,apart
cheap,does,small,should,disappointed,broke,return,thought,wasn,not,$,but,ok,work,t,did,however,disappointing,didn,off,poorly,waste,after,poor,apart
cheap,does,small,should,disappointed,broke,return,thought,wasn,not,$,but,ok,work,t,did,however,disappointing,didn,off,poorly,waste,after,poor,apart
cheap,does,small,should,disappointed,broke,return,thought,wasn,not,$,but,ok,work,t,did,however,disappointing,didn,off,poorly,waste,after,poor,apart
cheap,does,small,should,disappointed,broke,return,thought,wasn,not,$,but,ok,work,t,did,however,disappointing,didn,off,poorly,waste,after,poor,apart
cheap,does,small,should,disappointed,broke,return,thought,wasn,not,$,but,ok,work,t,did,however,disappointing,didn,off,poorly,waste,after,poor,apart
cheap,does,small,should,disappointed,broke,return,thought,wasn,not,$,but,ok,work,t,did,however,disappointing,didn,off,poorly,waste,after,poor,apart
cheap,does,small,should,disappointed,broke,return,thought,wasn,not,$,but,ok,work,t,did,however,disappointing,didn,off,poorly,waste,after,poor,apart
cheap,does,small,should,disappointed,broke,return,thought,wasn,not,$,but,ok,work,t,did,however,disappointing,didn,off,poorly,waste,after,poor,apart
cheap,does,small,should,disappointed,broke,return,thought,wasn,not,$,but,ok,work,t,did,however,disappointing,didn,off,poorly,waste,after,poor,apart
cheap,does,small,should,disappointed,broke,return,thought,wasn,not,$,but,ok,work,t,did,however,disappointing,didn,off,poorly,waste,after,poor,apart
cheap,does,small,should,disappointed,broke,return,thought,wasn,not,$,but,ok,work,t,did,however,disappointing,didn,off,poorly,waste,after,poor,apart
cheap,does,small,should,disappointed,broke,return,thought,wasn,not,$,but,ok,work,t,did,however,disappointing,didn,off,poorly,waste,after,poor,apart
cheap,does,small,should,disappointed,broke,return,thought,wasn,not,$,but,ok,work,t,did,however,disappointing,didn,off,poorly,waste,after,poor,apart
cheap,does,small,should,disappointed,broke,return,thought,wasn,not,$,but,ok,work,t,did,however,disappointing,didn,off,poorly,waste,after,poor,apart
cheap,does,small,should,disappointed,broke,return,thought,wasn,not,$,but,ok,work,t,did,however,disappointing,didn,off,poorly,waste,after,poor,apart
cheap,does,small,should,disappointed,broke,return,thought,wasn,not,$,but,ok,work,t,did,however,disappointing,didn,off,poorly,waste,after,poor,apart
cheap,does,small,should,disappointed,broke,return,thought,wasn,not,$,but,ok,work,t,did,however,disappointing,didn,off,poorly,waste,after,poor,apart
cheap,does,small,should,disappointed,broke,return,thought,wasn,not,$,but,ok,work,t,did,however,disappointing,didn,off,poorly,waste,after,poor,apart
cheap,does,small,should,disappointed,broke,return,thought,wasn,not,$,but,ok,work,t,did,however,disappointing,didn,off,poorly,waste,after,poor,apart
cheap,does,small,should,disappointed,broke,return,thought,wasn,not,$,but,ok,work,t,did,however,disappointing,didn,off,poorly,waste,after,poor,apart
cheap,does,small,should,disappointed,broke,return,thought,wasn,not,$,but,ok,work,t,did,however,disappointing,didn,off,poorly,waste,after,poor,apart
cheap,does,small,should,disappointed,broke,return,thought,wasn,not,$,but,ok,work,t,did,however,disappointing,didn,off,poorly,waste,after,poor,apart
cheap,does,small,should,disappointed,broke,return,thought,wasn,not,$,but,ok,work,t,did,however,disappointing,didn,off,poorly,waste,after,poor,apart
cheap,does,small,should,disappointed,broke,return,thought,wasn,not,$,but,ok,work,t,did,however,disappointing,didn,off,poorly,waste,after,poor,apart
cheap,does,small,should,disappointed,broke,return,thought,wasn,not,$,but,ok,work,t,did,however,disappointing,didn,off,poorly,waste,after,poor,apart
cheap,does,small,should,disappointed,broke,return,thought,wasn,not,$,but,ok,work,t,did,however,disappointing,didn,off,poorly,waste,after,poor,apart
cheap,does,small,should,disappointed,broke,return,thought,wasn,not,$,but,ok,work,t,did,however,disappointing,didn,off,poorly,waste,after,poor,apart
cheap,does,small,should,disappointed,broke,return,thought,wasn,not,$,but,ok,work,t,did,however,disappointing,didn,off,poorly,waste,after,poor,apart
cheap,does,small,should,disappointed,broke,return,thought,wasn,not,$,but,ok,work,t,did,however,disappointing,didn,off,poorly,waste,after,poor,apart
cheap,does,small,should,disappointed,broke,return,thought,wasn,not,$,but,ok,work,t,did,however,disappointing,didn,off,poorly,waste,after,poor,apart
cheap,does,small,should,disappointed,broke,return,thought,wasn,not,$,but,ok,work,t,did,however,disappointing,didn,off,poorly,waste,after,poor,apart
cheap,does,small,should,disappointed,broke,return,thought,wasn,not,$,but,ok,work,t,did,however,disappointing,didn,off,poorly,waste,after,poor,apart
cheap,does,small,should,disappointed,broke,return,thought,wasn,not,$,but,ok,work,t,did,however,disappointing,didn,off,poorly,waste,after,poor,apart
cheap,does,small,should,disappointed,broke,return,thought,wasn,not,$,but,ok,work,t,did,however,disappointing,didn,off,poorly,waste,after,poor,apart
cheap,does,small,should,disappointed,broke,return,thought,wasn,not,$,but,ok,work,t,did,however,disappointing,didn,off,poorly,waste,after,poor,apart
cheap,does,small,should,disappointed,broke,return,thought,wasn,not,$,but,ok,work,t,did,however,disappointing,didn,off,poorly,waste,after,poor,apart
cheap,does,small,should,disappointed,broke,return,thought,wasn,not,$,but,ok,work,t,did,however,disappointing,didn,off,poorly,waste,after,poor,apart
cheap,does,small,should,disappointed,broke,return,thought,wasn,not,$,but,ok,work,t,did,however,disappointing,didn,off,poorly,waste,after,poor,apart
cheap,does,small,should,disappointed,broke,return,thought,wasn,not,$,but,ok,work,t,did,however,disappointing,didn,off,poorly,waste,after,poor,apart
cheap,does,small,should,disappointed,broke,return,thought,wasn,not,$,but,ok,work,t,did,however,disappointing,didn,off,poorly,waste,after,poor,apart
cheap,does,small,should,disappointed,broke,return,thought,wasn,not,$,but,ok,work,t,did,however,disappointing,didn,off,poorly,waste,after,poor,apart
cheap,does,small,should,disappointed,broke,return,thought,wasn,not,$,but,ok,work,t,did,however,disappointing,didn,off,poorly,waste,after,poor,apart
cheap,does,small,should,disappointed,broke,return,thought,wasn,not,$,but,ok,work,t,did,however,disappointing,didn,off,poorly,waste,after,poor,apart
cheap,does,small,should,disappointed,broke,return,thought,wasn,not,$,but,ok,work,t,did,however,disappointing,didn,off,poorly,waste,after,poor,apart
cheap,does,small,should,disappointed,broke,return,thought,wasn,not,$,but,ok,work,t,did,however,disappointing,didn,off,poorly,waste,after,poor,apart
cheap,does,small,should,disappointed,broke,return,thought,wasn,not,$,but,ok,work,t,did,however,disappointing,didn,off,poorly,waste,after,poor,apart
cheap,does,small,should,disappointed,broke,return,thought,wasn,not,$,but,ok,work,t,did,however,disappointing,didn,off,poorly,waste,after,poor,apart
cheap,does,small,should,disappointed,broke,return,thought,wasn,not,$,but,ok,work,t,did,however,disappointing,didn,off,poorly,waste,after,poor,apart
cheap,does,small,should,disappointed,broke,return,thought,wasn,not,$,but,ok,work,t,did,however,disappointing,didn,off,poorly,waste,after,poor,apart
cheap,does,small,should,disappointed,broke,return,thought,wasn,not,$,but,ok,work,t,did,however,disappointing,didn,off,poorly,waste,after,poor,apart
cheap,does,small,should,disappointed,broke,return,thought,wasn,not,$,but,ok,work,t,did,however,disappointing,didn,off,poorly,waste,after,poor,apart
cheap,does,small,should,disappointed,broke,return,thought,wasn,not,$,but,ok,work,t,did,however,disappointing,didn,off,poorly,waste,after,poor,apart
cheap,does,small,should,disappointed,broke,return,thought,wasn,not,$,but,ok,work,t,did,however,disappointing,didn,off,poorly,waste,after,poor,apart
cheap,does,small,should,disappointed,broke,return,thought,wasn,not,$,but,ok,work,t,did,however,disappointing,didn,off,poorly,waste,after,poor,apart
cheap,does,small,should,disappointed,broke,return,thought,wasn,not,$,but,ok,work,t,did,however,disappointing,didn,off,poorly,waste,after,poor,apart
cheap,does,small,should,disappointed,broke,return,thought,wasn,not,$,but,ok,work,t,did,however,disappointing,didn,off,poorly,waste,after,poor,apart
cheap,does,small,should,disappointed,broke,return,thought,wasn,not,$,but,ok,work,t,did,however,disappointing,didn,off,poorly,waste,after,poor,apart
cheap,does,small,should,disappointed,broke,return,thought,wasn,not,$,but,ok,work,t,did,however,disappointing,didn,off,poorly,waste,after,poor,apart
cheap,does,small,should,disappointed,broke,return,thought,wasn,not,$,but,ok,work,t,did,however,disappointing,didn,off,poorly,waste,after,poor,apart
cheap,does,small,should,disappointed,broke,return,thought,wasn,not,$,but,ok,work,t,did,however,disappointing,didn,off,poorly,waste,after,poor,apart
cheap,does,small,should,disappointed,broke,return,thought,wasn,not,$,but,ok,work,t,did,however,disappointing,didn,off,poorly,waste,after,poor,apart
cheap,does,small,should,disappointed,broke,return,thought,wasn,not,$,but,ok,work,t,did,however,disappointing,didn,off,poorly,waste,after,poor,apart
cheap,does,small,should,disappointed,broke,return,thought,wasn,not,$,but,ok,work,t,did,however,disappointing,didn,off,poorly,waste,after,poor,apart
cheap,does,small,should,disappointed,broke,return,thought,wasn,not,$,but,ok,work,t,did,however,disappointing,didn,off,poorly,waste,after,poor,apart
cheap,does,small,should,disappointed,broke,return,thought,wasn,not,$,but,ok,work,t,did,however,disappointing,didn,off,poorly,waste,after,poor,apart
cheap,does,small,should,disappointed,broke,return,thought,wasn,not,$,but,ok,work,t,did,however,disappointing,didn,off,poorly,waste,after,poor,apart
cheap,does,small,should,disappointed,broke,return,thought,wasn,not,$,but,ok,work,t,did,however,disappointing,didn,off,poorly,waste,after,poor,apart
cheap,does,small,should,disappointed,broke,return,thought,wasn,not,$,but,ok,work,t,did,however,disappointing,didn,off,poorly,waste,after,poor,apart
cheap,does,small,should,disappointed,broke,return,thought,wasn,not,$,but,ok,work,t,did,however,disappointing,didn,off,poorly,waste,after,poor,apart
cheap,does,small,should,disappointed,broke,return,thought,wasn,not,$,but,ok,work,t,did,however,disappointing,didn,off,poorly,waste,after,poor,apart
cheap,does,small,should,disappointed,broke,return,thought,wasn,not,$,but,ok,work,t,did,however,disappointing,didn,off,poorly,waste,after,poor,apart
cheap,does,small,should,disappointed,broke,return,thought,wasn,not,$,but,ok,work,t,did,however,disappointing,didn,off,poorly,waste,after,poor,apart
cheap,does,small,should,disappointed,broke,return,thought,wasn,not,$,but,ok,work,t,did,however,disappointing,didn,off,poorly,waste,after,poor,apart
cheap,does,small,should,disappointed,broke,return,thought,wasn,not,$,but,ok,work,t,did,however,disappointing,didn,off,poorly,waste,after,poor,apart
cheap,does,small,should,disappointed,broke,return,thought,wasn,not,$,but,ok,work,t,did,however,disappointing,didn,off,poorly,waste,after,poor,apart
cheap,does,small,should,disappointed,broke,return,thought,wasn,not,$,but,ok,work,t,did,however,disappointing,didn,off,poorly,waste,after,poor,apart
cheap,does,small,should,disappointed,broke,return,thought,wasn,not,$,but,ok,work,t,did,however,disappointing,didn,off,poorly,waste,after,poor,apart
cheap,does,small,should,disappointed,broke,return,thought,wasn,not,$,but,ok,work,t,did,however,disappointing,didn,off,poorly,waste,after,poor,apart
cheap,does,small,should,disappointed,broke,return,thought,wasn,not,$,but,ok,work,t,did,however,disappointing,didn,off,poorly,waste,after,poor,apart
cheap,does,small,should,disappointed,broke,return,thought,wasn,not,$,but,ok,work,t,did,however,disappointing,didn,off,poorly,waste,after,poor,apart
cheap,does,small,should,disappointed,broke,return,thought,wasn,not,$,but,ok,work,t,did,however,disappointing,didn,off,poorly,waste,after,poor,apart
cheap,does,small,should,disappointed,broke,return,thought,wasn,not,$,but,ok,work,t,did,however,disappointing,didn,off,poorly,waste,after,poor,apart
cheap,does,small,should,disappointed,broke,return,thought,wasn,not,$,but,ok,work,t,did,however,disappointing,didn,off,poorly,waste,after,poor,apart
cheap,does,small,should,disappointed,broke,return,thought,wasn,not,$,but,ok,work,t,did,however,disappointing,didn,off,poorly,waste,after,poor,apart
cheap,does,small,should,disappointed,broke,return,thought,wasn,not,$,but,ok,work,t,did,however,disappointing,didn,off,poorly,waste,after,poor,apart
cheap,does,small,should,disappointed,broke,return,thought,wasn,not,$,but,ok,work,t,did,however,disappointing,didn,off,poorly,waste,after,poor,apart
cheap,does,small,should,disappointed,broke,return,thought,wasn,not,$,but,ok,work,t,did,however,disappointing,didn,off,poorly,waste,after,poor,apart
cheap,does,small,should,disappointed,broke,return,thought,wasn,not,$,but,ok,work,t,did,however,disappointing,didn,off,poorly,waste,after,poor,apart
cheap,does,small,should,disappointed,broke,return,thought,wasn,not,$,but,ok,work,t,did,however,disappointing,didn,off,poorly,waste,after,poor,apart
cheap,does,small,should,disappointed,broke,return,thought,wasn,not,$,but,ok,work,t,did,however,disappointing,didn,off,poorly,waste,after,poor,apart
cheap,does,small,should,disappointed,broke,return,thought,wasn,not,$,but,ok,work,t,did,however,disappointing,didn,off,poorly,waste,after,poor,apart
cheap,does,small,should,disappointed,broke,return,thought,wasn,not,$,but,ok,work,t,did,however,disappointing,didn,off,poorly,waste,after,poor,apart
cheap,does,small,should,disappointed,broke,return,thought,wasn,not,$,but,ok,work,t,did,however,disappointing,didn,off,poorly,waste,after,poor,apart
cheap,does,small,should,disappointed,broke,return,thought,wasn,not,$,but,ok,work,t,did,however,disappointing,didn,off,poorly,waste,after,poor,apart
cheap,does,small,should,disappointed,broke,return,thought,wasn,not,$,but,ok,work,t,did,however,disappointing,didn,off,poorly,waste,after,poor,apart
cheap,does,small,should,disappointed,broke,return,thought,wasn,not,$,but,ok,work,t,did,however,disappointing,didn,off,poorly,waste,after,poor,apart
cheap,does,small,should,disappointed,broke,return,thought,wasn,not,$,but,ok,work,t,did,however,disappointing,didn,off,poorly,waste,after,poor,apart
cheap,does,small,should,disappointed,broke,return,thought,wasn,not,$,but,ok,work,t,did,however,disappointing,didn,off,poorly,waste,after,poor,apart
cheap,does,small,should,disappointed,broke,return,thought,wasn,not,$,but,ok,work,t,did,however,disappointing,didn,off,poorly,waste,after,poor,apart
cheap,does,small,should,disappointed,broke,return,thought,wasn,not,$,but,ok,work,t,did,however,disappointing,didn,off,poorly,waste,after,poor,apart
cheap,does,small,should,disappointed,broke,return,thought,wasn,not,$,but,ok,work,t,did,however,disappointing,didn,off,poorly,waste,after,poor,apart
cheap,does,small,should,disappointed,broke,return,thought,wasn,not,$,but,ok,work,t,did,however,disappointing,didn,off,poorly,waste,after,poor,apart
cheap,does,small,should,disappointed,broke,return,thought,wasn,not,$,but,ok,work,t,did,however,disappointing,didn,off,poorly,waste,after,poor,apart
cheap,does,small,should,disappointed,broke,return,thought,wasn,not,$,but,ok,work,t,did,however,disappointing,didn,off,poorly,waste,after,poor,apart
cheap,does,small,should,disappointed,broke,return,thought,wasn,not,$,but,ok,work,t,did,however,disappointing,didn,off,poorly,waste,after,poor,apart
cheap,does,small,should,disappointed,broke,return,thought,wasn,not,$,but,ok,work,t,did,however,disappointing,didn,off,poorly,waste,after,poor,apart
cheap,does,small,should,disappointed,broke,return,thought,wasn,not,$,but,ok,work,t,did,however,disappointing,didn,off,poorly,waste,after,poor,apart
cheap,does,small,should,disappointed,broke,return,thought,wasn,not,$,but,ok,work,t,did,however,disappointing,didn,off,poorly,waste,after,poor,apart
cheap,does,small,should,disappointed,broke,return,thought,wasn,not,$,but,ok,work,t,did,however,disappointing,didn,off,poorly,waste,after,poor,apart
cheap,does,small,should,disappointed,broke,return,thought,wasn,not,$,but,ok,work,t,did,however,disappointing,didn,off,poorly,waste,after,poor,apart
cheap,does,small,should,disappointed,broke,return,thought,wasn,not,$,but,ok,work,t,did,however,disappointing,didn,off,poorly,waste,after,poor,apart
cheap,does,small,should,disappointed,broke,return,thought,wasn,not,$,but,ok,work,t,did,however,disappointing,didn,off,poorly,waste,after,poor,apart
cheap,does,small,should,disappointed,broke,return,thought,wasn,not,$,but,ok,work,t,did,however,disappointing,didn,off,poorly,waste,after,poor,apart
cheap,does,small,should,disappointed,broke,return,thought,wasn,not,$,but,ok,work,t,did,however,disappointing,didn,off,poorly,waste,after,poor,apart
cheap,does,small,should,disappointed,broke,return,thought,wasn,not,$,but,ok,work,t,did,however,disappointing,didn,off,poorly,waste,after,poor,apart
cheap,does,small,should,disappointed,broke,return,thought,wasn,not,$,but,ok,work,t,did,however,disappointing,didn,off,poorly,waste,after,poor,apart
cheap,does,small,should,disappointed,broke,return,thought,wasn,not,$,but,ok,work,t,did,however,disappointing,didn,off,poorly,waste,after,poor,apart
cheap,does,small,should,disappointed,broke,return,thought,wasn,not,$,but,ok,work,t,did,however,disappointing,didn,off,poorly,waste,after,poor,apart
cheap,does,small,should,disappointed,broke,return,thought,wasn,not,$,but,ok,work,t,did,however,disappointing,didn,off,poorly,waste,after,poor,apart
cheap,does,small,should,disappointed,broke,return,thought,wasn,not,$,but,ok,work,t,did,however,disappointing,didn,off,poorly,waste,after,poor,apart
cheap,does,small,should,disappointed,broke,return,thought,wasn,not,$,but,ok,work,t,did,however,disappointing,didn,off,poorly,waste,after,poor,apart
cheap,does,small,should,disappointed,broke,return,thought,wasn,not,$,but,ok,work,t,did,however,disappointing,didn,off,poorly,waste,after,poor,apart
cheap,does,small,should,disappointed,broke,return,thought,wasn,not,$,but,ok,work,t,did,however,disappointing,didn,off,poorly,waste,after,poor,apart
cheap,does,small,should,disappointed,broke,return,thought,wasn,not,$,but,ok,work,t,did,however,disappointing,didn,off,poorly,waste,after,poor,apart
cheap,does,small,should,disappointed,broke,return,thought,wasn,not,$,but,ok,work,t,did,however,disappointing,didn,off,poorly,waste,after,poor,apart
cheap,does,small,should,disappointed,broke,return,thought,wasn,not,$,but,ok,work,t,did,however,disappointing,didn,off,poorly,waste,after,poor,apart
cheap,does,small,should,disappointed,broke,return,thought,wasn,not,$,but,ok,work,t,did,however,disappointing,didn,off,poorly,waste,after,poor,apart
cheap,does,small,should,disappointed,broke,return,thought,wasn,not,$,but,ok,work,t,did,however,disappointing,didn,off,poorly,waste,after,poor,apart
cheap,does,small,should,disappointed,broke,return,thought,wasn,not,$,but,ok,work,t,did,however,disappointing,didn,off,poorly,waste,after,poor,apart
cheap,does,small,should,disappointed,broke,return,thought,wasn,not,$,but,ok,work,t,did,however,disappointing,didn,off,poorly,waste,after,poor,apart
cheap,does,small,should,disappointed,broke,return,thought,wasn,not,$,but,ok,work,t,did,however,disappointing,didn,off,poorly,waste,after,poor,apart
cheap,does,small,should,disappointed,broke,return,thought,wasn,not,$,but,ok,work,t,did,however,disappointing,didn,off,poorly,waste,after,poor,apart
cheap,does,small,should,disappointed,broke,return,thought,wasn,not,$,but,ok,work,t,did,however,disappointing,didn,off,poorly,waste,after,poor,apart
cheap,does,small,should,disappointed,broke,return,thought,wasn,not,$,but,ok,work,t,did,however,disappointing,didn,off,poorly,waste,after,poor,apart
cheap,does,small,should,disappointed,broke,return,thought,wasn,not,$,but,ok,work,t,did,however,disappointing,didn,off,poorly,waste,after,poor,apart
cheap,does,small,should,disappointed,broke,return,thought,wasn,not,$,but,ok,work,t,did,however,disappointing,didn,off,poorly,waste,after,poor,apart
cheap,does,small,should,disappointed,broke,return,thought,wasn,not,$,but,ok,work,t,did,however,disappointing,didn,off,poorly,waste,after,poor,apart
cheap,does,small,should,disappointed,broke,return,thought,wasn,not,$,but,ok,work,t,did,however,disappointing,didn,off,poorly,waste,after,poor,apart
cheap,does,small,should,disappointed,broke,return,thought,wasn,not,$,but,ok,work,t,did,however,disappointing,didn,off,poorly,waste,after,poor,apart
cheap,does,small,should,disappointed,broke,return,thought,wasn,not,$,but,ok,work,t,did,however,disappointing,didn,off,poorly,waste,after,poor,apart
cheap,does,small,should,disappointed,broke,return,thought,wasn,not,$,but,ok,work,t,did,however,disappointing,didn,off,poorly,waste,after,poor,apart
cheap,does,small,should,disappointed,broke,return,thought,wasn,not,$,but,ok,work,t,did,however,disappointing,didn,off,poorly,waste,after,poor,apart
cheap,does,small,should,disappointed,broke,return,thought,wasn,not,$,but,ok,work,t,did,however,disappointing,didn,off,poorly,waste,after,poor,apart
cheap,does,small,should,disappointed,broke,return,thought,wasn,not,$,but,ok,work,t,did,however,disappointing,didn,off,poorly,waste,after,poor,apart
cheap,does,small,should,disappointed,broke,return,thought,wasn,not,$,but,ok,work,t,did,however,disappointing,didn,off,poorly,waste,after,poor,apart
cheap,does,small,should,disappointed,broke,return,thought,wasn,not,$,but,ok,work,t,did,however,disappointing,didn,off,poorly,waste,after,poor,apart
cheap,does,small,should,disappointed,broke,return,thought,wasn,not,$,but,ok,work,t,did,however,disappointing,didn,off,poorly,waste,after,poor,apart
cheap,does,small,should,disappointed,broke,return,thought,wasn,not,$,but,ok,work,t,did,however,disappointing,didn,off,poorly,waste,after,poor,apart
cheap,does,small,should,disappointed,broke,return,thought,wasn,not,$,but,ok,work,t,did,however,disappointing,didn,off,poorly,waste,after,poor,apart
cheap,does,small,should,disappointed,broke,return,thought,wasn,not,$,but,ok,work,t,did,however,disappointing,didn,off,poorly,waste,after,poor,apart
cheap,does,small,should,disappointed,broke,wouldn,return,thought,wasn,not,$,but,ok,work,t,did,however,didn,off,poorly,waste,after,poor,apart
cheap,does,small,should,disappointed,broke,wouldn,return,thought,wasn,not,$,but,ok,work,t,did,however,didn,off,poorly,waste,after,poor,apart
cheap,does,small,should,disappointed,broke,wouldn,return,thought,wasn,not,$,but,ok,work,t,did,however,didn,off,poorly,waste,after,poor,apart
cheap,does,small,should,disappointed,broke,wouldn,return,thought,wasn,not,$,but,ok,work,t,did,however,didn,off,poorly,waste,after,poor,apart
cheap,does,small,should,disappointed,broke,wouldn,return,thought,wasn,not,$,but,ok,work,t,did,however,didn,off,poorly,waste,after,poor,apart
cheap,does,small,should,disappointed,broke,wouldn,return,thought,wasn,not,$,but,ok,work,t,did,however,didn,off,poorly,waste,after,poor,apart
cheap,does,small,should,disappointed,broke,wouldn,return,thought,wasn,not,$,but,ok,work,t,did,however,didn,off,poorly,waste,after,poor,apart
cheap,does,small,should,disappointed,broke,wouldn,return,thought,wasn,not,$,but,ok,work,t,did,however,didn,off,poorly,waste,after,poor,apart
cheap,does,small,should,disappointed,broke,wouldn,return,thought,wasn,not,$,but,ok,work,t,did,however,didn,off,poorly,waste,after,poor,apart
cheap,does,small,should,disappointed,broke,wouldn,return,thought,wasn,not,$,but,ok,work,t,did,however,didn,off,poorly,waste,after,poor,apart
cheap,does,small,should,disappointed,broke,wouldn,return,thought,wasn,not,$,but,ok,work,t,did,however,didn,off,poorly,waste,after,poor,apart
cheap,does,small,should,disappointed,broke,wouldn,return,thought,wasn,not,$,but,ok,work,t,did,however,didn,off,poorly,waste,after,poor,apart
cheap,does,small,should,disappointed,broke,wouldn,return,thought,wasn,not,$,but,ok,work,t,did,however,didn,off,poorly,waste,after,poor,apart
cheap,does,small,should,disappointed,broke,wouldn,return,thought,wasn,not,$,but,ok,work,t,did,however,didn,off,poorly,waste,after,poor,apart
cheap,does,small,should,disappointed,broke,wouldn,return,thought,wasn,not,$,but,ok,work,t,did,however,didn,off,poorly,waste,after,poor,apart
cheap,does,small,should,disappointed,broke,wouldn,return,thought,wasn,not,$,but,ok,work,t,did,however,didn,off,poorly,waste,after,poor,apart
cheap,does,small,should,disappointed,broke,wouldn,return,thought,wasn,not,$,but,ok,work,t,did,however,didn,off,poorly,waste,after,poor,apart
cheap,does,small,should,disappointed,broke,wouldn,return,thought,wasn,not,$,but,ok,work,t,did,however,didn,off,poorly,waste,after,poor,apart
cheap,does,small,should,disappointed,broke,wouldn,return,thought,wasn,not,$,but,ok,work,t,did,however,didn,off,poorly,waste,after,poor,apart
cheap,does,small,should,disappointed,broke,wouldn,return,thought,wasn,not,$,but,ok,work,t,did,however,didn,off,poorly,waste,after,poor,apart
cheap,does,small,should,disappointed,broke,wouldn,return,thought,wasn,not,$,but,ok,work,t,did,however,didn,off,poorly,waste,after,poor,apart
cheap,does,small,should,disappointed,broke,wouldn,return,thought,wasn,not,$,but,ok,work,t,did,however,didn,off,poorly,waste,after,poor,apart
cheap,does,small,should,disappointed,broke,wouldn,return,thought,wasn,not,$,but,ok,work,t,did,however,didn,off,poorly,waste,after,poor,apart
cheap,does,small,should,disappointed,broke,wouldn,return,thought,wasn,not,$,but,ok,work,t,did,however,didn,off,poorly,waste,after,poor,apart
cheap,does,small,should,disappointed,broke,wouldn,return,thought,wasn,not,$,but,ok,work,t,did,however,didn,off,poorly,waste,after,poor,apart
cheap,does,small,should,disappointed,broke,wouldn,return,thought,wasn,not,$,but,ok,work,t,did,however,didn,off,poorly,waste,after,poor,apart
cheap,does,small,should,disappointed,broke,wouldn,return,thought,wasn,not,$,but,ok,work,t,did,however,didn,off,poorly,waste,after,poor,apart
cheap,does,small,should,disappointed,broke,wouldn,return,thought,wasn,not,$,but,ok,work,t,did,however,didn,off,poorly,waste,after,poor,apart
cheap,does,small,should,disappointed,broke,wouldn,return,thought,wasn,not,$,but,ok,work,t,did,however,didn,off,poorly,waste,after,poor,apart
cheap,does,small,should,disappointed,broke,wouldn,return,thought,wasn,not,$,but,ok,work,t,did,however,didn,off,poorly,waste,after,poor,apart
cheap,does,small,should,disappointed,broke,wouldn,return,thought,wasn,not,$,but,ok,work,t,did,however,didn,off,poorly,waste,after,poor,apart
cheap,does,small,should,disappointed,broke,wouldn,return,thought,wasn,not,$,but,ok,work,t,did,however,didn,off,poorly,waste,after,poor,apart
cheap,does,small,should,disappointed,broke,wouldn,return,thought,wasn,not,$,but,ok,work,t,did,however,didn,off,poorly,waste,after,poor,apart
cheap,does,small,should,disappointed,broke,wouldn,return,thought,wasn,not,$,but,ok,work,t,did,however,didn,off,poorly,waste,after,poor,apart
cheap,does,small,should,disappointed,broke,wouldn,return,thought,wasn,not,$,but,ok,work,t,did,however,didn,off,poorly,waste,after,poor,apart
cheap,does,small,should,disappointed,broke,wouldn,return,thought,wasn,not,$,but,ok,work,t,did,however,didn,off,poorly,waste,after,poor,apart
cheap,does,small,should,disappointed,broke,return,thought,wasn,not,$,but,ok,work,t,did,however,disappointing,didn,off,poorly,waste,after,poor,apart
cheap,does,small,should,disappointed,broke,return,thought,wasn,not,$,but,ok,work,t,did,however,disappointing,didn,off,poorly,waste,after,poor,apart
cheap,does,small,should,disappointed,broke,return,thought,wasn,not,$,but,ok,work,t,did,however,disappointing,didn,off,poorly,waste,after,poor,apart
cheap,does,small,should,disappointed,broke,return,thought,wasn,not,$,but,ok,work,t,did,however,disappointing,didn,off,poorly,waste,after,poor,apart
cheap,does,small,should,disappointed,broke,return,thought,wasn,not,$,but,ok,work,t,did,however,disappointing,didn,off,poorly,waste,after,poor,apart
cheap,does,small,should,disappointed,broke,return,thought,wasn,not,$,but,ok,work,t,did,however,disappointing,didn,off,poorly,waste,after,poor,apart
cheap,does,small,should,disappointed,broke,return,thought,wasn,not,$,but,ok,work,t,did,however,disappointing,didn,off,poorly,waste,after,poor,apart
cheap,does,small,should,disappointed,broke,return,thought,wasn,not,$,but,ok,work,t,did,however,disappointing,didn,off,poorly,waste,after,poor,apart
cheap,does,small,should,disappointed,broke,return,thought,wasn,not,$,but,ok,work,t,did,however,disappointing,didn,off,poorly,waste,after,poor,apart
cheap,does,small,should,disappointed,broke,return,thought,wasn,not,$,but,ok,work,t,did,however,disappointing,didn,off,poorly,waste,after,poor,apart
cheap,does,small,should,disappointed,broke,return,thought,wasn,not,$,but,ok,work,t,did,however,disappointing,didn,off,poorly,waste,after,poor,apart
cheap,does,small,should,disappointed,broke,return,thought,wasn,not,$,but,ok,work,t,did,however,disappointing,didn,off,poorly,waste,after,poor,apart
cheap,does,small,should,disappointed,broke,return,thought,wasn,not,$,but,ok,work,t,did,however,disappointing,didn,off,poorly,waste,after,poor,apart
cheap,does,small,should,disappointed,broke,return,thought,wasn,not,$,but,ok,work,t,did,however,disappointing,didn,off,poorly,waste,after,poor,apart
cheap,does,small,should,disappointed,broke,return,thought,wasn,not,$,but,ok,work,t,did,however,disappointing,didn,off,poorly,waste,after,poor,apart
cheap,does,small,should,disappointed,broke,return,thought,wasn,not,$,but,ok,work,t,did,however,disappointing,didn,off,poorly,waste,after,poor,apart
cheap,does,small,should,disappointed,broke,return,thought,wasn,not,$,but,ok,work,t,did,however,disappointing,didn,off,poorly,waste,after,poor,apart
cheap,does,small,should,disappointed,broke,return,thought,wasn,not,$,but,ok,work,t,did,however,didn,off,poorly,waste,tried,after,poor,apart
cheap,does,small,should,disappointed,broke,return,thought,wasn,not,$,but,ok,work,t,did,however,didn,off,poorly,waste,tried,after,poor,apart
cheap,does,small,should,disappointed,broke,return,thought,wasn,not,$,but,ok,work,t,did,however,didn,off,poorly,waste,tried,after,poor,apart
cheap,does,small,should,disappointed,broke,return,thought,wasn,not,$,but,ok,work,t,did,however,didn,off,poorly,waste,tried,after,poor,apart
cheap,does,small,should,disappointed,broke,return,thought,wasn,not,$,but,ok,work,t,did,however,didn,off,poorly,waste,tried,after,poor,apart
cheap,does,small,should,disappointed,broke,return,thought,wasn,not,$,but,ok,work,t,did,however,didn,off,poorly,waste,tried,after,poor,apart
cheap,does,small,should,disappointed,broke,return,thought,wasn,not,$,but,ok,work,t,did,however,didn,off,poorly,waste,tried,after,poor,apart
cheap,does,small,should,disappointed,broke,wouldn,return,wasn,not,$,but,ok,work,t,did,however,didn,off,poorly,waste,tried,after,poor,apart
cheap,does,small,should,disappointed,broke,wouldn,return,wasn,not,$,but,ok,work,t,did,however,didn,off,poorly,waste,tried,after,poor,apart
cheap,does,small,should,disappointed,broke,wouldn,return,wasn,not,$,but,ok,work,t,did,however,didn,off,poorly,waste,tried,after,poor,apart
cheap,does,small,should,disappointed,broke,wouldn,return,wasn,not,$,but,ok,work,t,did,however,didn,off,poorly,waste,tried,after,poor,apart
cheap,does,small,should,disappointed,broke,wouldn,return,wasn,not,$,but,ok,work,t,did,however,didn,off,poorly,waste,tried,after,poor,apart
cheap,does,small,should,disappointed,broke,wouldn,return,wasn,not,$,but,ok,work,t,did,however,didn,off,poorly,waste,tried,after,poor,apart
cheap,does,small,should,disappointed,broke,wouldn,return,wasn,not,$,but,ok,work,t,did,however,didn,off,poorly,waste,tried,after,poor,apart
cheap,does,small,should,disappointed,broke,wouldn,return,wasn,not,$,but,ok,work,t,did,however,didn,off,poorly,waste,tried,after,poor,apart
cheap,does,small,should,disappointed,broke,wouldn,return,wasn,not,$,but,ok,work,t,did,however,didn,off,poorly,waste,tried,after,poor,apart
cheap,does,small,should,disappointed,broke,wouldn,return,wasn,not,$,but,ok,work,t,did,however,didn,off,poorly,waste,tried,after,poor,apart
cheap,does,small,should,disappointed,broke,wouldn,return,wasn,not,$,but,ok,work,t,did,however,didn,off,poorly,waste,tried,after,poor,apart
cheap,does,small,should,disappointed,broke,wouldn,return,wasn,not,$,but,ok,work,t,did,however,didn,off,poorly,waste,tried,after,poor,apart
cheap,does,small,should,disappointed,broke,wouldn,return,wasn,not,$,but,ok,work,t,did,however,didn,off,poorly,waste,tried,after,poor,apart
cheap,does,small,should,disappointed,broke,wouldn,return,wasn,not,$,but,ok,work,t,did,however,didn,off,poorly,waste,tried,after,poor,apart
cheap,does,small,should,disappointed,broke,wouldn,return,wasn,not,$,but,ok,work,t,did,however,didn,off,poorly,waste,tried,after,poor,apart
cheap,does,small,should,disappointed,broke,wouldn,return,wasn,not,$,but,ok,work,t,did,however,didn,off,poorly,waste,tried,after,poor,apart
cheap,does,small,should,disappointed,broke,wouldn,return,wasn,not,$,but,ok,work,t,did,however,didn,off,poorly,waste,tried,after,poor,apart
cheap,does,small,should,disappointed,broke,wouldn,return,wasn,not,$,but,ok,work,t,did,however,didn,off,poorly,waste,tried,after,poor,apart
cheap,does,small,should,disappointed,broke,wouldn,return,wasn,not,$,but,ok,work,t,did,however,didn,off,poorly,waste,tried,after,poor,apart
cheap,does,small,should,disappointed,broke,wouldn,return,wasn,not,$,but,ok,work,t,did,however,didn,off,poorly,waste,tried,after,poor,apart
cheap,does,small,should,disappointed,broke,wouldn,return,wasn,not,$,but,ok,work,t,did,however,didn,off,poorly,waste,tried,after,poor,apart
cheap,does,small,should,disappointed,broke,wouldn,return,wasn,not,$,but,ok,work,t,did,however,didn,off,poorly,waste,tried,after,poor,apart
cheap,does,small,should,disappointed,broke,wouldn,return,wasn,not,$,but,ok,work,t,did,however,didn,off,poorly,waste,tried,after,poor,apart
cheap,does,small,should,disappointed,broke,wouldn,return,wasn,not,$,but,ok,work,t,did,however,didn,off,poorly,waste,tried,after,poor,apart
cheap,does,small,should,disappointed,broke,wouldn,return,wasn,not,$,but,ok,work,t,did,however,didn,off,poorly,waste,tried,after,poor,apart
cheap,does,small,should,disappointed,broke,wouldn,return,wasn,not,$,but,ok,work,t,did,however,didn,off,poorly,waste,tried,after,poor,apart
cheap,does,small,should,disappointed,broke,wouldn,return,wasn,not,$,but,ok,work,t,did,however,didn,off,poorly,waste,tried,after,poor,apart
cheap,does,small,should,disappointed,broke,wouldn,return,wasn,not,$,but,ok,work,t,did,however,didn,off,poorly,waste,tried,after,poor,apart
cheap,does,small,should,disappointed,broke,wouldn,return,wasn,not,$,but,ok,work,t,did,however,didn,off,poorly,waste,tried,after,poor,apart
cheap,does,small,should,disappointed,broke,wouldn,return,wasn,not,$,but,ok,work,t,did,however,didn,off,poorly,waste,tried,after,poor,apart
cheap,does,small,should,disappointed,broke,wouldn,return,wasn,not,$,but,ok,work,t,did,however,didn,off,poorly,waste,tried,after,poor,apart
cheap,does,small,should,disappointed,broke,wouldn,return,wasn,not,$,but,ok,work,t,did,however,didn,off,poorly,waste,tried,after,poor,apart
cheap,does,small,should,disappointed,broke,wouldn,return,wasn,not,$,but,ok,work,t,did,however,didn,off,poorly,waste,tried,after,poor,apart
cheap,does,small,should,disappointed,broke,wouldn,return,wasn,not,$,but,ok,work,t,did,however,didn,off,poorly,waste,tried,after,poor,apart
cheap,does,small,should,disappointed,broke,wouldn,return,wasn,not,$,but,ok,work,t,did,however,didn,off,poorly,waste,tried,after,poor,apart
cheap,does,small,should,disappointed,broke,wouldn,return,wasn,not,$,but,ok,work,t,did,however,didn,off,poorly,waste,tried,after,poor,apart
cheap,does,small,should,disappointed,broke,wouldn,return,wasn,not,$,but,ok,work,t,did,however,didn,off,poorly,waste,tried,after,poor,apart
cheap,does,small,should,disappointed,broke,wouldn,return,wasn,not,$,but,ok,work,t,did,however,didn,off,poorly,waste,tried,after,poor,apart
cheap,does,small,should,disappointed,broke,wouldn,return,wasn,not,$,but,ok,work,t,did,however,didn,off,poorly,waste,tried,after,poor,apart
cheap,does,small,should,disappointed,broke,wouldn,return,wasn,not,$,but,ok,work,t,did,however,didn,off,poorly,waste,tried,after,poor,apart
cheap,does,small,should,disappointed,broke,wouldn,return,wasn,not,$,but,ok,work,t,did,however,didn,off,poorly,waste,tried,after,poor,apart
cheap,does,small,should,disappointed,broke,wouldn,return,wasn,not,$,but,ok,work,t,did,however,didn,off,poorly,waste,tried,after,poor,apart
cheap,does,small,should,disappointed,broke,wouldn,return,wasn,not,$,but,ok,work,t,did,however,didn,off,poorly,waste,tried,after,poor,apart
cheap,does,small,should,disappointed,broke,wouldn,return,wasn,not,$,but,ok,work,t,did,however,didn,off,poorly,waste,tried,after,poor,apart
cheap,does,small,should,disappointed,broke,wouldn,return,wasn,not,$,but,ok,work,t,did,however,didn,off,poorly,waste,tried,after,poor,apart
cheap,does,small,should,disappointed,broke,wouldn,return,wasn,not,$,but,ok,work,t,did,however,didn,off,poorly,waste,tried,after,poor,apart
cheap,does,small,should,disappointed,broke,return,wasn,not,$,but,ok,work,t,did,however,didn,off,poorly,waste,tried,returned,after,poor,apart
cheap,does,small,should,disappointed,broke,return,wasn,not,$,but,ok,work,t,did,however,didn,off,poorly,waste,tried,returned,after,poor,apart
cheap,does,small,should,disappointed,broke,return,wasn,not,$,but,ok,work,t,did,however,didn,off,poorly,waste,tried,returned,after,poor,apart
cheap,does,small,should,disappointed,broke,return,wasn,not,$,but,ok,work,t,did,however,didn,off,poorly,waste,tried,returned,after,poor,apart
cheap,does,small,should,disappointed,broke,return,wasn,not,$,but,ok,work,t,did,however,didn,off,poorly,waste,tried,returned,after,poor,apart
cheap,does,small,should,disappointed,broke,return,wasn,not,$,but,ok,work,t,did,however,didn,off,poorly,waste,tried,returned,after,poor,apart
cheap,does,small,should,disappointed,broke,return,wasn,not,$,but,ok,work,t,did,however,didn,off,poorly,waste,tried,returned,after,poor,apart
cheap,does,small,should,disappointed,broke,return,wasn,not,$,but,ok,work,t,did,however,didn,off,poorly,waste,tried,returned,after,poor,apart
cheap,does,small,should,disappointed,broke,return,wasn,not,$,but,ok,work,t,did,however,didn,off,poorly,waste,tried,returned,after,poor,apart
cheap,does,small,should,disappointed,broke,return,wasn,not,$,but,ok,work,t,did,however,didn,off,poorly,waste,tried,returned,after,poor,apart
cheap,does,small,should,disappointed,broke,return,wasn,not,$,but,ok,work,t,did,however,didn,off,poorly,waste,tried,returned,after,poor,apart
cheap,does,small,should,disappointed,broke,return,wasn,not,$,but,ok,work,t,did,however,didn,off,poorly,waste,tried,returned,after,poor,apart
cheap,does,small,should,disappointed,broke,return,wasn,not,$,but,ok,work,t,did,however,didn,off,poorly,waste,tried,returned,after,poor,apart
cheap,does,small,should,disappointed,broke,return,wasn,not,$,but,ok,work,t,did,however,didn,off,poorly,waste,tried,returned,after,poor,apart
cheap,does,small,should,disappointed,broke,return,wasn,not,$,but,ok,work,t,did,however,didn,off,poorly,waste,tried,returned,after,poor,apart
cheap,does,small,should,disappointed,broke,return,wasn,not,$,but,ok,work,t,did,however,didn,off,poorly,waste,tried,returned,after,poor,apart
cheap,does,small,should,disappointed,broke,return,wasn,not,$,but,ok,work,t,did,however,didn,off,poorly,waste,tried,returned,after,poor,apart
cheap,does,small,should,disappointed,broke,return,wasn,not,$,but,ok,work,t,did,however,didn,off,poorly,waste,tried,returned,after,poor,apart
cheap,does,small,should,disappointed,broke,return,wasn,not,$,but,ok,work,t,did,however,didn,off,poorly,waste,tried,returned,after,poor,apart
cheap,does,small,should,disappointed,broke,return,wasn,not,$,but,ok,work,t,did,however,didn,off,poorly,waste,tried,returned,after,poor,apart
cheap,does,small,should,disappointed,broke,return,wasn,not,$,but,ok,work,t,did,however,didn,off,poorly,waste,tried,returned,after,poor,apart
cheap,does,small,should,disappointed,broke,return,wasn,not,$,but,ok,work,t,did,however,didn,off,poorly,waste,tried,returned,after,poor,apart
cheap,does,small,should,disappointed,broke,return,wasn,not,$,but,ok,work,t,did,however,didn,off,poorly,waste,tried,returned,after,poor,apart
cheap,does,small,should,disappointed,broke,return,wasn,not,$,but,ok,work,t,did,however,didn,off,poorly,waste,tried,returned,after,poor,apart
cheap,does,small,should,disappointed,broke,return,wasn,not,$,but,ok,work,t,did,however,didn,off,poorly,waste,tried,returned,after,poor,apart
cheap,does,small,should,disappointed,broke,return,wasn,not,$,but,ok,work,t,did,however,didn,off,poorly,waste,tried,returned,after,poor,apart
cheap,does,small,should,disappointed,broke,return,wasn,not,$,but,ok,work,t,did,however,didn,off,poorly,waste,tried,returned,after,poor,apart
cheap,does,small,should,disappointed,broke,return,wasn,not,$,but,ok,work,t,did,however,didn,off,poorly,waste,tried,returned,after,poor,apart
cheap,does,small,should,disappointed,broke,return,thought,wasn,not,$,but,ok,work,t,did,however,didn,off,poorly,waste,tried,after,poor,apart
cheap,does,small,should,disappointed,broke,return,thought,wasn,not,$,but,ok,work,t,did,however,didn,off,poorly,waste,tried,after,poor,apart
cheap,does,small,should,disappointed,broke,return,thought,wasn,not,$,but,ok,work,t,did,however,didn,off,poorly,waste,tried,after,poor,apart
cheap,does,small,should,disappointed,broke,return,thought,wasn,not,$,but,ok,work,t,did,however,didn,off,poorly,waste,tried,after,poor,apart
cheap,does,small,should,disappointed,broke,return,thought,wasn,not,$,but,ok,work,t,did,however,didn,off,poorly,waste,tried,after,poor,apart
cheap,does,small,should,disappointed,broke,return,thought,wasn,not,$,but,ok,work,t,did,however,didn,off,poorly,waste,tried,after,poor,apart
cheap,does,small,should,disappointed,broke,return,thought,wasn,not,$,but,ok,work,t,did,however,didn,off,poorly,waste,tried,after,poor,apart
cheap,does,small,should,disappointed,broke,return,thought,wasn,not,$,but,ok,work,t,did,however,didn,off,poorly,waste,tried,after,poor,apart
cheap,does,small,should,disappointed,broke,return,thought,wasn,not,$,but,ok,work,t,did,however,didn,off,poorly,waste,tried,after,poor,apart
cheap,does,small,should,disappointed,broke,return,thought,wasn,not,$,but,ok,work,t,did,however,didn,off,poorly,waste,tried,after,poor,apart
cheap,does,small,should,disappointed,broke,return,thought,wasn,not,$,but,ok,work,t,did,however,didn,off,poorly,waste,tried,after,poor,apart
cheap,does,small,should,disappointed,broke,return,thought,wasn,not,$,but,ok,work,t,did,however,didn,off,poorly,waste,tried,after,poor,apart
cheap,does,small,should,disappointed,broke,return,thought,wasn,not,$,but,ok,work,t,did,however,didn,off,poorly,waste,tried,after,poor,apart
cheap,does,small,should,disappointed,broke,return,thought,wasn,not,$,but,ok,work,t,did,however,didn,off,poorly,waste,tried,after,poor,apart
cheap,does,small,should,disappointed,broke,return,thought,wasn,not,$,but,ok,work,t,did,however,didn,off,poorly,waste,tried,after,poor,apart
cheap,does,small,should,disappointed,broke,return,thought,wasn,not,$,but,ok,work,t,did,however,didn,off,poorly,waste,tried,after,poor,apart
cheap,does,small,should,disappointed,broke,return,thought,wasn,not,$,but,ok,work,t,did,however,didn,off,poorly,waste,tried,after,poor,apart
cheap,does,small,should,disappointed,broke,return,thought,wasn,not,$,but,ok,work,t,did,however,didn,off,poorly,waste,tried,after,poor,apart
cheap,does,small,should,disappointed,broke,return,thought,wasn,not,$,but,ok,work,t,did,however,didn,off,poorly,waste,tried,after,poor,apart
cheap,does,small,should,disappointed,broke,return,thought,wasn,not,$,but,ok,work,t,did,however,didn,off,poorly,waste,tried,after,poor,apart
cheap,does,small,should,disappointed,broke,return,thought,wasn,not,$,but,ok,work,t,did,however,didn,off,poorly,waste,tried,after,poor,apart
cheap,does,small,should,disappointed,broke,return,thought,wasn,not,$,but,ok,work,t,did,however,didn,off,poorly,waste,tried,after,poor,apart
cheap,does,small,should,disappointed,broke,return,thought,wasn,not,$,but,ok,work,t,did,however,didn,off,poorly,waste,tried,after,poor,apart
cheap,does,small,should,disappointed,broke,return,thought,wasn,not,$,but,ok,work,t,did,however,didn,off,poorly,waste,tried,after,poor,apart
cheap,does,small,should,disappointed,broke,return,thought,wasn,not,$,but,ok,work,t,did,however,didn,off,poorly,waste,tried,after,poor,apart
cheap,does,small,should,disappointed,broke,return,thought,wasn,not,$,but,ok,work,t,did,however,didn,off,poorly,waste,tried,after,poor,apart
cheap,does,small,should,disappointed,broke,return,thought,wasn,not,$,but,ok,work,t,did,however,didn,off,poorly,waste,tried,after,poor,apart
cheap,does,small,should,disappointed,broke,return,thought,wasn,not,$,but,ok,work,t,did,however,didn,off,poorly,waste,tried,after,poor,apart
cheap,does,small,should,disappointed,broke,return,thought,wasn,not,$,but,ok,work,t,did,however,didn,off,poorly,waste,tried,after,poor,apart
cheap,does,small,should,disappointed,broke,return,thought,wasn,not,$,but,ok,work,t,did,however,didn,off,poorly,waste,tried,after,poor,apart
cheap,does,small,should,disappointed,broke,return,thought,wasn,not,$,but,ok,work,t,did,however,didn,off,poorly,waste,tried,after,poor,apart
cheap,does,small,should,disappointed,broke,return,thought,wasn,not,$,but,ok,work,t,did,however,didn,off,poorly,waste,tried,after,poor,apart
cheap,does,small,should,disappointed,broke,return,thought,wasn,not,$,but,ok,work,t,did,however,didn,off,poorly,waste,tried,after,poor,apart
cheap,does,small,should,disappointed,broke,return,thought,wasn,not,$,but,ok,work,t,did,however,didn,off,poorly,waste,tried,after,poor,apart
cheap,does,small,should,disappointed,broke,return,thought,wasn,not,$,but,ok,work,t,did,however,didn,off,poorly,waste,tried,after,poor,apart
cheap,does,small,should,disappointed,broke,return,thought,wasn,not,$,but,ok,work,t,did,however,didn,off,poorly,waste,tried,after,poor,apart
cheap,does,small,should,disappointed,broke,return,thought,wasn,not,$,but,ok,work,t,did,however,didn,off,poorly,waste,tried,after,poor,apart
cheap,does,small,should,disappointed,broke,return,thought,wasn,not,$,but,ok,work,t,did,however,didn,off,poorly,waste,tried,after,poor,apart
cheap,does,small,should,disappointed,broke,return,thought,wasn,not,$,but,ok,work,t,did,however,didn,off,poorly,waste,tried,after,poor,apart
cheap,does,small,should,disappointed,broke,return,thought,wasn,not,$,but,ok,work,t,did,however,didn,off,poorly,waste,tried,after,poor,apart
cheap,does,small,should,disappointed,broke,return,thought,wasn,not,$,but,ok,work,t,did,however,didn,off,poorly,waste,tried,after,poor,apart
cheap,does,small,should,disappointed,broke,return,thought,wasn,not,$,but,ok,work,t,did,however,didn,off,poorly,waste,tried,after,poor,apart
cheap,does,small,should,disappointed,broke,return,thought,wasn,not,$,but,ok,work,t,did,however,didn,off,poorly,waste,tried,after,poor,apart
cheap,does,small,should,disappointed,broke,return,thought,wasn,not,$,but,ok,work,t,did,however,didn,off,poorly,waste,tried,after,poor,apart
cheap,does,small,should,disappointed,broke,return,thought,wasn,not,$,but,ok,work,t,did,however,didn,off,poorly,waste,tried,after,poor,apart
cheap,does,small,should,disappointed,broke,return,thought,wasn,not,$,but,ok,work,t,did,however,didn,off,poorly,waste,tried,after,poor,apart
cheap,does,small,should,disappointed,broke,return,thought,wasn,not,$,but,ok,work,t,did,however,didn,off,poorly,waste,tried,after,poor,apart
cheap,does,small,should,disappointed,broke,return,thought,wasn,not,$,but,ok,work,t,did,however,didn,off,poorly,waste,tried,after,poor,apart
cheap,does,small,should,disappointed,broke,return,thought,wasn,not,$,but,ok,work,t,did,however,didn,off,poorly,waste,tried,after,poor,apart
cheap,does,small,should,disappointed,broke,return,thought,wasn,not,$,but,ok,work,t,did,however,didn,off,poorly,waste,tried,after,poor,apart
cheap,does,small,should,disappointed,broke,return,thought,wasn,not,$,but,ok,work,t,did,however,didn,off,poorly,waste,tried,after,poor,apart
cheap,does,small,should,disappointed,broke,return,thought,wasn,not,$,but,ok,work,t,did,however,didn,off,poorly,waste,tried,after,poor,apart
cheap,does,small,should,disappointed,broke,return,thought,wasn,not,$,but,ok,work,t,did,however,didn,off,poorly,waste,tried,after,poor,apart
cheap,does,small,should,disappointed,broke,return,thought,wasn,not,$,but,ok,work,t,did,however,didn,off,poorly,waste,tried,after,poor,apart
cheap,does,small,should,disappointed,broke,return,thought,wasn,not,$,but,ok,work,t,did,however,didn,off,poorly,waste,tried,after,poor,apart
cheap,does,small,should,disappointed,broke,return,thought,wasn,not,$,but,ok,work,t,did,however,didn,off,poorly,waste,tried,after,poor,apart
cheap,does,small,should,disappointed,broke,return,thought,wasn,not,$,but,ok,work,t,did,however,didn,off,poorly,waste,tried,after,poor,apart
cheap,does,small,should,disappointed,broke,return,thought,wasn,not,$,but,ok,work,t,did,however,didn,off,poorly,waste,tried,after,poor,apart
cheap,does,small,should,disappointed,broke,return,thought,wasn,not,$,but,ok,work,t,did,however,didn,off,poorly,waste,tried,after,poor,apart
cheap,does,small,should,disappointed,broke,return,thought,wasn,not,$,but,ok,work,t,did,however,didn,off,poorly,waste,tried,after,poor,apart
cheap,does,small,should,disappointed,broke,return,thought,wasn,not,$,but,ok,work,t,did,however,didn,off,poorly,waste,tried,after,poor,apart
cheap,does,small,should,disappointed,broke,return,thought,wasn,not,$,but,ok,work,t,did,however,didn,off,poorly,waste,tried,after,poor,apart
cheap,does,small,should,disappointed,broke,return,thought,wasn,not,$,but,ok,work,t,did,however,didn,off,poorly,waste,tried,after,poor,apart
cheap,does,small,should,disappointed,broke,return,thought,wasn,not,$,but,ok,work,t,did,however,didn,off,poorly,waste,tried,after,poor,apart
cheap,does,small,should,disappointed,broke,return,thought,wasn,not,$,but,ok,work,t,did,however,didn,off,poorly,waste,tried,after,poor,apart
cheap,does,small,should,disappointed,broke,return,thought,wasn,not,$,but,ok,work,t,did,however,didn,off,poorly,waste,tried,after,poor,apart
cheap,does,small,should,disappointed,broke,return,thought,wasn,not,$,but,ok,work,t,did,however,didn,off,poorly,waste,tried,after,poor,apart
cheap,does,small,should,disappointed,broke,return,thought,wasn,not,$,but,ok,work,t,did,however,didn,off,poorly,waste,tried,after,poor,apart
cheap,does,small,should,disappointed,broke,return,thought,wasn,not,$,but,ok,work,t,did,however,didn,off,poorly,waste,tried,after,poor,apart
cheap,does,small,should,disappointed,broke,return,thought,wasn,not,$,but,ok,work,t,did,however,didn,off,poorly,waste,tried,after,poor,apart
cheap,does,small,should,disappointed,broke,return,thought,wasn,not,$,but,ok,work,t,did,however,didn,off,poorly,waste,tried,after,poor,apart
cheap,does,small,should,disappointed,broke,return,thought,wasn,not,$,but,ok,work,t,did,however,didn,off,poorly,waste,tried,after,poor,apart
cheap,does,small,should,disappointed,broke,return,thought,wasn,not,$,but,ok,work,t,did,however,didn,off,poorly,waste,tried,after,poor,apart
cheap,does,small,should,disappointed,broke,return,thought,wasn,not,$,but,ok,work,t,did,however,didn,off,poorly,waste,tried,after,poor,apart
cheap,does,small,should,disappointed,broke,return,thought,wasn,not,$,but,ok,work,t,did,however,didn,off,poorly,waste,tried,after,poor,apart
cheap,does,small,should,disappointed,broke,return,thought,wasn,not,$,but,ok,work,t,did,however,didn,off,poorly,waste,tried,after,poor,apart
cheap,does,small,should,disappointed,broke,return,thought,wasn,not,$,but,ok,work,t,did,however,didn,off,poorly,waste,tried,after,poor,apart
cheap,does,small,should,disappointed,broke,return,thought,wasn,not,$,but,ok,work,t,did,however,didn,off,poorly,waste,tried,after,poor,apart
cheap,does,small,should,disappointed,broke,return,thought,wasn,not,$,but,ok,work,t,did,however,didn,off,poorly,waste,tried,after,poor,apart
cheap,does,small,should,disappointed,broke,return,thought,wasn,not,$,but,ok,work,t,did,however,didn,off,poorly,waste,tried,after,poor,apart
cheap,does,small,should,disappointed,broke,return,thought,wasn,not,$,but,ok,work,t,did,however,didn,off,poorly,waste,tried,after,poor,apart
cheap,does,small,should,disappointed,broke,return,thought,wasn,not,$,but,ok,work,t,did,however,didn,off,poorly,waste,tried,after,poor,apart
cheap,does,small,should,disappointed,broke,return,thought,wasn,not,$,but,ok,work,t,did,however,didn,off,poorly,waste,tried,after,poor,apart
cheap,does,small,should,disappointed,broke,return,thought,wasn,not,$,but,ok,work,t,did,however,didn,off,poorly,waste,tried,after,poor,apart
cheap,does,small,should,disappointed,broke,return,thought,wasn,not,$,but,ok,work,t,did,however,didn,off,poorly,waste,tried,after,poor,apart
cheap,does,small,should,disappointed,broke,return,thought,wasn,not,$,but,ok,work,t,did,however,didn,off,poorly,waste,tried,after,poor,apart
cheap,does,small,should,disappointed,broke,return,thought,wasn,not,$,but,ok,work,t,did,however,didn,off,poorly,waste,tried,after,poor,apart
cheap,does,small,should,disappointed,broke,return,thought,wasn,not,$,but,ok,work,t,did,however,didn,off,poorly,waste,tried,after,poor,apart
cheap,does,small,should,disappointed,broke,return,thought,wasn,not,$,but,ok,work,t,did,however,didn,off,poorly,waste,tried,after,poor,apart
cheap,does,small,should,disappointed,broke,return,thought,wasn,not,$,but,ok,work,t,did,however,didn,off,poorly,waste,tried,after,poor,apart
cheap,does,small,should,disappointed,broke,return,thought,wasn,not,$,but,ok,work,t,did,however,didn,off,poorly,waste,tried,after,poor,apart
cheap,does,small,should,disappointed,broke,return,thought,wasn,not,$,but,ok,work,t,did,however,didn,off,poorly,waste,tried,after,poor,apart
cheap,does,small,should,disappointed,broke,return,thought,wasn,not,$,but,ok,work,t,did,however,didn,off,poorly,waste,tried,after,poor,apart
cheap,does,small,should,disappointed,broke,return,thought,wasn,not,$,but,ok,work,t,did,however,didn,off,poorly,waste,tried,after,poor,apart
cheap,does,small,should,disappointed,broke,return,thought,wasn,not,$,but,ok,work,t,did,however,didn,off,poorly,waste,tried,after,poor,apart
cheap,does,small,should,disappointed,broke,return,thought,wasn,not,$,but,ok,work,t,did,however,didn,off,poorly,waste,tried,after,poor,apart
cheap,does,small,should,disappointed,broke,return,thought,wasn,not,$,but,ok,work,t,did,however,didn,off,poorly,waste,tried,after,poor,apart
cheap,does,small,should,disappointed,broke,return,thought,wasn,not,$,but,ok,work,t,did,however,didn,off,poorly,waste,tried,after,poor,apart
cheap,does,small,should,disappointed,broke,return,thought,wasn,not,$,but,ok,work,t,did,however,didn,off,poorly,waste,tried,after,poor,apart
cheap,does,small,should,disappointed,broke,return,thought,wasn,not,$,but,ok,work,t,did,however,didn,off,poorly,waste,tried,after,poor,apart
cheap,does,small,should,disappointed,broke,return,thought,wasn,not,$,but,ok,work,t,did,however,didn,off,poorly,waste,tried,after,poor,apart
cheap,does,small,should,disappointed,broke,return,thought,wasn,not,$,but,ok,work,t,did,however,didn,off,poorly,waste,tried,after,poor,apart
cheap,does,small,should,disappointed,broke,return,thought,wasn,not,$,but,ok,work,t,did,however,didn,off,poorly,waste,tried,after,poor,apart
cheap,does,small,should,disappointed,broke,return,thought,wasn,not,$,but,ok,work,t,did,however,didn,off,poorly,waste,tried,after,poor,apart
cheap,does,small,should,disappointed,broke,return,thought,wasn,not,$,but,ok,work,t,did,however,didn,off,poorly,waste,tried,after,poor,apart
cheap,does,small,should,disappointed,broke,return,thought,wasn,not,$,but,ok,work,t,did,however,didn,off,poorly,waste,tried,after,poor,apart
cheap,does,small,should,disappointed,broke,return,thought,wasn,not,$,but,ok,work,t,did,however,didn,off,poorly,waste,tried,after,poor,apart
cheap,does,small,should,disappointed,broke,return,thought,wasn,not,$,but,ok,work,t,did,however,didn,off,poorly,waste,tried,after,poor,apart
cheap,does,small,should,disappointed,broke,return,thought,wasn,not,$,but,ok,work,t,did,however,didn,off,poorly,waste,tried,after,poor,apart
cheap,does,small,should,disappointed,broke,return,thought,wasn,not,$,but,ok,work,t,did,however,didn,off,poorly,waste,tried,after,poor,apart
cheap,does,small,should,disappointed,broke,return,thought,wasn,not,$,but,ok,work,t,did,however,didn,off,poorly,waste,tried,after,poor,apart
cheap,does,small,should,disappointed,broke,return,thought,wasn,not,$,but,ok,work,t,did,however,didn,off,poorly,waste,tried,after,poor,apart
cheap,does,small,should,disappointed,broke,return,thought,wasn,not,$,but,ok,work,t,did,however,didn,off,poorly,waste,tried,after,poor,apart
cheap,does,small,should,disappointed,broke,return,thought,wasn,not,$,but,ok,work,t,did,however,didn,off,poorly,waste,tried,after,poor,apart
cheap,does,small,should,disappointed,broke,return,thought,wasn,not,$,but,ok,work,t,did,however,didn,off,poorly,waste,tried,after,poor,apart
cheap,does,small,should,disappointed,broke,return,thought,wasn,not,$,but,ok,work,t,did,however,didn,off,poorly,waste,tried,after,poor,apart
cheap,does,small,should,disappointed,broke,return,thought,wasn,not,$,but,ok,work,t,did,however,didn,off,poorly,waste,tried,after,poor,apart
cheap,does,small,should,disappointed,broke,return,thought,wasn,not,$,but,ok,work,t,did,however,didn,off,poorly,waste,tried,after,poor,apart
cheap,does,small,should,disappointed,broke,return,thought,wasn,not,$,but,ok,work,t,did,however,didn,off,poorly,waste,tried,after,poor,apart
cheap,does,small,should,disappointed,broke,return,thought,wasn,not,$,but,ok,work,t,did,however,didn,off,poorly,waste,tried,after,poor,apart
cheap,does,small,should,disappointed,broke,return,thought,wasn,not,$,but,ok,work,t,did,however,didn,off,poorly,waste,tried,after,poor,apart
cheap,does,small,should,disappointed,broke,return,thought,wasn,not,$,but,ok,work,t,did,however,didn,off,poorly,waste,tried,after,poor,apart
cheap,does,small,should,disappointed,broke,return,thought,wasn,not,$,but,ok,work,t,did,however,didn,off,poorly,waste,tried,after,poor,apart
cheap,does,small,should,disappointed,broke,return,thought,wasn,not,$,but,ok,work,t,did,however,didn,off,poorly,waste,tried,after,poor,apart
cheap,does,small,should,disappointed,broke,return,thought,wasn,not,$,but,ok,work,t,did,however,didn,off,poorly,waste,tried,after,poor,apart
cheap,does,small,should,disappointed,broke,return,thought,wasn,not,$,but,ok,work,t,did,however,didn,off,poorly,waste,tried,after,poor,apart
cheap,does,small,should,disappointed,broke,return,thought,wasn,not,$,but,ok,work,t,did,however,didn,off,poorly,waste,tried,after,poor,apart
cheap,does,small,should,disappointed,broke,return,thought,wasn,not,$,but,ok,work,t,did,however,didn,off,poorly,waste,tried,after,poor,apart
cheap,does,small,should,disappointed,broke,return,thought,wasn,not,$,but,ok,work,t,did,however,didn,off,poorly,waste,tried,after,poor,apart
cheap,does,small,should,disappointed,broke,return,thought,wasn,not,$,but,ok,work,t,did,however,didn,off,poorly,waste,tried,after,poor,apart
cheap,does,small,should,disappointed,broke,return,thought,wasn,not,$,but,ok,work,t,did,however,didn,off,poorly,waste,tried,after,poor,apart
cheap,does,small,should,disappointed,broke,return,thought,wasn,not,$,but,ok,work,t,did,however,didn,off,poorly,waste,tried,after,poor,apart
cheap,does,small,should,disappointed,broke,return,thought,wasn,not,$,but,ok,work,t,did,however,didn,off,poorly,waste,tried,after,poor,apart
cheap,does,small,should,disappointed,broke,return,thought,wasn,not,$,but,ok,work,t,did,however,didn,off,poorly,waste,tried,after,poor,apart
cheap,does,small,should,disappointed,broke,return,thought,wasn,not,$,but,ok,work,t,did,however,didn,off,poorly,waste,tried,after,poor,apart
cheap,does,small,should,disappointed,broke,return,thought,wasn,not,$,but,ok,work,t,did,however,didn,off,poorly,waste,tried,after,poor,apart
cheap,does,small,should,disappointed,broke,return,thought,wasn,not,$,but,ok,work,t,did,however,didn,off,poorly,waste,tried,after,poor,apart
cheap,does,small,should,disappointed,broke,return,thought,wasn,not,$,but,ok,work,t,did,however,didn,off,poorly,waste,tried,after,poor,apart
cheap,does,small,should,disappointed,broke,return,thought,wasn,not,$,but,ok,work,t,did,however,didn,off,poorly,waste,tried,after,poor,apart
cheap,does,small,should,disappointed,broke,return,thought,wasn,not,$,but,ok,work,t,did,however,didn,off,poorly,waste,tried,after,poor,apart
cheap,does,small,should,disappointed,broke,return,thought,wasn,not,$,but,ok,work,t,did,however,didn,off,poorly,waste,tried,after,poor,apart
cheap,does,small,should,disappointed,broke,return,thought,wasn,not,$,but,ok,work,t,did,however,didn,off,poorly,waste,tried,after,poor,apart
cheap,does,small,should,disappointed,broke,return,thought,wasn,not,$,but,ok,work,t,did,however,didn,off,poorly,waste,tried,after,poor,apart
cheap,does,small,should,disappointed,broke,return,thought,wasn,not,$,but,ok,work,t,did,however,didn,off,poorly,waste,tried,after,poor,apart
cheap,does,small,should,disappointed,broke,return,thought,wasn,not,$,but,ok,work,t,did,however,didn,off,poorly,waste,tried,after,poor,apart
cheap,does,small,should,disappointed,broke,return,thought,wasn,not,$,but,ok,work,t,did,however,didn,off,poorly,waste,tried,after,poor,apart
cheap,does,small,should,disappointed,broke,return,thought,wasn,not,$,but,ok,work,t,did,however,didn,off,poorly,waste,tried,after,poor,apart
cheap,does,small,should,disappointed,broke,return,thought,wasn,not,$,but,ok,work,t,did,however,didn,off,poorly,waste,tried,after,poor,apart
cheap,does,small,should,disappointed,broke,return,thought,wasn,not,$,but,ok,work,t,did,however,didn,off,poorly,waste,tried,after,poor,apart
cheap,does,small,should,disappointed,broke,return,thought,wasn,not,$,but,ok,work,t,did,however,didn,off,poorly,waste,tried,after,poor,apart
cheap,does,small,should,disappointed,broke,return,thought,wasn,not,$,but,ok,work,t,did,however,didn,off,poorly,waste,tried,after,poor,apart
cheap,does,small,should,disappointed,broke,return,thought,wasn,not,$,but,ok,work,t,did,however,didn,off,poorly,waste,tried,after,poor,apart
cheap,does,small,should,disappointed,broke,return,thought,wasn,not,$,but,ok,work,t,did,however,didn,off,poorly,waste,tried,after,poor,apart
cheap,does,small,should,disappointed,broke,return,thought,wasn,not,$,but,ok,work,t,did,however,didn,off,poorly,waste,tried,after,poor,apart
cheap,does,small,should,disappointed,broke,return,thought,wasn,not,$,but,ok,work,t,did,however,didn,off,poorly,waste,tried,after,poor,apart
cheap,does,small,should,disappointed,broke,return,thought,wasn,not,$,but,ok,work,t,did,however,didn,off,poorly,waste,tried,after,poor,apart
cheap,does,small,should,disappointed,broke,return,thought,wasn,not,$,but,ok,work,t,did,however,didn,off,poorly,waste,tried,after,poor,apart
cheap,does,small,should,disappointed,broke,return,thought,wasn,not,$,but,ok,work,t,did,however,didn,off,poorly,waste,tried,after,poor,apart
cheap,does,small,should,disappointed,broke,return,thought,wasn,not,$,but,ok,work,t,did,however,didn,off,poorly,waste,tried,after,poor,apart
cheap,does,small,should,disappointed,broke,return,thought,wasn,not,$,but,ok,work,t,did,however,didn,off,poorly,waste,tried,after,poor,apart
cheap,does,small,should,disappointed,broke,return,thought,wasn,not,$,but,ok,work,t,did,however,didn,off,poorly,waste,tried,after,poor,apart
cheap,does,small,should,disappointed,broke,return,thought,wasn,not,$,but,ok,work,t,did,however,didn,off,poorly,waste,tried,after,poor,apart
cheap,does,small,should,disappointed,broke,return,thought,wasn,not,$,but,ok,work,t,did,however,didn,off,poorly,waste,tried,after,poor,apart
cheap,does,small,should,disappointed,broke,return,thought,wasn,not,$,but,ok,work,t,did,however,didn,off,poorly,waste,tried,after,poor,apart
cheap,does,small,should,disappointed,broke,return,thought,wasn,not,$,but,ok,work,t,did,however,didn,off,poorly,waste,tried,after,poor,apart
cheap,does,small,should,disappointed,broke,return,thought,wasn,not,$,but,ok,work,t,did,however,didn,off,poorly,waste,tried,after,poor,apart
cheap,does,small,should,disappointed,broke,return,thought,wasn,not,$,but,ok,work,t,did,however,didn,off,poorly,waste,tried,after,poor,apart
cheap,does,small,should,disappointed,broke,return,thought,wasn,not,$,but,ok,work,t,did,however,didn,off,poorly,waste,tried,after,poor,apart
cheap,does,small,should,disappointed,broke,return,thought,wasn,not,$,but,ok,work,t,did,however,didn,off,poorly,waste,tried,after,poor,apart
cheap,does,small,should,disappointed,broke,return,thought,wasn,not,$,but,ok,work,t,did,however,didn,off,poorly,waste,tried,after,poor,apart
cheap,does,small,should,disappointed,broke,return,thought,wasn,not,$,but,ok,work,t,did,however,didn,off,poorly,waste,tried,after,poor,apart
cheap,does,small,should,disappointed,broke,return,thought,wasn,not,$,but,ok,work,t,did,however,didn,off,poorly,waste,tried,after,poor,apart
cheap,does,small,should,disappointed,broke,return,thought,wasn,not,$,but,ok,work,t,did,however,didn,off,poorly,waste,tried,after,poor,apart
cheap,does,small,should,disappointed,broke,return,thought,wasn,not,$,but,ok,work,t,did,however,didn,off,poorly,waste,tried,after,poor,apart
cheap,does,small,should,disappointed,broke,return,thought,wasn,not,$,but,ok,work,t,did,however,didn,off,poorly,waste,tried,after,poor,apart
cheap,does,small,should,disappointed,broke,return,thought,wasn,not,$,but,ok,work,t,did,however,didn,off,poorly,waste,tried,after,poor,apart
cheap,does,small,should,disappointed,broke,return,thought,wasn,not,$,but,ok,work,t,did,however,didn,off,poorly,waste,tried,after,poor,apart
cheap,does,small,should,disappointed,broke,return,thought,wasn,not,$,but,ok,work,t,did,however,didn,off,poorly,waste,tried,after,poor,apart
cheap,does,small,should,disappointed,broke,return,thought,wasn,not,$,but,ok,work,t,did,however,didn,off,poorly,waste,tried,after,poor,apart
cheap,does,small,should,disappointed,broke,return,thought,wasn,not,$,but,ok,work,t,did,however,didn,off,poorly,waste,tried,after,poor,apart
cheap,does,small,should,disappointed,broke,return,thought,wasn,not,$,but,ok,work,t,did,however,didn,off,poorly,waste,tried,after,poor,apart
cheap,does,small,should,disappointed,broke,return,thought,wasn,not,$,but,ok,work,t,did,however,didn,off,poorly,waste,tried,after,poor,apart
cheap,does,small,should,disappointed,broke,return,thought,wasn,not,$,but,ok,work,t,did,however,didn,off,poorly,waste,tried,after,poor,apart
cheap,does,small,should,disappointed,broke,return,thought,wasn,not,$,but,ok,work,t,did,however,didn,off,poorly,waste,tried,after,poor,apart
cheap,does,small,should,disappointed,broke,return,thought,wasn,not,$,but,ok,work,t,did,however,didn,off,poorly,waste,tried,after,poor,apart
cheap,does,small,should,disappointed,broke,return,thought,wasn,not,$,but,ok,work,t,did,however,didn,off,poorly,waste,tried,after,poor,apart
cheap,does,small,should,disappointed,broke,return,thought,wasn,not,$,but,ok,work,t,did,however,didn,off,poorly,waste,tried,after,poor,apart
cheap,does,small,should,disappointed,broke,return,thought,wasn,not,$,but,ok,work,t,did,however,didn,off,poorly,waste,tried,after,poor,apart
cheap,does,small,should,disappointed,broke,return,thought,wasn,not,$,but,ok,work,t,did,however,didn,off,poorly,waste,tried,after,poor,apart
cheap,does,small,should,disappointed,broke,return,thought,wasn,not,$,but,ok,work,t,did,however,didn,off,poorly,waste,tried,after,poor,apart
cheap,does,small,should,disappointed,broke,return,thought,wasn,not,$,but,ok,work,t,did,however,didn,off,poorly,waste,tried,after,poor,apart
cheap,does,small,should,disappointed,broke,return,thought,wasn,not,$,but,ok,work,t,did,however,didn,off,poorly,waste,tried,after,poor,apart
cheap,does,small,should,disappointed,broke,return,thought,wasn,not,$,but,ok,work,t,did,however,didn,off,poorly,waste,tried,after,poor,apart
cheap,does,small,should,disappointed,broke,return,thought,wasn,not,$,but,ok,work,t,did,however,didn,off,poorly,waste,tried,after,poor,apart
cheap,does,small,should,disappointed,broke,return,thought,wasn,not,$,but,ok,work,t,did,however,didn,off,poorly,waste,tried,after,poor,apart
cheap,does,small,should,disappointed,broke,return,thought,wasn,not,$,but,ok,work,t,did,however,didn,off,poorly,waste,tried,after,poor,apart
cheap,does,small,should,disappointed,broke,return,thought,wasn,not,$,but,ok,work,t,did,however,didn,off,poorly,waste,tried,after,poor,apart
cheap,does,small,should,disappointed,broke,return,thought,wasn,not,$,but,ok,work,t,did,however,didn,off,poorly,waste,tried,after,poor,apart
cheap,does,small,should,disappointed,broke,return,thought,wasn,not,$,but,ok,work,t,did,however,didn,off,poorly,waste,tried,after,poor,apart
cheap,does,small,should,disappointed,broke,return,thought,wasn,not,$,but,ok,work,t,did,however,didn,off,poorly,waste,tried,after,poor,apart
cheap,does,small,should,disappointed,broke,return,thought,wasn,not,$,but,ok,work,t,did,however,didn,off,poorly,waste,tried,after,poor,apart
cheap,does,small,should,disappointed,broke,return,thought,wasn,not,$,but,ok,work,t,did,however,didn,off,poorly,waste,tried,after,poor,apart
cheap,does,small,should,disappointed,broke,return,thought,wasn,not,$,but,ok,work,t,did,however,didn,off,poorly,waste,tried,after,poor,apart
cheap,does,small,should,disappointed,broke,return,thought,wasn,not,$,but,ok,work,t,did,however,didn,off,poorly,waste,tried,after,poor,apart
cheap,does,small,should,disappointed,broke,return,thought,wasn,not,$,but,ok,work,t,did,however,didn,off,poorly,waste,tried,after,poor,apart
cheap,does,small,should,disappointed,broke,return,thought,wasn,not,$,but,ok,work,t,did,however,didn,off,poorly,waste,tried,after,poor,apart
cheap,does,small,should,disappointed,broke,return,thought,wasn,not,$,but,ok,work,t,did,however,didn,off,poorly,waste,tried,after,poor,apart
cheap,does,small,should,disappointed,broke,return,thought,wasn,not,$,but,ok,work,t,did,however,didn,off,poorly,waste,tried,after,poor,apart
cheap,does,small,should,disappointed,broke,return,thought,wasn,not,$,but,ok,work,t,did,however,didn,off,poorly,waste,tried,after,poor,apart
cheap,does,small,should,disappointed,broke,return,thought,wasn,not,$,but,ok,work,t,did,however,didn,off,poorly,waste,tried,after,poor,apart
cheap,does,small,should,disappointed,broke,return,thought,wasn,not,$,but,ok,work,t,did,however,didn,off,poorly,waste,tried,after,poor,apart
cheap,does,small,should,disappointed,broke,return,thought,wasn,not,$,but,ok,work,t,did,however,didn,off,poorly,waste,tried,after,poor,apart
cheap,does,small,should,disappointed,broke,return,thought,wasn,not,$,but,ok,work,t,did,however,didn,off,poorly,waste,tried,after,poor,apart
cheap,does,small,should,disappointed,broke,return,thought,wasn,not,$,but,ok,work,t,did,however,didn,off,poorly,waste,tried,after,poor,apart
cheap,does,small,should,disappointed,broke,return,thought,wasn,not,$,but,ok,work,t,did,however,didn,off,poorly,waste,tried,after,poor,apart
cheap,does,small,should,disappointed,broke,return,thought,wasn,not,$,but,ok,work,t,did,however,didn,off,poorly,waste,tried,after,poor,apart
cheap,does,small,should,disappointed,broke,return,thought,wasn,not,$,but,ok,work,t,did,however,didn,off,poorly,waste,tried,after,poor,apart
cheap,does,small,should,disappointed,broke,return,thought,wasn,not,$,but,ok,work,t,did,however,didn,off,poorly,waste,tried,after,poor,apart
cheap,does,small,should,disappointed,broke,return,thought,wasn,not,$,but,ok,work,t,did,however,didn,off,poorly,waste,tried,after,poor,apart
cheap,does,small,should,disappointed,broke,return,thought,wasn,not,$,but,ok,work,t,did,however,didn,off,poorly,waste,tried,after,poor,apart
cheap,does,small,should,disappointed,broke,return,thought,wasn,not,$,but,ok,work,t,did,however,didn,off,poorly,waste,tried,after,poor,apart
cheap,does,small,should,disappointed,broke,return,thought,wasn,not,$,but,ok,work,t,did,however,didn,off,poorly,waste,tried,after,poor,apart
cheap,does,small,should,disappointed,broke,return,thought,wasn,not,$,but,ok,work,t,did,however,didn,off,poorly,waste,tried,after,poor,apart
cheap,does,small,should,disappointed,broke,return,thought,wasn,not,$,but,ok,work,t,did,however,didn,off,poorly,waste,tried,after,poor,apart
cheap,does,small,should,disappointed,broke,return,thought,wasn,not,$,but,ok,work,t,did,however,didn,off,poorly,waste,tried,after,poor,apart
cheap,does,small,should,disappointed,broke,return,thought,wasn,not,$,but,ok,work,t,did,however,didn,off,poorly,waste,tried,after,poor,apart
cheap,does,small,should,disappointed,broke,return,thought,wasn,not,$,but,ok,work,t,did,however,didn,off,poorly,waste,tried,after,poor,apart
cheap,does,small,should,disappointed,broke,return,thought,wasn,not,$,but,ok,work,t,did,however,didn,off,poorly,waste,tried,after,poor,apart
cheap,does,small,should,disappointed,broke,return,thought,wasn,not,$,but,ok,work,t,did,however,didn,off,poorly,waste,tried,after,poor,apart
cheap,does,small,should,disappointed,broke,return,thought,wasn,not,$,but,ok,work,t,did,however,didn,off,poorly,waste,tried,after,poor,apart
cheap,does,small,should,disappointed,broke,return,thought,wasn,not,$,but,ok,work,t,did,however,didn,off,poorly,waste,tried,after,poor,apart
cheap,does,small,should,disappointed,broke,return,thought,wasn,not,$,but,ok,work,t,did,however,didn,off,poorly,waste,tried,after,poor,apart
cheap,does,small,should,disappointed,broke,return,thought,wasn,not,$,but,ok,work,t,did,however,didn,off,poorly,waste,tried,after,poor,apart
cheap,does,small,should,disappointed,broke,return,thought,wasn,not,$,but,ok,work,t,did,however,didn,off,poorly,waste,tried,after,poor,apart
cheap,does,small,should,disappointed,broke,return,thought,wasn,not,$,but,ok,work,t,did,however,didn,off,poorly,waste,tried,after,poor,apart
cheap,does,small,should,disappointed,broke,return,thought,wasn,not,$,but,ok,work,t,did,however,didn,off,poorly,waste,tried,after,poor,apart
cheap,does,small,should,disappointed,broke,return,thought,wasn,not,$,but,ok,work,t,did,however,didn,off,poorly,waste,tried,after,poor,apart
cheap,does,small,should,disappointed,broke,return,thought,wasn,not,$,but,ok,work,t,did,however,didn,off,poorly,waste,tried,after,poor,apart
cheap,does,small,should,disappointed,broke,return,thought,wasn,not,$,but,ok,work,t,did,however,didn,off,poorly,waste,tried,after,poor,apart
cheap,does,small,should,disappointed,broke,return,thought,wasn,not,$,but,ok,work,t,did,however,didn,off,poorly,waste,tried,after,poor,apart
cheap,does,small,should,disappointed,broke,return,thought,wasn,not,$,but,ok,work,t,did,however,didn,off,poorly,waste,tried,after,poor,apart
cheap,does,small,should,disappointed,broke,return,thought,wasn,not,$,but,ok,work,t,did,however,didn,off,poorly,waste,tried,after,poor,apart
cheap,does,small,should,disappointed,broke,return,thought,wasn,not,$,but,ok,work,t,did,however,didn,off,poorly,waste,tried,after,poor,apart
cheap,does,small,should,disappointed,broke,return,thought,wasn,not,$,but,ok,work,t,did,however,didn,off,poorly,waste,tried,after,poor,apart
cheap,does,small,should,disappointed,broke,return,thought,wasn,not,$,but,ok,work,t,did,however,didn,off,poorly,waste,tried,after,poor,apart
cheap,does,small,should,disappointed,broke,return,thought,wasn,not,$,but,ok,work,t,did,however,didn,off,poorly,waste,tried,after,poor,apart
cheap,does,small,should,disappointed,broke,return,thought,wasn,not,$,but,ok,work,t,did,however,didn,off,poorly,waste,tried,after,poor,apart
cheap,does,small,should,disappointed,broke,return,thought,wasn,not,$,but,ok,work,t,did,however,didn,off,poorly,waste,tried,after,poor,apart
cheap,does,small,should,disappointed,broke,return,thought,wasn,not,$,but,ok,work,t,did,however,didn,off,poorly,waste,tried,after,poor,apart
cheap,does,small,should,disappointed,broke,return,thought,wasn,not,$,but,ok,work,t,did,however,didn,off,poorly,waste,tried,after,poor,apart
cheap,does,small,should,disappointed,broke,return,thought,wasn,not,$,but,ok,work,t,did,however,didn,off,poorly,waste,tried,after,poor,apart
cheap,does,small,should,disappointed,broke,return,thought,wasn,not,$,but,ok,work,t,did,however,didn,off,poorly,waste,tried,after,poor,apart
cheap,does,small,should,disappointed,broke,return,thought,wasn,not,$,but,ok,work,t,did,however,didn,off,poorly,waste,tried,after,poor,apart
cheap,does,small,should,disappointed,broke,return,thought,wasn,not,$,but,ok,work,t,did,however,didn,off,poorly,waste,tried,after,poor,apart
cheap,does,small,should,disappointed,broke,return,thought,wasn,not,$,but,ok,work,t,did,however,didn,off,poorly,waste,tried,after,poor,apart
cheap,does,small,should,disappointed,broke,return,thought,wasn,not,$,but,ok,work,t,did,however,didn,off,poorly,waste,tried,after,poor,apart
cheap,does,small,should,disappointed,broke,return,thought,wasn,not,$,but,ok,work,t,did,however,didn,off,poorly,waste,tried,after,poor,apart
cheap,does,small,should,disappointed,broke,return,thought,wasn,not,$,but,ok,work,t,did,however,didn,off,poorly,waste,tried,after,poor,apart
cheap,does,small,should,disappointed,broke,return,thought,wasn,not,$,but,ok,work,t,did,however,didn,off,poorly,waste,tried,after,poor,apart
cheap,does,small,should,disappointed,broke,return,thought,wasn,not,$,but,ok,work,t,did,however,didn,off,poorly,waste,tried,after,poor,apart
cheap,does,small,should,disappointed,broke,return,thought,wasn,not,$,but,ok,work,t,did,however,didn,off,poorly,waste,tried,after,poor,apart
cheap,does,small,should,disappointed,broke,return,thought,wasn,not,$,but,ok,work,t,did,however,didn,off,poorly,waste,tried,after,poor,apart
cheap,does,small,should,disappointed,broke,return,thought,wasn,not,$,but,ok,work,t,did,however,didn,off,poorly,waste,tried,after,poor,apart
cheap,does,small,should,disappointed,broke,return,thought,wasn,not,$,but,ok,work,t,did,however,didn,off,poorly,waste,tried,after,poor,apart
cheap,does,small,should,disappointed,broke,return,thought,wasn,not,$,but,ok,work,t,did,however,didn,off,poorly,waste,tried,after,poor,apart
cheap,does,small,should,disappointed,broke,return,thought,wasn,not,$,but,ok,work,t,did,however,didn,off,poorly,waste,tried,after,poor,apart
cheap,does,small,should,disappointed,broke,return,thought,wasn,not,$,but,ok,work,t,did,however,didn,off,poorly,waste,tried,after,poor,apart
cheap,does,small,should,disappointed,broke,return,thought,wasn,not,$,but,ok,work,t,did,however,didn,off,poorly,waste,tried,after,poor,apart
cheap,does,small,should,disappointed,broke,return,thought,wasn,not,$,but,ok,work,t,did,however,didn,off,poorly,waste,tried,after,poor,apart
cheap,does,small,should,disappointed,broke,return,thought,wasn,not,$,but,ok,work,t,did,however,didn,off,poorly,waste,tried,after,poor,apart
cheap,does,small,should,disappointed,broke,return,thought,wasn,not,$,but,ok,work,t,did,however,didn,off,poorly,waste,tried,after,poor,apart
cheap,does,small,should,disappointed,broke,return,thought,wasn,not,$,but,ok,work,t,did,however,didn,off,poorly,waste,tried,after,poor,apart
cheap,does,small,should,disappointed,broke,return,thought,wasn,not,$,but,ok,work,t,did,however,didn,off,poorly,waste,tried,after,poor,apart
cheap,does,small,should,disappointed,broke,return,thought,wasn,not,$,but,ok,work,t,did,however,didn,off,poorly,waste,tried,after,poor,apart
cheap,does,small,should,disappointed,broke,return,thought,wasn,not,$,but,ok,work,t,did,however,didn,off,poorly,waste,tried,after,poor,apart
cheap,does,small,should,disappointed,broke,return,thought,wasn,not,$,but,ok,work,t,did,however,didn,off,poorly,waste,tried,after,poor,apart
cheap,does,small,should,disappointed,broke,return,thought,wasn,not,$,but,ok,work,t,did,however,didn,off,poorly,waste,tried,after,poor,apart
cheap,does,small,should,disappointed,broke,return,thought,wasn,not,$,but,ok,work,t,did,however,didn,off,poorly,waste,tried,after,poor,apart
cheap,does,small,should,disappointed,broke,return,thought,wasn,not,$,but,ok,work,t,did,however,didn,off,poorly,waste,tried,after,poor,apart
cheap,does,small,should,disappointed,broke,return,thought,wasn,not,$,but,ok,work,t,did,however,didn,off,poorly,waste,tried,after,poor,apart
cheap,does,small,should,disappointed,broke,return,thought,wasn,not,$,but,ok,work,t,did,however,didn,off,poorly,waste,tried,after,poor,apart
cheap,does,small,should,disappointed,broke,return,thought,wasn,not,$,but,ok,work,t,did,however,didn,off,poorly,waste,tried,after,poor,apart
cheap,does,small,should,disappointed,broke,return,thought,wasn,not,$,but,ok,work,t,did,however,didn,off,poorly,waste,tried,after,poor,apart
cheap,does,small,should,disappointed,broke,return,thought,wasn,not,$,but,ok,work,t,did,however,didn,off,poorly,waste,tried,after,poor,apart
cheap,does,small,should,disappointed,broke,return,thought,wasn,not,$,but,ok,work,t,did,however,didn,off,poorly,waste,tried,after,poor,apart
cheap,does,small,should,disappointed,broke,return,thought,wasn,not,$,but,ok,work,t,did,however,didn,off,poorly,waste,tried,after,poor,apart
cheap,does,small,should,disappointed,broke,return,thought,wasn,not,$,but,ok,work,t,did,however,didn,off,poorly,waste,tried,after,poor,apart
cheap,does,small,should,disappointed,broke,return,thought,wasn,not,$,but,ok,work,t,did,however,didn,off,poorly,waste,tried,after,poor,apart
cheap,does,small,should,disappointed,broke,return,thought,wasn,not,$,but,ok,work,t,did,however,didn,off,poorly,waste,tried,after,poor,apart
cheap,does,small,should,disappointed,broke,return,thought,wasn,not,$,but,ok,work,t,did,however,didn,off,poorly,waste,tried,after,poor,apart
cheap,does,small,should,disappointed,broke,return,thought,wasn,not,$,but,ok,work,t,did,however,didn,off,poorly,waste,tried,after,poor,apart
cheap,does,small,should,disappointed,broke,return,thought,wasn,not,$,but,ok,work,t,did,however,didn,off,poorly,waste,tried,after,poor,apart
cheap,does,small,should,disappointed,broke,return,thought,wasn,not,$,but,ok,work,t,did,however,didn,off,poorly,waste,tried,after,poor,apart
cheap,does,small,should,disappointed,broke,return,thought,wasn,not,$,but,ok,work,t,did,however,didn,off,poorly,waste,tried,after,poor,apart
cheap,does,small,should,disappointed,broke,return,thought,wasn,not,$,but,ok,work,t,did,however,didn,off,poorly,waste,tried,after,poor,apart
cheap,does,small,should,disappointed,broke,return,thought,wasn,not,$,but,ok,work,t,did,however,didn,off,poorly,waste,tried,after,poor,apart
cheap,does,small,should,disappointed,broke,return,thought,wasn,not,$,but,ok,work,t,did,however,didn,off,poorly,waste,tried,after,poor,apart
cheap,does,small,should,disappointed,broke,return,thought,wasn,not,$,but,ok,work,t,did,however,didn,off,poorly,waste,tried,after,poor,apart
cheap,does,small,should,disappointed,broke,return,thought,wasn,not,$,but,ok,work,t,did,however,didn,off,poorly,waste,tried,after,poor,apart
cheap,does,small,should,disappointed,broke,return,thought,wasn,not,$,but,ok,work,t,did,however,didn,off,poorly,waste,tried,after,poor,apart
cheap,does,small,should,disappointed,broke,return,thought,wasn,not,$,but,ok,work,t,did,however,didn,off,poorly,waste,tried,after,poor,apart
cheap,does,small,should,disappointed,broke,return,thought,wasn,not,$,but,ok,work,t,did,however,didn,off,poorly,waste,tried,after,poor,apart
cheap,does,small,should,disappointed,broke,return,thought,wasn,not,$,but,ok,work,t,did,however,didn,off,poorly,waste,tried,after,poor,apart
cheap,does,small,should,disappointed,broke,return,thought,wasn,not,$,but,ok,work,t,did,however,didn,off,poorly,waste,tried,after,poor,apart
cheap,does,small,should,disappointed,broke,return,thought,wasn,not,$,but,ok,work,t,did,however,didn,off,poorly,waste,tried,after,poor,apart
cheap,does,small,should,disappointed,broke,return,thought,wasn,not,$,but,ok,work,t,did,however,didn,off,poorly,waste,tried,after,poor,apart
cheap,does,small,should,disappointed,broke,return,thought,wasn,not,$,but,ok,work,t,did,however,didn,off,poorly,waste,tried,after,poor,apart
cheap,does,small,should,disappointed,broke,return,thought,wasn,not,$,but,ok,work,t,did,however,didn,off,poorly,waste,tried,after,poor,apart
cheap,does,small,should,disappointed,broke,return,thought,wasn,not,$,but,ok,work,t,did,however,didn,off,poorly,waste,tried,after,poor,apart
cheap,does,small,should,disappointed,broke,return,thought,wasn,not,$,but,ok,work,t,did,however,didn,off,poorly,waste,tried,after,poor,apart
cheap,does,small,should,disappointed,broke,return,thought,wasn,not,$,but,ok,work,t,did,however,didn,off,poorly,waste,tried,after,poor,apart
cheap,does,small,should,disappointed,broke,return,thought,wasn,not,$,but,ok,work,t,did,however,didn,off,poorly,waste,tried,after,poor,apart
cheap,does,small,should,disappointed,broke,return,thought,wasn,not,$,but,ok,work,t,did,however,didn,off,poorly,waste,tried,after,poor,apart
cheap,does,small,should,disappointed,broke,return,thought,wasn,not,$,but,ok,work,t,did,however,didn,off,poorly,waste,tried,after,poor,apart
cheap,does,small,should,disappointed,broke,return,thought,wasn,not,$,but,ok,work,t,did,however,didn,off,poorly,waste,tried,after,poor,apart
cheap,does,small,should,disappointed,broke,return,thought,wasn,not,$,but,ok,work,t,did,however,didn,off,poorly,waste,tried,after,poor,apart
cheap,does,small,should,disappointed,broke,return,thought,wasn,not,$,but,ok,work,t,did,however,didn,off,poorly,waste,tried,after,poor,apart
cheap,does,small,should,disappointed,broke,return,thought,wasn,not,$,but,ok,work,t,did,however,didn,off,poorly,waste,tried,after,poor,apart
cheap,does,small,should,disappointed,broke,return,thought,wasn,not,$,but,ok,work,t,did,however,didn,off,poorly,waste,tried,after,poor,apart
cheap,does,small,should,disappointed,broke,return,thought,wasn,not,$,but,ok,work,t,did,however,didn,off,poorly,waste,tried,after,poor,apart
cheap,does,small,should,disappointed,broke,return,thought,wasn,not,$,but,ok,work,t,did,however,didn,off,poorly,waste,tried,after,poor,apart
cheap,does,small,should,disappointed,broke,return,thought,wasn,not,$,but,ok,work,t,did,however,didn,off,poorly,waste,tried,after,poor,apart
cheap,does,small,should,disappointed,broke,return,thought,wasn,not,$,but,ok,work,t,did,however,didn,off,poorly,waste,tried,after,poor,apart
cheap,does,small,should,disappointed,broke,return,thought,wasn,not,$,but,ok,work,t,did,however,didn,off,poorly,waste,tried,after,poor,apart
cheap,does,small,should,disappointed,broke,return,thought,wasn,not,$,but,ok,work,t,did,however,didn,off,poorly,waste,tried,after,poor,apart
cheap,does,small,should,disappointed,broke,return,thought,wasn,not,$,but,ok,work,t,did,however,didn,off,poorly,waste,tried,after,poor,apart
cheap,does,small,should,disappointed,broke,return,thought,wasn,not,$,but,ok,work,t,did,however,didn,off,poorly,waste,tried,after,poor,apart
cheap,does,small,should,disappointed,broke,return,thought,wasn,not,$,but,ok,work,t,did,however,didn,off,poorly,waste,tried,after,poor,apart
cheap,does,small,should,disappointed,broke,return,thought,wasn,not,$,but,ok,work,t,did,however,didn,off,poorly,waste,tried,after,poor,apart
cheap,does,small,should,disappointed,broke,return,thought,wasn,not,$,but,ok,work,t,did,however,didn,off,poorly,waste,tried,after,poor,apart
cheap,does,small,should,disappointed,broke,return,thought,wasn,not,$,but,ok,work,t,did,however,didn,off,poorly,waste,tried,after,poor,apart
cheap,does,small,should,disappointed,broke,return,thought,wasn,not,$,but,ok,work,t,did,however,didn,off,poorly,waste,tried,after,poor,apart
cheap,does,small,should,disappointed,broke,return,thought,wasn,not,$,but,ok,work,t,did,however,didn,off,poorly,waste,tried,after,poor,apart
cheap,does,small,should,disappointed,broke,return,thought,wasn,not,$,but,ok,work,t,did,however,didn,off,poorly,waste,tried,after,poor,apart
cheap,does,small,should,disappointed,broke,return,thought,wasn,not,$,but,ok,work,t,did,however,didn,off,poorly,waste,tried,after,poor,apart
cheap,does,small,should,disappointed,broke,return,thought,wasn,not,$,but,ok,work,t,did,however,didn,off,poorly,waste,tried,after,poor,apart
cheap,does,small,should,disappointed,broke,return,thought,wasn,not,$,but,ok,work,t,did,however,didn,off,poorly,waste,tried,after,poor,apart
cheap,does,small,should,disappointed,broke,return,thought,wasn,not,$,but,ok,work,t,did,however,didn,off,poorly,waste,tried,after,poor,apart
cheap,does,small,should,disappointed,broke,return,thought,wasn,not,$,but,ok,work,t,did,however,didn,off,poorly,waste,tried,after,poor,apart
cheap,does,small,should,disappointed,broke,return,thought,wasn,not,$,but,ok,work,t,did,however,didn,off,poorly,waste,tried,after,poor,apart
cheap,does,small,should,disappointed,broke,return,thought,wasn,not,$,but,ok,work,t,did,however,didn,off,poorly,waste,tried,after,poor,apart
cheap,does,small,should,disappointed,broke,return,thought,wasn,not,$,but,ok,work,t,did,however,didn,off,poorly,waste,tried,after,poor,apart
cheap,does,small,should,disappointed,broke,return,thought,wasn,not,$,but,ok,work,t,did,however,didn,off,poorly,waste,tried,after,poor,apart
cheap,does,small,should,disappointed,broke,return,thought,wasn,not,$,but,ok,work,t,did,however,didn,off,poorly,waste,tried,after,poor,apart
cheap,does,small,should,disappointed,broke,return,thought,wasn,not,$,but,ok,work,t,did,however,didn,off,poorly,waste,tried,after,poor,apart
cheap,does,small,should,disappointed,broke,return,thought,wasn,not,$,but,ok,work,t,did,however,didn,off,poorly,waste,tried,after,poor,apart
cheap,does,small,should,disappointed,broke,return,thought,wasn,not,$,but,ok,work,t,did,however,didn,off,poorly,waste,tried,after,poor,apart
cheap,does,small,should,disappointed,broke,return,thought,wasn,not,$,but,ok,work,t,did,however,didn,off,poorly,waste,tried,after,poor,apart
cheap,does,small,should,disappointed,broke,return,thought,wasn,not,$,but,ok,work,t,did,however,didn,off,poorly,waste,tried,after,poor,apart
cheap,does,small,should,disappointed,broke,return,thought,wasn,not,$,but,ok,work,t,did,however,didn,off,poorly,waste,tried,after,poor,apart
cheap,does,small,should,disappointed,broke,return,thought,wasn,not,$,but,ok,work,t,did,however,didn,off,poorly,waste,tried,after,poor,apart
cheap,does,small,should,disappointed,broke,return,thought,wasn,not,$,but,ok,work,t,did,however,didn,off,poorly,waste,tried,after,poor,apart
cheap,does,small,should,disappointed,broke,return,thought,wasn,not,$,but,ok,work,t,did,however,didn,off,poorly,waste,tried,after,poor,apart
cheap,does,small,should,disappointed,broke,return,thought,wasn,not,$,but,ok,work,t,did,however,didn,off,poorly,waste,tried,after,poor,apart
cheap,does,small,should,disappointed,broke,return,thought,wasn,not,$,but,ok,work,t,did,however,didn,off,poorly,waste,tried,after,poor,apart
cheap,does,small,should,disappointed,broke,return,thought,wasn,not,$,but,ok,work,t,did,however,didn,off,poorly,waste,tried,after,poor,apart
cheap,does,small,should,disappointed,broke,return,thought,wasn,not,$,but,ok,work,t,did,however,didn,off,poorly,waste,tried,after,poor,apart
cheap,does,small,should,disappointed,broke,return,thought,wasn,not,$,but,ok,work,t,did,however,didn,off,poorly,waste,tried,after,poor,apart
cheap,does,small,should,disappointed,broke,return,thought,wasn,not,$,but,ok,work,t,did,however,didn,off,poorly,waste,tried,after,poor,apart
cheap,does,small,should,disappointed,broke,return,thought,wasn,not,$,but,ok,work,t,did,however,didn,off,poorly,waste,tried,after,poor,apart
cheap,does,small,should,disappointed,broke,return,thought,wasn,not,$,but,ok,work,t,did,however,didn,off,poorly,waste,tried,after,poor,apart
cheap,does,small,should,disappointed,broke,return,thought,wasn,not,$,but,ok,work,t,did,however,didn,off,poorly,waste,tried,after,poor,apart
cheap,does,small,should,disappointed,broke,return,thought,wasn,not,$,but,ok,work,t,did,however,didn,off,poorly,waste,tried,after,poor,apart
cheap,does,small,should,disappointed,broke,return,thought,wasn,not,$,but,ok,work,t,did,however,didn,off,poorly,waste,tried,after,poor,apart
cheap,does,small,should,disappointed,broke,return,thought,wasn,not,$,but,ok,work,t,did,however,didn,off,poorly,waste,tried,after,poor,apart
cheap,does,small,should,disappointed,broke,return,thought,wasn,not,$,but,ok,work,t,did,however,didn,off,poorly,waste,tried,after,poor,apart
cheap,does,small,should,disappointed,broke,return,thought,wasn,not,$,but,ok,work,t,did,however,didn,off,poorly,waste,tried,after,poor,apart
cheap,does,small,should,disappointed,broke,return,thought,wasn,not,$,but,ok,work,t,did,however,didn,off,poorly,waste,tried,after,poor,apart
cheap,does,small,should,disappointed,broke,return,thought,wasn,not,$,but,ok,work,t,did,however,didn,off,poorly,waste,tried,after,poor,apart
cheap,does,small,should,disappointed,broke,return,thought,wasn,not,$,but,ok,work,t,did,however,didn,off,poorly,waste,tried,after,poor,apart
cheap,does,small,should,disappointed,broke,return,thought,wasn,not,$,but,ok,work,t,did,however,didn,off,poorly,waste,tried,after,poor,apart
cheap,does,small,should,disappointed,broke,return,thought,wasn,not,$,but,ok,work,t,did,however,didn,off,poorly,waste,tried,after,poor,apart
cheap,does,small,should,disappointed,broke,return,thought,wasn,not,$,but,ok,work,t,did,however,didn,off,poorly,waste,tried,after,poor,apart
cheap,does,small,should,disappointed,broke,return,thought,wasn,not,$,but,ok,work,t,did,however,didn,off,poorly,waste,tried,after,poor,apart
cheap,does,small,should,disappointed,broke,return,thought,wasn,not,$,but,ok,work,t,did,however,didn,off,poorly,waste,tried,after,poor,apart
cheap,does,small,should,disappointed,broke,return,thought,wasn,not,$,but,ok,work,t,did,however,didn,off,poorly,waste,tried,after,poor,apart
cheap,does,small,should,disappointed,broke,return,thought,wasn,not,$,but,ok,work,t,did,however,didn,off,poorly,waste,tried,after,poor,apart
cheap,does,small,should,disappointed,broke,return,thought,wasn,not,$,but,ok,work,t,did,however,didn,off,poorly,waste,tried,after,poor,apart
cheap,does,small,should,disappointed,broke,return,thought,wasn,not,$,but,ok,work,t,did,however,didn,off,poorly,waste,tried,after,poor,apart
cheap,does,small,should,disappointed,broke,return,thought,wasn,not,$,but,ok,work,t,did,however,didn,off,poorly,waste,tried,after,poor,apart
cheap,does,small,should,disappointed,broke,return,thought,wasn,not,$,but,ok,work,t,did,however,didn,off,poorly,waste,tried,after,poor,apart
cheap,does,small,should,disappointed,broke,return,thought,wasn,not,$,but,ok,work,t,did,however,didn,off,poorly,waste,tried,after,poor,apart
cheap,does,small,should,disappointed,broke,return,thought,wasn,not,$,but,ok,work,t,did,however,didn,off,poorly,waste,tried,after,poor,apart
cheap,does,small,should,disappointed,broke,return,thought,wasn,not,$,but,ok,work,t,did,however,didn,off,poorly,waste,tried,after,poor,apart
cheap,does,small,should,disappointed,broke,return,thought,wasn,not,$,but,ok,work,t,did,however,didn,off,poorly,waste,tried,after,poor,apart
cheap,does,small,should,disappointed,broke,return,thought,wasn,not,$,but,ok,work,t,did,however,didn,off,poorly,waste,tried,after,poor,apart
cheap,does,small,should,disappointed,broke,return,thought,wasn,not,$,but,ok,work,t,did,however,didn,off,poorly,waste,tried,after,poor,apart
cheap,does,small,should,disappointed,broke,return,thought,wasn,not,$,but,ok,work,t,did,however,didn,off,poorly,waste,tried,after,poor,apart
cheap,does,small,should,disappointed,broke,return,thought,wasn,not,$,but,ok,work,t,did,however,didn,off,poorly,waste,tried,after,poor,apart
cheap,does,small,should,disappointed,broke,return,thought,wasn,not,$,but,ok,work,t,did,however,didn,off,poorly,waste,tried,after,poor,apart
cheap,does,small,should,disappointed,broke,return,thought,wasn,not,$,but,ok,work,t,did,however,didn,off,poorly,waste,tried,after,poor,apart
cheap,does,small,should,disappointed,broke,return,thought,wasn,not,$,but,ok,work,t,did,however,didn,off,poorly,waste,tried,after,poor,apart
cheap,does,small,should,disappointed,broke,return,thought,wasn,not,$,but,ok,work,t,did,however,didn,off,poorly,waste,tried,after,poor,apart
cheap,does,small,should,disappointed,broke,return,thought,wasn,not,$,but,ok,work,t,did,however,didn,off,poorly,waste,tried,after,poor,apart
cheap,does,small,should,disappointed,broke,return,thought,wasn,not,$,but,ok,work,t,did,however,didn,off,poorly,waste,tried,after,poor,apart
cheap,does,small,should,disappointed,broke,return,thought,wasn,not,$,but,ok,work,t,did,however,didn,off,poorly,waste,tried,after,poor,apart
cheap,does,small,should,disappointed,broke,return,thought,wasn,not,$,but,ok,work,t,did,however,didn,off,poorly,waste,tried,after,poor,apart
cheap,does,small,should,disappointed,broke,return,thought,wasn,not,$,but,ok,work,t,did,however,didn,off,poorly,waste,tried,after,poor,apart
cheap,does,small,should,disappointed,broke,return,thought,wasn,not,$,but,ok,work,t,did,however,didn,off,poorly,waste,tried,after,poor,apart
cheap,does,small,should,disappointed,broke,return,thought,wasn,not,$,but,ok,work,t,did,however,didn,off,poorly,waste,tried,after,poor,apart
cheap,does,small,should,disappointed,broke,return,thought,wasn,not,$,but,ok,work,t,did,however,didn,off,poorly,waste,tried,after,poor,apart
cheap,does,small,should,disappointed,broke,return,thought,wasn,not,$,but,ok,work,t,did,however,didn,off,poorly,waste,tried,after,poor,apart
cheap,does,small,should,disappointed,broke,return,thought,wasn,not,$,but,ok,work,t,did,however,didn,off,poorly,waste,tried,after,poor,apart
cheap,does,small,should,disappointed,broke,return,thought,wasn,not,$,but,ok,work,t,did,however,didn,off,poorly,waste,tried,after,poor,apart
cheap,does,small,should,disappointed,broke,return,thought,wasn,not,$,but,ok,work,t,did,however,didn,off,poorly,waste,tried,after,poor,apart
cheap,does,small,should,disappointed,broke,return,thought,wasn,not,$,but,ok,work,t,did,however,didn,off,poorly,waste,tried,after,poor,apart
cheap,does,small,should,disappointed,broke,return,thought,wasn,not,$,but,ok,work,t,did,however,didn,off,poorly,waste,tried,after,poor,apart
cheap,does,small,should,disappointed,broke,return,thought,wasn,not,$,but,ok,work,t,did,however,didn,off,poorly,waste,tried,after,poor,apart
cheap,does,small,should,disappointed,broke,return,thought,wasn,not,$,but,ok,work,t,did,however,didn,off,poorly,waste,tried,after,poor,apart
cheap,does,small,should,disappointed,broke,return,thought,wasn,not,$,but,ok,work,t,did,however,didn,off,poorly,waste,tried,after,poor,apart
cheap,does,small,should,disappointed,broke,return,thought,wasn,not,$,but,ok,work,t,did,however,didn,off,poorly,waste,tried,after,poor,apart
cheap,does,small,should,disappointed,broke,return,thought,wasn,not,$,but,ok,work,t,did,however,didn,off,poorly,waste,tried,after,poor,apart
cheap,does,small,should,disappointed,broke,return,thought,wasn,not,$,but,ok,work,t,did,however,didn,off,poorly,waste,tried,after,poor,apart
cheap,does,small,should,disappointed,broke,return,thought,wasn,not,$,but,ok,work,t,did,however,didn,off,poorly,waste,tried,after,poor,apart
cheap,does,small,should,disappointed,broke,return,thought,wasn,not,$,but,ok,work,t,did,however,didn,off,poorly,waste,tried,after,poor,apart
cheap,does,small,should,disappointed,broke,return,thought,wasn,not,$,but,ok,work,t,did,however,didn,off,poorly,waste,tried,after,poor,apart
cheap,does,small,should,disappointed,broke,return,thought,wasn,not,$,but,ok,work,t,did,however,didn,off,poorly,waste,tried,after,poor,apart
cheap,does,small,should,disappointed,broke,return,thought,wasn,not,$,but,ok,work,t,did,however,didn,off,poorly,waste,tried,after,poor,apart
cheap,does,small,should,disappointed,broke,return,thought,wasn,not,$,but,ok,work,t,did,however,didn,off,poorly,waste,tried,after,poor,apart
cheap,does,small,should,disappointed,broke,return,thought,wasn,not,$,but,ok,work,t,did,however,didn,off,poorly,waste,tried,after,poor,apart
cheap,does,small,should,disappointed,broke,return,thought,wasn,not,$,but,ok,work,t,did,however,didn,off,poorly,waste,tried,after,poor,apart
cheap,does,small,should,disappointed,broke,return,thought,wasn,not,$,but,ok,work,t,did,however,didn,off,poorly,waste,tried,after,poor,apart
cheap,does,small,should,disappointed,broke,return,thought,wasn,not,$,but,ok,work,t,did,however,didn,off,poorly,waste,tried,after,poor,apart
cheap,does,small,should,disappointed,broke,return,thought,wasn,not,$,but,ok,work,t,did,however,didn,off,poorly,waste,tried,after,poor,apart
cheap,does,small,should,disappointed,broke,return,thought,wasn,not,$,but,ok,work,t,did,however,didn,off,poorly,waste,tried,after,poor,apart
cheap,does,small,should,disappointed,broke,return,thought,wasn,not,$,but,ok,work,t,did,however,didn,off,poorly,waste,tried,after,poor,apart
cheap,does,small,should,disappointed,broke,return,thought,wasn,not,$,but,ok,work,t,did,however,didn,off,poorly,waste,tried,after,poor,apart
cheap,does,small,should,disappointed,broke,return,thought,wasn,not,$,but,ok,work,t,did,however,didn,off,poorly,waste,tried,after,poor,apart
cheap,does,small,should,disappointed,broke,return,thought,wasn,not,$,but,ok,work,t,did,however,didn,off,poorly,waste,tried,after,poor,apart
cheap,does,small,should,disappointed,broke,return,thought,wasn,not,$,but,ok,work,t,did,however,didn,off,poorly,waste,tried,after,poor,apart
cheap,does,small,should,disappointed,broke,return,thought,wasn,not,$,but,ok,work,t,did,however,didn,off,poorly,waste,tried,after,poor,apart
cheap,does,small,should,disappointed,broke,return,thought,wasn,not,$,but,ok,work,t,did,however,didn,off,poorly,waste,tried,after,poor,apart
cheap,does,small,should,disappointed,broke,return,thought,wasn,not,$,but,ok,work,t,did,however,didn,off,poorly,waste,tried,after,poor,apart
cheap,does,small,should,disappointed,broke,return,thought,wasn,not,$,but,ok,work,t,did,however,didn,off,poorly,waste,tried,after,poor,apart
cheap,does,small,should,disappointed,broke,return,thought,wasn,not,$,but,ok,work,t,did,however,didn,off,poorly,waste,tried,after,poor,apart
cheap,does,small,should,disappointed,broke,return,thought,wasn,not,$,but,ok,work,t,did,however,didn,off,poorly,waste,tried,after,poor,apart
cheap,does,small,should,disappointed,broke,return,thought,wasn,not,$,but,ok,work,t,did,however,didn,off,poorly,waste,tried,after,poor,apart
cheap,does,small,should,disappointed,broke,return,thought,wasn,not,$,but,ok,work,t,did,however,didn,off,poorly,waste,tried,after,poor,apart
cheap,does,small,should,disappointed,broke,return,thought,wasn,not,$,but,ok,work,t,did,however,didn,off,poorly,waste,tried,after,poor,apart
cheap,does,small,should,disappointed,broke,return,thought,wasn,not,$,but,ok,work,t,did,however,didn,off,poorly,waste,tried,after,poor,apart
cheap,does,small,should,disappointed,broke,return,thought,wasn,not,$,but,ok,work,t,did,however,didn,off,poorly,waste,tried,after,poor,apart
cheap,does,small,should,disappointed,broke,return,thought,wasn,not,$,but,ok,work,t,did,however,didn,off,poorly,waste,tried,after,poor,apart
cheap,does,small,should,disappointed,broke,return,thought,wasn,not,$,but,ok,work,t,did,however,didn,off,poorly,waste,tried,after,poor,apart
cheap,does,small,should,disappointed,broke,return,thought,wasn,not,$,but,ok,work,t,did,however,didn,off,poorly,waste,tried,after,poor,apart
cheap,does,small,should,disappointed,broke,return,thought,wasn,not,$,but,ok,work,t,did,however,didn,off,poorly,waste,tried,after,poor,apart
cheap,does,small,should,disappointed,broke,return,thought,wasn,not,$,but,ok,work,t,did,however,didn,off,poorly,waste,tried,after,poor,apart
cheap,does,small,should,disappointed,broke,return,thought,wasn,not,$,but,ok,work,t,did,however,didn,off,poorly,waste,tried,after,poor,apart
cheap,does,small,should,disappointed,broke,return,thought,wasn,not,$,but,ok,work,t,did,however,didn,off,poorly,waste,tried,after,poor,apart
cheap,does,small,should,disappointed,broke,return,thought,wasn,not,$,but,ok,work,t,did,however,didn,off,poorly,waste,tried,after,poor,apart
cheap,does,small,should,disappointed,broke,return,thought,wasn,not,$,but,ok,work,t,did,however,didn,off,poorly,waste,tried,after,poor,apart
cheap,does,small,should,disappointed,broke,return,thought,wasn,not,$,but,ok,work,t,did,however,didn,off,poorly,waste,tried,after,poor,apart
cheap,does,small,should,disappointed,broke,return,thought,wasn,not,$,but,ok,work,t,did,however,didn,off,poorly,waste,tried,after,poor,apart
cheap,does,small,should,disappointed,broke,return,thought,wasn,not,$,but,ok,work,t,did,however,didn,off,poorly,waste,tried,after,poor,apart
cheap,does,small,should,disappointed,broke,return,thought,wasn,not,$,but,ok,work,t,did,however,didn,off,poorly,waste,tried,after,poor,apart
cheap,does,small,should,disappointed,broke,return,thought,wasn,not,$,but,ok,work,t,did,however,didn,off,poorly,waste,tried,after,poor,apart
cheap,does,small,should,disappointed,broke,return,thought,wasn,not,$,but,ok,work,t,did,however,didn,off,poorly,waste,tried,after,poor,apart
cheap,does,small,should,disappointed,broke,return,thought,wasn,not,$,but,ok,work,t,did,however,didn,off,poorly,waste,tried,after,poor,apart
cheap,does,small,should,disappointed,broke,return,thought,wasn,not,$,but,ok,work,t,did,however,didn,off,poorly,waste,tried,after,poor,apart
cheap,does,small,should,disappointed,broke,return,thought,wasn,not,$,but,ok,work,t,did,however,didn,off,poorly,waste,tried,after,poor,apart
cheap,does,small,should,disappointed,broke,return,thought,wasn,not,$,but,ok,work,t,did,however,didn,off,poorly,waste,tried,after,poor,apart
cheap,does,small,should,disappointed,broke,return,thought,wasn,not,$,but,ok,work,t,did,however,didn,off,poorly,waste,tried,after,poor,apart
cheap,does,small,should,disappointed,broke,return,thought,wasn,not,$,but,ok,work,t,did,however,didn,off,poorly,waste,tried,after,poor,apart
cheap,does,small,should,disappointed,broke,return,thought,wasn,not,$,but,ok,work,t,did,however,didn,off,poorly,waste,tried,after,poor,apart
cheap,does,small,should,disappointed,broke,return,thought,wasn,not,$,but,ok,work,t,did,however,didn,off,poorly,waste,tried,after,poor,apart
cheap,does,small,should,disappointed,broke,return,thought,wasn,not,$,but,ok,work,t,did,however,didn,off,poorly,waste,tried,after,poor,apart
cheap,does,small,should,disappointed,broke,return,thought,wasn,not,$,but,ok,work,t,did,however,didn,off,poorly,waste,tried,after,poor,apart
cheap,does,small,should,disappointed,broke,return,thought,wasn,not,$,but,ok,work,t,did,however,didn,off,poorly,waste,tried,after,poor,apart
cheap,does,small,should,disappointed,broke,return,thought,wasn,not,$,but,ok,work,t,did,however,didn,off,poorly,waste,tried,after,poor,apart
cheap,does,small,should,disappointed,broke,return,thought,wasn,not,$,but,ok,work,t,did,however,didn,off,poorly,waste,tried,after,poor,apart
cheap,does,small,should,disappointed,broke,return,thought,wasn,not,$,but,ok,work,t,did,however,didn,off,poorly,waste,tried,after,poor,apart
cheap,does,small,should,disappointed,broke,return,thought,wasn,not,$,but,ok,work,t,did,however,didn,off,poorly,waste,tried,after,poor,apart
cheap,does,small,should,disappointed,broke,return,thought,wasn,not,$,but,ok,work,t,did,however,didn,off,poorly,waste,tried,after,poor,apart
cheap,does,small,should,disappointed,broke,return,thought,wasn,not,$,but,ok,work,t,did,however,didn,off,poorly,waste,tried,after,poor,apart
cheap,does,small,should,disappointed,broke,return,thought,wasn,not,$,but,ok,work,t,did,however,didn,off,poorly,waste,tried,after,poor,apart
cheap,does,small,should,disappointed,broke,return,thought,wasn,not,$,but,ok,work,t,did,however,didn,off,poorly,waste,tried,after,poor,apart
cheap,does,small,should,disappointed,broke,return,thought,wasn,not,$,but,ok,work,t,did,however,didn,off,poorly,waste,tried,after,poor,apart
cheap,does,small,should,disappointed,broke,return,thought,wasn,not,$,but,ok,work,t,did,however,didn,off,poorly,waste,tried,after,poor,apart
cheap,does,small,should,disappointed,broke,return,thought,wasn,not,$,but,ok,work,t,did,however,didn,off,poorly,waste,tried,after,poor,apart
cheap,does,small,should,disappointed,broke,return,thought,wasn,not,$,but,ok,work,t,did,however,didn,off,poorly,waste,tried,after,poor,apart
cheap,does,small,should,disappointed,broke,return,thought,wasn,not,$,but,ok,work,t,did,however,didn,off,poorly,waste,tried,after,poor,apart
cheap,does,small,should,disappointed,broke,return,thought,wasn,not,$,but,ok,work,t,did,however,didn,off,poorly,waste,tried,after,poor,apart
cheap,does,small,should,disappointed,broke,return,thought,wasn,not,$,but,ok,work,t,did,however,didn,off,poorly,waste,tried,after,poor,apart
cheap,does,small,should,disappointed,broke,return,thought,wasn,not,$,but,ok,work,t,did,however,didn,off,poorly,waste,tried,after,poor,apart
cheap,does,small,should,disappointed,broke,return,thought,wasn,not,$,but,ok,work,t,did,however,didn,off,poorly,waste,tried,after,poor,apart
cheap,does,small,should,disappointed,broke,return,thought,wasn,not,$,but,ok,work,t,did,however,didn,off,poorly,waste,tried,after,poor,apart
cheap,does,small,should,disappointed,broke,return,thought,wasn,not,$,but,ok,work,t,did,however,didn,off,poorly,waste,tried,after,poor,apart
cheap,does,small,should,disappointed,broke,return,thought,wasn,not,$,but,ok,work,t,did,however,didn,off,poorly,waste,tried,after,poor,apart
cheap,does,small,should,disappointed,broke,return,thought,wasn,not,$,but,ok,work,t,did,however,didn,off,poorly,waste,tried,after,poor,apart
cheap,does,small,should,disappointed,broke,return,thought,wasn,not,$,but,ok,work,t,did,however,didn,off,poorly,waste,tried,after,poor,apart
cheap,does,small,should,disappointed,broke,return,thought,wasn,not,$,but,ok,work,t,did,however,didn,off,poorly,waste,tried,after,poor,apart
cheap,does,small,should,disappointed,broke,return,thought,wasn,not,$,but,ok,work,t,did,however,didn,off,poorly,waste,tried,after,poor,apart
cheap,does,small,should,disappointed,broke,return,thought,wasn,not,$,but,ok,work,t,did,however,didn,off,poorly,waste,tried,after,poor,apart
cheap,does,small,should,disappointed,broke,return,thought,wasn,not,$,but,ok,work,t,did,however,didn,off,poorly,waste,tried,after,poor,apart
cheap,does,small,should,disappointed,broke,return,thought,wasn,not,$,but,ok,work,t,did,however,didn,off,poorly,waste,tried,after,poor,apart
cheap,does,small,should,disappointed,broke,return,thought,wasn,not,$,but,ok,work,t,did,however,didn,off,poorly,waste,tried,after,poor,apart
cheap,does,small,should,disappointed,broke,return,thought,wasn,not,$,but,ok,work,t,did,however,didn,off,poorly,waste,tried,after,poor,apart
cheap,does,small,should,disappointed,broke,return,thought,wasn,not,$,but,ok,work,t,did,however,didn,off,poorly,waste,tried,after,poor,apart
cheap,does,small,should,disappointed,broke,return,thought,wasn,not,$,but,ok,work,t,did,however,didn,off,poorly,waste,tried,after,poor,apart
cheap,does,small,should,disappointed,broke,return,thought,wasn,not,$,but,ok,work,t,did,however,didn,off,poorly,waste,tried,after,poor,apart
cheap,does,small,should,disappointed,broke,return,thought,wasn,not,$,but,ok,work,t,did,however,didn,off,poorly,waste,tried,after,poor,apart
cheap,does,small,should,disappointed,broke,return,thought,wasn,not,$,but,ok,work,t,did,however,didn,off,poorly,waste,tried,after,poor,apart
cheap,does,small,should,disappointed,broke,return,thought,wasn,not,$,but,ok,work,t,did,however,didn,off,poorly,waste,tried,after,poor,apart
cheap,does,small,should,disappointed,broke,return,thought,wasn,not,$,but,ok,work,t,did,however,didn,off,poorly,waste,tried,after,poor,apart
cheap,does,small,should,disappointed,broke,return,thought,wasn,not,$,but,ok,work,t,did,however,didn,off,poorly,waste,tried,after,poor,apart
cheap,does,small,should,disappointed,broke,return,thought,wasn,not,$,but,ok,work,t,did,however,didn,off,poorly,waste,tried,after,poor,apart
cheap,does,small,should,disappointed,broke,return,thought,wasn,not,$,but,ok,work,t,did,however,didn,off,poorly,waste,tried,after,poor,apart
cheap,does,small,should,disappointed,broke,return,thought,wasn,not,$,but,ok,work,t,did,however,didn,off,poorly,waste,tried,after,poor,apart
cheap,does,small,should,disappointed,broke,return,thought,wasn,not,$,but,ok,work,t,did,however,didn,off,poorly,waste,tried,after,poor,apart
cheap,does,small,should,disappointed,broke,return,thought,wasn,not,$,but,ok,work,t,did,however,didn,off,poorly,waste,tried,after,poor,apart
cheap,does,small,should,disappointed,broke,return,thought,wasn,not,$,but,ok,work,t,did,however,didn,off,poorly,waste,tried,after,poor,apart
cheap,does,small,should,disappointed,broke,return,thought,wasn,not,$,but,ok,work,t,did,however,didn,off,poorly,waste,tried,after,poor,apart
cheap,does,small,should,disappointed,broke,return,thought,wasn,not,$,but,ok,work,t,did,however,didn,off,poorly,waste,tried,after,poor,apart
cheap,does,small,should,disappointed,broke,return,thought,wasn,not,$,but,ok,work,t,did,however,didn,off,poorly,waste,tried,after,poor,apart
cheap,does,small,should,disappointed,broke,return,thought,wasn,not,$,but,ok,work,t,did,however,didn,off,poorly,waste,tried,after,poor,apart
cheap,does,small,should,disappointed,broke,return,thought,wasn,not,$,but,ok,work,t,did,however,didn,off,poorly,waste,tried,after,poor,apart
cheap,does,small,should,disappointed,broke,return,thought,wasn,not,$,but,ok,work,t,did,however,didn,off,poorly,waste,tried,after,poor,apart
cheap,does,small,should,disappointed,broke,return,thought,wasn,not,$,but,ok,work,t,did,however,didn,off,poorly,waste,tried,after,poor,apart
cheap,does,small,should,disappointed,broke,return,thought,wasn,not,$,but,ok,work,t,did,however,didn,off,poorly,waste,tried,after,poor,apart
cheap,does,small,should,disappointed,broke,return,thought,wasn,not,$,but,ok,work,t,did,however,didn,off,poorly,waste,tried,after,poor,apart
cheap,does,small,should,disappointed,broke,return,thought,wasn,not,$,but,ok,work,t,did,however,didn,off,poorly,waste,tried,after,poor,apart
cheap,does,small,should,disappointed,broke,return,thought,wasn,not,$,but,ok,work,t,did,however,didn,off,poorly,waste,tried,after,poor,apart
cheap,does,small,should,disappointed,broke,return,thought,wasn,not,$,but,ok,work,t,did,however,didn,off,poorly,waste,tried,after,poor,apart
cheap,does,small,should,disappointed,broke,return,thought,wasn,not,$,but,ok,work,t,did,however,didn,off,poorly,waste,tried,after,poor,apart
cheap,does,small,should,disappointed,broke,return,thought,wasn,not,$,but,ok,work,t,did,however,didn,off,poorly,waste,tried,after,poor,apart
cheap,does,small,should,disappointed,broke,return,thought,wasn,not,$,but,ok,work,t,did,however,didn,off,poorly,waste,tried,after,poor,apart
cheap,does,small,should,disappointed,broke,return,thought,wasn,not,$,but,ok,work,t,did,however,didn,off,poorly,waste,tried,after,poor,apart
cheap,does,small,should,disappointed,broke,return,thought,wasn,not,$,but,ok,work,t,did,however,didn,off,poorly,waste,tried,after,poor,apart
cheap,does,small,should,disappointed,broke,return,thought,wasn,not,$,but,ok,work,t,did,however,didn,off,poorly,waste,tried,after,poor,apart
cheap,does,small,should,disappointed,broke,return,thought,wasn,not,$,but,ok,work,t,did,however,didn,off,poorly,waste,tried,after,poor,apart
cheap,does,small,should,disappointed,broke,return,thought,wasn,not,$,but,ok,work,t,did,however,didn,off,poorly,waste,tried,after,poor,apart
cheap,does,small,should,disappointed,broke,return,thought,wasn,not,$,but,ok,work,t,did,however,didn,off,poorly,waste,tried,after,poor,apart
cheap,does,small,should,disappointed,broke,return,thought,wasn,not,$,but,ok,work,t,did,however,didn,off,poorly,waste,tried,after,poor,apart
cheap,does,small,should,disappointed,broke,return,thought,wasn,not,$,but,ok,work,t,did,however,didn,off,poorly,waste,tried,after,poor,apart
cheap,does,small,should,disappointed,broke,return,thought,wasn,not,$,but,ok,work,t,did,however,didn,off,poorly,waste,tried,after,poor,apart
cheap,does,small,should,disappointed,broke,return,thought,wasn,not,$,but,ok,work,t,did,however,didn,off,poorly,waste,tried,after,poor,apart
cheap,does,small,should,disappointed,broke,return,thought,wasn,not,$,but,ok,work,t,did,however,didn,off,poorly,waste,tried,after,poor,apart
cheap,does,small,should,disappointed,broke,return,thought,wasn,not,$,but,ok,work,t,did,however,didn,off,poorly,waste,tried,after,poor,apart
cheap,does,small,should,disappointed,broke,return,thought,wasn,not,$,but,ok,work,t,did,however,didn,off,poorly,waste,tried,after,poor,apart
cheap,does,small,should,disappointed,broke,return,thought,wasn,not,$,but,ok,work,t,did,however,didn,off,poorly,waste,tried,after,poor,apart
cheap,does,small,should,disappointed,broke,return,thought,wasn,not,$,but,ok,work,t,did,however,didn,off,poorly,waste,tried,after,poor,apart
cheap,does,small,should,disappointed,broke,return,thought,wasn,not,$,but,ok,work,t,did,however,didn,off,poorly,waste,tried,after,poor,apart
cheap,does,small,should,disappointed,broke,return,thought,wasn,not,$,but,ok,work,t,did,however,didn,off,poorly,waste,tried,after,poor,apart
cheap,does,small,should,disappointed,broke,return,thought,wasn,not,$,but,ok,work,t,did,however,didn,off,poorly,waste,tried,after,poor,apart
cheap,does,small,should,disappointed,broke,return,thought,wasn,not,$,but,ok,work,t,did,however,didn,off,poorly,waste,tried,after,poor,apart
cheap,does,small,should,disappointed,broke,return,thought,wasn,not,$,but,ok,work,t,did,however,didn,off,poorly,waste,tried,after,poor,apart
cheap,does,small,should,disappointed,broke,return,thought,wasn,not,$,but,ok,work,t,did,however,didn,off,poorly,waste,tried,after,poor,apart
cheap,does,small,should,disappointed,broke,return,thought,wasn,not,$,but,ok,work,t,did,however,didn,off,poorly,waste,tried,after,poor,apart
cheap,does,small,should,disappointed,broke,return,thought,wasn,not,$,but,ok,work,t,did,however,didn,off,poorly,waste,tried,after,poor,apart
cheap,does,small,should,disappointed,broke,return,thought,wasn,not,$,but,ok,work,t,did,however,didn,off,poorly,waste,tried,after,poor,apart
cheap,does,small,should,disappointed,broke,return,thought,wasn,not,$,but,ok,work,t,did,however,didn,off,poorly,waste,returned,after,poor,apart
cheap,does,small,should,disappointed,broke,return,thought,wasn,not,$,but,ok,work,t,did,however,didn,off,poorly,waste,returned,after,poor,apart
cheap,does,small,should,disappointed,broke,return,thought,wasn,not,$,but,ok,work,t,did,however,didn,off,poorly,waste,returned,after,poor,apart
cheap,does,small,should,disappointed,broke,return,thought,wasn,not,$,but,ok,work,t,did,however,didn,off,poorly,waste,returned,after,poor,apart
cheap,does,small,should,disappointed,broke,return,thought,wasn,not,$,but,ok,work,t,did,however,didn,off,poorly,waste,returned,after,poor,apart
cheap,does,small,should,disappointed,broke,return,thought,wasn,not,$,but,ok,work,t,did,however,didn,off,poorly,waste,returned,after,poor,apart
cheap,does,small,should,disappointed,broke,return,thought,wasn,not,$,but,ok,work,t,did,however,didn,off,poorly,waste,returned,after,poor,apart
cheap,does,small,should,disappointed,broke,return,thought,wasn,not,$,but,ok,work,t,did,however,didn,off,poorly,waste,returned,after,poor,apart
cheap,does,small,should,disappointed,broke,return,thought,wasn,not,$,but,ok,work,t,did,however,didn,off,poorly,waste,returned,after,poor,apart
cheap,does,small,should,disappointed,broke,return,thought,wasn,not,$,but,ok,work,t,did,however,didn,off,poorly,waste,returned,after,poor,apart
cheap,does,small,should,disappointed,broke,return,thought,wasn,not,$,but,ok,work,t,did,however,didn,off,poorly,waste,returned,after,poor,apart
cheap,does,small,should,disappointed,broke,return,thought,wasn,not,$,but,ok,work,t,did,however,didn,off,poorly,waste,returned,after,poor,apart
cheap,does,small,should,disappointed,broke,return,thought,wasn,not,$,but,ok,work,t,did,however,didn,off,poorly,waste,returned,after,poor,apart
cheap,does,small,should,disappointed,broke,return,thought,wasn,not,$,but,ok,work,t,did,however,didn,off,poorly,waste,returned,after,poor,apart
cheap,does,small,should,disappointed,broke,return,thought,wasn,not,$,but,ok,work,t,did,however,didn,off,poorly,waste,returned,after,poor,apart
cheap,does,small,should,disappointed,broke,return,thought,wasn,not,$,but,ok,work,t,did,however,didn,off,poorly,waste,returned,after,poor,apart
cheap,does,small,should,disappointed,broke,return,thought,wasn,not,$,but,ok,work,t,did,however,didn,off,poorly,waste,returned,after,poor,apart
cheap,does,small,should,disappointed,broke,return,thought,wasn,not,$,but,ok,work,t,did,however,didn,off,poorly,waste,returned,after,poor,apart
cheap,does,small,should,disappointed,broke,return,thought,wasn,not,$,but,ok,work,t,did,however,didn,off,poorly,waste,returned,after,poor,apart
cheap,does,small,should,disappointed,broke,return,thought,wasn,not,$,but,ok,work,t,did,however,didn,off,poorly,waste,returned,after,poor,apart
cheap,does,small,should,disappointed,broke,return,thought,wasn,not,$,but,ok,work,t,did,however,didn,off,poorly,waste,returned,after,poor,apart
cheap,does,small,should,disappointed,broke,return,thought,wasn,not,$,but,ok,work,t,did,however,didn,off,poorly,waste,returned,after,poor,apart
cheap,does,small,should,disappointed,broke,return,thought,wasn,not,$,but,ok,work,t,did,however,didn,off,poorly,waste,returned,after,poor,apart
cheap,does,small,should,disappointed,broke,return,thought,wasn,not,$,but,ok,work,t,did,however,didn,off,poorly,waste,returned,after,poor,apart
cheap,does,small,should,disappointed,broke,return,thought,wasn,not,$,but,ok,work,t,did,however,didn,off,poorly,waste,returned,after,poor,apart
cheap,does,small,should,disappointed,broke,return,thought,wasn,not,$,but,ok,work,t,did,however,didn,off,poorly,waste,returned,after,poor,apart
cheap,does,small,should,disappointed,broke,return,thought,wasn,not,$,but,ok,work,t,did,however,didn,off,poorly,waste,returned,after,poor,apart
cheap,does,small,should,disappointed,broke,return,thought,wasn,not,$,but,ok,work,t,did,however,didn,off,poorly,waste,returned,after,poor,apart
cheap,does,small,should,disappointed,broke,return,thought,wasn,not,$,but,ok,work,t,did,however,didn,off,poorly,waste,returned,after,poor,apart
cheap,does,small,should,disappointed,broke,return,thought,wasn,not,$,but,ok,work,t,did,however,didn,off,poorly,waste,returned,after,poor,apart
cheap,does,small,should,disappointed,broke,return,thought,wasn,not,$,but,ok,work,t,did,however,didn,off,poorly,waste,returned,after,poor,apart
cheap,does,small,should,disappointed,broke,return,thought,wasn,not,$,but,ok,work,t,did,however,didn,off,poorly,waste,returned,after,poor,apart
cheap,does,small,should,disappointed,broke,return,thought,wasn,not,$,but,ok,work,t,did,however,didn,off,poorly,waste,returned,after,poor,apart
cheap,does,small,should,disappointed,broke,return,thought,wasn,not,$,but,ok,work,t,did,however,didn,off,poorly,waste,returned,after,poor,apart
cheap,does,small,should,disappointed,broke,return,thought,wasn,not,$,but,ok,work,t,did,however,didn,off,poorly,waste,returned,after,poor,apart
cheap,does,small,should,disappointed,broke,return,thought,wasn,not,$,but,ok,work,t,did,however,didn,off,poorly,waste,returned,after,poor,apart
cheap,does,small,should,disappointed,broke,return,thought,wasn,not,$,but,ok,work,t,did,however,didn,off,poorly,waste,returned,after,poor,apart
cheap,does,small,should,disappointed,broke,return,thought,wasn,not,$,but,ok,work,t,did,however,didn,off,poorly,waste,returned,after,poor,apart
cheap,does,small,should,disappointed,broke,return,thought,wasn,not,$,but,ok,work,t,did,however,didn,off,poorly,waste,returned,after,poor,apart
cheap,does,small,should,disappointed,broke,return,thought,wasn,not,$,but,ok,work,t,did,however,didn,off,poorly,waste,returned,after,poor,apart
cheap,does,small,should,disappointed,broke,return,thought,wasn,not,$,but,ok,work,t,did,however,didn,off,poorly,waste,returned,after,poor,apart
cheap,does,small,should,disappointed,broke,return,thought,wasn,not,$,but,ok,work,t,did,however,didn,off,poorly,waste,returned,after,poor,apart
cheap,does,small,should,disappointed,broke,return,thought,wasn,not,$,but,ok,work,t,did,however,didn,off,poorly,waste,returned,after,poor,apart
cheap,does,small,should,disappointed,broke,return,thought,wasn,not,$,but,ok,work,t,did,however,didn,off,poorly,waste,returned,after,poor,apart
cheap,does,small,should,disappointed,broke,return,thought,wasn,not,$,but,ok,work,t,did,however,didn,off,poorly,waste,returned,after,poor,apart
cheap,does,small,should,disappointed,broke,return,thought,wasn,not,$,but,ok,work,t,did,however,didn,off,poorly,waste,returned,after,poor,apart
cheap,does,small,should,disappointed,broke,return,thought,wasn,not,$,but,ok,work,t,did,however,didn,off,poorly,waste,returned,after,poor,apart
cheap,does,small,should,disappointed,broke,return,thought,wasn,not,$,but,ok,work,t,did,however,didn,off,poorly,waste,returned,after,poor,apart
cheap,does,small,should,disappointed,broke,return,thought,wasn,not,$,but,ok,work,t,did,however,didn,off,poorly,waste,returned,after,poor,apart
cheap,does,small,should,disappointed,broke,return,thought,wasn,not,$,but,ok,work,t,did,however,didn,off,poorly,waste,returned,after,poor,apart
cheap,does,small,should,disappointed,broke,return,thought,wasn,not,$,but,ok,work,t,did,however,didn,off,poorly,waste,returned,after,poor,apart
cheap,does,small,should,disappointed,broke,return,thought,wasn,not,$,but,ok,work,t,did,however,didn,off,poorly,waste,returned,after,poor,apart
cheap,does,small,should,disappointed,broke,return,thought,wasn,not,$,but,ok,work,t,did,however,didn,off,poorly,waste,returned,after,poor,apart
cheap,does,small,should,disappointed,broke,return,thought,wasn,not,$,but,ok,work,t,did,however,didn,off,poorly,waste,returned,after,poor,apart
cheap,does,small,should,disappointed,broke,return,thought,wasn,not,$,but,ok,work,t,did,however,didn,off,poorly,waste,returned,after,poor,apart
cheap,does,small,should,disappointed,broke,return,thought,wasn,not,$,but,ok,work,t,did,however,didn,off,poorly,waste,returned,after,poor,apart
cheap,does,small,should,disappointed,broke,return,thought,wasn,not,$,but,ok,work,t,did,however,didn,off,poorly,waste,returned,after,poor,apart
cheap,does,small,should,disappointed,broke,return,thought,wasn,not,$,but,ok,work,t,did,however,didn,off,poorly,waste,returned,after,poor,apart
cheap,does,small,should,disappointed,broke,return,thought,wasn,not,$,but,ok,work,t,did,however,didn,off,poorly,waste,returned,after,poor,apart
cheap,does,small,should,disappointed,broke,return,thought,wasn,not,$,but,ok,work,t,did,however,didn,off,poorly,waste,returned,after,poor,apart
cheap,does,small,should,disappointed,broke,return,thought,wasn,not,$,but,ok,work,t,did,however,didn,off,poorly,waste,returned,after,poor,apart
cheap,does,small,should,disappointed,broke,return,thought,wasn,not,$,but,ok,work,t,did,however,didn,off,poorly,waste,returned,after,poor,apart
cheap,does,small,should,disappointed,broke,return,thought,wasn,not,$,but,ok,work,t,did,however,didn,off,poorly,waste,returned,after,poor,apart
cheap,does,small,should,disappointed,broke,return,thought,wasn,not,$,but,ok,work,t,did,however,didn,off,poorly,waste,returned,after,poor,apart
cheap,does,small,should,disappointed,broke,return,thought,wasn,not,$,but,ok,work,t,did,however,didn,off,poorly,waste,returned,after,poor,apart
cheap,does,small,should,disappointed,broke,return,thought,wasn,not,$,but,ok,work,t,did,however,didn,off,poorly,waste,returned,after,poor,apart
cheap,does,small,should,disappointed,broke,return,thought,wasn,not,$,but,ok,work,t,did,however,didn,off,poorly,waste,returned,after,poor,apart
cheap,does,small,should,disappointed,broke,return,thought,wasn,not,$,but,ok,work,t,did,however,didn,off,poorly,waste,returned,after,poor,apart
cheap,does,small,should,disappointed,broke,return,thought,wasn,not,$,but,ok,work,t,did,however,didn,off,poorly,waste,returned,after,poor,apart
cheap,does,small,should,disappointed,broke,return,thought,wasn,not,$,but,ok,work,t,did,however,didn,off,poorly,waste,returned,after,poor,apart
cheap,does,small,should,disappointed,broke,return,thought,wasn,not,$,but,ok,work,t,did,however,didn,off,poorly,waste,returned,after,poor,apart
cheap,does,small,should,disappointed,broke,return,thought,wasn,not,$,but,ok,work,t,did,however,didn,off,poorly,waste,returned,after,poor,apart
cheap,does,small,should,disappointed,broke,return,thought,wasn,not,$,but,ok,work,t,did,however,didn,off,poorly,waste,returned,after,poor,apart
cheap,does,small,should,disappointed,broke,return,thought,wasn,not,$,but,ok,work,t,did,however,didn,off,poorly,waste,returned,after,poor,apart
cheap,does,small,should,disappointed,broke,return,thought,wasn,not,$,but,ok,work,t,did,however,didn,off,poorly,waste,returned,after,poor,apart
cheap,does,small,should,disappointed,broke,return,thought,wasn,not,$,but,ok,work,t,did,however,didn,off,poorly,waste,returned,after,poor,apart
cheap,does,small,should,disappointed,broke,return,thought,wasn,not,$,but,ok,work,t,did,however,didn,off,poorly,waste,returned,after,poor,apart
cheap,does,small,should,disappointed,broke,return,thought,wasn,not,$,but,ok,work,t,did,however,didn,off,poorly,waste,returned,after,poor,apart
cheap,does,small,should,disappointed,broke,return,thought,wasn,not,$,but,ok,work,t,did,however,didn,off,poorly,waste,returned,after,poor,apart
cheap,does,small,should,disappointed,broke,return,thought,wasn,not,$,but,ok,work,t,did,however,didn,off,poorly,waste,returned,after,poor,apart
cheap,does,small,should,disappointed,broke,return,thought,wasn,not,$,but,ok,work,t,did,however,didn,off,poorly,waste,returned,after,poor,apart
cheap,does,small,should,disappointed,broke,return,thought,wasn,not,$,but,ok,work,t,did,however,didn,off,poorly,waste,returned,after,poor,apart
cheap,does,small,should,disappointed,broke,return,thought,wasn,not,$,but,ok,work,t,did,however,didn,off,poorly,waste,returned,after,poor,apart
cheap,does,small,should,disappointed,broke,return,thought,wasn,not,$,but,ok,work,t,did,however,didn,off,poorly,waste,returned,after,poor,apart
cheap,does,small,should,disappointed,broke,return,thought,wasn,not,$,but,ok,work,t,did,however,didn,off,poorly,waste,returned,after,poor,apart
cheap,does,small,should,disappointed,broke,return,thought,wasn,not,$,but,ok,work,t,did,however,didn,off,poorly,waste,returned,after,poor,apart
cheap,does,small,should,disappointed,broke,return,thought,wasn,not,$,but,ok,work,t,did,however,didn,off,poorly,waste,returned,after,poor,apart
cheap,does,small,should,disappointed,broke,return,thought,wasn,not,$,but,ok,work,t,did,however,didn,off,poorly,waste,returned,after,poor,apart
cheap,does,small,should,disappointed,broke,return,thought,wasn,not,$,but,ok,work,t,did,however,didn,off,poorly,waste,returned,after,poor,apart
cheap,does,small,should,disappointed,broke,return,thought,wasn,not,$,but,ok,work,t,did,however,didn,off,poorly,waste,returned,after,poor,apart
cheap,does,small,should,disappointed,broke,return,thought,wasn,not,$,but,ok,work,t,did,however,didn,off,poorly,waste,returned,after,poor,apart
cheap,does,small,should,disappointed,broke,return,thought,wasn,not,$,but,ok,work,t,did,however,didn,off,poorly,waste,returned,after,poor,apart
cheap,does,small,should,disappointed,broke,return,thought,wasn,not,$,but,ok,work,t,did,however,didn,off,poorly,waste,returned,after,poor,apart
cheap,does,small,should,disappointed,broke,return,thought,wasn,not,$,but,ok,work,t,did,however,didn,off,poorly,waste,returned,after,poor,apart
cheap,does,small,should,disappointed,broke,return,thought,wasn,not,$,but,ok,work,t,did,however,didn,off,poorly,waste,returned,after,poor,apart
cheap,does,small,should,disappointed,broke,return,thought,wasn,not,$,but,ok,work,t,did,however,didn,off,poorly,waste,returned,after,poor,apart
cheap,does,small,should,disappointed,broke,return,thought,wasn,not,$,but,ok,work,t,did,however,didn,off,poorly,waste,returned,after,poor,apart
cheap,does,small,should,disappointed,broke,return,thought,wasn,not,$,but,ok,work,t,did,however,didn,off,poorly,waste,returned,after,poor,apart
cheap,does,small,should,disappointed,broke,return,thought,wasn,not,$,but,ok,work,t,did,however,didn,off,poorly,waste,returned,after,poor,apart
cheap,does,small,should,disappointed,broke,return,thought,wasn,not,$,but,ok,work,t,did,however,didn,off,poorly,waste,returned,after,poor,apart
cheap,does,small,should,disappointed,broke,return,thought,wasn,not,$,but,ok,work,t,did,however,didn,off,poorly,waste,returned,after,poor,apart
cheap,does,small,should,disappointed,broke,return,thought,wasn,not,$,but,ok,work,t,did,however,didn,off,poorly,waste,returned,after,poor,apart
cheap,does,small,should,disappointed,broke,return,thought,wasn,not,$,but,ok,work,t,did,however,didn,off,poorly,waste,returned,after,poor,apart
cheap,does,small,should,disappointed,broke,return,thought,wasn,not,$,but,ok,work,t,did,however,didn,off,poorly,waste,returned,after,poor,apart
cheap,does,small,should,disappointed,broke,return,thought,wasn,not,$,but,ok,work,t,did,however,didn,off,poorly,waste,returned,after,poor,apart
cheap,does,small,should,disappointed,broke,return,thought,wasn,not,$,but,ok,work,t,did,however,didn,off,poorly,waste,returned,after,poor,apart
cheap,does,small,should,disappointed,broke,return,thought,wasn,not,$,but,ok,work,t,did,however,didn,off,poorly,waste,returned,after,poor,apart
cheap,does,small,should,disappointed,broke,return,thought,wasn,not,$,but,ok,work,t,did,however,didn,off,poorly,waste,returned,after,poor,apart
cheap,does,small,should,disappointed,broke,return,thought,wasn,not,$,but,ok,work,t,did,however,didn,off,poorly,waste,returned,after,poor,apart
cheap,does,small,should,disappointed,broke,return,thought,wasn,not,$,but,ok,work,t,did,however,didn,off,poorly,waste,returned,after,poor,apart
cheap,does,small,should,disappointed,broke,return,thought,wasn,not,$,but,ok,work,t,did,however,didn,off,poorly,waste,returned,after,poor,apart
cheap,does,small,should,disappointed,broke,return,thought,wasn,not,$,but,ok,work,t,did,however,didn,off,poorly,waste,returned,after,poor,apart
cheap,does,small,should,disappointed,broke,return,thought,wasn,not,$,but,ok,work,t,did,however,didn,off,poorly,waste,returned,after,poor,apart
cheap,does,small,should,disappointed,broke,return,thought,wasn,not,$,but,ok,work,t,did,however,didn,off,poorly,waste,returned,after,poor,apart
cheap,does,small,should,disappointed,broke,return,thought,wasn,not,$,but,ok,work,t,did,however,didn,off,poorly,waste,returned,after,poor,apart
cheap,does,small,should,disappointed,broke,return,thought,wasn,not,$,but,ok,work,t,did,however,didn,off,poorly,waste,returned,after,poor,apart
cheap,does,small,should,disappointed,broke,return,thought,wasn,not,$,but,ok,work,t,did,however,didn,off,poorly,waste,returned,after,poor,apart
cheap,does,small,should,disappointed,broke,return,thought,wasn,not,$,but,ok,work,t,did,however,didn,off,poorly,waste,returned,after,poor,apart
cheap,does,small,should,disappointed,broke,return,thought,wasn,not,$,but,ok,work,t,did,however,didn,off,poorly,waste,returned,after,poor,apart
cheap,does,small,should,disappointed,broke,return,thought,wasn,not,$,but,ok,work,t,did,however,didn,off,poorly,waste,returned,after,poor,apart
cheap,does,small,should,disappointed,broke,return,thought,wasn,not,$,but,ok,work,t,did,however,didn,off,poorly,waste,returned,after,poor,apart
cheap,does,small,should,disappointed,broke,return,thought,wasn,not,$,but,ok,work,t,did,however,didn,off,poorly,waste,returned,after,poor,apart
cheap,does,small,should,disappointed,broke,return,thought,wasn,not,$,but,ok,work,t,did,however,didn,off,poorly,waste,returned,after,poor,apart
cheap,does,small,should,disappointed,broke,return,thought,wasn,not,$,but,ok,work,t,did,however,didn,off,poorly,waste,returned,after,poor,apart
cheap,does,small,should,disappointed,broke,return,thought,wasn,not,$,but,ok,work,t,did,however,didn,off,poorly,waste,returned,after,poor,apart
cheap,does,small,should,disappointed,broke,return,thought,wasn,not,$,but,ok,work,t,did,however,didn,off,poorly,waste,returned,after,poor,apart
cheap,does,small,should,disappointed,broke,return,thought,wasn,not,$,but,ok,work,t,did,however,didn,off,poorly,waste,returned,after,poor,apart
cheap,does,small,should,disappointed,broke,return,thought,wasn,not,$,but,ok,work,t,did,however,didn,off,poorly,waste,returned,after,poor,apart
cheap,does,small,should,disappointed,broke,return,thought,wasn,not,$,but,ok,work,t,did,however,didn,off,poorly,waste,returned,after,poor,apart
cheap,does,small,should,disappointed,broke,return,thought,wasn,not,$,but,ok,work,t,did,however,didn,off,poorly,waste,returned,after,poor,apart
cheap,does,small,should,disappointed,broke,return,thought,wasn,not,$,but,ok,work,t,did,however,didn,off,poorly,waste,returned,after,poor,apart
cheap,does,small,should,disappointed,broke,return,thought,wasn,not,$,but,ok,work,t,did,however,didn,off,poorly,waste,returned,after,poor,apart
cheap,does,small,should,disappointed,broke,return,thought,wasn,not,$,but,ok,work,t,did,however,didn,off,poorly,waste,returned,after,poor,apart
cheap,does,small,should,disappointed,broke,return,thought,wasn,not,$,but,ok,work,t,did,however,didn,off,poorly,waste,returned,after,poor,apart
cheap,does,small,should,disappointed,broke,return,thought,wasn,not,$,but,ok,work,t,did,however,didn,off,poorly,waste,returned,after,poor,apart
cheap,does,small,should,disappointed,broke,return,thought,wasn,not,$,but,ok,work,t,did,however,didn,off,poorly,waste,returned,after,poor,apart
cheap,does,small,should,disappointed,broke,return,thought,wasn,not,$,but,ok,work,t,did,however,didn,off,poorly,waste,returned,after,poor,apart
cheap,does,small,should,disappointed,broke,return,thought,wasn,not,$,but,ok,work,t,did,however,didn,off,poorly,waste,returned,after,poor,apart
cheap,does,small,should,disappointed,broke,return,thought,wasn,not,$,but,ok,work,t,did,however,didn,off,poorly,waste,returned,after,poor,apart
cheap,does,small,should,disappointed,broke,return,thought,wasn,not,$,but,ok,work,t,did,however,didn,off,poorly,waste,returned,after,poor,apart
cheap,does,small,should,disappointed,broke,return,thought,wasn,not,$,but,ok,work,t,did,however,didn,off,poorly,waste,returned,after,poor,apart
cheap,does,small,should,disappointed,broke,return,thought,wasn,not,$,but,ok,work,t,did,however,didn,off,poorly,waste,returned,after,poor,apart
cheap,does,small,should,disappointed,broke,return,thought,wasn,not,$,but,ok,work,t,did,however,didn,off,poorly,waste,returned,after,poor,apart
cheap,does,small,should,disappointed,broke,return,thought,wasn,not,$,but,ok,work,t,did,however,didn,off,poorly,waste,returned,after,poor,apart
cheap,does,small,should,disappointed,broke,return,thought,wasn,not,$,but,ok,work,t,did,however,didn,off,poorly,waste,returned,after,poor,apart
cheap,does,small,should,disappointed,broke,return,thought,wasn,not,$,but,ok,work,t,did,however,didn,off,poorly,waste,returned,after,poor,apart
cheap,does,small,should,disappointed,broke,return,thought,wasn,not,$,but,ok,work,t,did,however,didn,off,poorly,waste,returned,after,poor,apart
cheap,does,small,should,disappointed,broke,return,thought,wasn,not,$,but,ok,work,t,did,however,didn,off,poorly,waste,returned,after,poor,apart
cheap,does,small,should,disappointed,broke,return,thought,wasn,not,$,but,ok,work,t,did,however,didn,off,poorly,waste,returned,after,poor,apart
cheap,does,small,should,disappointed,broke,return,thought,wasn,not,$,but,ok,work,t,did,however,didn,off,poorly,waste,returned,after,poor,apart
cheap,does,small,should,disappointed,broke,return,thought,wasn,not,$,but,ok,work,t,did,however,didn,off,poorly,waste,returned,after,poor,apart
cheap,does,small,should,disappointed,broke,return,thought,wasn,not,$,but,ok,work,t,did,however,didn,off,poorly,waste,returned,after,poor,apart
cheap,does,small,should,disappointed,broke,return,thought,wasn,not,$,but,ok,work,t,did,however,didn,off,poorly,waste,returned,after,poor,apart
cheap,does,small,should,disappointed,broke,return,thought,wasn,not,$,but,ok,work,t,did,however,didn,off,poorly,waste,returned,after,poor,apart
cheap,does,small,should,disappointed,broke,return,thought,wasn,not,$,but,ok,work,t,did,however,didn,off,poorly,waste,returned,after,poor,apart
cheap,does,small,should,disappointed,broke,return,thought,wasn,not,$,but,ok,work,t,did,however,didn,off,poorly,waste,returned,after,poor,apart
cheap,does,small,should,disappointed,broke,return,thought,wasn,not,$,but,ok,work,t,did,however,didn,off,poorly,waste,returned,after,poor,apart
cheap,does,small,should,disappointed,broke,return,thought,wasn,not,$,but,ok,work,t,did,however,didn,off,poorly,waste,returned,after,poor,apart
cheap,does,small,should,disappointed,broke,return,thought,wasn,not,$,but,ok,work,t,did,however,didn,off,poorly,waste,returned,after,poor,apart
cheap,does,small,should,disappointed,broke,return,thought,wasn,not,$,but,ok,work,t,did,however,didn,off,poorly,waste,returned,after,poor,apart
cheap,does,small,should,disappointed,broke,return,thought,wasn,not,$,but,ok,work,t,did,however,didn,off,poorly,waste,returned,after,poor,apart
cheap,does,small,should,disappointed,broke,return,thought,wasn,not,$,but,ok,work,t,did,however,didn,off,poorly,waste,returned,after,poor,apart
cheap,does,small,should,disappointed,broke,return,thought,wasn,not,$,but,ok,work,t,did,however,didn,off,poorly,waste,returned,after,poor,apart
cheap,does,small,should,disappointed,broke,return,thought,wasn,not,$,but,ok,work,t,did,however,didn,off,poorly,waste,returned,after,poor,apart
cheap,does,small,should,disappointed,broke,return,thought,wasn,not,$,but,ok,work,t,did,however,didn,off,poorly,waste,returned,after,poor,apart
cheap,does,small,should,disappointed,broke,return,thought,wasn,not,$,but,ok,work,t,did,however,didn,off,poorly,waste,returned,after,poor,apart
cheap,does,small,should,disappointed,broke,return,thought,wasn,not,$,but,ok,work,t,did,however,didn,off,poorly,waste,returned,after,poor,apart
cheap,does,small,should,disappointed,broke,return,thought,wasn,not,$,but,ok,work,t,did,however,didn,off,poorly,waste,returned,after,poor,apart
cheap,does,small,should,disappointed,broke,return,thought,wasn,not,$,but,ok,work,t,did,however,didn,off,poorly,waste,returned,after,poor,apart
cheap,does,small,should,disappointed,broke,return,thought,wasn,not,$,but,ok,work,t,did,however,didn,off,poorly,waste,returned,after,poor,apart
cheap,does,small,should,disappointed,broke,return,thought,wasn,not,$,but,ok,work,t,did,however,didn,off,poorly,waste,returned,after,poor,apart
cheap,does,small,should,disappointed,broke,return,thought,wasn,not,$,but,ok,work,t,did,however,didn,off,poorly,waste,returned,after,poor,apart
cheap,does,small,should,disappointed,broke,return,thought,wasn,not,$,but,ok,work,t,did,however,didn,off,poorly,waste,returned,after,poor,apart
cheap,does,small,should,disappointed,broke,return,thought,wasn,not,$,but,ok,work,t,did,however,didn,off,poorly,waste,returned,after,poor,apart
cheap,does,small,should,disappointed,broke,return,thought,wasn,not,$,but,ok,work,t,did,however,didn,off,poorly,waste,returned,after,poor,apart
cheap,does,small,should,disappointed,broke,return,thought,wasn,not,$,but,ok,work,t,did,however,didn,off,poorly,waste,returned,after,poor,apart
cheap,does,small,should,disappointed,broke,return,thought,wasn,not,$,but,ok,work,t,did,however,didn,off,poorly,waste,returned,after,poor,apart
cheap,does,small,should,disappointed,broke,return,thought,wasn,not,$,but,ok,work,t,did,however,didn,off,poorly,waste,returned,after,poor,apart
cheap,does,small,should,disappointed,broke,return,thought,wasn,not,$,but,ok,work,t,did,however,didn,off,poorly,waste,returned,after,poor,apart
cheap,does,small,should,disappointed,broke,return,thought,wasn,not,$,but,ok,work,t,did,however,didn,off,poorly,waste,returned,after,poor,apart
cheap,does,small,should,disappointed,broke,return,thought,wasn,not,$,but,ok,work,t,did,however,didn,off,poorly,waste,returned,after,poor,apart
cheap,does,small,should,disappointed,broke,return,thought,wasn,not,$,but,ok,work,t,did,however,didn,off,poorly,waste,returned,after,poor,apart
cheap,does,small,should,disappointed,broke,return,thought,wasn,not,$,but,ok,work,t,did,however,didn,off,poorly,waste,returned,after,poor,apart
cheap,does,small,should,disappointed,broke,return,thought,wasn,not,$,but,ok,work,t,did,however,didn,off,poorly,waste,returned,after,poor,apart
cheap,does,small,should,disappointed,broke,return,thought,wasn,not,$,but,ok,work,t,did,however,didn,off,poorly,waste,returned,after,poor,apart
cheap,does,small,should,disappointed,broke,return,thought,wasn,not,$,but,ok,work,t,did,however,didn,off,poorly,waste,returned,after,poor,apart
cheap,does,small,should,disappointed,broke,return,thought,wasn,not,$,but,ok,work,t,did,however,didn,off,poorly,waste,returned,after,poor,apart
cheap,does,small,should,disappointed,broke,return,thought,wasn,not,$,but,ok,work,t,did,however,didn,off,poorly,waste,returned,after,poor,apart
cheap,does,small,should,disappointed,broke,return,thought,wasn,not,$,but,ok,work,t,did,however,didn,off,poorly,waste,returned,after,poor,apart
cheap,does,small,should,disappointed,broke,return,thought,wasn,not,$,but,ok,work,t,did,however,didn,off,poorly,waste,returned,after,poor,apart
cheap,does,small,should,disappointed,broke,return,thought,wasn,not,$,but,ok,work,t,did,however,didn,off,poorly,waste,returned,after,poor,apart
cheap,does,small,should,disappointed,broke,return,thought,wasn,not,$,but,ok,work,t,did,however,didn,off,poorly,waste,returned,after,poor,apart
cheap,does,small,should,disappointed,broke,return,thought,wasn,not,$,but,ok,work,t,did,however,didn,off,poorly,waste,returned,after,poor,apart
cheap,does,small,should,disappointed,broke,return,thought,wasn,not,$,but,ok,work,t,did,however,didn,off,poorly,waste,returned,after,poor,apart
cheap,does,small,should,disappointed,broke,return,thought,wasn,not,$,but,ok,work,t,did,however,didn,off,poorly,waste,returned,after,poor,apart
cheap,does,small,should,disappointed,broke,return,thought,wasn,not,$,but,ok,work,t,did,however,didn,off,poorly,waste,returned,after,poor,apart
cheap,does,small,should,disappointed,broke,return,thought,wasn,not,$,but,ok,work,t,did,however,didn,off,poorly,waste,returned,after,poor,apart
cheap,does,small,should,disappointed,broke,return,thought,wasn,not,$,but,ok,work,t,did,however,didn,off,poorly,waste,returned,after,poor,apart
cheap,does,small,should,disappointed,broke,return,thought,wasn,not,$,but,ok,work,t,did,however,didn,off,poorly,waste,returned,after,poor,apart
cheap,does,small,should,disappointed,broke,return,thought,wasn,not,$,but,ok,work,t,did,however,didn,off,poorly,waste,returned,after,poor,apart
cheap,does,small,should,disappointed,broke,return,thought,wasn,not,$,but,ok,work,t,did,however,didn,off,poorly,waste,returned,after,poor,apart
cheap,does,small,should,disappointed,broke,return,thought,wasn,not,$,but,ok,work,t,did,however,didn,off,poorly,waste,returned,after,poor,apart
cheap,does,small,should,disappointed,broke,return,thought,wasn,not,$,but,ok,work,t,did,however,didn,off,poorly,waste,returned,after,poor,apart
cheap,does,small,should,disappointed,broke,return,thought,wasn,not,$,but,ok,work,t,did,however,didn,off,poorly,waste,returned,after,poor,apart
cheap,does,small,should,disappointed,broke,return,thought,wasn,not,$,but,ok,work,t,did,however,didn,off,poorly,waste,returned,after,poor,apart
cheap,does,small,should,disappointed,broke,return,thought,wasn,not,$,but,ok,work,t,did,however,didn,off,poorly,waste,returned,after,poor,apart
cheap,does,small,should,disappointed,broke,return,thought,wasn,not,$,but,ok,work,t,did,however,didn,off,poorly,waste,returned,after,poor,apart
cheap,does,small,should,disappointed,broke,return,thought,wasn,not,$,but,ok,work,t,did,however,didn,off,poorly,waste,returned,after,poor,apart
cheap,does,small,should,disappointed,broke,return,thought,wasn,not,$,but,ok,work,t,did,however,didn,off,poorly,waste,returned,after,poor,apart
cheap,does,small,should,disappointed,broke,return,thought,wasn,not,$,but,ok,work,t,did,however,didn,off,poorly,waste,returned,after,poor,apart
cheap,does,small,should,disappointed,broke,return,thought,wasn,not,$,but,ok,work,t,did,however,didn,off,poorly,waste,returned,after,poor,apart
cheap,does,small,should,disappointed,broke,return,thought,wasn,not,$,but,ok,work,t,did,however,didn,off,poorly,waste,returned,after,poor,apart
cheap,does,small,should,disappointed,broke,return,thought,wasn,not,$,but,ok,work,t,did,however,didn,off,poorly,waste,returned,after,poor,apart
cheap,does,small,should,disappointed,broke,return,thought,wasn,not,$,but,ok,work,t,did,however,didn,off,poorly,waste,returned,after,poor,apart
cheap,does,small,should,disappointed,broke,return,thought,wasn,not,$,but,ok,work,t,did,however,didn,off,poorly,waste,returned,after,poor,apart
cheap,does,small,should,disappointed,broke,return,thought,wasn,not,$,but,ok,work,t,did,however,didn,off,poorly,waste,returned,after,poor,apart
cheap,does,small,should,disappointed,broke,return,thought,wasn,not,$,but,ok,work,t,did,however,didn,off,poorly,waste,returned,after,poor,apart
cheap,does,small,should,disappointed,broke,return,thought,wasn,not,$,but,ok,work,t,did,however,didn,off,poorly,waste,returned,after,poor,apart
cheap,does,small,should,disappointed,broke,return,thought,wasn,not,$,but,ok,work,t,did,however,didn,off,poorly,waste,returned,after,poor,apart
cheap,does,small,should,disappointed,broke,return,thought,wasn,not,$,but,ok,work,t,did,however,didn,off,poorly,waste,returned,after,poor,apart
cheap,does,small,should,disappointed,broke,return,thought,wasn,not,$,but,ok,work,t,did,however,didn,off,poorly,waste,returned,after,poor,apart
cheap,does,small,should,disappointed,broke,return,thought,wasn,not,$,but,ok,work,t,did,however,didn,off,poorly,waste,returned,after,poor,apart
cheap,does,small,should,disappointed,broke,return,thought,wasn,not,$,but,ok,work,t,did,however,didn,off,poorly,waste,returned,after,poor,apart
cheap,does,small,should,disappointed,broke,return,thought,wasn,not,$,but,ok,work,t,did,however,didn,off,poorly,waste,returned,after,poor,apart
cheap,does,small,should,disappointed,broke,return,thought,wasn,not,$,but,ok,work,t,did,however,didn,off,poorly,waste,returned,after,poor,apart
cheap,does,small,should,disappointed,broke,return,thought,wasn,not,$,but,ok,work,t,did,however,didn,off,poorly,waste,returned,after,poor,apart
cheap,does,small,should,disappointed,broke,return,thought,wasn,not,$,but,ok,work,t,did,however,didn,off,poorly,waste,returned,after,poor,apart
cheap,does,small,should,disappointed,broke,return,thought,wasn,not,$,but,ok,work,t,did,however,didn,off,poorly,waste,returned,after,poor,apart
cheap,does,small,should,disappointed,broke,return,thought,wasn,not,$,but,ok,work,t,did,however,didn,off,poorly,waste,returned,after,poor,apart
cheap,does,small,should,disappointed,broke,return,thought,wasn,not,$,but,ok,work,t,did,however,didn,off,poorly,waste,returned,after,poor,apart
cheap,does,small,should,disappointed,broke,return,thought,wasn,not,$,but,ok,work,t,did,however,didn,off,poorly,waste,returned,after,poor,apart
cheap,does,small,should,disappointed,broke,return,thought,wasn,not,$,but,ok,work,t,did,however,didn,off,poorly,waste,returned,after,poor,apart
cheap,does,small,should,disappointed,broke,return,thought,wasn,not,$,but,ok,work,t,did,however,didn,off,poorly,waste,returned,after,poor,apart
cheap,does,small,should,disappointed,broke,return,thought,wasn,not,$,but,ok,work,t,did,however,didn,off,poorly,waste,returned,after,poor,apart
cheap,does,small,should,disappointed,broke,return,thought,wasn,not,$,but,ok,work,t,did,however,didn,off,poorly,waste,returned,after,poor,apart
cheap,does,small,should,disappointed,broke,return,thought,wasn,not,$,but,ok,work,t,did,however,didn,off,poorly,waste,returned,after,poor,apart
cheap,does,small,should,disappointed,broke,return,thought,wasn,not,$,but,ok,work,t,did,however,didn,off,poorly,waste,returned,after,poor,apart
cheap,does,small,should,disappointed,broke,return,thought,wasn,not,$,but,ok,work,t,did,however,didn,off,poorly,waste,returned,after,poor,apart
cheap,does,small,should,disappointed,broke,return,thought,wasn,not,$,but,ok,work,t,did,however,didn,off,poorly,waste,returned,after,poor,apart
cheap,does,small,should,disappointed,broke,return,thought,wasn,not,$,but,ok,work,t,did,however,didn,off,poorly,waste,returned,after,poor,apart
cheap,does,small,should,disappointed,broke,return,thought,wasn,not,$,but,ok,work,t,did,however,didn,off,poorly,waste,returned,after,poor,apart
cheap,does,small,should,disappointed,broke,return,thought,wasn,not,$,but,ok,work,t,did,however,didn,off,poorly,waste,returned,after,poor,apart
cheap,does,small,should,disappointed,broke,return,thought,wasn,not,$,but,ok,work,t,did,however,didn,off,poorly,waste,returned,after,poor,apart
cheap,does,small,should,disappointed,broke,return,thought,wasn,not,$,but,ok,work,t,did,however,didn,off,poorly,waste,returned,after,poor,apart
cheap,does,small,should,disappointed,broke,return,thought,wasn,not,$,but,ok,work,t,did,however,didn,off,poorly,waste,returned,after,poor,apart
cheap,does,small,should,disappointed,broke,return,thought,wasn,not,$,but,ok,work,t,did,however,didn,off,poorly,waste,returned,after,poor,apart
cheap,does,small,should,disappointed,broke,return,thought,wasn,not,$,but,ok,work,t,did,however,didn,off,poorly,waste,returned,after,poor,apart
cheap,does,small,should,disappointed,broke,return,thought,wasn,not,$,but,ok,work,t,did,however,didn,off,poorly,waste,returned,after,poor,apart
cheap,does,small,should,disappointed,broke,return,thought,wasn,not,$,but,ok,work,t,did,however,didn,off,poorly,waste,returned,after,poor,apart
cheap,does,small,should,disappointed,broke,return,thought,wasn,not,$,but,ok,work,t,did,however,didn,off,poorly,waste,returned,after,poor,apart
cheap,does,small,should,disappointed,broke,return,thought,wasn,not,$,but,ok,work,t,did,however,didn,off,poorly,waste,returned,after,poor,apart
cheap,does,small,should,disappointed,broke,return,thought,wasn,not,$,but,ok,work,t,did,however,didn,off,poorly,waste,returned,after,poor,apart
cheap,does,small,should,disappointed,broke,return,thought,wasn,not,$,but,ok,work,t,did,however,didn,off,poorly,waste,returned,after,poor,apart
cheap,does,small,should,disappointed,broke,return,thought,wasn,not,$,but,ok,work,t,did,however,didn,off,poorly,waste,returned,after,poor,apart
cheap,does,small,should,disappointed,broke,return,thought,wasn,not,$,but,ok,work,t,did,however,didn,off,poorly,waste,returned,after,poor,apart
cheap,does,small,should,disappointed,broke,return,thought,wasn,not,$,but,ok,work,t,did,however,didn,off,poorly,waste,returned,after,poor,apart
cheap,does,small,should,disappointed,broke,return,thought,wasn,not,$,but,ok,work,t,did,however,didn,off,poorly,waste,returned,after,poor,apart
cheap,does,small,should,disappointed,broke,return,thought,wasn,not,$,but,ok,work,t,did,however,didn,off,poorly,waste,returned,after,poor,apart
cheap,does,small,should,disappointed,broke,return,thought,wasn,not,$,but,ok,work,t,did,however,didn,off,poorly,waste,returned,after,poor,apart
cheap,does,small,should,disappointed,broke,return,thought,wasn,not,$,but,ok,work,t,did,however,didn,off,poorly,waste,returned,after,poor,apart
cheap,does,small,should,disappointed,broke,return,thought,wasn,not,$,but,ok,work,t,did,however,didn,off,poorly,waste,returned,after,poor,apart
cheap,does,small,should,disappointed,broke,return,thought,wasn,not,$,but,ok,work,t,did,however,didn,off,poorly,waste,returned,after,poor,apart
cheap,does,small,should,disappointed,broke,return,thought,wasn,not,$,but,ok,work,t,did,however,didn,off,poorly,waste,returned,after,poor,apart
cheap,does,small,should,disappointed,broke,return,thought,wasn,not,$,but,ok,work,t,did,however,didn,off,poorly,waste,returned,after,poor,apart
cheap,does,small,should,disappointed,broke,return,thought,wasn,not,$,but,ok,work,t,did,however,didn,off,poorly,waste,returned,after,poor,apart
cheap,does,small,should,disappointed,broke,return,thought,wasn,not,$,but,ok,work,t,did,however,didn,off,poorly,waste,returned,after,poor,apart
cheap,does,small,should,disappointed,broke,return,thought,wasn,not,$,but,ok,work,t,did,however,didn,off,poorly,waste,returned,after,poor,apart
cheap,does,small,should,disappointed,broke,return,thought,wasn,not,$,but,ok,work,t,did,however,didn,off,poorly,waste,returned,after,poor,apart
cheap,does,small,should,disappointed,broke,return,thought,wasn,not,$,but,ok,work,t,did,however,didn,off,poorly,waste,returned,after,poor,apart
cheap,does,small,should,disappointed,broke,return,thought,wasn,not,$,but,ok,work,t,did,however,didn,off,poorly,waste,returned,after,poor,apart
cheap,does,small,should,disappointed,broke,return,thought,wasn,not,$,but,ok,work,t,did,however,didn,off,poorly,waste,returned,after,poor,apart
cheap,does,small,should,disappointed,broke,return,thought,wasn,not,$,but,ok,work,t,did,however,didn,off,poorly,waste,returned,after,poor,apart
cheap,does,small,should,disappointed,broke,return,thought,wasn,not,$,but,ok,work,t,did,however,didn,off,poorly,waste,returned,after,poor,apart
cheap,does,small,should,disappointed,broke,return,thought,wasn,not,$,but,ok,work,t,did,however,didn,off,poorly,waste,returned,after,poor,apart
cheap,does,small,should,disappointed,broke,return,thought,wasn,not,$,but,ok,work,t,did,however,didn,off,poorly,waste,returned,after,poor,apart
cheap,does,small,should,disappointed,broke,return,thought,wasn,not,$,but,ok,work,t,did,however,didn,off,poorly,waste,returned,after,poor,apart
cheap,does,small,should,disappointed,broke,return,thought,wasn,not,$,but,ok,work,t,did,however,didn,off,poorly,waste,returned,after,poor,apart
cheap,does,small,should,disappointed,broke,return,thought,wasn,not,$,but,ok,work,t,did,however,didn,off,poorly,waste,returned,after,poor,apart
cheap,does,small,should,disappointed,broke,return,thought,wasn,not,$,but,ok,work,t,did,however,didn,off,poorly,waste,returned,after,poor,apart
cheap,does,small,should,disappointed,broke,return,thought,wasn,not,$,but,ok,work,t,did,however,didn,off,poorly,waste,returned,after,poor,apart
cheap,does,small,should,disappointed,broke,return,thought,wasn,not,$,but,ok,work,t,did,however,didn,off,poorly,waste,returned,after,poor,apart
cheap,does,small,should,disappointed,broke,return,thought,wasn,not,$,but,ok,work,t,did,however,didn,off,poorly,waste,returned,after,poor,apart
cheap,does,small,should,disappointed,broke,return,thought,wasn,not,$,but,ok,work,t,did,however,didn,off,poorly,waste,returned,after,poor,apart
cheap,does,small,should,disappointed,broke,return,thought,wasn,not,$,but,ok,work,t,did,however,didn,off,poorly,waste,returned,after,poor,apart
cheap,does,small,should,disappointed,broke,return,thought,wasn,not,$,but,ok,work,t,did,however,didn,off,poorly,waste,returned,after,poor,apart
cheap,does,small,should,disappointed,broke,return,thought,wasn,not,$,but,ok,work,t,did,however,didn,off,poorly,waste,returned,after,poor,apart
cheap,does,small,should,disappointed,broke,return,thought,wasn,not,$,but,ok,work,t,did,however,didn,off,poorly,waste,returned,after,poor,apart
cheap,does,small,should,disappointed,broke,return,thought,wasn,not,$,but,ok,work,t,did,however,didn,off,poorly,waste,returned,after,poor,apart
cheap,does,small,should,disappointed,broke,return,thought,wasn,not,$,but,ok,work,t,did,however,didn,off,poorly,waste,returned,after,poor,apart
cheap,does,small,should,disappointed,broke,return,thought,wasn,not,$,but,ok,work,t,did,however,didn,off,poorly,waste,returned,after,poor,apart
cheap,does,small,should,disappointed,broke,return,thought,wasn,not,$,but,ok,work,t,did,however,didn,off,poorly,waste,returned,after,poor,apart
cheap,does,small,should,disappointed,broke,return,thought,wasn,not,$,but,ok,work,t,did,however,didn,off,poorly,waste,returned,after,poor,apart
cheap,does,small,should,disappointed,broke,return,thought,wasn,not,$,but,ok,work,t,did,however,didn,off,poorly,waste,returned,after,poor,apart
cheap,does,small,should,disappointed,broke,return,thought,wasn,not,$,but,ok,work,t,did,however,didn,off,poorly,waste,returned,after,poor,apart
cheap,does,small,should,disappointed,broke,return,thought,wasn,not,$,but,ok,work,t,did,however,didn,off,poorly,waste,returned,after,poor,apart
cheap,does,small,should,disappointed,broke,return,thought,wasn,not,$,but,ok,work,t,did,however,didn,off,poorly,waste,returned,after,poor,apart
cheap,does,small,should,disappointed,broke,return,thought,wasn,not,$,but,ok,work,t,did,however,didn,off,poorly,waste,returned,after,poor,apart
cheap,does,small,should,disappointed,broke,return,thought,wasn,not,$,but,ok,work,t,did,however,didn,off,poorly,waste,returned,after,poor,apart
cheap,does,small,should,disappointed,broke,return,thought,wasn,not,$,but,ok,work,t,did,however,didn,off,poorly,waste,returned,after,poor,apart
cheap,does,small,should,disappointed,broke,return,thought,wasn,not,$,but,ok,work,t,did,however,didn,off,poorly,waste,returned,after,poor,apart
cheap,does,small,should,disappointed,broke,return,thought,wasn,not,$,but,ok,work,t,did,however,didn,off,poorly,waste,returned,after,poor,apart
cheap,does,small,should,disappointed,broke,return,thought,wasn,not,$,but,ok,work,t,did,however,didn,off,poorly,waste,returned,after,poor,apart
cheap,does,small,should,disappointed,broke,return,thought,wasn,not,$,but,ok,work,t,did,however,didn,off,poorly,waste,returned,after,poor,apart
cheap,does,small,should,disappointed,broke,return,thought,wasn,not,$,but,ok,work,t,did,however,didn,off,poorly,waste,returned,after,poor,apart
cheap,does,small,should,disappointed,broke,return,thought,wasn,not,$,but,ok,work,t,did,however,didn,off,poorly,waste,returned,after,poor,apart
cheap,does,small,should,disappointed,broke,return,thought,wasn,not,$,but,ok,work,t,did,however,didn,off,poorly,waste,returned,after,poor,apart
cheap,does,small,should,disappointed,broke,return,thought,wasn,not,$,but,ok,work,t,did,however,didn,off,poorly,waste,returned,after,poor,apart
cheap,does,small,should,disappointed,broke,return,thought,wasn,not,$,but,ok,work,t,did,however,didn,off,poorly,waste,returned,after,poor,apart
cheap,does,small,should,disappointed,broke,return,thought,wasn,not,$,but,ok,work,t,did,however,didn,off,poorly,waste,returned,after,poor,apart
cheap,does,small,should,disappointed,broke,return,thought,wasn,not,$,but,ok,work,t,did,however,didn,off,poorly,waste,returned,after,poor,apart
cheap,does,small,should,disappointed,broke,return,thought,wasn,not,$,but,ok,work,t,did,however,didn,off,poorly,waste,returned,after,poor,apart
cheap,does,small,should,disappointed,broke,return,thought,wasn,not,$,but,ok,work,t,did,however,didn,off,poorly,waste,returned,after,poor,apart
cheap,does,small,should,disappointed,broke,return,thought,wasn,not,$,but,ok,work,t,did,however,didn,off,poorly,waste,returned,after,poor,apart
cheap,does,small,should,disappointed,broke,return,thought,wasn,not,$,but,ok,work,t,did,however,didn,off,poorly,waste,returned,after,poor,apart
cheap,does,small,should,disappointed,broke,return,thought,wasn,not,$,but,ok,work,t,did,however,didn,off,poorly,waste,returned,after,poor,apart
cheap,does,small,should,disappointed,broke,return,thought,wasn,not,$,but,ok,work,t,did,however,didn,off,poorly,waste,returned,after,poor,apart
cheap,does,small,should,disappointed,broke,return,thought,wasn,not,$,but,ok,work,t,did,however,didn,off,poorly,waste,returned,after,poor,apart
cheap,does,small,should,disappointed,broke,return,thought,wasn,not,$,but,ok,work,t,did,however,didn,off,poorly,waste,returned,after,poor,apart
cheap,does,small,should,disappointed,broke,return,thought,wasn,not,$,but,ok,work,t,did,however,didn,off,poorly,waste,returned,after,poor,apart
cheap,does,small,should,disappointed,broke,return,thought,wasn,not,$,but,ok,work,t,did,however,didn,off,poorly,waste,returned,after,poor,apart
cheap,does,small,should,disappointed,broke,return,thought,wasn,not,$,but,ok,work,t,did,however,didn,off,poorly,waste,returned,after,poor,apart
cheap,does,small,should,disappointed,broke,return,thought,wasn,not,$,but,ok,work,t,did,however,didn,off,poorly,waste,returned,after,poor,apart
cheap,does,small,should,disappointed,broke,return,thought,wasn,not,$,but,ok,work,t,did,however,didn,off,poorly,waste,returned,after,poor,apart
cheap,does,small,should,disappointed,broke,return,thought,wasn,not,$,but,ok,work,t,did,however,didn,off,poorly,waste,returned,after,poor,apart
cheap,does,small,should,disappointed,broke,return,thought,wasn,not,$,but,ok,work,t,did,however,didn,off,poorly,waste,returned,after,poor,apart
cheap,does,small,should,disappointed,broke,return,thought,wasn,not,$,but,ok,work,t,did,however,didn,off,poorly,waste,returned,after,poor,apart
cheap,does,small,should,disappointed,broke,return,thought,wasn,not,$,but,ok,work,t,did,however,didn,off,poorly,waste,returned,after,poor,apart
cheap,does,small,should,disappointed,broke,return,thought,wasn,not,$,but,ok,work,t,did,however,didn,off,poorly,waste,returned,after,poor,apart
cheap,does,small,should,disappointed,broke,return,thought,wasn,not,$,but,ok,work,t,did,however,didn,off,poorly,waste,returned,after,poor,apart
cheap,does,small,should,disappointed,broke,return,thought,wasn,not,$,but,ok,work,t,did,however,didn,off,poorly,waste,returned,after,poor,apart
cheap,does,small,should,disappointed,broke,return,thought,wasn,not,$,but,ok,work,t,did,however,didn,off,poorly,waste,returned,after,poor,apart
cheap,does,small,should,disappointed,broke,return,thought,wasn,not,$,but,ok,work,t,did,however,didn,off,poorly,waste,returned,after,poor,apart
cheap,does,small,should,disappointed,broke,return,thought,wasn,not,$,but,ok,work,t,did,however,didn,off,poorly,waste,returned,after,poor,apart
cheap,does,small,should,disappointed,broke,return,thought,wasn,not,$,but,ok,work,t,did,however,didn,off,poorly,waste,returned,after,poor,apart
cheap,does,small,should,disappointed,broke,return,thought,wasn,not,$,but,ok,work,t,did,however,didn,off,poorly,waste,returned,after,poor,apart
cheap,does,small,should,disappointed,broke,return,thought,wasn,not,$,but,ok,work,t,did,however,didn,off,poorly,waste,returned,after,poor,apart
cheap,does,small,should,disappointed,broke,return,thought,wasn,not,$,but,ok,work,t,did,however,didn,off,poorly,waste,returned,after,poor,apart
cheap,does,small,should,disappointed,broke,return,thought,wasn,not,$,but,ok,work,t,did,however,didn,off,poorly,waste,returned,after,poor,apart
cheap,does,small,should,disappointed,broke,return,thought,wasn,not,$,but,ok,work,t,did,however,didn,off,poorly,waste,returned,after,poor,apart
cheap,does,small,should,disappointed,broke,return,thought,wasn,not,$,but,ok,work,t,did,however,didn,off,poorly,waste,returned,after,poor,apart
cheap,does,small,should,disappointed,broke,return,thought,wasn,not,$,but,ok,work,t,did,however,didn,off,poorly,waste,returned,after,poor,apart
cheap,does,small,should,disappointed,broke,return,thought,wasn,not,$,but,ok,work,t,did,however,didn,off,poorly,waste,returned,after,poor,apart
cheap,does,small,should,disappointed,broke,return,thought,wasn,not,$,but,ok,work,t,did,however,didn,off,poorly,waste,returned,after,poor,apart
cheap,does,small,should,disappointed,broke,return,thought,wasn,not,$,but,ok,work,t,did,however,didn,off,poorly,waste,returned,after,poor,apart
cheap,does,small,should,disappointed,broke,return,thought,wasn,not,$,but,ok,work,t,did,however,didn,off,poorly,waste,returned,after,poor,apart
cheap,does,small,should,disappointed,broke,return,thought,wasn,not,$,but,ok,work,t,did,however,didn,off,poorly,waste,returned,after,poor,apart
cheap,does,small,should,disappointed,broke,return,thought,wasn,not,$,but,ok,work,t,did,however,didn,off,poorly,waste,returned,after,poor,apart
cheap,does,small,should,disappointed,broke,return,thought,wasn,not,$,but,ok,work,t,did,however,didn,off,poorly,waste,returned,after,poor,apart
cheap,does,small,should,disappointed,broke,return,thought,wasn,not,$,but,ok,work,t,did,however,didn,off,poorly,waste,returned,after,poor,apart
cheap,does,small,should,disappointed,broke,return,thought,wasn,not,$,but,ok,work,t,did,however,didn,off,poorly,waste,returned,after,poor,apart
cheap,does,small,should,disappointed,broke,return,thought,wasn,not,$,but,ok,work,t,did,however,didn,off,poorly,waste,returned,after,poor,apart
cheap,does,small,should,disappointed,broke,return,thought,wasn,not,$,but,ok,work,t,did,however,didn,off,poorly,waste,returned,after,poor,apart
cheap,does,small,should,disappointed,broke,return,thought,wasn,not,$,but,ok,work,t,did,however,didn,off,poorly,waste,returned,after,poor,apart
cheap,does,small,should,disappointed,broke,return,thought,wasn,not,$,but,ok,work,t,did,however,didn,off,poorly,waste,returned,after,poor,apart
cheap,does,small,should,disappointed,broke,return,thought,wasn,not,$,but,ok,work,t,did,however,didn,off,poorly,waste,returned,after,poor,apart
cheap,does,small,should,disappointed,broke,return,thought,wasn,not,$,but,ok,work,t,did,however,didn,off,poorly,waste,returned,after,poor,apart
cheap,does,small,should,disappointed,broke,return,thought,wasn,not,$,but,ok,work,t,did,however,didn,off,poorly,waste,returned,after,poor,apart
cheap,does,small,should,disappointed,broke,return,thought,wasn,not,$,but,ok,work,t,did,however,didn,off,poorly,waste,returned,after,poor,apart
cheap,does,small,should,disappointed,broke,return,thought,wasn,not,$,but,ok,work,t,did,however,didn,off,poorly,waste,returned,after,poor,apart
cheap,does,small,should,disappointed,broke,return,thought,wasn,not,$,but,ok,work,t,did,however,didn,off,poorly,waste,returned,after,poor,apart
cheap,does,small,should,disappointed,broke,return,thought,wasn,not,$,but,ok,work,t,did,however,didn,off,poorly,waste,returned,after,poor,apart
cheap,does,small,should,disappointed,broke,return,thought,wasn,not,$,but,ok,work,t,did,however,didn,off,poorly,waste,returned,after,poor,apart
cheap,does,small,should,disappointed,broke,return,thought,wasn,not,$,but,ok,work,t,did,however,didn,off,poorly,waste,returned,after,poor,apart
cheap,does,small,should,disappointed,broke,return,thought,wasn,not,$,but,ok,work,t,did,however,didn,off,poorly,waste,returned,after,poor,apart
cheap,does,small,should,disappointed,broke,return,thought,wasn,not,$,but,ok,work,t,did,however,didn,off,poorly,waste,returned,after,poor,apart
cheap,does,small,should,disappointed,broke,return,thought,wasn,not,$,but,ok,work,t,did,however,didn,off,poorly,waste,returned,after,poor,apart
cheap,does,small,should,disappointed,broke,return,thought,wasn,not,$,but,ok,work,t,did,however,didn,off,poorly,waste,returned,after,poor,apart
cheap,does,small,should,disappointed,broke,return,thought,wasn,not,$,but,ok,work,t,did,however,didn,off,poorly,waste,returned,after,poor,apart
cheap,does,small,should,disappointed,broke,return,thought,wasn,not,$,but,ok,work,t,did,however,didn,off,poorly,waste,returned,after,poor,apart
cheap,does,small,should,disappointed,broke,return,thought,wasn,not,$,but,ok,work,t,did,however,didn,off,poorly,waste,returned,after,poor,apart
cheap,does,small,should,disappointed,broke,return,thought,wasn,not,$,but,ok,work,t,did,however,didn,off,poorly,waste,returned,after,poor,apart
cheap,does,small,should,disappointed,broke,return,thought,wasn,not,$,but,ok,work,t,did,however,didn,off,poorly,waste,returned,after,poor,apart
cheap,does,small,should,disappointed,broke,return,thought,wasn,not,$,but,ok,work,t,did,however,didn,off,poorly,waste,returned,after,poor,apart
cheap,does,small,should,disappointed,broke,return,thought,wasn,not,$,but,ok,work,t,did,however,didn,off,poorly,waste,returned,after,poor,apart
cheap,does,small,should,disappointed,broke,return,thought,not,$,but,ok,work,t,did,however,disappointing,didn,off,poorly,waste,returned,after,poor,apart
cheap,does,small,should,disappointed,broke,return,thought,not,$,but,ok,work,t,did,however,disappointing,didn,off,poorly,waste,returned,after,poor,apart
cheap,does,small,should,disappointed,broke,return,thought,not,$,but,ok,work,t,did,however,disappointing,didn,off,poorly,waste,returned,after,poor,apart
cheap,does,small,should,disappointed,broke,return,thought,not,$,but,ok,work,t,did,however,disappointing,didn,off,poorly,waste,returned,after,poor,apart
cheap,does,small,should,disappointed,broke,return,thought,not,$,but,ok,work,t,did,however,disappointing,didn,off,poorly,waste,returned,after,poor,apart
cheap,does,small,should,disappointed,broke,return,thought,not,$,but,ok,work,t,did,however,disappointing,didn,off,poorly,waste,returned,after,poor,apart
cheap,does,small,should,disappointed,broke,return,thought,not,$,but,ok,work,t,did,however,disappointing,didn,off,poorly,waste,returned,after,poor,apart
cheap,does,small,should,disappointed,broke,return,thought,not,$,but,ok,work,t,did,however,disappointing,didn,off,poorly,waste,returned,after,poor,apart
cheap,does,small,should,disappointed,broke,return,thought,not,$,but,ok,work,t,did,however,disappointing,didn,off,poorly,waste,returned,after,poor,apart
cheap,does,small,should,disappointed,broke,return,thought,not,$,but,ok,work,t,did,however,disappointing,didn,off,poorly,waste,returned,after,poor,apart
cheap,does,small,should,disappointed,broke,return,thought,not,$,but,ok,work,t,did,however,disappointing,didn,off,poorly,waste,returned,after,poor,apart
cheap,does,small,should,disappointed,broke,return,thought,not,$,but,ok,work,t,did,however,disappointing,didn,off,poorly,waste,returned,after,poor,apart
cheap,does,small,should,disappointed,broke,return,thought,not,$,but,ok,work,t,did,however,disappointing,didn,off,poorly,waste,returned,after,poor,apart
cheap,does,small,should,disappointed,broke,return,thought,not,$,but,ok,work,t,did,however,disappointing,didn,off,poorly,waste,returned,after,poor,apart
cheap,does,small,should,disappointed,broke,return,thought,not,$,but,ok,work,t,did,however,disappointing,didn,off,poorly,waste,returned,after,poor,apart
cheap,does,small,should,disappointed,broke,return,thought,not,$,but,ok,work,t,did,however,disappointing,didn,off,poorly,waste,returned,after,poor,apart
cheap,does,small,should,disappointed,broke,return,thought,not,$,but,ok,work,t,did,however,disappointing,didn,off,poorly,waste,returned,after,poor,apart
cheap,does,small,should,disappointed,broke,return,thought,not,$,but,ok,work,t,did,however,disappointing,didn,off,poorly,waste,returned,after,poor,apart
cheap,does,small,should,disappointed,broke,return,thought,not,$,but,ok,work,t,did,however,disappointing,didn,off,poorly,waste,returned,after,poor,apart
cheap,does,small,should,disappointed,broke,return,thought,not,$,but,ok,work,t,did,however,disappointing,didn,off,poorly,waste,returned,after,poor,apart
cheap,does,small,should,disappointed,broke,return,thought,not,$,but,ok,work,t,did,however,disappointing,didn,off,poorly,waste,returned,after,poor,apart
cheap,does,small,should,disappointed,broke,return,thought,not,$,but,ok,work,t,did,however,disappointing,didn,off,poorly,waste,returned,after,poor,apart
cheap,does,small,should,disappointed,broke,return,thought,not,$,but,ok,work,t,did,however,disappointing,didn,off,poorly,waste,returned,after,poor,apart
cheap,does,small,should,disappointed,broke,return,thought,not,$,but,ok,work,t,did,however,disappointing,didn,off,poorly,waste,returned,after,poor,apart
cheap,does,small,should,disappointed,broke,return,thought,not,$,but,ok,work,t,did,however,disappointing,didn,off,poorly,waste,returned,after,poor,apart
cheap,does,small,should,disappointed,broke,return,thought,not,$,but,ok,work,t,did,however,disappointing,didn,off,poorly,waste,returned,after,poor,apart
cheap,does,small,should,disappointed,broke,return,thought,not,$,but,ok,work,t,did,however,disappointing,didn,off,poorly,waste,returned,after,poor,apart
cheap,does,small,should,disappointed,broke,return,thought,not,$,but,ok,work,t,did,however,disappointing,didn,off,poorly,waste,returned,after,poor,apart
cheap,does,small,should,disappointed,broke,return,thought,not,$,but,ok,work,t,did,however,disappointing,didn,off,poorly,waste,returned,after,poor,apart
cheap,does,small,should,disappointed,broke,return,thought,not,$,but,ok,work,t,did,however,disappointing,didn,off,poorly,waste,returned,after,poor,apart
cheap,does,small,should,disappointed,broke,return,thought,not,$,but,ok,work,t,did,however,disappointing,didn,off,poorly,waste,returned,after,poor,apart
cheap,does,small,should,disappointed,broke,return,thought,not,$,but,ok,work,t,did,however,disappointing,didn,off,poorly,waste,returned,after,poor,apart
cheap,does,small,should,disappointed,broke,return,thought,not,$,but,ok,work,t,did,however,disappointing,didn,off,poorly,waste,returned,after,poor,apart
cheap,does,small,should,disappointed,broke,return,thought,not,$,but,ok,work,t,did,however,disappointing,didn,off,poorly,waste,returned,after,poor,apart
cheap,does,small,should,disappointed,broke,return,thought,not,$,but,ok,work,t,did,however,disappointing,didn,off,poorly,waste,returned,after,poor,apart
cheap,does,small,should,disappointed,broke,return,thought,not,$,but,ok,work,t,did,however,disappointing,didn,off,poorly,waste,returned,after,poor,apart
cheap,does,small,should,disappointed,broke,return,thought,not,$,but,ok,work,t,did,however,disappointing,didn,off,poorly,waste,returned,after,poor,apart
cheap,does,small,should,disappointed,broke,return,thought,not,$,but,ok,work,t,did,however,disappointing,didn,off,poorly,waste,returned,after,poor,apart
cheap,does,small,should,disappointed,broke,return,thought,not,$,but,ok,work,t,did,however,disappointing,didn,off,poorly,waste,returned,after,poor,apart
cheap,does,small,should,disappointed,broke,return,thought,not,$,but,ok,work,t,did,however,disappointing,didn,off,poorly,waste,returned,after,poor,apart
cheap,does,small,should,disappointed,broke,return,thought,not,$,but,ok,work,t,did,however,disappointing,didn,off,poorly,waste,returned,after,poor,apart
cheap,does,small,should,disappointed,broke,return,thought,not,$,but,ok,work,t,did,however,disappointing,didn,off,poorly,waste,returned,after,poor,apart
cheap,does,small,should,disappointed,broke,return,thought,not,$,but,ok,work,t,did,however,disappointing,didn,off,poorly,waste,returned,after,poor,apart
cheap,does,small,should,disappointed,broke,return,thought,not,$,but,ok,work,t,did,however,disappointing,didn,off,poorly,waste,returned,after,poor,apart
cheap,does,small,should,disappointed,broke,return,thought,not,$,but,ok,work,t,did,however,disappointing,didn,off,poorly,waste,returned,after,poor,apart
cheap,does,small,should,disappointed,broke,return,thought,not,$,but,ok,work,t,did,however,disappointing,didn,off,poorly,waste,returned,after,poor,apart
cheap,does,small,should,disappointed,broke,return,thought,not,$,but,ok,work,t,did,however,disappointing,didn,off,poorly,waste,returned,after,poor,apart
cheap,does,small,should,disappointed,broke,return,thought,not,$,but,ok,work,t,did,however,disappointing,didn,off,poorly,waste,returned,after,poor,apart
cheap,does,small,should,disappointed,broke,return,thought,not,$,but,ok,work,t,did,however,disappointing,didn,off,poorly,waste,returned,after,poor,apart
cheap,does,small,should,disappointed,broke,return,thought,not,$,but,ok,work,t,did,however,disappointing,didn,off,poorly,waste,returned,after,poor,apart
cheap,does,small,should,disappointed,broke,return,thought,not,$,but,ok,work,t,did,however,disappointing,didn,off,poorly,waste,returned,after,poor,apart
cheap,does,small,should,disappointed,broke,return,thought,not,$,but,ok,work,t,did,however,disappointing,didn,off,poorly,waste,returned,after,poor,apart
cheap,does,small,should,disappointed,broke,return,thought,not,$,but,ok,work,t,did,however,disappointing,didn,off,poorly,waste,returned,after,poor,apart
cheap,does,small,should,disappointed,broke,return,thought,not,$,but,ok,work,t,did,however,disappointing,didn,off,poorly,waste,returned,after,poor,apart
cheap,does,small,should,disappointed,broke,return,thought,not,$,but,ok,work,t,did,however,disappointing,didn,off,poorly,waste,returned,after,poor,apart
cheap,does,small,should,disappointed,broke,return,thought,not,$,but,ok,work,t,did,however,disappointing,didn,off,poorly,waste,returned,after,poor,apart
cheap,does,small,should,disappointed,broke,return,thought,not,$,but,ok,work,t,did,however,disappointing,didn,off,poorly,waste,returned,after,poor,apart
cheap,does,small,should,disappointed,broke,return,thought,not,$,but,ok,work,t,did,however,disappointing,didn,off,poorly,waste,returned,after,poor,apart
cheap,does,small,should,disappointed,broke,return,thought,not,$,but,ok,work,t,did,however,disappointing,didn,off,poorly,waste,returned,after,poor,apart
cheap,does,small,should,disappointed,broke,return,thought,not,$,but,ok,work,t,did,however,disappointing,didn,off,poorly,waste,returned,after,poor,apart
cheap,does,small,should,disappointed,broke,return,thought,not,$,but,ok,work,t,did,however,disappointing,didn,off,poorly,waste,returned,after,poor,apart
cheap,does,small,should,disappointed,broke,return,thought,not,$,but,ok,work,t,did,however,disappointing,didn,off,poorly,waste,returned,after,poor,apart
cheap,does,small,should,disappointed,broke,return,thought,not,$,but,ok,work,t,did,however,disappointing,didn,off,poorly,waste,returned,after,poor,apart
cheap,does,small,should,disappointed,broke,return,thought,not,$,but,ok,work,t,did,however,disappointing,didn,off,poorly,waste,returned,after,poor,apart
cheap,does,small,should,disappointed,broke,return,thought,not,$,but,ok,work,t,did,however,disappointing,didn,off,poorly,waste,returned,after,poor,apart
cheap,does,small,should,disappointed,broke,return,thought,not,$,but,ok,work,t,did,however,disappointing,didn,off,poorly,waste,returned,after,poor,apart
cheap,does,small,should,disappointed,broke,return,thought,not,$,but,ok,work,t,did,however,disappointing,didn,off,poorly,waste,returned,after,poor,apart
cheap,does,small,should,disappointed,broke,return,thought,not,$,but,ok,work,t,did,however,disappointing,didn,off,poorly,waste,returned,after,poor,apart
cheap,does,small,should,disappointed,broke,return,thought,not,$,but,ok,work,t,did,however,disappointing,didn,off,poorly,waste,returned,after,poor,apart
cheap,does,small,should,disappointed,broke,return,thought,not,$,but,ok,work,t,did,however,disappointing,didn,off,poorly,waste,returned,after,poor,apart
cheap,does,small,should,disappointed,broke,return,thought,not,$,but,ok,work,t,did,however,disappointing,didn,off,poorly,waste,returned,after,poor,apart
cheap,does,small,should,disappointed,broke,return,thought,not,$,but,ok,work,t,did,however,disappointing,didn,off,poorly,waste,returned,after,poor,apart
cheap,does,small,should,disappointed,broke,return,thought,not,$,but,ok,work,t,did,however,disappointing,didn,off,poorly,waste,returned,after,poor,apart
cheap,does,small,should,disappointed,broke,return,thought,not,$,but,ok,work,t,did,however,disappointing,didn,off,poorly,waste,returned,after,poor,apart
cheap,does,small,should,disappointed,broke,return,thought,not,$,but,ok,work,t,did,however,disappointing,didn,off,poorly,waste,returned,after,poor,apart
cheap,does,small,should,disappointed,broke,return,thought,not,$,but,ok,work,t,did,however,disappointing,didn,off,poorly,waste,returned,after,poor,apart
cheap,does,small,should,disappointed,broke,return,thought,not,$,but,ok,work,t,did,however,disappointing,didn,off,poorly,waste,returned,after,poor,apart
cheap,does,small,should,disappointed,broke,return,thought,not,$,but,ok,work,t,did,however,disappointing,didn,off,poorly,waste,returned,after,poor,apart
cheap,does,small,should,disappointed,broke,return,thought,not,$,but,ok,work,t,did,however,disappointing,didn,off,poorly,waste,returned,after,poor,apart
cheap,does,small,should,disappointed,broke,return,thought,not,$,but,ok,work,t,did,however,disappointing,didn,off,poorly,waste,returned,after,poor,apart
cheap,does,small,should,disappointed,broke,return,thought,not,$,but,ok,work,t,did,however,disappointing,didn,off,poorly,waste,returned,after,poor,apart
cheap,does,small,should,disappointed,broke,return,thought,not,$,but,ok,work,t,did,however,disappointing,didn,off,poorly,waste,returned,after,poor,apart
cheap,does,small,should,disappointed,broke,return,thought,not,$,but,ok,work,t,did,however,disappointing,didn,off,poorly,waste,returned,after,poor,apart
cheap,does,small,should,disappointed,broke,return,thought,not,$,but,ok,work,t,did,however,disappointing,didn,off,poorly,waste,returned,after,poor,apart
cheap,does,small,should,disappointed,broke,return,thought,not,$,but,ok,work,t,did,however,disappointing,didn,off,poorly,waste,returned,after,poor,apart
cheap,does,small,should,disappointed,broke,return,thought,not,$,but,ok,work,t,did,however,disappointing,didn,off,poorly,waste,returned,after,poor,apart
cheap,does,small,should,disappointed,broke,return,thought,not,$,but,ok,work,t,did,however,disappointing,didn,off,poorly,waste,returned,after,poor,apart
cheap,does,small,should,disappointed,broke,return,thought,not,$,but,ok,work,t,did,however,disappointing,didn,off,poorly,waste,returned,after,poor,apart
cheap,does,small,should,disappointed,broke,return,thought,not,$,but,ok,work,t,did,however,disappointing,didn,off,poorly,waste,returned,after,poor,apart
cheap,does,small,should,disappointed,broke,return,thought,not,$,but,ok,work,t,did,however,disappointing,didn,off,poorly,waste,returned,after,poor,apart
cheap,does,small,should,disappointed,broke,return,thought,not,$,but,ok,work,t,did,however,disappointing,didn,off,poorly,waste,returned,after,poor,apart
cheap,does,small,should,disappointed,broke,return,thought,not,$,but,ok,work,t,did,however,disappointing,didn,off,poorly,waste,returned,after,poor,apart
cheap,does,small,should,disappointed,broke,return,thought,not,$,but,ok,work,t,did,however,disappointing,didn,off,poorly,waste,returned,after,poor,apart
cheap,does,small,should,disappointed,broke,return,thought,not,$,but,ok,work,t,did,however,disappointing,didn,off,poorly,waste,returned,after,poor,apart
cheap,does,small,should,disappointed,broke,return,thought,not,$,but,ok,work,t,did,however,disappointing,didn,off,poorly,waste,returned,after,poor,apart
cheap,does,small,should,disappointed,broke,return,thought,not,$,but,ok,work,t,did,however,disappointing,didn,off,poorly,waste,returned,after,poor,apart
cheap,does,small,should,disappointed,broke,return,thought,not,$,but,ok,work,t,did,however,disappointing,didn,off,poorly,waste,returned,after,poor,apart
cheap,does,small,should,disappointed,broke,return,thought,not,$,but,ok,work,t,did,however,disappointing,didn,off,poorly,waste,returned,after,poor,apart
cheap,does,small,should,disappointed,broke,return,thought,not,$,but,ok,work,t,did,however,disappointing,didn,off,poorly,waste,returned,after,poor,apart
cheap,does,small,should,disappointed,broke,return,thought,not,$,but,ok,work,t,did,however,disappointing,didn,off,poorly,waste,returned,after,poor,apart
cheap,does,small,should,disappointed,broke,return,thought,not,$,but,ok,work,t,did,however,disappointing,didn,off,poorly,waste,returned,after,poor,apart
cheap,does,small,should,disappointed,broke,return,thought,not,$,but,ok,work,t,did,however,disappointing,didn,off,poorly,waste,returned,after,poor,apart
cheap,does,small,should,disappointed,broke,return,thought,not,$,but,ok,work,t,did,however,disappointing,didn,off,poorly,waste,returned,after,poor,apart
cheap,does,small,should,disappointed,broke,return,thought,not,$,but,ok,work,t,did,however,disappointing,didn,off,poorly,waste,returned,after,poor,apart
cheap,does,small,should,disappointed,broke,return,thought,not,$,but,ok,work,t,did,however,disappointing,didn,off,poorly,waste,returned,after,poor,apart
cheap,does,small,should,disappointed,broke,return,thought,not,$,but,ok,work,t,did,however,disappointing,didn,off,poorly,waste,returned,after,poor,apart
cheap,does,small,should,disappointed,broke,return,thought,not,$,but,ok,work,t,did,however,disappointing,didn,off,poorly,waste,returned,after,poor,apart
cheap,does,small,should,disappointed,broke,return,thought,not,$,but,ok,work,t,did,however,disappointing,didn,off,poorly,waste,returned,after,poor,apart
cheap,does,small,should,disappointed,broke,return,thought,not,$,but,ok,work,t,did,however,disappointing,didn,off,poorly,waste,returned,after,poor,apart
cheap,does,small,should,disappointed,broke,return,thought,not,$,but,ok,work,t,did,however,disappointing,didn,off,poorly,waste,returned,after,poor,apart
cheap,does,small,should,disappointed,broke,return,thought,not,$,but,ok,work,t,did,however,disappointing,didn,off,poorly,waste,returned,after,poor,apart
cheap,does,small,should,disappointed,broke,return,thought,not,$,but,ok,work,t,did,however,disappointing,didn,off,poorly,waste,returned,after,poor,apart
cheap,does,small,should,disappointed,broke,return,thought,not,$,but,ok,work,t,did,however,disappointing,didn,off,poorly,waste,returned,after,poor,apart
cheap,does,small,should,disappointed,broke,return,thought,not,$,but,ok,work,t,did,however,disappointing,didn,off,poorly,waste,returned,after,poor,apart
cheap,does,small,should,disappointed,broke,return,thought,not,$,but,ok,work,t,did,however,disappointing,didn,off,poorly,waste,returned,after,poor,apart
cheap,does,small,should,disappointed,broke,return,thought,not,$,but,ok,work,t,did,however,disappointing,didn,off,poorly,waste,returned,after,poor,apart
cheap,does,small,should,disappointed,broke,return,thought,wasn,not,$,but,ok,work,t,did,however,disappointing,didn,off,poorly,waste,after,poor,apart
cheap,does,small,should,disappointed,broke,return,thought,wasn,not,$,but,ok,work,t,did,however,disappointing,didn,off,poorly,waste,after,poor,apart
cheap,does,small,should,disappointed,broke,return,thought,wasn,not,$,but,ok,work,t,did,however,disappointing,didn,off,poorly,waste,after,poor,apart
cheap,does,small,should,disappointed,broke,return,thought,wasn,not,$,but,ok,work,t,did,however,disappointing,didn,off,poorly,waste,after,poor,apart
cheap,does,small,should,disappointed,broke,return,thought,wasn,not,$,but,ok,work,t,did,however,disappointing,didn,off,poorly,waste,after,poor,apart
cheap,does,small,should,disappointed,broke,return,thought,wasn,not,$,but,ok,work,t,did,however,disappointing,didn,off,poorly,waste,after,poor,apart
cheap,does,small,should,disappointed,broke,return,thought,wasn,not,$,but,ok,work,t,did,however,disappointing,didn,off,poorly,waste,after,poor,apart
cheap,does,small,should,disappointed,broke,return,thought,wasn,not,$,but,ok,work,t,did,however,disappointing,didn,off,poorly,waste,after,poor,apart
cheap,does,small,should,disappointed,broke,return,thought,wasn,not,$,but,ok,work,t,did,however,disappointing,didn,off,poorly,waste,after,poor,apart
cheap,does,small,should,disappointed,broke,return,thought,wasn,not,$,but,ok,work,t,did,however,disappointing,didn,off,poorly,waste,after,poor,apart
cheap,does,small,should,disappointed,broke,return,thought,wasn,not,$,but,ok,work,t,did,however,disappointing,didn,off,poorly,waste,after,poor,apart
cheap,does,small,should,disappointed,broke,return,thought,wasn,not,$,but,ok,work,t,did,however,disappointing,didn,off,poorly,waste,after,poor,apart
cheap,does,small,should,disappointed,broke,return,thought,wasn,not,$,but,ok,work,t,did,however,disappointing,didn,off,poorly,waste,after,poor,apart
cheap,does,small,should,disappointed,broke,return,thought,wasn,not,$,but,ok,work,t,did,however,disappointing,didn,off,poorly,waste,after,poor,apart
cheap,does,small,should,disappointed,broke,return,thought,wasn,not,$,but,ok,work,t,did,however,disappointing,didn,off,poorly,waste,after,poor,apart
cheap,does,small,should,disappointed,broke,return,thought,wasn,not,$,but,ok,work,t,did,however,disappointing,didn,off,poorly,waste,after,poor,apart
cheap,does,small,should,disappointed,broke,return,thought,wasn,not,$,but,ok,work,t,did,however,disappointing,didn,off,poorly,waste,after,poor,apart
cheap,does,small,should,disappointed,broke,return,thought,wasn,not,$,but,ok,work,t,did,however,disappointing,didn,off,poorly,waste,after,poor,apart
cheap,does,small,should,disappointed,broke,return,thought,wasn,not,$,but,ok,work,t,did,however,disappointing,didn,off,poorly,waste,after,poor,apart
cheap,does,small,should,disappointed,broke,return,thought,wasn,not,$,but,ok,work,t,did,however,disappointing,didn,off,poorly,waste,after,poor,apart
cheap,does,small,should,disappointed,broke,return,thought,wasn,not,$,but,ok,work,t,did,however,disappointing,didn,off,poorly,waste,after,poor,apart
cheap,does,small,should,disappointed,broke,return,thought,wasn,not,$,but,ok,work,t,did,however,disappointing,didn,off,poorly,waste,after,poor,apart
cheap,does,small,should,disappointed,broke,return,thought,wasn,not,$,but,ok,work,t,did,however,disappointing,didn,off,poorly,waste,after,poor,apart
cheap,does,small,should,disappointed,broke,return,thought,wasn,not,$,but,ok,work,t,did,however,disappointing,didn,off,poorly,waste,after,poor,apart
cheap,does,small,should,disappointed,broke,return,thought,wasn,not,$,but,ok,work,t,did,however,disappointing,didn,off,poorly,waste,after,poor,apart
cheap,does,small,should,disappointed,broke,return,thought,wasn,not,$,but,ok,work,t,did,however,disappointing,didn,off,poorly,waste,after,poor,apart
cheap,does,small,should,disappointed,broke,return,thought,wasn,not,$,but,ok,work,t,did,however,disappointing,didn,off,poorly,waste,after,poor,apart
cheap,does,small,should,disappointed,broke,return,thought,wasn,not,$,but,ok,work,t,did,however,disappointing,didn,off,poorly,waste,after,poor,apart
cheap,does,small,should,disappointed,broke,wouldn,return,thought,not,$,but,ok,work,t,did,however,disappointing,didn,off,poorly,waste,after,poor,apart
cheap,does,small,should,disappointed,broke,wouldn,return,thought,not,$,but,ok,work,t,did,however,disappointing,didn,off,poorly,waste,after,poor,apart
cheap,does,small,should,disappointed,broke,wouldn,return,thought,not,$,but,ok,work,t,did,however,disappointing,didn,off,poorly,waste,after,poor,apart
cheap,does,small,should,disappointed,broke,return,thought,wasn,not,$,but,ok,work,t,did,however,disappointing,didn,off,poorly,waste,after,poor,apart
cheap,does,small,should,disappointed,broke,return,thought,wasn,not,$,but,ok,work,t,did,however,disappointing,didn,off,poorly,waste,after,poor,apart
cheap,does,small,should,disappointed,broke,return,thought,wasn,not,$,but,ok,work,t,did,however,disappointing,didn,off,poorly,waste,after,poor,apart
cheap,does,small,should,disappointed,broke,return,thought,wasn,not,$,but,ok,work,t,did,however,disappointing,didn,off,poorly,waste,after,poor,apart
cheap,does,small,should,disappointed,broke,return,thought,wasn,not,$,but,ok,work,t,did,however,disappointing,didn,off,poorly,waste,after,poor,apart
cheap,does,small,should,disappointed,broke,return,thought,wasn,not,$,but,ok,work,t,did,however,disappointing,didn,off,poorly,waste,after,poor,apart
cheap,does,small,should,disappointed,broke,return,thought,wasn,not,$,but,ok,work,t,did,however,disappointing,didn,off,poorly,waste,after,poor,apart
cheap,does,small,should,disappointed,broke,return,thought,wasn,not,$,but,ok,work,t,did,however,disappointing,didn,off,poorly,waste,after,poor,apart
cheap,does,small,should,disappointed,broke,return,thought,wasn,not,$,but,ok,work,t,did,however,disappointing,didn,off,poorly,waste,after,poor,apart
cheap,does,small,should,disappointed,broke,return,thought,wasn,not,$,but,ok,work,t,did,however,disappointing,didn,off,poorly,waste,after,poor,apart
cheap,does,small,should,disappointed,broke,return,thought,wasn,not,$,but,ok,work,t,did,however,disappointing,didn,off,poorly,waste,after,poor,apart
cheap,does,small,should,disappointed,broke,return,thought,wasn,not,$,but,ok,work,t,did,however,disappointing,didn,off,poorly,waste,after,poor,apart
cheap,does,small,should,disappointed,broke,return,thought,wasn,not,$,but,ok,work,t,did,however,disappointing,didn,off,poorly,waste,after,poor,apart
cheap,does,small,should,disappointed,broke,return,thought,wasn,not,$,but,ok,work,t,did,however,disappointing,didn,off,poorly,waste,after,poor,apart
cheap,does,small,should,disappointed,broke,return,thought,wasn,not,$,but,ok,work,t,did,however,disappointing,didn,off,poorly,waste,after,poor,apart
cheap,does,small,should,disappointed,broke,return,thought,wasn,not,$,but,ok,work,t,did,however,disappointing,didn,off,poorly,waste,after,poor,apart
cheap,does,small,should,disappointed,broke,return,thought,wasn,not,$,but,ok,work,t,did,however,disappointing,didn,off,poorly,waste,after,poor,apart
cheap,does,small,should,disappointed,broke,return,thought,wasn,not,$,but,ok,work,t,did,however,disappointing,didn,off,poorly,waste,after,poor,apart
cheap,does,small,should,disappointed,broke,return,thought,wasn,not,$,but,ok,work,t,did,however,disappointing,didn,off,poorly,waste,after,poor,apart
cheap,does,small,should,disappointed,broke,return,thought,wasn,not,$,but,ok,work,t,did,however,disappointing,didn,off,poorly,waste,after,poor,apart
cheap,does,small,should,disappointed,broke,return,thought,wasn,not,$,but,ok,work,t,did,however,disappointing,didn,off,poorly,waste,after,poor,apart
cheap,does,small,should,disappointed,broke,return,thought,wasn,not,$,but,ok,work,t,did,however,disappointing,didn,off,poorly,waste,after,poor,apart
cheap,does,small,should,disappointed,broke,return,thought,wasn,not,$,but,ok,work,t,did,however,disappointing,didn,off,poorly,waste,after,poor,apart
cheap,does,small,should,disappointed,broke,return,thought,wasn,not,$,but,ok,work,t,did,however,disappointing,didn,off,poorly,waste,after,poor,apart
cheap,does,small,should,disappointed,broke,return,thought,wasn,not,$,but,ok,work,t,did,however,disappointing,didn,off,poorly,waste,after,poor,apart
cheap,does,small,should,disappointed,broke,return,thought,wasn,not,$,but,ok,work,t,did,however,disappointing,didn,off,poorly,waste,after,poor,apart
cheap,does,small,should,disappointed,broke,return,thought,wasn,not,$,but,ok,work,t,did,however,disappointing,didn,off,poorly,waste,after,poor,apart
cheap,does,small,should,disappointed,broke,return,thought,wasn,not,$,but,ok,work,t,did,however,disappointing,didn,off,poorly,waste,after,poor,apart
cheap,does,small,should,disappointed,broke,return,thought,wasn,not,$,but,ok,work,t,did,however,disappointing,didn,off,poorly,waste,after,poor,apart
cheap,does,small,should,disappointed,broke,wouldn,return,thought,wasn,not,$,but,ok,work,t,did,however,didn,off,poorly,waste,after,poor,apart
cheap,does,small,should,disappointed,broke,wouldn,return,thought,wasn,not,$,but,ok,work,t,did,however,didn,off,poorly,waste,after,poor,apart
cheap,does,small,should,disappointed,broke,wouldn,return,thought,wasn,not,$,but,ok,work,t,did,however,didn,off,poorly,waste,after,poor,apart
cheap,does,small,should,disappointed,broke,wouldn,return,thought,wasn,not,$,but,ok,work,t,did,however,didn,off,poorly,waste,after,poor,apart
cheap,does,small,should,disappointed,broke,wouldn,return,thought,wasn,not,$,but,ok,work,t,did,however,didn,off,poorly,waste,after,poor,apart
cheap,does,small,should,disappointed,broke,wouldn,return,thought,wasn,not,$,but,ok,work,t,did,however,didn,off,poorly,waste,after,poor,apart
cheap,does,small,should,disappointed,broke,wouldn,return,thought,wasn,not,$,but,ok,work,t,did,however,didn,off,poorly,waste,after,poor,apart
cheap,does,small,should,disappointed,broke,wouldn,return,thought,wasn,not,$,but,ok,work,t,did,however,didn,off,poorly,waste,after,poor,apart
cheap,does,small,should,disappointed,broke,wouldn,return,thought,wasn,not,$,but,ok,work,t,did,however,didn,off,poorly,waste,after,poor,apart
cheap,does,small,should,disappointed,broke,wouldn,return,thought,wasn,not,$,but,ok,work,t,did,however,didn,off,poorly,waste,after,poor,apart
cheap,does,small,should,disappointed,broke,wouldn,return,thought,wasn,not,$,but,ok,work,t,did,however,didn,off,poorly,waste,after,poor,apart
cheap,does,small,should,disappointed,broke,wouldn,return,thought,wasn,not,$,but,ok,work,t,did,however,didn,off,poorly,waste,after,poor,apart
cheap,does,small,should,disappointed,broke,wouldn,return,thought,wasn,not,$,but,ok,work,t,did,however,didn,off,poorly,waste,after,poor,apart
cheap,does,small,should,disappointed,broke,wouldn,return,thought,wasn,not,$,but,ok,work,t,did,however,didn,off,poorly,waste,after,poor,apart
cheap,does,small,should,disappointed,broke,wouldn,return,thought,wasn,not,$,but,ok,work,t,did,however,didn,off,poorly,waste,after,poor,apart
cheap,does,small,should,disappointed,broke,wouldn,return,thought,wasn,not,$,but,ok,work,t,did,however,didn,off,poorly,waste,after,poor,apart
cheap,does,small,should,disappointed,broke,wouldn,return,thought,wasn,not,$,but,ok,work,t,did,however,didn,off,poorly,waste,after,poor,apart
cheap,does,small,should,disappointed,broke,wouldn,return,thought,wasn,not,$,but,ok,work,t,did,however,didn,off,poorly,waste,after,poor,apart
cheap,does,small,should,disappointed,broke,wouldn,return,thought,wasn,not,$,but,ok,work,t,did,however,didn,off,poorly,waste,after,poor,apart
cheap,does,small,should,disappointed,broke,wouldn,return,thought,wasn,not,$,but,ok,work,t,did,however,didn,off,poorly,waste,after,poor,apart
cheap,does,small,should,disappointed,broke,wouldn,return,thought,wasn,not,$,but,ok,work,t,did,however,didn,off,poorly,waste,after,poor,apart
cheap,does,small,should,disappointed,broke,wouldn,return,thought,wasn,not,$,but,ok,work,t,did,however,didn,off,poorly,waste,after,poor,apart
cheap,does,small,should,disappointed,broke,wouldn,return,thought,wasn,not,$,but,ok,work,t,did,however,didn,off,poorly,waste,after,poor,apart
cheap,does,small,should,disappointed,broke,wouldn,return,thought,wasn,not,$,but,ok,work,t,did,however,didn,off,poorly,waste,after,poor,apart
cheap,does,small,should,disappointed,broke,wouldn,return,thought,wasn,not,$,but,ok,work,t,did,however,didn,off,poorly,waste,after,poor,apart
cheap,does,small,should,disappointed,broke,wouldn,return,thought,wasn,not,$,but,ok,work,t,did,however,didn,off,poorly,waste,after,poor,apart
cheap,does,small,should,disappointed,broke,wouldn,return,thought,wasn,not,$,but,ok,work,t,did,however,didn,off,poorly,waste,after,poor,apart
cheap,does,small,should,disappointed,broke,wouldn,return,thought,wasn,not,$,but,ok,work,t,did,however,didn,off,poorly,waste,after,poor,apart
cheap,does,small,should,disappointed,broke,wouldn,return,thought,wasn,not,$,but,ok,work,t,did,however,didn,off,poorly,waste,after,poor,apart
cheap,does,small,should,disappointed,broke,wouldn,return,thought,wasn,not,$,but,ok,work,t,did,however,didn,off,poorly,waste,after,poor,apart
cheap,does,small,should,disappointed,broke,wouldn,return,thought,wasn,not,$,but,ok,work,t,did,however,didn,off,poorly,waste,after,poor,apart
cheap,does,small,should,disappointed,broke,wouldn,return,thought,wasn,not,$,but,ok,work,t,did,however,didn,off,poorly,waste,after,poor,apart
cheap,does,small,should,disappointed,broke,wouldn,return,thought,wasn,not,$,but,ok,work,t,did,however,didn,off,poorly,waste,after,poor,apart
cheap,does,small,should,disappointed,broke,wouldn,return,thought,wasn,not,$,but,ok,work,t,did,however,didn,off,poorly,waste,after,poor,apart
cheap,does,small,should,disappointed,broke,wouldn,return,thought,wasn,not,$,but,ok,work,t,did,however,didn,off,poorly,waste,after,poor,apart
cheap,does,small,should,disappointed,broke,wouldn,return,thought,wasn,not,$,but,ok,work,t,did,however,didn,off,poorly,waste,after,poor,apart
cheap,does,small,should,disappointed,broke,wouldn,return,thought,wasn,not,$,but,ok,work,t,did,however,didn,off,poorly,waste,after,poor,apart
cheap,does,small,should,disappointed,broke,wouldn,return,thought,wasn,not,$,but,ok,work,t,did,however,didn,off,poorly,waste,after,poor,apart
cheap,does,small,should,disappointed,broke,wouldn,return,thought,wasn,not,$,but,ok,work,t,did,however,didn,off,poorly,waste,after,poor,apart
cheap,does,small,should,disappointed,broke,wouldn,return,thought,wasn,not,$,but,ok,work,t,did,however,didn,off,poorly,waste,after,poor,apart
cheap,does,small,should,disappointed,broke,wouldn,return,thought,wasn,not,$,but,ok,work,t,did,however,didn,off,poorly,waste,after,poor,apart
cheap,does,small,should,disappointed,broke,wouldn,return,thought,wasn,not,$,but,ok,work,t,did,however,didn,off,poorly,waste,after,poor,apart
cheap,does,small,should,disappointed,broke,wouldn,return,thought,wasn,not,$,but,ok,work,t,did,however,didn,off,poorly,waste,after,poor,apart
cheap,does,small,should,disappointed,broke,wouldn,return,thought,wasn,not,$,but,ok,work,t,did,however,didn,off,poorly,waste,after,poor,apart
cheap,does,small,should,disappointed,broke,wouldn,return,thought,wasn,not,$,but,ok,work,t,did,however,didn,off,poorly,waste,after,poor,apart
cheap,does,small,should,disappointed,broke,wouldn,return,thought,wasn,not,$,but,ok,work,t,did,however,didn,off,poorly,waste,after,poor,apart
cheap,does,small,should,disappointed,broke,wouldn,return,thought,wasn,not,$,but,ok,work,t,did,however,didn,off,poorly,waste,after,poor,apart
cheap,does,small,should,disappointed,broke,wouldn,return,thought,wasn,not,$,but,ok,work,t,did,however,didn,off,poorly,waste,after,poor,apart
cheap,does,small,should,disappointed,broke,wouldn,return,thought,wasn,not,$,but,ok,work,t,did,however,didn,off,poorly,waste,after,poor,apart
cheap,does,small,should,disappointed,broke,wouldn,return,thought,wasn,not,$,but,ok,work,t,did,however,didn,off,poorly,waste,after,poor,apart
cheap,does,small,should,disappointed,broke,wouldn,return,thought,wasn,not,$,but,ok,work,t,did,however,didn,off,poorly,waste,after,poor,apart
cheap,does,small,should,disappointed,broke,wouldn,return,thought,wasn,not,$,but,ok,work,t,did,however,didn,off,poorly,waste,after,poor,apart
cheap,does,small,should,disappointed,broke,wouldn,return,thought,wasn,not,$,but,ok,work,t,did,however,didn,off,poorly,waste,after,poor,apart
cheap,does,small,should,disappointed,broke,wouldn,return,thought,wasn,not,$,but,ok,work,t,did,however,didn,off,poorly,waste,after,poor,apart
cheap,does,small,should,disappointed,broke,wouldn,return,thought,wasn,not,$,but,ok,work,t,did,however,didn,off,poorly,waste,after,poor,apart
cheap,does,small,should,disappointed,broke,wouldn,return,thought,wasn,not,$,but,ok,work,t,did,however,didn,off,poorly,waste,after,poor,apart
cheap,does,small,should,disappointed,broke,wouldn,return,thought,wasn,not,$,but,ok,work,t,did,however,didn,off,poorly,waste,after,poor,apart
cheap,does,small,should,disappointed,broke,wouldn,return,thought,wasn,not,$,but,ok,work,t,did,however,didn,off,poorly,waste,after,poor,apart
cheap,does,small,should,disappointed,broke,wouldn,return,thought,wasn,not,$,but,ok,work,t,did,however,didn,off,poorly,waste,after,poor,apart
cheap,does,small,should,disappointed,broke,wouldn,return,thought,wasn,not,$,but,ok,work,t,did,however,didn,off,poorly,waste,after,poor,apart
cheap,does,small,should,disappointed,broke,wouldn,return,thought,wasn,not,$,but,ok,work,t,did,however,didn,off,poorly,waste,after,poor,apart
cheap,does,small,should,disappointed,broke,wouldn,return,thought,wasn,not,$,but,ok,work,t,did,however,didn,off,poorly,waste,after,poor,apart
cheap,does,small,should,disappointed,broke,wouldn,return,thought,wasn,not,$,but,ok,work,t,did,however,didn,off,poorly,waste,after,poor,apart
cheap,does,small,should,disappointed,broke,wouldn,return,thought,wasn,not,$,but,ok,work,t,did,however,didn,off,poorly,waste,after,poor,apart
cheap,does,small,should,disappointed,broke,wouldn,return,thought,wasn,not,$,but,ok,work,t,did,however,didn,off,poorly,waste,after,poor,apart
cheap,does,small,should,disappointed,broke,wouldn,return,thought,wasn,not,$,but,ok,work,t,did,however,didn,off,poorly,waste,after,poor,apart
cheap,does,small,should,disappointed,broke,wouldn,return,thought,wasn,not,$,but,ok,work,t,did,however,didn,off,poorly,waste,after,poor,apart
cheap,does,small,should,disappointed,broke,wouldn,return,thought,wasn,not,$,but,ok,work,t,did,however,didn,off,poorly,waste,after,poor,apart
cheap,does,small,should,disappointed,broke,wouldn,return,thought,wasn,not,$,but,ok,work,t,did,however,didn,off,poorly,waste,after,poor,apart
cheap,does,small,should,disappointed,broke,wouldn,return,thought,wasn,not,$,but,ok,work,t,did,however,didn,off,poorly,waste,after,poor,apart
cheap,does,small,should,disappointed,broke,wouldn,return,thought,wasn,not,$,but,ok,work,t,did,however,didn,off,poorly,waste,after,poor,apart
cheap,does,small,should,disappointed,broke,wouldn,return,thought,wasn,not,$,but,ok,work,t,did,however,didn,off,poorly,waste,after,poor,apart
cheap,does,small,should,disappointed,broke,wouldn,return,thought,wasn,not,$,but,ok,work,t,did,however,didn,off,poorly,waste,after,poor,apart
cheap,does,small,should,disappointed,broke,wouldn,return,thought,wasn,not,$,but,ok,work,t,did,however,didn,off,poorly,waste,after,poor,apart
cheap,does,small,should,disappointed,broke,wouldn,return,thought,wasn,not,$,but,ok,work,t,did,however,didn,off,poorly,waste,after,poor,apart
cheap,does,small,should,disappointed,broke,wouldn,return,thought,wasn,not,$,but,ok,work,t,did,however,didn,off,poorly,waste,after,poor,apart
cheap,does,small,should,disappointed,broke,wouldn,return,thought,wasn,not,$,but,ok,work,t,did,however,didn,off,poorly,waste,after,poor,apart
cheap,does,small,should,disappointed,broke,wouldn,return,thought,wasn,not,$,but,ok,work,t,did,however,didn,off,poorly,waste,after,poor,apart
cheap,does,small,should,disappointed,broke,wouldn,return,thought,wasn,not,$,but,ok,work,t,did,however,didn,off,poorly,waste,after,poor,apart
cheap,does,small,should,disappointed,broke,wouldn,return,thought,wasn,not,$,but,ok,work,t,did,however,didn,off,poorly,waste,after,poor,apart
cheap,does,small,should,disappointed,broke,wouldn,return,thought,wasn,not,$,but,ok,work,t,did,however,didn,off,poorly,waste,after,poor,apart
cheap,does,small,should,disappointed,broke,wouldn,return,thought,wasn,not,$,but,ok,work,t,did,however,didn,off,poorly,waste,after,poor,apart
cheap,does,small,should,disappointed,broke,wouldn,return,thought,wasn,not,$,but,ok,work,t,did,however,didn,off,poorly,waste,after,poor,apart
cheap,does,small,should,disappointed,broke,wouldn,return,thought,wasn,not,$,but,ok,work,t,did,however,didn,off,poorly,waste,after,poor,apart
cheap,does,small,should,disappointed,broke,wouldn,return,thought,wasn,not,$,but,ok,work,t,did,however,didn,off,poorly,waste,after,poor,apart
cheap,does,small,should,disappointed,broke,wouldn,return,thought,wasn,not,$,but,ok,work,t,did,however,didn,off,poorly,waste,after,poor,apart
cheap,does,small,should,disappointed,broke,wouldn,return,thought,wasn,not,$,but,ok,work,t,did,however,didn,off,poorly,waste,after,poor,apart
cheap,does,small,should,disappointed,broke,wouldn,return,thought,wasn,not,$,but,ok,work,t,did,however,didn,off,poorly,waste,after,poor,apart
cheap,does,small,should,disappointed,broke,wouldn,return,thought,wasn,not,$,but,ok,work,t,did,however,didn,off,poorly,waste,after,poor,apart
cheap,does,small,should,disappointed,broke,wouldn,return,thought,wasn,not,$,but,ok,work,t,did,however,didn,off,poorly,waste,after,poor,apart
cheap,does,small,should,disappointed,broke,wouldn,return,thought,wasn,not,$,but,ok,work,t,did,however,didn,off,poorly,waste,after,poor,apart
cheap,does,small,should,disappointed,broke,wouldn,return,thought,wasn,not,$,but,ok,work,t,did,however,didn,off,poorly,waste,after,poor,apart
cheap,does,small,should,disappointed,broke,wouldn,return,thought,wasn,not,$,but,ok,work,t,did,however,didn,off,poorly,waste,after,poor,apart
cheap,does,small,should,disappointed,broke,wouldn,return,thought,wasn,not,$,but,ok,work,t,did,however,didn,off,poorly,waste,after,poor,apart
cheap,does,small,should,disappointed,broke,wouldn,return,thought,wasn,not,$,but,ok,work,t,did,however,didn,off,poorly,waste,after,poor,apart
cheap,does,small,should,disappointed,broke,wouldn,return,thought,wasn,not,$,but,ok,work,t,did,however,didn,off,poorly,waste,after,poor,apart
cheap,does,small,should,disappointed,broke,wouldn,return,thought,wasn,not,$,but,ok,work,t,did,however,didn,off,poorly,waste,after,poor,apart
cheap,does,small,should,disappointed,broke,wouldn,return,thought,wasn,not,$,but,ok,work,t,did,however,didn,off,poorly,waste,after,poor,apart
cheap,does,small,should,disappointed,broke,wouldn,return,thought,wasn,not,$,but,ok,work,t,did,however,didn,off,poorly,waste,after,poor,apart
cheap,does,small,should,disappointed,broke,wouldn,return,thought,wasn,not,$,but,ok,work,t,did,however,didn,off,poorly,waste,after,poor,apart
cheap,does,small,should,disappointed,broke,wouldn,return,thought,wasn,not,$,but,ok,work,t,did,however,didn,off,poorly,waste,after,poor,apart
cheap,does,small,should,disappointed,broke,wouldn,return,thought,wasn,not,$,but,ok,work,t,did,however,didn,off,poorly,waste,after,poor,apart
cheap,does,small,should,disappointed,broke,wouldn,return,thought,wasn,not,$,but,ok,work,t,did,however,didn,off,poorly,waste,after,poor,apart
cheap,does,small,should,disappointed,broke,wouldn,return,thought,wasn,not,$,but,ok,work,t,did,however,didn,off,poorly,waste,after,poor,apart
cheap,does,small,should,disappointed,broke,wouldn,return,thought,wasn,not,$,but,ok,work,t,did,however,didn,off,poorly,waste,after,poor,apart
cheap,does,small,should,disappointed,broke,wouldn,return,thought,wasn,not,$,but,ok,work,t,did,however,didn,off,poorly,waste,after,poor,apart
cheap,does,small,should,disappointed,broke,wouldn,return,thought,wasn,not,$,but,ok,work,t,did,however,didn,off,poorly,waste,after,poor,apart
cheap,does,small,should,disappointed,broke,wouldn,return,thought,wasn,not,$,but,ok,work,t,did,however,didn,off,poorly,waste,after,poor,apart
cheap,does,small,should,disappointed,broke,wouldn,return,thought,wasn,not,$,but,ok,work,t,did,however,didn,off,poorly,waste,after,poor,apart
cheap,does,small,should,disappointed,broke,wouldn,return,thought,wasn,not,$,but,ok,work,t,did,however,didn,off,poorly,waste,after,poor,apart
cheap,does,small,should,disappointed,broke,wouldn,return,thought,wasn,not,$,but,ok,work,t,did,however,didn,off,poorly,waste,after,poor,apart
cheap,does,small,should,disappointed,broke,wouldn,return,thought,wasn,not,$,but,ok,work,t,did,however,didn,off,poorly,waste,after,poor,apart
cheap,does,small,should,disappointed,broke,wouldn,return,thought,wasn,not,$,but,ok,work,t,did,however,didn,off,poorly,waste,after,poor,apart
cheap,does,small,should,disappointed,broke,wouldn,return,thought,wasn,not,$,but,ok,work,t,did,however,didn,off,poorly,waste,after,poor,apart
cheap,does,small,should,disappointed,broke,wouldn,return,thought,wasn,not,$,but,ok,work,t,did,however,didn,off,poorly,waste,after,poor,apart
cheap,does,small,should,disappointed,broke,wouldn,return,thought,wasn,not,$,but,ok,work,t,did,however,didn,off,poorly,waste,after,poor,apart
cheap,does,small,should,disappointed,broke,wouldn,return,thought,wasn,not,$,but,ok,work,t,did,however,didn,off,poorly,waste,after,poor,apart
cheap,does,small,should,disappointed,broke,wouldn,return,thought,wasn,not,$,but,ok,work,t,did,however,didn,off,poorly,waste,after,poor,apart
cheap,does,small,should,disappointed,broke,wouldn,return,thought,wasn,not,$,but,ok,work,t,did,however,didn,off,poorly,waste,after,poor,apart
cheap,does,small,should,disappointed,broke,wouldn,return,thought,wasn,not,$,but,ok,work,t,did,however,didn,off,poorly,waste,after,poor,apart
cheap,does,small,should,disappointed,broke,wouldn,return,thought,wasn,not,$,but,ok,work,t,did,however,didn,off,poorly,waste,after,poor,apart
cheap,does,small,should,disappointed,broke,wouldn,return,thought,wasn,not,$,but,ok,work,t,did,however,didn,off,poorly,waste,after,poor,apart
cheap,does,small,should,disappointed,broke,wouldn,return,thought,wasn,not,$,but,ok,work,t,did,however,didn,off,poorly,waste,after,poor,apart
cheap,does,small,should,disappointed,broke,wouldn,return,thought,wasn,not,$,but,ok,work,t,did,however,didn,off,poorly,waste,after,poor,apart
cheap,does,small,should,disappointed,broke,wouldn,return,thought,wasn,not,$,but,ok,work,t,did,however,didn,off,poorly,waste,after,poor,apart
cheap,does,small,should,disappointed,broke,wouldn,return,thought,wasn,not,$,but,ok,work,t,did,however,didn,off,poorly,waste,after,poor,apart
cheap,does,small,should,disappointed,broke,wouldn,return,thought,wasn,not,$,but,ok,work,t,did,however,didn,off,poorly,waste,after,poor,apart
cheap,does,small,should,disappointed,broke,wouldn,return,thought,wasn,not,$,but,ok,work,t,did,however,didn,off,poorly,waste,after,poor,apart
cheap,does,small,should,disappointed,broke,wouldn,return,thought,wasn,not,$,but,ok,work,t,did,however,didn,off,poorly,waste,after,poor,apart
cheap,does,small,should,disappointed,broke,wouldn,return,thought,wasn,not,$,but,ok,work,t,did,however,didn,off,poorly,waste,after,poor,apart
cheap,does,small,should,disappointed,broke,wouldn,return,thought,wasn,not,$,but,ok,work,t,did,however,didn,off,poorly,waste,after,poor,apart
cheap,does,small,should,disappointed,broke,wouldn,return,thought,wasn,not,$,but,ok,work,t,did,however,didn,off,poorly,waste,after,poor,apart
cheap,does,small,should,disappointed,broke,wouldn,return,thought,wasn,not,$,but,ok,work,t,did,however,didn,off,poorly,waste,after,poor,apart
cheap,does,small,should,disappointed,broke,wouldn,return,thought,wasn,not,$,but,ok,work,t,did,however,didn,off,poorly,waste,after,poor,apart
cheap,does,small,should,disappointed,broke,wouldn,return,thought,wasn,not,$,but,ok,work,t,did,however,didn,off,poorly,waste,after,poor,apart
cheap,does,small,should,disappointed,broke,wouldn,return,thought,wasn,not,$,but,ok,work,t,did,however,didn,off,poorly,waste,after,poor,apart
cheap,does,small,should,disappointed,broke,wouldn,return,thought,wasn,not,$,but,ok,work,t,did,however,didn,off,poorly,waste,after,poor,apart
cheap,does,small,should,disappointed,broke,wouldn,return,thought,wasn,not,$,but,ok,work,t,did,however,didn,off,poorly,waste,after,poor,apart
cheap,does,small,should,disappointed,broke,wouldn,return,thought,wasn,not,$,but,ok,work,t,did,however,didn,off,poorly,waste,after,poor,apart
cheap,does,small,should,disappointed,broke,wouldn,return,thought,wasn,not,$,but,ok,work,t,did,however,didn,off,poorly,waste,after,poor,apart
cheap,does,small,should,disappointed,broke,wouldn,return,thought,wasn,not,$,but,ok,work,t,did,however,didn,off,poorly,waste,after,poor,apart
cheap,does,small,should,disappointed,broke,wouldn,return,thought,wasn,not,$,but,ok,work,t,did,however,didn,off,poorly,waste,after,poor,apart
cheap,does,small,should,disappointed,broke,wouldn,return,thought,wasn,not,$,but,ok,work,t,did,however,didn,off,poorly,waste,after,poor,apart
cheap,does,small,should,disappointed,broke,wouldn,return,thought,wasn,not,$,but,ok,work,t,did,however,didn,off,poorly,waste,after,poor,apart
cheap,does,small,should,disappointed,broke,wouldn,return,thought,wasn,not,$,but,ok,work,t,did,however,didn,off,poorly,waste,after,poor,apart
cheap,does,small,should,disappointed,broke,wouldn,return,thought,wasn,not,$,but,ok,work,t,did,however,didn,off,poorly,waste,after,poor,apart
cheap,does,small,should,disappointed,broke,wouldn,return,thought,wasn,not,$,but,ok,work,t,did,however,didn,off,poorly,waste,after,poor,apart
cheap,does,small,should,disappointed,broke,wouldn,return,thought,wasn,not,$,but,ok,work,t,did,however,didn,off,poorly,waste,after,poor,apart
cheap,does,small,should,disappointed,broke,wouldn,return,thought,wasn,not,$,but,ok,work,t,did,however,didn,off,poorly,waste,after,poor,apart
cheap,does,small,should,disappointed,broke,wouldn,return,thought,not,$,were,but,ok,work,t,did,however,didn,off,poorly,waste,after,poor,apart
cheap,does,small,should,disappointed,broke,wouldn,return,thought,not,$,were,but,ok,work,t,did,however,didn,off,poorly,waste,after,poor,apart
cheap,does,small,should,disappointed,broke,wouldn,return,thought,not,$,were,but,ok,work,t,did,however,didn,off,poorly,waste,after,poor,apart
cheap,does,small,should,disappointed,broke,wouldn,return,thought,not,$,were,but,ok,work,t,did,however,didn,off,poorly,waste,after,poor,apart
cheap,does,small,should,disappointed,broke,wouldn,return,thought,not,$,were,but,ok,work,t,did,however,didn,off,poorly,waste,after,poor,apart
cheap,does,small,should,disappointed,broke,wouldn,return,thought,not,$,were,but,ok,work,t,did,however,didn,off,poorly,waste,after,poor,apart
cheap,does,small,should,disappointed,broke,wouldn,return,thought,not,$,were,but,ok,work,t,did,however,didn,off,poorly,waste,after,poor,apart
cheap,does,small,should,disappointed,broke,wouldn,return,thought,not,$,were,but,ok,work,t,did,however,didn,off,poorly,waste,after,poor,apart
cheap,does,small,should,disappointed,broke,wouldn,return,thought,not,$,were,but,ok,work,t,did,however,didn,off,poorly,waste,after,poor,apart
cheap,does,small,should,disappointed,broke,wouldn,return,thought,not,$,were,but,ok,work,t,did,however,didn,off,poorly,waste,after,poor,apart
cheap,does,small,should,disappointed,broke,wouldn,return,thought,not,$,were,but,ok,work,t,did,however,didn,off,poorly,waste,after,poor,apart
cheap,does,small,should,disappointed,broke,wouldn,return,thought,not,$,were,but,ok,work,t,did,however,didn,off,poorly,waste,after,poor,apart
cheap,does,small,should,disappointed,broke,wouldn,return,thought,not,$,were,but,ok,work,t,did,however,didn,off,poorly,waste,after,poor,apart
cheap,does,small,should,disappointed,broke,wouldn,return,thought,not,$,were,but,ok,work,t,did,however,didn,off,poorly,waste,after,poor,apart
cheap,does,small,should,disappointed,broke,wouldn,return,thought,not,$,were,but,ok,work,t,did,however,didn,off,poorly,waste,after,poor,apart
cheap,does,small,should,disappointed,broke,wouldn,return,thought,not,$,were,but,ok,work,t,did,however,didn,off,poorly,waste,after,poor,apart
cheap,does,small,should,disappointed,broke,wouldn,return,thought,not,$,were,but,ok,work,t,did,however,didn,off,poorly,waste,after,poor,apart
cheap,does,small,should,disappointed,broke,wouldn,return,thought,not,$,were,but,ok,work,t,did,however,didn,off,poorly,waste,after,poor,apart
cheap,does,small,should,disappointed,broke,wouldn,return,thought,not,$,were,but,ok,work,t,did,however,didn,off,poorly,waste,after,poor,apart
cheap,does,small,should,disappointed,broke,wouldn,return,thought,not,$,were,but,ok,work,t,did,however,didn,off,poorly,waste,after,poor,apart
cheap,does,small,should,disappointed,broke,wouldn,return,thought,not,$,were,but,ok,work,t,did,however,didn,off,poorly,waste,after,poor,apart
cheap,does,small,should,disappointed,broke,wouldn,return,thought,not,$,were,but,ok,work,t,did,however,didn,off,poorly,waste,after,poor,apart
cheap,does,small,should,disappointed,broke,wouldn,return,thought,not,$,were,but,ok,work,t,did,however,didn,off,poorly,waste,after,poor,apart
cheap,does,small,should,disappointed,broke,wouldn,return,thought,not,$,were,but,ok,work,t,did,however,didn,off,poorly,waste,after,poor,apart
cheap,does,small,should,disappointed,broke,wouldn,return,thought,not,$,were,but,ok,work,t,did,however,didn,off,poorly,waste,after,poor,apart
cheap,does,small,should,disappointed,broke,wouldn,return,thought,not,$,were,but,ok,work,t,did,however,didn,off,poorly,waste,after,poor,apart
cheap,does,small,should,disappointed,broke,wouldn,return,thought,not,$,were,but,ok,work,t,did,however,didn,off,poorly,waste,after,poor,apart
cheap,does,small,should,disappointed,broke,wouldn,return,thought,not,$,were,but,ok,work,t,did,however,didn,off,poorly,waste,after,poor,apart
cheap,does,small,should,disappointed,broke,wouldn,return,thought,not,$,were,but,ok,work,t,did,however,didn,off,poorly,waste,after,poor,apart
cheap,does,small,should,disappointed,broke,wouldn,return,thought,not,$,were,but,ok,work,t,did,however,didn,off,poorly,waste,after,poor,apart
cheap,does,small,should,disappointed,broke,wouldn,return,thought,not,$,were,but,ok,work,t,did,however,didn,off,poorly,waste,after,poor,apart
cheap,does,small,should,disappointed,broke,wouldn,return,thought,not,$,were,but,ok,work,t,did,however,didn,off,poorly,waste,after,poor,apart
cheap,does,small,should,disappointed,broke,wouldn,return,thought,not,$,were,but,ok,work,t,did,however,didn,off,poorly,waste,after,poor,apart
cheap,does,small,should,disappointed,broke,wouldn,return,thought,not,$,were,but,ok,work,t,did,however,didn,off,poorly,waste,after,poor,apart
cheap,does,small,should,disappointed,broke,wouldn,return,thought,not,$,were,but,ok,work,t,did,however,didn,off,poorly,waste,after,poor,apart
cheap,does,small,should,disappointed,broke,wouldn,return,thought,not,$,were,but,ok,work,t,did,however,didn,off,poorly,waste,after,poor,apart
cheap,does,small,should,disappointed,broke,wouldn,return,thought,not,$,were,but,ok,work,t,did,however,didn,off,poorly,waste,after,poor,apart
cheap,does,small,should,disappointed,broke,wouldn,return,thought,wasn,not,$,but,ok,work,t,did,however,didn,off,poorly,waste,after,poor,apart
cheap,does,small,should,disappointed,broke,wouldn,return,thought,wasn,not,$,but,ok,work,t,did,however,didn,off,poorly,waste,after,poor,apart
cheap,does,small,should,disappointed,broke,wouldn,return,thought,wasn,not,$,but,ok,work,t,did,however,didn,off,poorly,waste,after,poor,apart
cheap,does,small,should,disappointed,broke,wouldn,return,thought,wasn,not,$,but,ok,work,t,did,however,didn,off,poorly,waste,after,poor,apart
cheap,does,small,should,disappointed,broke,wouldn,return,thought,wasn,not,$,but,ok,work,t,did,however,didn,off,poorly,waste,after,poor,apart
cheap,does,small,should,disappointed,broke,wouldn,return,thought,wasn,not,$,but,ok,work,t,did,however,didn,off,poorly,waste,after,poor,apart
cheap,does,small,should,disappointed,broke,wouldn,return,thought,wasn,not,$,but,ok,work,t,did,however,didn,off,poorly,waste,after,poor,apart
cheap,does,small,should,disappointed,broke,wouldn,return,thought,wasn,not,$,but,ok,work,t,did,however,didn,off,poorly,waste,after,poor,apart
cheap,does,small,should,disappointed,broke,wouldn,return,thought,wasn,not,$,but,ok,work,t,did,however,didn,off,poorly,waste,after,poor,apart
cheap,does,small,should,disappointed,broke,wouldn,return,thought,wasn,not,$,but,ok,work,t,did,however,didn,off,poorly,waste,after,poor,apart
cheap,does,small,should,disappointed,broke,wouldn,return,thought,wasn,not,$,but,ok,work,t,did,however,didn,off,poorly,waste,after,poor,apart
cheap,does,small,should,disappointed,broke,wouldn,return,thought,wasn,not,$,but,ok,work,t,did,however,didn,off,poorly,waste,after,poor,apart
cheap,does,small,should,disappointed,broke,wouldn,return,thought,wasn,not,$,but,ok,work,t,did,however,didn,off,poorly,waste,after,poor,apart
cheap,does,small,should,disappointed,broke,wouldn,return,thought,wasn,not,$,but,ok,work,t,did,however,didn,off,poorly,waste,after,poor,apart
cheap,does,small,should,disappointed,broke,wouldn,return,thought,wasn,not,$,but,ok,work,t,did,however,didn,off,poorly,waste,after,poor,apart
cheap,does,small,should,disappointed,broke,wouldn,return,thought,wasn,not,$,but,ok,work,t,did,however,didn,off,poorly,waste,after,poor,apart
cheap,does,small,should,disappointed,broke,wouldn,return,thought,wasn,not,$,but,ok,work,t,did,however,didn,off,poorly,waste,after,poor,apart
cheap,does,small,should,disappointed,broke,wouldn,return,thought,wasn,not,$,but,ok,work,t,did,however,didn,off,poorly,waste,after,poor,apart
cheap,does,small,should,disappointed,broke,wouldn,return,thought,wasn,not,$,but,ok,work,t,did,however,didn,off,poorly,waste,after,poor,apart
cheap,does,small,should,disappointed,broke,wouldn,return,thought,wasn,not,$,but,ok,work,t,did,however,didn,off,poorly,waste,after,poor,apart
cheap,does,small,should,disappointed,broke,wouldn,return,thought,wasn,not,$,but,ok,work,t,did,however,didn,off,poorly,waste,after,poor,apart
cheap,does,small,should,disappointed,broke,wouldn,return,thought,wasn,not,$,but,ok,work,t,did,however,didn,off,poorly,waste,after,poor,apart
cheap,does,small,should,disappointed,broke,wouldn,return,thought,wasn,not,$,but,ok,work,t,did,however,didn,off,poorly,waste,after,poor,apart
cheap,does,small,should,disappointed,broke,wouldn,return,thought,wasn,not,$,but,ok,work,t,did,however,didn,off,poorly,waste,after,poor,apart
cheap,does,small,should,disappointed,broke,wouldn,return,thought,wasn,not,$,but,ok,work,t,did,however,didn,off,poorly,waste,after,poor,apart
cheap,does,small,should,disappointed,broke,wouldn,return,thought,wasn,not,$,but,ok,work,t,did,however,didn,off,poorly,waste,after,poor,apart
cheap,does,small,should,disappointed,broke,wouldn,return,thought,wasn,not,$,but,ok,work,t,did,however,didn,off,poorly,waste,after,poor,apart
cheap,does,small,should,disappointed,broke,wouldn,return,thought,wasn,not,$,but,ok,work,t,did,however,didn,off,poorly,waste,after,poor,apart
cheap,does,small,should,disappointed,broke,wouldn,return,thought,wasn,not,$,but,ok,work,t,did,however,didn,off,poorly,waste,after,poor,apart
cheap,does,small,should,disappointed,broke,wouldn,return,thought,wasn,not,$,but,ok,work,t,did,however,didn,off,poorly,waste,after,poor,apart
cheap,does,small,should,disappointed,broke,wouldn,return,thought,wasn,not,$,but,ok,work,t,did,however,didn,off,poorly,waste,after,poor,apart
cheap,does,small,should,disappointed,broke,wouldn,return,thought,wasn,not,$,but,ok,work,t,did,however,didn,off,poorly,waste,after,poor,apart
cheap,does,small,should,disappointed,broke,wouldn,return,thought,wasn,not,$,but,ok,work,t,did,however,didn,off,poorly,waste,after,poor,apart
cheap,does,small,should,disappointed,broke,wouldn,return,thought,wasn,not,$,but,ok,work,t,did,however,didn,off,poorly,waste,after,poor,apart
cheap,does,small,should,disappointed,broke,wouldn,return,thought,wasn,not,$,but,ok,work,t,did,however,didn,off,poorly,waste,after,poor,apart
cheap,does,small,should,disappointed,broke,wouldn,return,thought,wasn,not,$,but,ok,work,t,did,however,didn,off,poorly,waste,after,poor,apart
cheap,does,small,should,disappointed,broke,wouldn,return,thought,wasn,not,$,but,ok,work,t,did,however,didn,off,poorly,waste,after,poor,apart
cheap,does,small,should,disappointed,broke,wouldn,return,thought,wasn,not,$,but,ok,work,t,did,however,didn,off,poorly,waste,after,poor,apart
cheap,does,small,should,disappointed,broke,wouldn,return,thought,wasn,not,$,but,ok,work,t,did,however,didn,off,poorly,waste,after,poor,apart
cheap,does,small,should,disappointed,broke,wouldn,return,thought,wasn,not,$,but,ok,work,t,did,however,didn,off,poorly,waste,after,poor,apart
cheap,does,small,should,disappointed,broke,wouldn,return,thought,wasn,not,$,but,ok,work,t,did,however,didn,off,poorly,waste,after,poor,apart
cheap,does,small,should,disappointed,broke,wouldn,return,thought,wasn,not,$,but,ok,work,t,did,however,didn,off,poorly,waste,after,poor,apart
cheap,does,small,should,disappointed,broke,wouldn,return,thought,wasn,not,$,but,ok,work,t,did,however,didn,off,poorly,waste,after,poor,apart
cheap,does,small,should,disappointed,broke,wouldn,return,thought,wasn,not,$,but,ok,work,t,did,however,didn,off,poorly,waste,after,poor,apart
cheap,does,small,should,disappointed,broke,wouldn,return,thought,wasn,not,$,but,ok,work,t,did,however,didn,off,poorly,waste,after,poor,apart
cheap,does,small,should,disappointed,broke,wouldn,return,thought,not,$,but,ok,work,t,did,however,disappointing,didn,off,poorly,waste,after,poor,apart
cheap,does,small,should,disappointed,broke,wouldn,return,thought,not,$,but,ok,work,t,did,however,disappointing,didn,off,poorly,waste,after,poor,apart
cheap,does,small,should,disappointed,broke,wouldn,return,thought,not,$,but,ok,work,t,did,however,disappointing,didn,off,poorly,waste,after,poor,apart
cheap,does,small,should,disappointed,broke,wouldn,return,thought,not,$,but,ok,work,t,did,however,disappointing,didn,off,poorly,waste,after,poor,apart
cheap,does,small,should,disappointed,broke,wouldn,return,thought,not,$,but,ok,work,t,did,however,disappointing,didn,off,poorly,waste,after,poor,apart
cheap,does,small,should,disappointed,broke,wouldn,return,thought,not,$,but,ok,work,t,did,however,disappointing,didn,off,poorly,waste,after,poor,apart
cheap,does,small,should,disappointed,broke,wouldn,return,thought,not,$,but,ok,work,t,did,however,disappointing,didn,off,poorly,waste,after,poor,apart
cheap,does,small,should,disappointed,broke,wouldn,return,thought,not,$,but,ok,work,t,did,however,disappointing,didn,off,poorly,waste,after,poor,apart
cheap,does,small,should,disappointed,broke,wouldn,return,thought,not,$,but,ok,work,t,did,however,disappointing,didn,off,poorly,waste,after,poor,apart
cheap,does,small,should,disappointed,broke,wouldn,return,thought,not,$,but,ok,work,t,did,however,disappointing,didn,off,poorly,waste,after,poor,apart
cheap,does,small,should,disappointed,broke,wouldn,return,thought,not,$,but,ok,work,t,did,however,disappointing,didn,off,poorly,waste,after,poor,apart
cheap,does,small,should,disappointed,broke,wouldn,return,thought,not,$,but,ok,work,t,did,however,disappointing,didn,off,poorly,waste,after,poor,apart
cheap,does,small,should,disappointed,broke,wouldn,return,thought,not,$,but,ok,work,t,did,however,disappointing,didn,off,poorly,waste,after,poor,apart
cheap,does,small,should,disappointed,broke,wouldn,return,thought,not,$,but,ok,work,t,did,however,disappointing,didn,off,poorly,waste,after,poor,apart
cheap,does,small,should,disappointed,broke,wouldn,return,thought,not,$,but,ok,work,t,did,however,disappointing,didn,off,poorly,waste,after,poor,apart
cheap,does,small,should,disappointed,broke,wouldn,return,thought,not,$,but,ok,work,t,did,however,disappointing,didn,off,poorly,waste,after,poor,apart
cheap,does,small,should,disappointed,broke,wouldn,return,thought,not,$,but,ok,work,t,did,however,disappointing,didn,off,poorly,waste,after,poor,apart
cheap,does,small,should,disappointed,broke,wouldn,return,thought,not,$,but,ok,work,t,did,however,disappointing,didn,off,poorly,waste,after,poor,apart
cheap,does,small,should,disappointed,broke,wouldn,return,thought,not,$,but,ok,work,t,did,however,disappointing,didn,off,poorly,waste,after,poor,apart
cheap,does,small,should,disappointed,broke,wouldn,return,thought,not,$,but,ok,work,t,did,however,disappointing,didn,off,poorly,waste,after,poor,apart
cheap,does,small,should,disappointed,broke,wouldn,return,thought,not,$,but,ok,work,t,did,however,disappointing,didn,off,poorly,waste,after,poor,apart
cheap,does,small,should,disappointed,broke,wouldn,return,thought,not,$,but,ok,work,t,did,however,disappointing,didn,off,poorly,waste,after,poor,apart
cheap,does,small,should,disappointed,broke,wouldn,return,thought,not,$,but,ok,work,t,did,however,disappointing,didn,off,poorly,waste,after,poor,apart
cheap,does,small,should,disappointed,broke,wouldn,return,thought,not,$,but,ok,work,t,did,however,disappointing,didn,off,poorly,waste,after,poor,apart
cheap,does,small,should,disappointed,broke,wouldn,return,thought,not,$,but,ok,work,t,did,however,disappointing,didn,off,poorly,waste,after,poor,apart
cheap,does,small,should,disappointed,broke,wouldn,return,thought,not,$,but,ok,work,t,did,however,disappointing,didn,off,poorly,waste,after,poor,apart
cheap,does,small,should,disappointed,broke,wouldn,return,thought,not,$,but,ok,work,t,did,however,disappointing,didn,off,poorly,waste,after,poor,apart
cheap,does,small,should,disappointed,broke,wouldn,return,thought,not,$,but,ok,work,t,did,however,disappointing,didn,off,poorly,waste,after,poor,apart
cheap,does,small,should,disappointed,broke,wouldn,return,thought,not,$,but,ok,work,t,did,however,disappointing,didn,off,poorly,waste,after,poor,apart
cheap,does,small,should,disappointed,broke,wouldn,return,thought,not,$,but,ok,work,t,did,however,disappointing,didn,off,poorly,waste,after,poor,apart
cheap,does,small,should,disappointed,broke,wouldn,return,thought,not,$,but,ok,work,t,did,however,disappointing,didn,off,poorly,waste,after,poor,apart
cheap,does,small,should,disappointed,broke,wouldn,return,thought,not,$,but,ok,work,t,did,however,disappointing,didn,off,poorly,waste,after,poor,apart
cheap,does,small,should,disappointed,broke,wouldn,return,thought,not,$,but,ok,work,t,did,however,disappointing,didn,off,poorly,waste,after,poor,apart
cheap,does,small,should,disappointed,broke,wouldn,return,thought,not,$,but,ok,work,t,did,however,disappointing,didn,off,poorly,waste,after,poor,apart
cheap,does,small,should,disappointed,broke,wouldn,return,thought,not,$,but,ok,work,t,did,however,disappointing,didn,off,poorly,waste,after,poor,apart
cheap,does,small,should,disappointed,broke,wouldn,return,thought,not,$,but,ok,work,t,did,however,disappointing,didn,off,poorly,waste,after,poor,apart
cheap,does,small,should,disappointed,broke,wouldn,return,thought,not,$,were,but,ok,work,t,did,however,didn,off,poorly,waste,after,poor,apart
cheap,does,small,should,disappointed,broke,wouldn,return,thought,not,$,were,but,ok,work,t,did,however,didn,off,poorly,waste,after,poor,apart
cheap,does,small,should,disappointed,broke,wouldn,return,thought,not,$,were,but,ok,work,t,did,however,didn,off,poorly,waste,after,poor,apart
cheap,does,small,should,disappointed,broke,wouldn,return,thought,not,$,were,but,ok,work,t,did,however,didn,off,poorly,waste,after,poor,apart
cheap,does,small,should,disappointed,broke,wouldn,return,thought,not,$,were,but,ok,work,t,did,however,didn,off,poorly,waste,after,poor,apart
cheap,does,small,should,disappointed,broke,wouldn,return,thought,not,$,were,but,ok,work,t,did,however,didn,off,poorly,waste,after,poor,apart
cheap,does,small,should,disappointed,broke,wouldn,return,thought,not,$,were,but,ok,work,t,did,however,didn,off,poorly,waste,after,poor,apart
cheap,does,small,should,disappointed,broke,wouldn,return,thought,not,$,but,ok,work,t,did,however,disappointing,didn,off,poorly,waste,after,poor,apart
cheap,does,small,should,disappointed,broke,wouldn,return,thought,not,$,but,ok,work,t,did,however,disappointing,didn,off,poorly,waste,after,poor,apart
cheap,does,small,should,disappointed,broke,wouldn,return,thought,not,$,but,ok,work,t,did,however,disappointing,didn,off,poorly,waste,after,poor,apart
cheap,does,small,should,disappointed,broke,wouldn,return,thought,not,$,but,ok,work,t,did,however,disappointing,didn,off,poorly,waste,after,poor,apart
cheap,does,small,should,disappointed,broke,wouldn,return,thought,not,$,but,ok,work,t,did,however,disappointing,didn,off,poorly,waste,after,poor,apart
cheap,does,small,should,disappointed,broke,wouldn,return,thought,not,$,but,ok,work,t,did,however,disappointing,didn,off,poorly,waste,after,poor,apart
cheap,does,small,should,disappointed,broke,wouldn,return,thought,not,$,but,ok,work,t,did,however,disappointing,didn,off,poorly,waste,after,poor,apart
cheap,does,small,should,disappointed,broke,wouldn,return,thought,not,$,but,ok,work,t,did,however,disappointing,didn,off,poorly,waste,after,poor,apart
cheap,does,small,should,disappointed,broke,wouldn,return,thought,not,$,but,ok,work,t,did,however,disappointing,didn,off,poorly,waste,after,poor,apart
cheap,does,small,should,disappointed,broke,wouldn,return,thought,not,$,but,ok,work,t,did,however,disappointing,didn,off,poorly,waste,after,poor,apart
cheap,does,small,should,disappointed,broke,wouldn,return,thought,not,$,but,ok,work,t,did,however,disappointing,didn,off,poorly,waste,after,poor,apart
cheap,does,small,should,disappointed,broke,wouldn,return,thought,not,$,but,ok,work,t,did,however,disappointing,didn,off,poorly,waste,after,poor,apart
cheap,does,small,should,disappointed,broke,wouldn,return,thought,not,$,but,ok,work,t,did,however,disappointing,didn,off,poorly,waste,after,poor,apart
cheap,does,small,should,disappointed,broke,wouldn,return,thought,not,$,but,ok,work,t,did,however,disappointing,didn,off,poorly,waste,after,poor,apart
cheap,does,small,should,disappointed,broke,wouldn,return,thought,not,$,but,ok,work,t,did,however,disappointing,didn,off,poorly,waste,after,poor,apart
cheap,does,small,should,disappointed,broke,wouldn,return,thought,not,$,but,ok,work,t,did,however,disappointing,didn,off,poorly,waste,after,poor,apart
cheap,does,small,should,disappointed,broke,wouldn,return,thought,not,$,but,ok,work,t,did,however,disappointing,didn,off,poorly,waste,after,poor,apart
cheap,does,small,should,disappointed,broke,wouldn,return,thought,not,$,but,ok,work,t,did,however,disappointing,didn,off,poorly,waste,after,poor,apart
cheap,does,small,should,disappointed,broke,wouldn,return,thought,not,$,but,ok,work,t,did,however,disappointing,didn,off,poorly,waste,after,poor,apart
cheap,does,small,should,disappointed,broke,wouldn,return,thought,not,$,but,ok,work,t,did,however,disappointing,didn,off,poorly,waste,after,poor,apart
cheap,does,small,should,disappointed,broke,wouldn,return,thought,not,$,but,ok,work,t,did,however,disappointing,didn,off,poorly,waste,after,poor,apart
cheap,does,small,should,disappointed,broke,wouldn,return,thought,not,$,but,ok,work,t,did,however,disappointing,didn,off,poorly,waste,after,poor,apart
cheap,does,small,should,disappointed,broke,wouldn,return,thought,not,$,but,ok,work,t,did,however,disappointing,didn,off,poorly,waste,after,poor,apart
cheap,does,small,should,disappointed,broke,wouldn,return,thought,not,$,but,ok,work,t,did,however,disappointing,didn,off,poorly,waste,after,poor,apart
cheap,does,small,should,disappointed,broke,wouldn,return,thought,not,$,but,ok,work,t,did,however,disappointing,didn,off,poorly,waste,after,poor,apart
cheap,does,small,should,disappointed,broke,wouldn,return,thought,not,$,but,ok,work,t,did,however,disappointing,didn,off,poorly,waste,after,poor,apart
cheap,does,small,should,disappointed,broke,wouldn,return,thought,not,$,but,ok,work,t,did,however,disappointing,didn,off,poorly,waste,after,poor,apart
cheap,does,small,should,disappointed,broke,wouldn,return,thought,not,$,but,ok,work,t,did,however,disappointing,didn,off,poorly,waste,after,poor,apart
cheap,does,small,should,disappointed,broke,wouldn,return,thought,not,$,but,ok,work,t,did,however,disappointing,didn,off,poorly,waste,after,poor,apart
cheap,does,small,should,disappointed,broke,wouldn,return,thought,not,$,but,ok,work,t,did,however,disappointing,didn,off,poorly,waste,after,poor,apart
cheap,does,small,should,disappointed,broke,wouldn,return,thought,not,$,but,ok,work,t,did,however,disappointing,didn,off,poorly,waste,after,poor,apart
cheap,does,small,should,disappointed,broke,wouldn,return,thought,not,$,but,ok,work,t,did,however,disappointing,didn,off,poorly,waste,after,poor,apart
cheap,does,small,should,disappointed,broke,wouldn,return,thought,not,$,but,ok,work,t,did,however,disappointing,didn,off,poorly,waste,after,poor,apart
cheap,does,small,should,disappointed,broke,wouldn,return,thought,not,$,but,ok,work,t,did,however,disappointing,didn,off,poorly,waste,after,poor,apart
cheap,does,small,should,disappointed,broke,wouldn,return,thought,not,$,but,ok,work,t,did,however,disappointing,didn,off,poorly,waste,after,poor,apart
cheap,does,small,should,disappointed,broke,wouldn,return,thought,not,$,but,ok,work,t,did,however,disappointing,didn,off,poorly,waste,after,poor,apart
cheap,does,small,should,disappointed,broke,wouldn,return,thought,not,$,but,ok,work,t,did,however,disappointing,didn,off,poorly,waste,after,poor,apart
cheap,does,small,should,disappointed,broke,wouldn,return,thought,not,$,but,ok,work,t,did,however,disappointing,didn,off,poorly,waste,after,poor,apart
cheap,does,small,should,disappointed,broke,wouldn,return,thought,not,$,but,ok,work,t,did,however,disappointing,didn,off,poorly,waste,after,poor,apart
cheap,does,small,should,disappointed,broke,wouldn,return,thought,not,$,but,ok,work,t,did,however,disappointing,didn,off,poorly,waste,after,poor,apart
cheap,does,small,should,disappointed,broke,wouldn,return,thought,not,$,but,ok,work,t,did,however,disappointing,didn,off,poorly,waste,after,poor,apart
cheap,does,small,should,disappointed,broke,return,thought,not,$,were,but,ok,work,t,did,however,disappointing,didn,off,poorly,waste,after,poor,apart
cheap,does,small,should,disappointed,broke,return,thought,not,$,were,but,ok,work,t,did,however,disappointing,didn,off,poorly,waste,after,poor,apart
cheap,does,small,should,disappointed,broke,return,thought,not,$,were,but,ok,work,t,did,however,disappointing,didn,off,poorly,waste,after,poor,apart
cheap,does,small,should,disappointed,broke,return,thought,not,$,were,but,ok,work,t,did,however,disappointing,didn,off,poorly,waste,after,poor,apart
cheap,does,small,should,disappointed,broke,return,thought,not,$,were,but,ok,work,t,did,however,disappointing,didn,off,poorly,waste,after,poor,apart
cheap,does,small,should,disappointed,broke,return,thought,not,$,were,but,ok,work,t,did,however,disappointing,didn,off,poorly,waste,after,poor,apart
cheap,does,small,should,disappointed,broke,return,thought,not,$,were,but,ok,work,t,did,however,disappointing,didn,off,poorly,waste,after,poor,apart
cheap,does,small,should,disappointed,broke,return,thought,not,$,were,but,ok,work,t,did,however,disappointing,didn,off,poorly,waste,after,poor,apart
cheap,does,small,should,disappointed,broke,return,thought,not,$,were,but,ok,work,t,did,however,disappointing,didn,off,poorly,waste,after,poor,apart
cheap,does,small,should,disappointed,broke,return,thought,not,$,were,but,ok,work,t,did,however,disappointing,didn,off,poorly,waste,after,poor,apart
cheap,does,small,should,disappointed,broke,return,thought,not,$,were,but,ok,work,t,did,however,disappointing,didn,off,poorly,waste,after,poor,apart
cheap,does,small,should,disappointed,broke,return,thought,not,$,were,but,ok,work,t,did,however,disappointing,didn,off,poorly,waste,after,poor,apart
cheap,does,small,should,disappointed,broke,return,thought,not,$,were,but,ok,work,t,did,however,disappointing,didn,off,poorly,waste,after,poor,apart
cheap,does,small,should,disappointed,broke,return,thought,not,$,were,but,ok,work,t,did,however,disappointing,didn,off,poorly,waste,after,poor,apart
cheap,does,small,should,disappointed,broke,return,thought,not,$,were,but,ok,work,t,did,however,disappointing,didn,off,poorly,waste,after,poor,apart
cheap,does,small,should,disappointed,broke,return,thought,not,$,were,but,ok,work,t,did,however,disappointing,didn,off,poorly,waste,after,poor,apart
cheap,does,small,should,disappointed,broke,return,thought,not,$,were,but,ok,work,t,did,however,disappointing,didn,off,poorly,waste,after,poor,apart
cheap,does,small,should,disappointed,broke,return,thought,not,$,were,but,ok,work,t,did,however,disappointing,didn,off,poorly,waste,after,poor,apart
cheap,does,small,should,disappointed,broke,return,thought,not,$,were,but,ok,work,t,did,however,disappointing,didn,off,poorly,waste,after,poor,apart
cheap,does,small,should,disappointed,broke,return,thought,not,$,were,but,ok,work,t,did,however,disappointing,didn,off,poorly,waste,after,poor,apart
cheap,does,small,should,disappointed,broke,return,thought,not,$,were,but,ok,work,t,did,however,disappointing,didn,off,poorly,waste,after,poor,apart
cheap,does,small,should,disappointed,broke,return,thought,not,$,were,but,ok,work,t,did,however,disappointing,didn,off,poorly,waste,after,poor,apart
cheap,does,small,should,disappointed,broke,return,thought,not,$,were,but,ok,work,t,did,however,disappointing,didn,off,poorly,waste,after,poor,apart
cheap,does,small,should,disappointed,broke,return,thought,not,$,were,but,ok,work,t,did,however,disappointing,didn,off,poorly,waste,after,poor,apart
cheap,does,small,should,disappointed,broke,return,thought,not,$,were,but,ok,work,t,did,however,disappointing,didn,off,poorly,waste,after,poor,apart
cheap,does,small,should,disappointed,broke,return,thought,not,$,were,but,ok,work,t,did,however,disappointing,didn,off,poorly,waste,after,poor,apart
cheap,does,small,should,disappointed,broke,return,thought,not,$,were,but,ok,work,t,did,however,disappointing,didn,off,poorly,waste,after,poor,apart
cheap,does,small,should,disappointed,broke,return,thought,not,$,were,but,ok,work,t,did,however,disappointing,didn,off,poorly,waste,after,poor,apart
cheap,does,small,should,disappointed,broke,return,thought,not,$,were,but,ok,work,t,did,however,disappointing,didn,off,poorly,waste,after,poor,apart
cheap,does,small,should,disappointed,broke,return,thought,not,$,were,but,ok,work,t,did,however,disappointing,didn,off,poorly,waste,after,poor,apart
cheap,does,small,should,disappointed,broke,return,thought,not,$,were,but,ok,work,t,did,however,disappointing,didn,off,poorly,waste,after,poor,apart
cheap,does,small,should,disappointed,broke,return,thought,not,$,were,but,ok,work,t,did,however,disappointing,didn,off,poorly,waste,after,poor,apart
cheap,does,small,should,disappointed,broke,return,thought,not,$,were,but,ok,work,t,did,however,disappointing,didn,off,poorly,waste,after,poor,apart
cheap,does,small,should,disappointed,broke,return,thought,not,$,were,but,ok,work,t,did,however,disappointing,didn,off,poorly,waste,after,poor,apart
cheap,does,small,should,disappointed,broke,return,thought,not,$,were,but,ok,work,t,did,however,disappointing,didn,off,poorly,waste,after,poor,apart
cheap,does,small,should,disappointed,broke,return,thought,not,$,were,but,ok,work,t,did,however,disappointing,didn,off,poorly,waste,after,poor,apart
cheap,does,small,should,disappointed,broke,return,thought,not,$,were,but,ok,work,t,did,however,disappointing,didn,off,poorly,waste,after,poor,apart
cheap,does,small,should,disappointed,broke,return,thought,not,$,were,but,ok,work,t,did,however,disappointing,didn,off,poorly,waste,after,poor,apart
cheap,does,small,should,disappointed,broke,return,thought,not,$,were,but,ok,pay,work,t,did,however,didn,off,poorly,waste,after,poor,apart
cheap,does,small,should,disappointed,broke,return,thought,not,$,were,but,ok,pay,work,t,did,however,didn,off,poorly,waste,after,poor,apart
cheap,does,small,should,disappointed,broke,return,thought,not,$,were,but,ok,pay,work,t,did,however,didn,off,poorly,waste,after,poor,apart
cheap,does,small,should,disappointed,broke,return,thought,not,$,were,but,ok,pay,work,t,did,however,didn,off,poorly,waste,after,poor,apart
cheap,does,small,should,disappointed,broke,return,thought,not,$,were,but,ok,pay,work,t,did,however,didn,off,poorly,waste,after,poor,apart
cheap,does,small,should,disappointed,broke,return,thought,not,$,were,but,ok,pay,work,t,did,however,didn,off,poorly,waste,after,poor,apart
cheap,does,small,should,disappointed,broke,return,thought,not,$,were,but,ok,pay,work,t,did,however,didn,off,poorly,waste,after,poor,apart
cheap,does,small,should,disappointed,broke,return,thought,not,$,were,but,ok,pay,work,t,did,however,didn,off,poorly,waste,after,poor,apart
cheap,does,small,should,disappointed,broke,wouldn,return,thought,not,$,were,but,ok,work,t,did,however,didn,off,poorly,waste,after,poor,apart
cheap,does,small,should,disappointed,broke,wouldn,return,thought,not,$,were,but,ok,work,t,did,however,didn,off,poorly,waste,after,poor,apart
cheap,does,small,should,disappointed,broke,wouldn,return,thought,not,$,were,but,ok,work,t,did,however,didn,off,poorly,waste,after,poor,apart
cheap,does,small,should,disappointed,broke,wouldn,return,thought,not,$,were,but,ok,work,t,did,however,didn,off,poorly,waste,after,poor,apart
cheap,does,small,should,disappointed,broke,wouldn,return,thought,not,$,were,but,ok,work,t,did,however,didn,off,poorly,waste,after,poor,apart
cheap,does,small,should,disappointed,broke,wouldn,return,thought,not,$,were,but,ok,work,t,did,however,didn,off,poorly,waste,after,poor,apart
cheap,does,small,should,disappointed,broke,wouldn,return,thought,not,$,were,but,ok,work,t,did,however,didn,off,poorly,waste,after,poor,apart
cheap,does,small,should,disappointed,broke,wouldn,return,thought,not,$,were,but,ok,work,t,did,however,didn,off,poorly,waste,after,poor,apart
cheap,does,small,should,disappointed,broke,wouldn,return,thought,not,$,were,but,ok,work,t,did,however,didn,off,poorly,waste,after,poor,apart
cheap,does,small,should,disappointed,broke,wouldn,return,thought,not,$,were,but,ok,work,t,did,however,didn,off,poorly,waste,after,poor,apart
cheap,does,small,should,disappointed,broke,wouldn,return,thought,not,$,were,but,ok,work,t,did,however,didn,off,poorly,waste,after,poor,apart
cheap,does,small,should,disappointed,broke,wouldn,return,thought,not,$,were,but,ok,work,t,did,however,didn,off,poorly,waste,after,poor,apart
cheap,does,small,should,disappointed,broke,wouldn,return,thought,not,$,were,but,ok,work,t,did,however,didn,off,poorly,waste,after,poor,apart
cheap,does,small,should,disappointed,broke,wouldn,return,thought,not,$,were,but,ok,work,t,did,however,didn,off,poorly,waste,after,poor,apart
cheap,does,small,should,disappointed,broke,wouldn,return,thought,not,$,were,but,ok,work,t,did,however,didn,off,poorly,waste,after,poor,apart
cheap,does,small,should,disappointed,broke,wouldn,return,thought,not,$,were,but,ok,work,t,did,however,didn,off,poorly,waste,after,poor,apart
cheap,does,small,should,disappointed,broke,wouldn,return,thought,not,$,were,but,ok,work,t,did,however,didn,off,poorly,waste,after,poor,apart
cheap,does,small,should,disappointed,broke,wouldn,return,thought,not,$,were,but,ok,work,t,did,however,didn,off,poorly,waste,after,poor,apart
cheap,does,small,should,disappointed,broke,wouldn,return,thought,not,$,were,but,ok,work,t,did,however,didn,off,poorly,waste,after,poor,apart
cheap,does,small,should,disappointed,broke,wouldn,return,thought,not,$,were,but,ok,work,t,did,however,didn,off,poorly,waste,after,poor,apart
cheap,does,small,should,disappointed,broke,wouldn,return,thought,not,$,were,but,ok,work,t,did,however,didn,off,poorly,waste,after,poor,apart
cheap,does,small,should,disappointed,broke,wouldn,return,thought,not,$,were,but,ok,work,t,did,however,didn,off,poorly,waste,after,poor,apart
cheap,does,small,should,disappointed,broke,wouldn,return,thought,not,$,were,but,ok,work,t,did,however,didn,off,poorly,waste,after,poor,apart
cheap,does,small,should,disappointed,broke,wouldn,return,thought,not,$,were,but,ok,work,t,did,however,didn,off,poorly,waste,after,poor,apart
cheap,does,small,should,disappointed,broke,wouldn,return,thought,not,$,were,but,ok,work,t,did,however,didn,off,poorly,waste,after,poor,apart
cheap,does,small,should,disappointed,broke,wouldn,return,thought,not,$,were,but,ok,work,t,did,however,didn,off,poorly,waste,after,poor,apart
cheap,does,small,should,disappointed,broke,wouldn,return,thought,not,$,were,but,ok,work,t,did,however,didn,off,poorly,waste,after,poor,apart
cheap,does,small,should,disappointed,broke,wouldn,return,thought,not,$,were,but,ok,work,t,did,however,didn,off,poorly,waste,after,poor,apart
cheap,does,small,should,disappointed,broke,wouldn,return,thought,not,$,were,but,ok,work,t,did,however,didn,off,poorly,waste,after,poor,apart
cheap,does,small,should,disappointed,broke,wouldn,return,thought,not,$,were,but,ok,work,t,did,however,didn,off,poorly,waste,after,poor,apart
cheap,does,small,should,disappointed,broke,wouldn,return,thought,not,$,were,but,ok,work,t,did,however,didn,off,poorly,waste,after,poor,apart
cheap,does,small,should,disappointed,broke,wouldn,return,thought,not,$,were,but,ok,work,t,did,however,didn,off,poorly,waste,after,poor,apart
cheap,does,small,should,disappointed,broke,wouldn,return,thought,not,$,were,but,ok,work,t,did,however,didn,off,poorly,waste,after,poor,apart
cheap,does,small,should,disappointed,broke,wouldn,return,thought,not,$,were,but,ok,work,t,did,however,didn,off,poorly,waste,after,poor,apart
cheap,does,small,should,disappointed,broke,wouldn,return,thought,not,$,were,but,ok,work,t,did,however,didn,off,poorly,waste,after,poor,apart
cheap,does,small,should,disappointed,broke,wouldn,return,thought,not,$,were,but,ok,work,t,did,however,didn,off,poorly,waste,after,poor,apart
cheap,does,small,should,disappointed,broke,wouldn,return,thought,not,$,were,but,ok,work,t,did,however,didn,off,poorly,waste,after,poor,apart
cheap,does,small,should,disappointed,broke,wouldn,return,thought,not,$,were,but,ok,work,t,did,however,didn,off,poorly,waste,after,poor,apart
cheap,does,small,should,disappointed,broke,wouldn,return,thought,not,$,were,but,ok,work,t,did,however,didn,off,poorly,waste,after,poor,apart
cheap,does,small,should,disappointed,broke,wouldn,return,thought,not,$,were,but,ok,work,t,did,however,didn,off,poorly,waste,after,poor,apart
cheap,does,small,should,disappointed,broke,wouldn,return,thought,not,$,were,but,ok,work,t,did,however,didn,off,poorly,waste,after,poor,apart
cheap,does,small,should,disappointed,broke,wouldn,return,thought,not,$,were,but,ok,work,t,did,however,didn,off,poorly,waste,after,poor,apart
cheap,does,small,should,disappointed,broke,wouldn,return,thought,not,$,were,but,ok,work,t,did,however,didn,off,poorly,waste,after,poor,apart
cheap,does,small,should,disappointed,broke,wouldn,return,thought,not,$,were,but,ok,work,t,did,however,didn,off,poorly,waste,after,poor,apart
cheap,does,small,should,disappointed,broke,wouldn,return,thought,not,$,were,but,ok,work,t,did,however,didn,off,poorly,waste,after,poor,apart
cheap,does,small,should,disappointed,broke,wouldn,return,thought,not,$,were,but,ok,work,t,did,however,didn,off,poorly,waste,after,poor,apart
cheap,does,small,should,disappointed,broke,wouldn,return,thought,not,$,were,but,ok,work,t,did,however,didn,off,poorly,waste,after,poor,apart
cheap,does,small,should,disappointed,broke,wouldn,return,thought,not,$,were,but,ok,work,t,did,however,didn,off,poorly,waste,after,poor,apart
cheap,does,small,should,disappointed,broke,wouldn,return,thought,not,$,were,but,ok,work,t,did,however,didn,off,poorly,waste,after,poor,apart
cheap,does,small,should,disappointed,broke,wouldn,return,thought,not,$,were,but,ok,work,t,did,however,didn,off,poorly,waste,after,poor,apart
cheap,does,small,should,disappointed,broke,wouldn,return,thought,not,$,were,but,ok,work,t,did,however,didn,off,poorly,waste,after,poor,apart
cheap,does,small,should,disappointed,broke,wouldn,return,thought,not,$,were,but,ok,work,t,did,however,didn,off,poorly,waste,after,poor,apart
cheap,does,small,should,disappointed,broke,wouldn,return,thought,not,$,were,but,ok,work,t,did,however,didn,off,poorly,waste,after,poor,apart
cheap,does,small,should,disappointed,broke,wouldn,return,thought,not,$,were,but,ok,work,t,did,however,didn,off,poorly,waste,after,poor,apart
cheap,does,small,should,disappointed,broke,wouldn,return,thought,not,$,but,ok,work,t,did,however,disappointing,didn,off,poorly,waste,after,poor,apart
cheap,does,small,should,disappointed,broke,wouldn,return,thought,not,$,but,ok,work,t,did,however,disappointing,didn,off,poorly,waste,after,poor,apart
cheap,does,small,should,disappointed,broke,wouldn,return,thought,not,$,but,ok,work,t,did,however,disappointing,didn,off,poorly,waste,after,poor,apart
cheap,does,small,should,disappointed,broke,wouldn,return,thought,not,$,but,ok,work,t,did,however,disappointing,didn,off,poorly,waste,after,poor,apart
cheap,does,small,should,disappointed,broke,wouldn,return,thought,not,$,but,ok,work,t,did,however,disappointing,didn,off,poorly,waste,after,poor,apart
cheap,does,small,should,disappointed,broke,wouldn,return,thought,not,$,but,ok,work,t,did,however,disappointing,didn,off,poorly,waste,after,poor,apart
cheap,does,small,should,disappointed,broke,wouldn,return,thought,not,$,but,ok,work,t,did,however,disappointing,didn,off,poorly,waste,after,poor,apart
cheap,does,small,should,disappointed,broke,wouldn,return,thought,not,$,but,ok,work,t,did,however,disappointing,didn,off,poorly,waste,after,poor,apart
cheap,does,small,should,disappointed,broke,wouldn,return,thought,not,$,but,ok,work,t,did,however,disappointing,didn,off,poorly,waste,after,poor,apart
cheap,does,small,should,disappointed,broke,wouldn,return,thought,not,$,but,ok,work,t,did,however,disappointing,didn,off,poorly,waste,after,poor,apart
cheap,does,small,should,disappointed,broke,wouldn,return,thought,not,$,but,ok,work,t,did,however,disappointing,didn,off,poorly,waste,after,poor,apart
cheap,does,small,should,disappointed,broke,wouldn,return,thought,not,$,but,ok,work,t,did,however,disappointing,didn,off,poorly,waste,after,poor,apart
cheap,does,small,should,disappointed,broke,wouldn,return,thought,not,$,but,ok,work,t,did,however,disappointing,didn,off,poorly,waste,after,poor,apart
cheap,does,small,should,disappointed,broke,wouldn,return,thought,not,$,but,ok,work,t,did,however,disappointing,didn,off,poorly,waste,after,poor,apart
cheap,does,small,should,disappointed,broke,wouldn,return,thought,not,$,but,ok,work,t,did,however,disappointing,didn,off,poorly,waste,after,poor,apart
cheap,does,small,should,disappointed,broke,wouldn,return,thought,not,$,but,ok,work,t,did,however,disappointing,didn,off,poorly,waste,after,poor,apart
cheap,does,small,should,disappointed,broke,wouldn,return,thought,not,$,but,ok,work,t,did,however,disappointing,didn,off,poorly,waste,after,poor,apart
cheap,does,small,should,disappointed,broke,wouldn,return,thought,not,$,but,ok,work,t,did,however,disappointing,didn,off,poorly,waste,after,poor,apart
cheap,does,small,should,disappointed,broke,wouldn,return,thought,not,$,but,ok,work,t,did,however,disappointing,didn,off,poorly,waste,after,poor,apart
cheap,does,small,should,disappointed,broke,wouldn,return,thought,not,$,but,ok,work,t,did,however,disappointing,didn,off,poorly,waste,after,poor,apart
cheap,does,small,should,disappointed,broke,wouldn,return,thought,not,$,but,ok,work,t,did,however,disappointing,didn,off,poorly,waste,after,poor,apart
cheap,does,small,should,disappointed,broke,wouldn,return,thought,not,$,but,ok,work,t,did,however,disappointing,didn,off,poorly,waste,after,poor,apart
cheap,does,small,should,disappointed,broke,wouldn,return,thought,not,$,but,ok,work,t,did,however,disappointing,didn,off,poorly,waste,after,poor,apart
cheap,does,small,should,disappointed,broke,wouldn,return,thought,not,$,but,ok,work,t,did,however,disappointing,didn,off,poorly,waste,after,poor,apart
cheap,does,small,should,disappointed,broke,wouldn,return,thought,not,$,but,ok,work,t,did,however,disappointing,didn,off,poorly,waste,after,poor,apart
cheap,does,small,should,disappointed,broke,wouldn,return,thought,not,$,but,ok,work,t,did,however,disappointing,didn,off,poorly,waste,after,poor,apart
cheap,does,small,should,disappointed,broke,wouldn,return,thought,not,$,but,ok,work,t,did,however,disappointing,didn,off,poorly,waste,after,poor,apart
cheap,does,small,should,disappointed,broke,wouldn,return,thought,not,$,but,ok,work,t,did,however,disappointing,didn,off,poorly,waste,after,poor,apart
cheap,does,small,should,disappointed,broke,wouldn,return,thought,not,$,but,ok,work,t,did,however,disappointing,didn,off,poorly,waste,after,poor,apart
cheap,does,small,should,disappointed,broke,wouldn,return,thought,not,$,but,ok,work,t,did,however,disappointing,didn,off,poorly,waste,after,poor,apart
cheap,does,small,should,disappointed,broke,wouldn,return,thought,not,$,but,ok,work,t,did,however,disappointing,didn,off,poorly,waste,after,poor,apart
cheap,does,small,should,disappointed,broke,wouldn,return,thought,not,$,but,ok,work,t,did,however,disappointing,didn,off,poorly,waste,after,poor,apart
cheap,does,small,should,disappointed,broke,wouldn,return,thought,not,$,but,ok,work,t,did,however,disappointing,didn,off,poorly,waste,after,poor,apart
cheap,does,small,should,disappointed,broke,wouldn,return,thought,not,$,but,ok,work,t,did,however,disappointing,didn,off,poorly,waste,after,poor,apart
cheap,does,small,should,disappointed,broke,wouldn,return,thought,not,$,but,ok,work,t,did,however,disappointing,didn,off,poorly,waste,after,poor,apart
cheap,does,small,should,disappointed,broke,wouldn,return,thought,not,$,but,ok,work,t,did,however,disappointing,didn,off,poorly,waste,after,poor,apart
cheap,does,small,should,disappointed,broke,wouldn,return,thought,not,$,but,ok,work,t,did,however,disappointing,didn,off,poorly,waste,after,poor,apart
cheap,does,small,should,disappointed,broke,wouldn,return,thought,not,$,but,ok,work,t,did,however,disappointing,didn,off,poorly,waste,after,poor,apart
cheap,does,small,should,disappointed,broke,wouldn,return,thought,not,$,but,ok,work,t,did,however,disappointing,didn,off,poorly,waste,after,poor,apart
cheap,does,small,should,disappointed,broke,wouldn,return,thought,not,$,but,ok,work,t,did,however,disappointing,didn,off,poorly,waste,after,poor,apart
cheap,does,small,should,disappointed,broke,wouldn,return,thought,not,$,but,ok,work,t,did,however,disappointing,didn,off,poorly,waste,after,poor,apart
cheap,does,small,should,disappointed,broke,wouldn,return,thought,not,$,but,ok,work,t,did,however,disappointing,didn,off,poorly,waste,after,poor,apart
cheap,does,small,should,disappointed,broke,wouldn,return,thought,not,$,but,ok,work,t,did,however,disappointing,didn,off,poorly,waste,after,poor,apart
cheap,does,small,should,disappointed,broke,wouldn,return,thought,not,$,but,ok,work,t,did,however,disappointing,didn,off,poorly,waste,after,poor,apart
cheap,does,small,should,disappointed,broke,wouldn,return,thought,not,$,but,ok,work,t,did,however,disappointing,didn,off,poorly,waste,after,poor,apart
cheap,does,small,should,disappointed,broke,wouldn,return,thought,not,$,but,ok,work,t,did,however,disappointing,didn,off,poorly,waste,after,poor,apart
cheap,does,small,should,disappointed,broke,wouldn,return,thought,not,$,but,ok,work,t,did,however,disappointing,didn,off,poorly,waste,after,poor,apart
cheap,does,small,should,disappointed,broke,wouldn,return,thought,not,$,but,ok,work,t,did,however,disappointing,didn,off,poorly,waste,after,poor,apart
cheap,does,small,should,disappointed,broke,wouldn,return,thought,not,$,but,ok,work,t,did,however,disappointing,didn,off,poorly,waste,after,poor,apart
cheap,does,small,should,disappointed,broke,wouldn,return,thought,not,$,but,ok,work,t,did,however,disappointing,didn,off,poorly,waste,after,poor,apart
cheap,does,small,should,disappointed,broke,wouldn,return,thought,not,$,but,ok,work,t,did,however,disappointing,didn,off,poorly,waste,after,poor,apart
cheap,does,small,should,disappointed,broke,wouldn,return,thought,not,$,but,ok,work,t,did,however,disappointing,didn,off,poorly,waste,after,poor,apart
cheap,does,small,should,disappointed,broke,wouldn,return,thought,not,$,but,ok,work,t,did,however,disappointing,didn,off,poorly,waste,after,poor,apart
cheap,does,small,should,disappointed,broke,wouldn,return,thought,not,$,but,ok,work,t,did,however,disappointing,didn,off,poorly,waste,after,poor,apart
cheap,does,small,should,disappointed,broke,wouldn,return,thought,not,$,but,ok,work,t,did,however,disappointing,didn,off,poorly,waste,after,poor,apart
cheap,does,small,should,disappointed,broke,wouldn,return,thought,not,$,but,ok,work,t,did,however,disappointing,didn,off,poorly,waste,after,poor,apart
cheap,does,small,should,disappointed,broke,wouldn,return,thought,not,$,but,ok,work,t,did,however,disappointing,didn,off,poorly,waste,after,poor,apart
cheap,does,small,should,disappointed,broke,wouldn,return,thought,not,$,but,ok,work,t,did,however,disappointing,didn,off,poorly,waste,after,poor,apart
cheap,does,small,should,disappointed,broke,wouldn,return,thought,not,$,but,ok,work,t,did,however,disappointing,didn,off,poorly,waste,after,poor,apart
cheap,does,small,should,disappointed,broke,wouldn,return,thought,not,$,but,ok,work,t,did,however,disappointing,didn,off,poorly,waste,after,poor,apart
cheap,does,small,should,disappointed,broke,wouldn,return,thought,not,$,but,ok,work,t,did,however,disappointing,didn,off,poorly,waste,after,poor,apart
cheap,does,small,should,disappointed,broke,wouldn,return,thought,not,$,but,ok,work,t,did,however,disappointing,didn,off,poorly,waste,after,poor,apart
cheap,does,small,should,disappointed,broke,wouldn,return,thought,not,$,but,ok,work,t,did,however,disappointing,didn,off,poorly,waste,after,poor,apart
cheap,does,small,should,disappointed,broke,wouldn,return,thought,not,$,but,ok,work,t,did,however,disappointing,didn,off,poorly,waste,after,poor,apart
cheap,does,small,should,disappointed,broke,wouldn,return,thought,not,$,but,ok,work,t,did,however,disappointing,didn,off,poorly,waste,after,poor,apart
cheap,does,small,should,disappointed,broke,wouldn,return,thought,not,$,but,ok,work,t,did,however,disappointing,didn,off,poorly,waste,after,poor,apart
cheap,does,small,should,disappointed,broke,wouldn,return,thought,not,$,but,ok,work,t,did,however,disappointing,didn,off,poorly,waste,after,poor,apart
cheap,does,small,should,disappointed,broke,wouldn,return,thought,not,$,but,ok,work,t,did,however,disappointing,didn,off,poorly,waste,after,poor,apart
cheap,does,small,should,disappointed,broke,wouldn,return,thought,not,$,but,ok,work,t,did,however,disappointing,didn,off,poorly,waste,after,poor,apart
cheap,does,small,should,disappointed,broke,wouldn,return,thought,not,$,but,ok,work,t,did,however,disappointing,didn,off,poorly,waste,after,poor,apart
cheap,does,small,should,disappointed,broke,wouldn,return,thought,not,$,but,ok,work,t,did,however,disappointing,didn,off,poorly,waste,after,poor,apart
cheap,does,small,should,disappointed,broke,wouldn,return,thought,not,$,but,ok,work,t,did,however,disappointing,didn,off,poorly,waste,after,poor,apart
cheap,does,small,should,disappointed,broke,wouldn,return,thought,not,$,but,ok,work,t,did,however,disappointing,didn,off,poorly,waste,after,poor,apart
cheap,does,small,should,disappointed,broke,wouldn,return,thought,not,$,but,ok,work,t,did,however,disappointing,didn,off,poorly,waste,after,poor,apart
cheap,does,small,should,disappointed,broke,wouldn,return,thought,not,$,but,ok,work,t,did,however,disappointing,didn,off,poorly,waste,after,poor,apart
cheap,does,small,should,disappointed,broke,wouldn,return,thought,not,$,but,ok,work,t,did,however,disappointing,didn,off,poorly,waste,after,poor,apart
cheap,does,small,should,disappointed,broke,wouldn,return,thought,not,$,but,ok,work,t,did,however,disappointing,didn,off,poorly,waste,after,poor,apart
cheap,does,small,should,disappointed,broke,wouldn,return,thought,not,$,but,ok,work,t,did,however,disappointing,didn,off,poorly,waste,after,poor,apart
cheap,does,small,should,disappointed,broke,wouldn,return,thought,not,$,but,ok,work,t,did,however,disappointing,didn,off,poorly,waste,after,poor,apart
cheap,does,small,should,disappointed,broke,wouldn,return,thought,not,$,but,ok,work,t,did,however,disappointing,didn,off,poorly,waste,after,poor,apart
cheap,does,small,should,disappointed,broke,wouldn,return,thought,not,$,but,ok,work,t,did,however,disappointing,didn,off,poorly,waste,after,poor,apart
cheap,does,small,should,disappointed,broke,wouldn,return,thought,not,$,but,ok,work,t,did,however,disappointing,didn,off,poorly,waste,after,poor,apart
cheap,does,small,should,disappointed,broke,wouldn,return,thought,not,$,but,ok,work,t,did,however,disappointing,didn,off,poorly,waste,after,poor,apart
cheap,does,small,should,disappointed,broke,wouldn,return,thought,not,$,but,ok,work,t,did,however,disappointing,didn,off,poorly,waste,after,poor,apart
cheap,does,small,should,disappointed,broke,wouldn,return,thought,not,$,but,ok,work,t,did,however,disappointing,didn,off,poorly,waste,after,poor,apart
cheap,does,small,should,disappointed,broke,wouldn,return,thought,not,$,but,ok,work,t,did,however,disappointing,didn,off,poorly,waste,after,poor,apart
cheap,does,small,should,disappointed,broke,wouldn,return,thought,not,$,but,ok,work,t,did,however,disappointing,didn,off,poorly,waste,after,poor,apart
cheap,does,small,should,disappointed,broke,wouldn,return,thought,not,$,but,ok,work,t,did,however,disappointing,didn,off,poorly,waste,after,poor,apart
cheap,does,small,should,disappointed,broke,wouldn,return,thought,not,$,but,ok,work,t,did,however,disappointing,didn,off,poorly,waste,after,poor,apart
cheap,does,small,should,disappointed,broke,wouldn,return,thought,not,$,but,ok,work,t,did,however,disappointing,didn,off,poorly,waste,after,poor,apart
cheap,does,small,should,disappointed,broke,wouldn,return,thought,not,$,but,ok,work,t,did,however,disappointing,didn,off,poorly,waste,after,poor,apart
cheap,does,small,should,disappointed,broke,wouldn,return,thought,not,$,but,ok,work,t,did,however,disappointing,didn,off,poorly,waste,after,poor,apart
cheap,does,small,should,disappointed,broke,wouldn,return,thought,not,$,but,ok,work,t,did,however,disappointing,didn,off,poorly,waste,after,poor,apart
cheap,does,small,should,disappointed,broke,wouldn,return,thought,not,$,but,ok,work,t,did,however,disappointing,didn,off,poorly,waste,after,poor,apart
cheap,does,small,should,disappointed,broke,wouldn,return,thought,not,$,but,ok,work,t,did,however,disappointing,didn,off,poorly,waste,after,poor,apart
cheap,does,small,should,disappointed,broke,wouldn,return,thought,not,$,but,ok,work,t,did,however,disappointing,didn,off,poorly,waste,after,poor,apart
cheap,does,small,should,disappointed,broke,wouldn,return,thought,not,$,but,ok,work,t,did,however,disappointing,didn,off,poorly,waste,after,poor,apart
cheap,does,small,should,disappointed,broke,wouldn,return,thought,not,$,but,ok,work,t,did,however,disappointing,didn,off,poorly,waste,after,poor,apart
cheap,does,small,should,disappointed,broke,wouldn,return,thought,not,$,but,ok,work,t,did,however,disappointing,didn,off,poorly,waste,after,poor,apart
cheap,does,small,should,disappointed,broke,wouldn,return,thought,not,$,but,ok,work,t,did,however,disappointing,didn,off,poorly,waste,after,poor,apart
cheap,does,small,should,disappointed,broke,wouldn,return,thought,not,$,but,ok,work,t,did,however,disappointing,didn,off,poorly,waste,after,poor,apart
cheap,does,small,should,disappointed,broke,wouldn,return,thought,not,$,but,ok,work,t,did,however,disappointing,didn,off,poorly,waste,after,poor,apart
cheap,does,small,should,disappointed,broke,wouldn,return,thought,not,$,but,ok,work,t,did,however,disappointing,didn,off,poorly,waste,after,poor,apart
cheap,does,small,should,disappointed,broke,wouldn,return,thought,not,$,but,ok,work,t,did,however,disappointing,didn,off,poorly,waste,after,poor,apart
cheap,does,small,should,disappointed,broke,wouldn,return,thought,not,$,but,ok,work,t,did,however,disappointing,didn,off,poorly,waste,after,poor,apart
cheap,does,small,should,disappointed,broke,wouldn,return,thought,not,$,but,ok,work,t,did,however,disappointing,didn,off,poorly,waste,after,poor,apart
cheap,does,small,should,disappointed,broke,wouldn,return,thought,not,$,but,ok,work,t,did,however,disappointing,didn,off,poorly,waste,after,poor,apart
cheap,does,small,should,disappointed,broke,wouldn,return,thought,not,$,but,ok,work,t,did,however,disappointing,didn,off,poorly,waste,after,poor,apart
cheap,does,small,should,disappointed,broke,wouldn,return,thought,not,$,but,ok,work,t,did,however,disappointing,didn,off,poorly,waste,after,poor,apart
cheap,does,small,should,disappointed,broke,wouldn,return,thought,not,$,but,ok,work,t,did,however,disappointing,didn,off,poorly,waste,after,poor,apart
cheap,does,small,should,disappointed,broke,wouldn,return,thought,not,$,but,ok,work,t,did,however,disappointing,didn,off,poorly,waste,after,poor,apart
cheap,does,small,should,disappointed,broke,wouldn,return,thought,not,$,but,ok,work,t,did,however,disappointing,didn,off,poorly,waste,after,poor,apart
cheap,does,small,should,disappointed,broke,wouldn,return,thought,not,$,but,ok,work,t,did,however,disappointing,didn,off,poorly,waste,after,poor,apart
cheap,does,small,should,disappointed,broke,wouldn,return,thought,not,$,but,ok,pay,work,t,did,however,didn,off,poorly,waste,after,poor,apart
cheap,does,small,should,disappointed,broke,wouldn,return,thought,not,$,but,ok,pay,work,t,did,however,didn,off,poorly,waste,after,poor,apart
cheap,does,small,should,disappointed,broke,wouldn,return,thought,not,$,but,ok,pay,work,t,did,however,didn,off,poorly,waste,after,poor,apart
cheap,does,small,should,disappointed,broke,wouldn,return,thought,not,$,but,ok,pay,work,t,did,however,didn,off,poorly,waste,after,poor,apart
cheap,does,small,should,disappointed,broke,wouldn,return,thought,not,$,but,ok,pay,work,t,did,however,didn,off,poorly,waste,after,poor,apart
cheap,does,small,should,disappointed,broke,wouldn,return,thought,not,$,but,ok,pay,work,t,did,however,didn,off,poorly,waste,after,poor,apart
cheap,does,small,should,disappointed,broke,wouldn,return,thought,not,$,but,ok,pay,work,t,did,however,didn,off,poorly,waste,after,poor,apart
cheap,does,small,should,disappointed,broke,wouldn,return,thought,not,$,but,ok,pay,work,t,did,however,didn,off,poorly,waste,after,poor,apart
cheap,does,small,should,disappointed,broke,wouldn,return,thought,not,$,but,ok,pay,work,t,did,however,didn,off,poorly,waste,after,poor,apart
cheap,does,small,should,disappointed,broke,wouldn,return,thought,not,$,but,ok,pay,work,t,did,however,didn,off,poorly,waste,after,poor,apart
cheap,does,small,should,disappointed,broke,wouldn,return,thought,not,$,but,ok,pay,work,t,did,however,didn,off,poorly,waste,after,poor,apart
cheap,does,small,should,disappointed,broke,wouldn,return,thought,not,$,but,ok,pay,work,t,did,however,didn,off,poorly,waste,after,poor,apart
cheap,does,small,should,disappointed,broke,wouldn,return,thought,not,$,but,ok,pay,work,t,did,however,didn,off,poorly,waste,after,poor,apart
cheap,does,small,should,disappointed,broke,wouldn,return,thought,not,$,but,ok,pay,work,t,did,however,didn,off,poorly,waste,after,poor,apart
cheap,does,small,should,disappointed,broke,wouldn,return,thought,not,$,but,ok,pay,work,t,did,however,didn,off,poorly,waste,after,poor,apart
cheap,does,small,should,disappointed,broke,wouldn,return,thought,not,$,but,ok,pay,work,t,did,however,didn,off,poorly,waste,after,poor,apart
cheap,does,small,should,disappointed,broke,wouldn,return,thought,not,$,were,but,ok,work,t,did,however,didn,off,poorly,waste,after,poor,apart
cheap,does,small,should,disappointed,broke,wouldn,return,thought,not,$,were,but,ok,work,t,did,however,didn,off,poorly,waste,after,poor,apart
cheap,does,small,should,disappointed,broke,wouldn,return,thought,not,$,were,but,ok,work,t,did,however,didn,off,poorly,waste,after,poor,apart
cheap,does,small,should,disappointed,broke,wouldn,return,thought,not,$,were,but,ok,work,t,did,however,didn,off,poorly,waste,after,poor,apart
cheap,does,small,should,disappointed,broke,wouldn,return,thought,not,$,were,but,ok,work,t,did,however,didn,off,poorly,waste,after,poor,apart
cheap,does,small,should,disappointed,broke,wouldn,return,thought,not,$,were,but,ok,work,t,did,however,didn,off,poorly,waste,after,poor,apart
cheap,does,small,should,disappointed,broke,wouldn,return,thought,not,$,were,but,ok,work,t,did,however,didn,off,poorly,waste,after,poor,apart
cheap,does,small,should,disappointed,broke,wouldn,return,thought,not,$,were,but,ok,work,t,did,however,didn,off,poorly,waste,after,poor,apart
cheap,does,small,should,disappointed,broke,wouldn,return,thought,not,$,were,but,ok,work,t,did,however,didn,off,poorly,waste,after,poor,apart
cheap,does,small,should,disappointed,broke,wouldn,return,thought,not,$,were,but,ok,work,t,did,however,didn,off,poorly,waste,after,poor,apart
cheap,does,small,should,disappointed,broke,wouldn,return,thought,not,$,were,but,ok,work,t,did,however,didn,off,poorly,waste,after,poor,apart
cheap,does,small,should,disappointed,broke,wouldn,return,thought,not,$,were,but,ok,work,t,did,however,didn,off,poorly,waste,after,poor,apart
cheap,does,small,should,disappointed,broke,wouldn,return,thought,not,$,were,but,ok,work,t,did,however,didn,off,poorly,waste,after,poor,apart
cheap,does,small,should,disappointed,broke,wouldn,return,thought,not,$,were,but,ok,work,t,did,however,didn,off,poorly,waste,after,poor,apart
cheap,does,small,should,disappointed,broke,wouldn,return,thought,not,$,were,but,ok,work,t,did,however,didn,off,poorly,waste,after,poor,apart
cheap,does,small,should,disappointed,broke,wouldn,return,thought,not,$,were,but,ok,work,t,did,however,didn,off,poorly,waste,after,poor,apart
cheap,does,small,should,disappointed,broke,wouldn,return,thought,not,$,were,but,ok,work,t,did,however,didn,off,poorly,waste,after,poor,apart
cheap,does,small,should,disappointed,broke,wouldn,return,thought,not,$,were,but,ok,work,t,did,however,didn,off,poorly,waste,after,poor,apart
cheap,does,small,should,disappointed,broke,wouldn,return,thought,not,$,were,but,ok,work,t,did,however,didn,off,poorly,waste,after,poor,apart
cheap,does,small,should,disappointed,broke,wouldn,return,thought,not,$,were,but,ok,work,t,did,however,didn,off,poorly,waste,after,poor,apart
cheap,does,small,should,disappointed,broke,wouldn,return,thought,not,$,were,but,ok,work,t,did,however,didn,off,poorly,waste,after,poor,apart
cheap,does,small,should,disappointed,broke,wouldn,return,thought,not,$,were,but,ok,work,t,did,however,didn,off,poorly,waste,after,poor,apart
cheap,does,small,should,disappointed,broke,wouldn,return,thought,not,$,were,but,ok,work,t,did,however,didn,off,poorly,waste,after,poor,apart
cheap,does,small,should,disappointed,broke,wouldn,return,thought,not,$,were,but,ok,work,t,did,however,didn,off,poorly,waste,after,poor,apart
cheap,does,small,should,disappointed,broke,wouldn,return,thought,not,$,were,but,ok,work,t,did,however,didn,off,poorly,waste,after,poor,apart
cheap,does,small,should,disappointed,broke,wouldn,return,thought,not,$,were,but,ok,work,t,did,however,didn,off,poorly,waste,after,poor,apart
cheap,does,small,should,disappointed,broke,wouldn,return,thought,not,$,were,but,ok,work,t,did,however,didn,off,poorly,waste,after,poor,apart
cheap,does,small,should,disappointed,broke,wouldn,return,thought,not,$,were,but,ok,work,t,did,however,didn,off,poorly,waste,after,poor,apart
cheap,does,small,should,disappointed,broke,wouldn,return,thought,not,$,were,but,ok,work,t,did,however,didn,off,poorly,waste,after,poor,apart
cheap,does,small,should,disappointed,broke,wouldn,return,thought,not,$,were,but,ok,work,t,did,however,didn,off,poorly,waste,after,poor,apart
cheap,does,small,should,disappointed,broke,wouldn,return,thought,not,$,were,but,ok,work,t,did,however,didn,off,poorly,waste,after,poor,apart
cheap,does,small,should,disappointed,broke,wouldn,return,thought,not,$,were,but,ok,work,t,did,however,didn,off,poorly,waste,after,poor,apart
cheap,does,small,should,disappointed,broke,wouldn,return,thought,not,$,were,but,ok,work,t,did,however,didn,off,poorly,waste,after,poor,apart
cheap,does,small,should,disappointed,broke,wouldn,return,thought,not,$,were,but,ok,work,t,did,however,didn,off,poorly,waste,after,poor,apart
cheap,does,small,should,disappointed,broke,wouldn,return,thought,not,$,were,but,ok,work,t,did,however,didn,off,poorly,waste,after,poor,apart
cheap,does,small,should,disappointed,broke,wouldn,return,thought,not,$,were,but,ok,work,t,did,however,didn,off,poorly,waste,after,poor,apart
cheap,does,small,should,disappointed,broke,wouldn,return,thought,not,$,were,but,ok,work,t,did,however,didn,off,poorly,waste,after,poor,apart
cheap,does,small,should,disappointed,broke,wouldn,return,thought,not,$,were,but,ok,work,t,did,however,didn,off,poorly,waste,after,poor,apart
cheap,does,small,should,disappointed,broke,wouldn,return,thought,not,$,were,but,ok,work,t,did,however,didn,off,poorly,waste,after,poor,apart
cheap,does,small,should,disappointed,broke,wouldn,return,thought,not,$,were,but,ok,work,t,did,however,didn,off,poorly,waste,after,poor,apart
cheap,does,small,should,disappointed,broke,wouldn,return,thought,not,$,were,but,ok,work,t,did,however,didn,off,poorly,waste,after,poor,apart
cheap,does,small,should,disappointed,broke,wouldn,return,thought,not,$,were,but,ok,work,t,did,however,didn,off,poorly,waste,after,poor,apart
cheap,does,small,should,disappointed,broke,wouldn,return,thought,not,$,were,but,ok,work,t,did,however,didn,off,poorly,waste,after,poor,apart
cheap,does,small,should,disappointed,broke,wouldn,return,thought,not,$,were,but,ok,work,t,did,however,didn,off,poorly,waste,after,poor,apart
cheap,does,small,should,disappointed,broke,wouldn,return,thought,not,$,were,but,ok,work,t,did,however,didn,off,poorly,waste,after,poor,apart
cheap,does,small,should,disappointed,broke,wouldn,return,thought,not,$,were,but,ok,work,t,did,however,didn,off,poorly,waste,after,poor,apart
cheap,does,small,should,disappointed,broke,wouldn,return,thought,not,$,were,but,ok,pay,work,t,did,however,didn,off,waste,after,poor,apart
cheap,does,small,should,disappointed,broke,wouldn,return,thought,not,$,were,but,ok,pay,work,t,did,however,didn,off,waste,after,poor,apart
cheap,does,small,should,disappointed,broke,wouldn,return,thought,not,$,were,but,ok,pay,work,t,did,however,didn,off,waste,after,poor,apart
cheap,does,small,should,disappointed,broke,wouldn,return,thought,not,$,were,but,ok,pay,work,t,did,however,didn,off,waste,after,poor,apart
cheap,does,small,should,disappointed,broke,wouldn,return,thought,not,$,were,but,ok,pay,work,t,did,however,didn,off,waste,after,poor,apart
cheap,does,small,should,disappointed,broke,wouldn,return,thought,not,$,were,but,ok,pay,work,t,did,however,didn,off,waste,after,poor,apart
cheap,does,small,should,disappointed,broke,wouldn,return,thought,not,$,were,but,ok,pay,work,t,did,however,didn,off,waste,after,poor,apart
cheap,does,small,should,disappointed,broke,wouldn,return,thought,not,$,were,but,ok,pay,work,t,did,however,didn,off,waste,after,poor,apart
cheap,does,small,should,disappointed,broke,wouldn,return,thought,not,$,were,but,ok,pay,work,t,did,however,didn,off,waste,after,poor,apart
cheap,does,small,should,disappointed,broke,wouldn,return,thought,not,$,were,but,ok,pay,work,t,did,however,didn,off,waste,after,poor,apart
cheap,does,small,should,disappointed,broke,wouldn,return,thought,not,$,were,but,ok,pay,work,t,did,however,didn,off,waste,after,poor,apart
cheap,does,small,should,disappointed,broke,wouldn,return,thought,not,$,were,but,ok,pay,work,t,did,however,didn,off,waste,after,poor,apart
cheap,does,small,should,disappointed,broke,wouldn,return,thought,not,$,were,but,ok,pay,work,t,did,however,didn,off,waste,after,poor,apart
cheap,does,small,should,disappointed,broke,wouldn,return,thought,not,$,were,but,ok,pay,work,t,did,however,didn,off,waste,after,poor,apart
cheap,does,small,should,disappointed,broke,wouldn,return,thought,not,$,were,but,ok,pay,work,t,did,however,didn,off,waste,after,poor,apart
cheap,does,small,should,disappointed,broke,wouldn,return,thought,not,$,were,but,ok,pay,work,t,did,however,didn,off,waste,after,poor,apart
cheap,does,small,should,disappointed,broke,wouldn,return,thought,not,$,were,but,ok,pay,work,t,did,however,didn,off,waste,after,poor,apart
cheap,does,small,should,disappointed,broke,wouldn,return,thought,not,$,were,but,ok,pay,work,t,did,however,didn,off,waste,after,poor,apart
cheap,does,small,should,disappointed,broke,wouldn,return,thought,not,$,were,but,ok,pay,work,t,did,however,didn,off,waste,after,poor,apart
cheap,does,small,should,disappointed,broke,wouldn,return,thought,not,$,were,but,ok,pay,work,t,did,however,didn,off,waste,after,poor,apart
cheap,does,small,should,disappointed,broke,wouldn,return,thought,not,$,were,but,ok,pay,work,t,did,however,didn,off,waste,after,poor,apart
cheap,does,small,should,disappointed,broke,wouldn,return,thought,not,$,were,but,ok,pay,work,t,did,however,didn,off,waste,after,poor,apart
cheap,does,small,should,disappointed,broke,wouldn,return,thought,not,$,were,but,ok,pay,work,t,did,however,didn,off,waste,after,poor,apart
cheap,does,small,should,disappointed,broke,wouldn,return,thought,not,$,were,but,ok,pay,work,t,did,however,didn,off,waste,after,poor,apart
cheap,does,small,should,disappointed,broke,wouldn,return,thought,not,$,were,but,ok,pay,work,t,did,however,didn,off,waste,after,poor,apart
cheap,does,small,should,disappointed,broke,wouldn,return,thought,not,$,were,but,ok,pay,work,t,did,however,didn,off,waste,after,poor,apart
cheap,does,small,should,disappointed,broke,wouldn,return,thought,not,$,were,but,ok,pay,work,t,did,however,didn,off,waste,after,poor,apart
cheap,does,small,should,disappointed,broke,wouldn,return,thought,not,$,were,but,ok,pay,work,t,did,however,didn,off,waste,after,poor,apart
cheap,does,small,should,disappointed,broke,wouldn,return,thought,not,$,were,but,ok,pay,work,t,did,however,didn,off,waste,after,poor,apart
cheap,does,small,should,disappointed,broke,wouldn,return,thought,not,$,were,but,ok,pay,work,t,did,however,didn,off,waste,after,poor,apart
cheap,does,small,should,disappointed,broke,wouldn,return,thought,not,$,were,but,ok,pay,work,t,did,however,didn,off,waste,after,poor,apart
cheap,does,small,should,disappointed,broke,wouldn,return,thought,not,$,were,but,ok,pay,work,t,did,however,didn,off,waste,after,poor,apart
cheap,does,small,should,disappointed,broke,wouldn,return,thought,not,$,were,but,ok,pay,work,t,did,however,didn,off,waste,after,poor,apart
cheap,does,small,should,disappointed,broke,wouldn,return,thought,not,$,were,but,ok,pay,work,t,did,however,didn,off,waste,after,poor,apart
cheap,does,small,should,disappointed,broke,wouldn,return,thought,not,$,were,but,ok,pay,work,t,did,however,didn,off,waste,after,poor,apart
cheap,does,small,should,disappointed,broke,wouldn,return,thought,not,$,were,but,ok,pay,work,t,did,however,didn,off,waste,after,poor,apart
cheap,does,small,should,disappointed,broke,wouldn,return,thought,not,$,were,but,ok,pay,work,t,did,however,didn,off,waste,after,poor,apart
cheap,does,small,should,disappointed,broke,wouldn,return,thought,not,$,were,but,ok,pay,work,t,did,however,didn,off,waste,after,poor,apart
cheap,does,small,should,disappointed,broke,wouldn,return,thought,not,$,were,but,ok,pay,work,t,did,however,didn,off,waste,after,poor,apart
cheap,does,small,should,disappointed,broke,wouldn,return,thought,not,$,were,but,ok,pay,work,t,did,however,didn,off,waste,after,poor,apart
cheap,does,small,should,disappointed,broke,wouldn,return,thought,not,$,were,but,ok,pay,work,t,did,however,didn,off,waste,after,poor,apart
cheap,does,small,should,disappointed,broke,wouldn,return,thought,not,$,were,but,ok,pay,work,t,did,however,didn,off,waste,after,poor,apart
cheap,does,small,should,disappointed,broke,wouldn,return,thought,not,$,were,but,ok,pay,work,t,did,however,didn,off,waste,after,poor,apart
cheap,does,small,should,disappointed,broke,wouldn,return,thought,not,$,were,but,ok,pay,work,t,did,however,didn,off,waste,after,poor,apart
cheap,does,small,should,disappointed,broke,wouldn,return,thought,not,$,were,but,ok,pay,work,t,did,however,didn,off,waste,after,poor,apart
cheap,does,small,should,disappointed,broke,wouldn,return,thought,not,$,were,but,ok,pay,work,t,did,however,didn,off,waste,after,poor,apart
cheap,does,small,should,disappointed,broke,wouldn,return,thought,not,$,were,but,ok,pay,work,t,did,however,didn,off,waste,after,poor,apart
cheap,does,small,should,disappointed,broke,wouldn,return,thought,not,$,were,but,ok,pay,work,t,did,however,didn,off,waste,after,poor,apart
cheap,does,small,should,disappointed,broke,wouldn,return,thought,not,$,were,but,ok,pay,work,t,did,however,didn,off,waste,after,poor,apart
cheap,does,small,should,disappointed,broke,wouldn,return,thought,not,$,were,but,ok,pay,work,t,did,however,didn,off,waste,after,poor,apart
cheap,does,small,should,disappointed,broke,wouldn,return,thought,not,$,were,but,ok,pay,work,t,did,however,didn,off,waste,after,poor,apart
cheap,does,small,should,disappointed,broke,wouldn,return,thought,not,$,were,but,ok,pay,work,t,did,however,didn,off,waste,after,poor,apart
cheap,does,small,should,disappointed,broke,wouldn,return,thought,not,$,were,but,ok,pay,work,t,did,however,didn,off,waste,after,poor,apart
cheap,does,small,should,disappointed,broke,wouldn,return,thought,not,$,were,but,ok,pay,work,t,did,however,didn,off,waste,after,poor,apart
cheap,does,small,should,disappointed,broke,wouldn,return,thought,not,$,were,but,ok,pay,work,t,did,however,didn,off,waste,after,poor,apart
cheap,does,small,should,disappointed,broke,wouldn,return,thought,not,$,were,but,ok,pay,work,t,did,however,didn,off,waste,after,poor,apart
cheap,does,small,should,disappointed,broke,wouldn,return,thought,not,$,were,but,ok,pay,work,t,did,however,didn,off,waste,after,poor,apart
cheap,does,small,should,disappointed,broke,wouldn,return,thought,not,$,were,but,ok,pay,work,t,did,however,didn,off,waste,after,poor,apart
cheap,does,small,should,disappointed,broke,wouldn,return,thought,not,$,were,but,ok,pay,work,t,did,however,didn,off,waste,after,poor,apart
cheap,does,small,should,disappointed,broke,wouldn,return,thought,not,$,were,but,ok,pay,work,t,did,however,didn,off,waste,after,poor,apart
cheap,does,small,should,disappointed,broke,wouldn,return,thought,not,$,were,but,ok,pay,work,t,did,however,didn,off,waste,after,poor,apart
cheap,does,small,should,disappointed,broke,wouldn,return,thought,not,$,were,but,ok,pay,work,t,did,however,didn,off,waste,after,poor,apart
cheap,does,small,should,disappointed,broke,wouldn,return,thought,not,$,were,but,ok,pay,work,t,did,however,didn,off,waste,after,poor,apart
cheap,does,small,should,disappointed,broke,wouldn,return,thought,not,$,were,but,ok,work,t,did,however,disappointing,didn,off,waste,after,poor,apart
cheap,does,small,should,disappointed,broke,wouldn,return,thought,not,$,were,but,ok,work,t,did,however,disappointing,didn,off,waste,after,poor,apart
cheap,does,small,should,disappointed,broke,wouldn,return,thought,not,$,were,but,ok,work,t,did,however,disappointing,didn,off,waste,after,poor,apart
cheap,does,small,should,disappointed,broke,wouldn,return,thought,not,$,were,but,ok,work,t,did,however,disappointing,didn,off,waste,after,poor,apart
cheap,does,small,should,disappointed,broke,wouldn,return,thought,not,$,were,but,ok,work,t,did,however,disappointing,didn,off,waste,after,poor,apart
cheap,does,small,should,disappointed,broke,wouldn,return,thought,not,$,were,but,ok,work,t,did,however,disappointing,didn,off,waste,after,poor,apart
cheap,does,small,should,disappointed,broke,wouldn,return,thought,not,$,were,but,ok,work,t,did,however,disappointing,didn,off,waste,after,poor,apart
cheap,does,small,should,disappointed,broke,wouldn,return,thought,not,$,were,but,ok,work,t,did,however,disappointing,didn,off,waste,after,poor,apart
cheap,does,small,should,disappointed,broke,wouldn,return,thought,not,$,were,but,ok,work,t,did,however,disappointing,didn,off,waste,after,poor,apart
cheap,does,small,should,disappointed,broke,wouldn,return,thought,not,$,were,but,ok,work,t,did,however,disappointing,didn,off,waste,after,poor,apart
cheap,does,small,should,disappointed,broke,wouldn,return,thought,not,$,were,but,ok,work,t,did,however,disappointing,didn,off,waste,after,poor,apart
cheap,does,small,should,disappointed,broke,wouldn,return,thought,not,$,were,but,ok,work,t,did,however,disappointing,didn,off,waste,after,poor,apart
cheap,does,small,should,disappointed,broke,wouldn,return,thought,not,$,were,but,ok,work,t,did,however,disappointing,didn,off,waste,after,poor,apart
cheap,does,small,should,disappointed,broke,wouldn,return,thought,not,$,were,but,ok,work,t,did,however,disappointing,didn,off,waste,after,poor,apart
cheap,does,small,should,disappointed,broke,wouldn,return,thought,not,$,were,but,ok,work,t,did,however,disappointing,didn,off,waste,after,poor,apart
cheap,does,small,should,disappointed,broke,wouldn,return,thought,not,$,were,but,ok,work,t,did,however,disappointing,didn,off,waste,after,poor,apart
cheap,does,small,should,disappointed,broke,wouldn,return,thought,not,$,were,but,ok,work,t,did,however,disappointing,didn,off,waste,after,poor,apart
cheap,does,small,should,disappointed,broke,wouldn,return,thought,not,$,were,but,ok,work,t,did,however,disappointing,didn,off,waste,after,poor,apart
cheap,does,small,should,disappointed,broke,wouldn,return,thought,not,$,were,but,ok,work,t,did,however,disappointing,didn,off,waste,after,poor,apart
cheap,does,small,should,disappointed,broke,wouldn,return,thought,not,$,were,but,ok,work,t,did,however,disappointing,didn,off,waste,after,poor,apart
cheap,does,small,should,disappointed,broke,wouldn,return,thought,not,$,were,but,ok,work,t,did,however,disappointing,didn,off,waste,after,poor,apart
cheap,does,small,should,disappointed,broke,wouldn,return,thought,not,$,were,but,ok,work,t,did,however,disappointing,didn,off,waste,after,poor,apart
cheap,does,small,should,disappointed,broke,wouldn,return,thought,not,$,were,but,ok,work,t,did,however,disappointing,didn,off,waste,after,poor,apart
cheap,does,small,should,disappointed,broke,wouldn,return,thought,not,$,were,but,ok,work,t,did,however,disappointing,didn,off,waste,after,poor,apart
cheap,does,small,should,disappointed,broke,wouldn,return,thought,not,$,were,but,ok,work,t,did,however,disappointing,didn,off,waste,after,poor,apart
cheap,does,small,should,disappointed,broke,wouldn,return,thought,not,$,were,but,ok,work,t,did,however,disappointing,didn,off,waste,after,poor,apart
cheap,does,small,should,disappointed,broke,wouldn,return,thought,not,$,were,but,ok,work,t,did,however,disappointing,didn,off,waste,after,poor,apart
cheap,does,small,should,disappointed,broke,wouldn,return,thought,not,$,were,but,ok,work,t,did,however,disappointing,didn,off,waste,after,poor,apart
cheap,does,small,should,disappointed,broke,wouldn,return,thought,not,$,were,but,ok,work,t,did,however,disappointing,didn,off,waste,after,poor,apart
cheap,does,small,should,disappointed,broke,wouldn,return,thought,not,$,were,but,ok,work,t,did,however,disappointing,didn,off,waste,after,poor,apart
cheap,does,small,should,disappointed,broke,wouldn,return,thought,not,$,were,but,ok,work,t,did,however,disappointing,didn,off,waste,after,poor,apart
cheap,does,small,should,disappointed,broke,wouldn,return,thought,not,$,were,but,ok,work,t,did,however,disappointing,didn,off,waste,after,poor,apart
cheap,does,small,should,disappointed,broke,wouldn,return,thought,not,$,were,but,ok,work,t,did,however,disappointing,didn,off,waste,after,poor,apart
cheap,does,small,should,disappointed,broke,wouldn,return,thought,not,$,were,but,ok,work,t,did,however,disappointing,didn,off,waste,after,poor,apart
cheap,does,small,should,disappointed,broke,wouldn,return,thought,not,$,were,but,ok,work,t,did,however,disappointing,didn,off,waste,after,poor,apart
cheap,does,small,should,disappointed,broke,wouldn,return,thought,not,$,were,but,ok,work,t,did,however,disappointing,didn,off,waste,after,poor,apart
cheap,does,small,should,disappointed,broke,wouldn,return,thought,not,$,were,but,ok,work,t,did,however,disappointing,didn,off,waste,after,poor,apart
cheap,does,small,should,disappointed,broke,wouldn,return,thought,not,$,were,but,ok,work,t,did,however,disappointing,didn,off,waste,after,poor,apart
cheap,does,small,should,disappointed,broke,wouldn,return,thought,not,$,were,but,ok,work,t,did,however,disappointing,didn,off,waste,after,poor,apart
cheap,does,small,should,disappointed,broke,wouldn,return,thought,not,$,were,but,ok,work,t,did,however,disappointing,didn,off,waste,after,poor,apart
cheap,does,small,should,disappointed,broke,wouldn,return,thought,not,$,were,but,ok,work,t,did,however,disappointing,didn,off,waste,after,poor,apart
cheap,does,small,should,disappointed,broke,wouldn,return,thought,not,$,were,but,ok,work,t,did,however,disappointing,didn,off,waste,after,poor,apart
cheap,does,small,should,disappointed,broke,wouldn,return,thought,not,$,were,but,ok,work,t,did,however,disappointing,didn,off,waste,after,poor,apart
cheap,does,small,should,disappointed,broke,wouldn,return,thought,not,$,were,but,ok,work,t,did,however,disappointing,didn,off,waste,after,poor,apart
cheap,does,small,should,disappointed,broke,wouldn,return,thought,not,$,were,but,ok,work,t,did,however,disappointing,didn,off,waste,after,poor,apart
cheap,does,small,should,disappointed,broke,wouldn,return,thought,not,$,were,but,ok,work,t,did,however,disappointing,didn,off,waste,after,poor,apart
cheap,does,small,should,disappointed,broke,wouldn,return,thought,not,$,were,but,ok,work,t,did,however,disappointing,didn,off,waste,after,poor,apart
cheap,does,small,should,disappointed,broke,wouldn,return,thought,not,$,were,but,ok,work,t,did,however,disappointing,didn,off,waste,after,poor,apart
cheap,does,small,should,disappointed,broke,wouldn,return,thought,not,$,were,but,ok,work,t,did,however,disappointing,didn,off,waste,after,poor,apart
cheap,does,small,should,disappointed,broke,wouldn,return,thought,not,$,were,but,ok,work,t,did,however,disappointing,didn,off,waste,after,poor,apart
cheap,does,small,should,disappointed,broke,wouldn,return,thought,not,$,were,but,ok,work,t,did,however,disappointing,didn,off,waste,after,poor,apart
cheap,does,small,should,disappointed,broke,wouldn,return,thought,not,$,were,but,ok,work,t,did,however,disappointing,didn,off,waste,after,poor,apart
cheap,does,small,should,disappointed,broke,wouldn,return,thought,not,$,were,but,ok,work,t,did,however,disappointing,didn,off,waste,after,poor,apart
cheap,does,small,should,disappointed,broke,wouldn,return,thought,not,$,were,but,ok,work,t,did,however,disappointing,didn,off,waste,after,poor,apart
cheap,does,small,should,disappointed,broke,wouldn,return,thought,not,$,were,but,ok,work,t,did,however,disappointing,didn,off,waste,after,poor,apart
cheap,does,small,should,disappointed,broke,wouldn,return,thought,not,$,were,but,ok,pay,work,t,did,however,didn,off,waste,after,poor,apart
cheap,does,small,should,disappointed,broke,wouldn,return,thought,not,$,were,but,ok,pay,work,t,did,however,didn,off,waste,after,poor,apart
cheap,does,small,should,disappointed,broke,wouldn,return,thought,not,$,were,but,ok,pay,work,t,did,however,didn,off,waste,after,poor,apart
cheap,does,small,should,disappointed,broke,wouldn,return,thought,not,$,were,but,ok,pay,work,t,did,however,didn,off,waste,after,poor,apart
