






















style,game
style,easy,game
easy,family,fun,style,game
easy,family,fun,style,game
easy,family,kids,fun,style,game
easy,family,kids,fun,style,game,play
easy,family,kids,fun,style,game,play
easy,family,kids,fun,style,game,play
easy,family,kids,fun,style,game,play
easy,family,kids,fun,style,game,play
easy,family,kids,fun,style,game,play
easy,family,kids,fun,style,game,play
easy,family,kids,fun,style,game,play
easy,family,kids,fun,style,game,play
easy,family,kids,fun,style,game,play
easy,family,kids,fun,style,game,play
easy,lots,family,kids,fun,style,game,enjoyed,learn,play
easy,lots,family,kids,fun,style,game,enjoyed,learn,play
easy,lots,family,kids,fun,style,evenings,game,enjoyed,learn,play
easy,lots,family,kids,friends,fun,style,evenings,game,enjoyed,learn,play
easy,lots,family,kids,friends,fun,style,evenings,game,enjoyed,learn,play
easy,lots,family,kids,friends,fun,style,evenings,game,enjoyed,learn,play
easy,lots,family,kids,friends,fun,style,evenings,game,enjoyed,learn,play
easy,lots,family,kids,friends,fun,style,evenings,game,enjoyed,learn,play
easy,lots,family,kids,friends,fun,style,evenings,game,enjoyed,learn,play
easy,lots,boys,family,kids,friends,fun,style,evenings,game,enjoyed,love,learn,play
easy,lots,boys,34,family,kids,friends,fun,style,evenings,game,enjoyed,love,learn,elf,play
boys,34,family,kids,friends,play,evenings,easy,lots,fun,one,elf,game,love,learn,best,style,enjoyed,ever
boys,34,family,kids,friends,play,evenings,easy,lots,fun,one,elf,game,love,learn,best,style,enjoyed,ever
boys,34,family,kids,friends,play,evenings,easy,lots,recommend,definitely,fun,one,elf,game,love,learn,best,style,enjoyed,ever
boys,34,family,kids,friends,play,evenings,easy,lots,recommend,definitely,fun,one,elf,game,love,learn,ones,best,style,enjoyed,ever
boys,34,family,kids,friends,play,evenings,easy,lots,recommend,definitely,fun,one,elf,game,love,learn,believe,ones,best,style,enjoyed,ever
boys,34,family,kids,friends,play,evenings,easy,lots,recommend,definitely,fun,one,elf,game,love,learn,believe,ones,best,style,enjoyed,ever
boys,34,family,kids,friends,play,evenings,easy,lots,recommend,definitely,fun,one,elf,game,love,learn,believe,ones,best,style,enjoyed,ever
boys,34,family,kids,friends,play,evenings,easy,lots,recommend,definitely,fun,one,elf,game,love,learn,believe,ones,best,style,enjoyed,ever
boys,34,family,kids,friends,play,evenings,easy,lots,recommend,definitely,fun,one,elf,game,love,learn,believe,ones,best,style,enjoyed,ever
boys,34,family,kids,friends,play,evenings,easy,lots,recommend,definitely,fun,one,elf,game,love,learn,believe,ones,best,style,enjoyed,ever
boys,34,family,kids,friends,play,evenings,easy,lots,recommend,definitely,fun,one,elf,available,game,love,learn,believe,ones,best,style,enjoyed,ever
boys,34,family,kids,friends,play,evenings,easy,lots,recommend,definitely,fun,one,elf,available,game,love,learn,believe,ones,best,style,enjoyed,ever
boys,34,family,kids,friends,gift,play,evenings,easy,lots,recommend,definitely,fun,one,elf,available,game,love,learn,believe,ones,best,style,enjoyed,ever
boys,34,family,kids,friends,gift,play,evenings,easy,lots,recommend,definitely,fun,one,elf,available,game,love,learn,believe,ones,best,style,enjoyed,ever
boys,34,family,kids,friends,gift,play,evenings,easy,lots,recommend,definitely,fun,one,elf,available,game,love,learn,believe,ones,best,style,enjoyed,ever
boys,34,family,kids,friends,gift,play,evenings,easy,lots,recommend,definitely,fun,one,elf,available,game,love,learn,believe,ones,best,style,enjoyed,ever
boys,34,ages,family,kids,friends,gift,play,evenings,easy,lots,recommend,definitely,fun,elf,available,game,love,learn,believe,ones,best,style,enjoyed,ever
boys,34,ages,family,kids,friends,gift,play,evenings,easy,lots,recommend,definitely,fun,elf,available,game,love,learn,believe,ones,best,style,enjoyed,ever
boys,34,ages,family,kids,friends,gift,play,evenings,easy,lots,recommend,definitely,fun,elf,available,game,love,learn,believe,ones,best,style,enjoyed,ever
boys,34,ages,family,kids,friends,gift,play,evenings,easy,lots,recommend,definitely,fun,elf,available,game,love,learn,believe,ones,best,style,enjoyed,ever
boys,34,ages,family,friends,gift,play,evenings,easy,lots,recommend,definitely,fun,elf,available,awesome,game,love,learn,believe,ones,best,style,enjoyed,ever
boys,34,ages,family,friends,gift,play,evenings,easy,lots,definitely,fun,elf,available,awesome,game,love,learn,lot,believe,ones,best,style,enjoyed,ever
boys,34,ages,family,friends,gift,play,evenings,easy,lots,definitely,fun,elf,available,awesome,game,love,learn,believe,ones,best,style,enjoyed,plus,ever
boys,34,ages,family,friends,gift,play,evenings,easy,lots,definitely,fun,elf,available,awesome,game,love,learn,believe,ones,best,style,enjoyed,plus,ever
boys,34,ages,family,friends,gift,play,evenings,easy,lots,definitely,fun,elf,available,awesome,game,love,learn,believe,ones,best,style,enjoyed,plus,ever
boys,34,ages,family,friends,gift,play,evenings,easy,lots,definitely,fun,elf,available,awesome,game,love,learn,believe,ones,best,style,enjoyed,plus,ever
boys,34,ages,family,friends,gift,play,evenings,easy,lots,definitely,fun,elf,available,awesome,game,love,learn,believe,ones,best,style,enjoyed,plus,ever
boys,34,ages,family,friends,gift,play,evenings,easy,lots,definitely,fun,elf,available,awesome,game,love,learn,believe,ones,best,style,enjoyed,plus,ever
boys,34,ages,family,friends,gift,play,evenings,easy,lots,definitely,fun,elf,available,awesome,game,love,learn,believe,ones,best,style,enjoyed,plus,ever
boys,34,ages,family,friends,gift,play,evenings,easy,lots,definitely,fun,elf,available,awesome,game,love,learn,believe,ones,best,style,enjoyed,plus,ever
boys,34,ages,family,friends,gift,play,evenings,easy,definitely,fun,one,elf,available,awesome,game,love,learn,believe,ones,best,style,enjoyed,plus,ever
boys,34,ages,family,friends,gift,play,evenings,easy,definitely,fun,one,elf,available,awesome,game,love,learn,believe,ones,best,style,enjoyed,plus,ever
boys,34,ages,family,friends,gift,play,evenings,easy,definitely,fun,one,elf,available,awesome,game,love,learn,believe,ones,best,style,enjoyed,plus,ever
boys,34,ages,family,friends,gift,play,evenings,easy,definitely,fun,one,elf,available,awesome,game,love,learn,believe,ones,best,style,enjoyed,plus,ever
ages,family,gift,play,evenings,easy,movie,definitely,fun,daughter,one,elf,happy,available,awesome,game,love,learn,believe,ones,best,style,enjoyed,plus,ever
ages,family,gift,play,evenings,easy,movie,definitely,fun,daughter,one,elf,happy,available,awesome,game,love,learn,believe,ones,best,style,enjoyed,plus,ever
ages,family,gift,play,evenings,easy,movie,definitely,fun,daughter,one,elf,happy,available,awesome,game,love,learn,believe,ones,best,style,enjoyed,plus,ever
ages,family,gift,play,evenings,easy,movie,definitely,fun,daughter,one,elf,happy,available,awesome,game,love,learn,believe,ones,best,style,enjoyed,plus,ever
ages,family,gift,play,evenings,easy,movie,definitely,fun,daughter,one,elf,happy,available,awesome,game,love,learn,believe,ones,best,style,enjoyed,plus,ever
ages,family,gift,play,evenings,easy,movie,definitely,fun,daughter,one,elf,happy,available,awesome,game,love,learn,believe,ones,best,style,enjoyed,plus,ever
ages,family,gift,play,evenings,easy,movie,definitely,fun,daughter,one,elf,happy,available,awesome,game,love,learn,believe,ones,best,style,enjoyed,plus,ever
ages,family,gift,play,evenings,easy,movie,definitely,fun,daughter,one,elf,happy,available,awesome,game,love,learn,believe,ones,best,style,enjoyed,plus,ever
ages,family,gift,play,evenings,easy,movie,definitely,fun,daughter,one,elf,happy,available,awesome,game,love,learn,believe,ones,best,style,enjoyed,plus,ever
ages,family,gift,play,evenings,easy,movie,definitely,fun,daughter,one,elf,happy,available,awesome,game,love,learn,believe,ones,best,style,enjoyed,plus,ever
ages,family,gift,play,evenings,easy,movie,definitely,fun,daughter,one,elf,happy,available,awesome,game,love,learn,believe,ones,best,style,enjoyed,plus,ever
ages,family,gift,play,evenings,easy,movie,definitely,fun,daughter,one,elf,happy,available,awesome,game,love,learn,believe,ones,best,style,enjoyed,plus,ever
ages,family,gift,play,evenings,easy,movie,definitely,fun,daughter,one,elf,happy,available,awesome,game,love,learn,believe,ones,best,style,enjoyed,plus,ever
ages,family,gift,play,evenings,easy,movie,definitely,fun,daughter,one,elf,happy,available,awesome,game,love,learn,believe,ones,best,style,enjoyed,plus,ever
ages,family,gift,play,evenings,easy,movie,definitely,fun,daughter,one,elf,happy,available,awesome,game,love,learn,believe,ones,best,style,enjoyed,plus,ever
ages,family,gift,play,evenings,easy,movie,definitely,fun,daughter,one,elf,happy,available,awesome,game,love,learn,believe,ones,best,style,enjoyed,plus,ever
ages,family,gift,play,evenings,easy,movie,definitely,fun,daughter,one,elf,happy,available,awesome,game,love,learn,believe,ones,best,style,enjoyed,plus,ever
ages,family,gift,play,evenings,easy,movie,definitely,fun,daughter,one,elf,happy,available,awesome,game,love,learn,believe,ones,best,style,enjoyed,plus,ever
ages,family,gift,play,evenings,easy,movie,definitely,fun,daughter,one,elf,happy,available,awesome,game,love,learn,believe,ones,best,style,enjoyed,plus,ever
ages,family,gift,play,evenings,easy,movie,definitely,fun,daughter,one,elf,happy,available,awesome,game,love,learn,believe,ones,best,style,enjoyed,plus,ever
ages,family,gift,play,evenings,easy,movie,definitely,fun,daughter,one,elf,happy,available,awesome,game,love,learn,believe,ones,best,style,enjoyed,plus,ever
ages,family,gift,play,evenings,easy,movie,definitely,fun,daughter,one,elf,happy,available,awesome,game,love,learn,believe,ones,best,style,enjoyed,plus,ever
ages,family,gift,play,evenings,easy,movie,definitely,fun,daughter,one,elf,happy,available,awesome,game,love,learn,believe,ones,best,style,enjoyed,plus,ever
ages,family,play,evenings,easy,movie,definitely,fun,daughter,elf,happy,available,awesome,game,love,learn,believe,ones,best,loves,style,enjoyed,introduced,plus,ever
ages,family,play,evenings,easy,movie,definitely,fun,daughter,elf,happy,available,awesome,game,love,learn,believe,ones,best,loves,style,enjoyed,introduced,plus,ever
ages,family,play,evenings,easy,movie,definitely,fun,daughter,elf,happy,available,awesome,game,love,learn,believe,ones,best,loves,style,enjoyed,introduced,plus,ever
ages,family,play,evenings,easy,movie,definitely,fun,daughter,elf,happy,available,awesome,game,love,learn,believe,ones,best,loves,style,enjoyed,introduced,plus,ever
ages,family,play,evenings,easy,movie,definitely,fun,daughter,elf,happy,available,awesome,game,love,learn,believe,ones,best,loves,style,enjoyed,introduced,plus,ever
ages,family,play,evenings,easy,movie,definitely,fun,daughter,elf,happy,available,awesome,game,love,learn,believe,ones,best,loves,style,enjoyed,introduced,plus,ever
ages,family,play,evenings,easy,movie,definitely,fun,daughter,elf,happy,available,awesome,game,love,learn,believe,ones,best,loves,style,enjoyed,introduced,plus,ever
ages,family,gift,play,evenings,easy,movie,definitely,fun,daughter,elf,happy,memories,childhood,available,awesome,game,love,believe,ones,loves,style,introduced,plus,ever
ages,family,gift,play,evenings,easy,movie,definitely,fun,daughter,elf,happy,memories,childhood,available,awesome,game,love,believe,ones,loves,style,introduced,plus,ever
ages,family,gift,play,evenings,easy,movie,enjoy,definitely,fun,daughter,elf,happy,memories,childhood,available,awesome,game,love,believe,ones,loves,style,introduced,ever
ages,family,gift,play,evenings,easy,movie,enjoy,definitely,fun,daughter,elf,happy,memories,childhood,available,awesome,game,love,believe,ones,loves,style,introduced,ever
ages,family,gift,play,evenings,easy,movie,enjoy,definitely,fun,daughter,elf,happy,memories,childhood,available,awesome,game,love,believe,ones,loves,style,introduced,ever
ages,family,gift,play,evenings,easy,movie,enjoy,definitely,fun,daughter,elf,happy,memories,childhood,available,awesome,game,love,believe,ones,loves,style,introduced,ever
ages,family,gift,play,evenings,easy,movie,enjoy,definitely,fun,daughter,elf,happy,memories,childhood,available,awesome,game,love,believe,ones,loves,style,introduced,ever
ages,family,gift,play,evenings,easy,movie,enjoy,definitely,fun,daughter,elf,happy,memories,childhood,available,awesome,game,love,believe,ones,loves,style,introduced,ever
ages,family,gift,play,evenings,easy,movie,enjoy,definitely,fun,daughter,elf,happy,memories,childhood,available,awesome,game,love,believe,ones,loves,style,introduced,ever
ages,family,gift,play,evenings,easy,movie,enjoy,definitely,fun,daughter,elf,happy,memories,childhood,available,awesome,game,love,believe,ones,loves,style,introduced,ever
ages,family,gift,play,evenings,easy,movie,enjoy,definitely,fun,daughter,elf,happy,memories,childhood,available,awesome,game,love,believe,ones,loves,style,introduced,ever
ages,family,gift,play,evenings,easy,movie,definitely,fun,great,daughter,elf,happy,memories,childhood,available,awesome,game,love,believe,ones,loves,style,introduced,ever
family,friends,gift,play,evenings,easy,movie,definitely,fun,great,daughter,elf,happy,memories,childhood,available,awesome,game,love,believe,ones,loves,style,introduced,ever
family,friends,gift,play,evenings,easy,movie,definitely,fun,great,daughter,elf,happy,memories,childhood,available,awesome,game,love,believe,ones,loves,style,introduced,ever
family,friends,gift,play,evenings,easy,movie,definitely,fun,great,daughter,elf,happy,memories,childhood,available,awesome,game,love,believe,ones,loves,style,introduced,ever
everyone,family,friends,gift,play,evenings,easy,movie,fun,great,daughter,elf,happy,memories,childhood,available,awesome,game,love,believe,ones,loves,style,introduced,ever
everyone,family,friends,gift,play,evenings,easy,movie,fun,great,daughter,elf,happy,memories,childhood,available,awesome,game,love,believe,ones,loves,style,introduced,ever
everyone,family,friends,gift,play,evenings,easy,movie,fun,great,daughter,elf,happy,memories,childhood,available,awesome,game,love,believe,ones,loves,style,introduced,ever
everyone,family,friends,gift,play,evenings,easy,movie,fun,great,daughter,elf,happy,memories,childhood,available,awesome,game,love,believe,ones,loves,style,introduced,ever
everyone,family,friends,gift,play,evenings,easy,movie,fun,great,daughter,elf,happy,memories,childhood,available,awesome,game,love,believe,ones,loves,style,introduced,ever
everyone,family,friends,gift,play,evenings,easy,movie,fun,great,daughter,elf,happy,memories,childhood,available,awesome,game,love,believe,ones,loves,style,introduced,ever
everyone,family,friends,gift,play,evenings,easy,movie,fun,great,daughter,elf,happy,memories,childhood,available,awesome,game,love,believe,ones,loves,style,introduced,ever
everyone,family,friends,gift,play,evenings,easy,movie,fun,great,daughter,elf,happy,memories,childhood,available,awesome,game,love,believe,ones,loves,style,introduced,ever
everyone,family,friends,gift,play,evenings,easy,movie,fun,great,daughter,elf,happy,memories,childhood,available,awesome,game,love,believe,ones,loves,style,introduced,ever
everyone,family,friends,gift,play,evenings,easy,movie,fun,great,daughter,elf,happy,memories,childhood,available,awesome,game,love,believe,ones,loves,style,introduced,ever
everyone,family,friends,gift,play,evenings,easy,movie,fun,great,daughter,elf,happy,memories,childhood,available,awesome,game,love,believe,ones,loves,style,introduced,ever
everyone,family,friends,gift,play,evenings,easy,movie,fun,great,daughter,elf,happy,memories,childhood,available,awesome,game,love,believe,ones,loves,style,introduced,ever
everyone,family,friends,gift,play,evenings,easy,movie,fun,great,daughter,elf,happy,memories,childhood,available,awesome,game,love,believe,ones,loves,style,introduced,ever
everyone,family,friends,gift,play,evenings,easy,movie,fun,great,daughter,elf,happy,memories,childhood,available,awesome,game,love,believe,ones,loves,style,introduced,ever
everyone,family,friends,gift,play,evenings,easy,movie,fun,great,daughter,elf,happy,memories,childhood,available,awesome,game,love,believe,ones,loves,style,introduced,ever
everyone,family,friends,gift,play,evenings,easy,movie,fun,great,daughter,elf,happy,memories,childhood,available,awesome,game,love,believe,ones,loves,style,introduced,ever
everyone,family,friends,gift,play,evenings,easy,movie,fun,great,daughter,elf,happy,memories,childhood,available,awesome,game,love,believe,ones,loves,style,introduced,ever
everyone,family,friends,gift,play,evenings,easy,movie,fun,great,daughter,elf,happy,memories,childhood,available,awesome,game,love,believe,ones,loves,style,introduced,ever
everyone,family,friends,gift,play,evenings,easy,movie,fun,great,daughter,elf,happy,memories,childhood,available,awesome,game,love,believe,ones,loves,style,introduced,ever
family,friends,gift,play,evenings,easy,movie,fun,great,daughter,elf,happy,memories,childhood,available,awesome,game,love,believe,ones,loves,style,enjoyed,introduced,ever
family,friends,gift,play,evenings,easy,movie,fun,great,daughter,elf,happy,memories,childhood,available,awesome,game,love,believe,ones,loves,style,enjoyed,introduced,ever
family,friends,gift,play,evenings,easy,movie,fun,great,daughter,elf,memories,childhood,available,awesome,game,love,believe,ones,loves,style,enjoyed,traditional,introduced,ever
everyone,family,friends,gift,play,evenings,easy,movie,fun,great,daughter,elf,memories,childhood,available,awesome,game,love,believe,loves,style,enjoyed,traditional,introduced,ever
everyone,family,friends,gift,play,evenings,easy,movie,fun,great,daughter,elf,memories,childhood,available,awesome,game,love,believe,loves,style,enjoyed,traditional,introduced,ever
everyone,family,friends,gift,play,evenings,easy,movie,fun,great,daughter,elf,memories,childhood,available,awesome,game,love,believe,loves,style,enjoyed,traditional,introduced,ever
everyone,family,friends,gift,play,evenings,easy,fun,great,daughter,elf,memories,childhood,playing,available,awesome,game,love,believe,loves,style,enjoyed,traditional,introduced,ever
everyone,family,friends,gift,play,evenings,easy,fun,great,daughter,elf,memories,childhood,playing,available,awesome,game,love,believe,loves,style,enjoyed,traditional,introduced,ever
everyone,family,friends,gift,play,evenings,easy,fun,great,daughter,memories,childhood,playing,available,awesome,game,love,believe,best,loves,style,enjoyed,traditional,introduced,ever
everyone,family,friends,gift,play,evenings,easy,fun,great,daughter,memories,childhood,playing,available,awesome,game,love,believe,best,loves,style,enjoyed,traditional,introduced,ever
everyone,family,friends,gift,play,evenings,easy,fun,great,daughter,memories,childhood,playing,available,awesome,game,love,believe,best,loves,style,enjoyed,traditional,introduced,ever
everyone,family,friends,gift,play,evenings,easy,fun,great,daughter,memories,childhood,playing,available,awesome,game,love,believe,best,loves,style,enjoyed,traditional,introduced,ever
everyone,family,friends,gift,play,evenings,easy,fun,great,daughter,memories,childhood,playing,available,awesome,game,love,believe,best,loves,style,enjoyed,traditional,introduced,ever
everyone,family,friends,gift,play,evenings,easy,fun,great,daughter,memories,childhood,playing,available,awesome,game,love,believe,best,loves,style,enjoyed,traditional,introduced,ever
everyone,family,friends,gift,play,evenings,easy,fun,great,daughter,memories,childhood,playing,available,awesome,game,love,believe,best,loves,style,enjoyed,traditional,introduced,ever
everyone,family,friends,gift,play,evenings,easy,fun,great,daughter,memories,childhood,playing,available,awesome,game,love,believe,best,loves,style,enjoyed,traditional,introduced,ever
everyone,family,friends,gift,play,evenings,easy,fun,great,daughter,memories,childhood,playing,available,awesome,game,love,believe,best,loves,style,enjoyed,traditional,introduced,ever
everyone,family,friends,gift,play,evenings,easy,fun,great,daughter,memories,childhood,playing,available,awesome,game,love,believe,best,loves,style,enjoyed,traditional,introduced,ever
everyone,family,friends,gift,play,evenings,easy,fun,great,daughter,memories,childhood,playing,available,awesome,game,love,believe,best,loves,style,enjoyed,traditional,introduced,ever
everyone,family,friends,gift,play,evenings,easy,fun,great,daughter,memories,childhood,playing,available,awesome,game,love,believe,best,loves,style,enjoyed,traditional,introduced,ever
everyone,family,friends,gift,play,evenings,easy,fun,great,daughter,memories,childhood,playing,available,awesome,game,love,believe,best,loves,style,enjoyed,traditional,introduced,ever
everyone,family,friends,gift,play,evenings,easy,fun,great,daughter,memories,childhood,playing,available,awesome,game,love,believe,best,loves,style,enjoyed,traditional,introduced,ever
everyone,family,friends,gift,play,evenings,easy,fun,great,daughter,memories,childhood,playing,available,awesome,game,love,believe,best,loves,style,enjoyed,traditional,introduced,ever
everyone,family,friends,gift,play,evenings,easy,fun,great,daughter,memories,childhood,playing,available,awesome,game,love,believe,best,loves,style,enjoyed,traditional,introduced,ever
everyone,family,friends,gift,play,evenings,easy,fun,great,daughter,memories,childhood,playing,available,awesome,game,love,believe,best,loves,style,enjoyed,traditional,introduced,ever
everyone,family,friends,gift,play,evenings,easy,enjoy,fun,great,daughter,childhood,playing,available,awesome,game,love,believe,best,loves,style,enjoyed,traditional,introduced,ever
everyone,family,friends,gift,play,evenings,easy,enjoy,fun,great,daughter,childhood,playing,available,awesome,game,love,believe,best,loves,style,enjoyed,traditional,introduced,ever
everyone,family,friends,gift,play,evenings,easy,enjoy,fun,great,daughter,childhood,playing,available,awesome,game,love,believe,best,loves,style,enjoyed,traditional,introduced,ever
everyone,family,friends,gift,play,evenings,easy,enjoy,fun,great,daughter,childhood,playing,available,awesome,game,love,believe,best,loves,style,enjoyed,traditional,introduced,ever
everyone,family,friends,gift,play,evenings,easy,enjoy,fun,great,daughter,thank,playing,available,awesome,game,love,believe,best,loves,style,enjoyed,traditional,introduced,ever
everyone,family,friends,gift,play,evenings,nephew,easy,enjoy,fun,great,daughter,thank,playing,awesome,game,love,believe,best,loves,style,enjoyed,traditional,introduced,ever
everyone,family,friends,gift,play,evenings,nephew,easy,enjoy,fun,great,daughter,thank,playing,awesome,game,love,believe,best,loves,style,enjoyed,traditional,introduced,ever
everyone,family,friends,gift,play,evenings,nephew,easy,enjoy,fun,great,daughter,thank,playing,awesome,game,love,believe,best,loves,style,enjoyed,traditional,introduced,ever
everyone,family,friends,gift,play,evenings,nephew,easy,enjoy,fun,great,daughter,thank,playing,awesome,game,love,believe,best,loves,style,enjoyed,traditional,introduced,ever
everyone,family,friends,gift,play,evenings,nephew,easy,enjoy,fun,great,daughter,thank,playing,awesome,game,love,believe,best,loves,style,enjoyed,traditional,introduced,ever
everyone,family,friends,gift,evenings,nephew,easy,enjoy,fun,great,daughter,thank,happy,playing,awesome,game,love,believe,best,loves,style,enjoyed,traditional,introduced,ever
everyone,family,friends,gift,evenings,nephew,easy,enjoy,fun,great,daughter,thank,happy,playing,awesome,game,love,believe,best,loves,style,enjoyed,traditional,introduced,ever
everyone,family,friends,gift,evenings,nephew,easy,enjoy,fun,great,daughter,thank,happy,playing,awesome,game,love,believe,best,loves,style,enjoyed,traditional,introduced,ever
everyone,family,friends,gift,evenings,nephew,easy,enjoy,fun,great,daughter,thank,happy,playing,awesome,game,love,believe,best,loves,style,enjoyed,traditional,introduced,ever
everyone,family,friends,gift,evenings,nephew,easy,enjoy,fun,great,daughter,thank,happy,playing,awesome,game,love,believe,best,loves,style,enjoyed,traditional,introduced,ever
everyone,family,friends,gift,evenings,nephew,easy,enjoy,fun,great,daughter,thank,happy,playing,awesome,game,love,believe,best,loves,style,enjoyed,traditional,introduced,ever
everyone,family,friends,gift,evenings,nephew,easy,enjoy,fun,great,daughter,thank,happy,playing,awesome,game,love,believe,best,loves,style,enjoyed,traditional,introduced,ever
everyone,family,friends,gift,evenings,nephew,easy,enjoy,fun,great,daughter,thank,happy,playing,game,love,believe,best,loves,style,enjoyed,traditional,introduced,christmas,ever
everyone,family,friends,gift,evenings,nephew,easy,enjoy,fun,great,daughter,thank,happy,playing,game,love,believe,best,loves,style,enjoyed,traditional,introduced,christmas,ever
everyone,family,friends,gift,evenings,nephew,easy,enjoy,fun,great,daughter,thank,happy,playing,game,love,believe,best,loves,style,enjoyed,traditional,introduced,christmas,ever
everyone,family,friends,gift,evenings,loved,nephew,easy,enjoy,fun,great,daughter,thank,happy,playing,game,love,best,loves,style,enjoyed,traditional,introduced,christmas,ever
everyone,family,friends,gift,evenings,loved,nephew,easy,enjoy,fun,great,daughter,thank,happy,playing,game,love,best,loves,style,enjoyed,traditional,introduced,christmas,ever
everyone,family,friends,gift,evenings,loved,nephew,easy,enjoy,fun,great,daughter,thank,happy,playing,game,love,best,loves,style,enjoyed,traditional,introduced,christmas,ever
everyone,family,friends,gift,evenings,loved,nephew,easy,enjoy,fun,great,daughter,thank,happy,playing,game,love,best,loves,style,enjoyed,traditional,introduced,christmas,ever
everyone,ages,family,kids,friends,gift,evenings,loved,nephew,enjoy,fun,great,daughter,thank,happy,playing,game,love,best,loves,grandson,enjoyed,traditional,christmas,ever
everyone,ages,family,kids,friends,gift,evenings,loved,nephew,enjoy,fun,great,daughter,thank,happy,playing,game,love,best,loves,grandson,enjoyed,traditional,christmas,ever
everyone,ages,family,kids,friends,gift,evenings,loved,nephew,enjoy,fun,great,daughter,thank,niece,happy,playing,game,love,best,loves,grandson,enjoyed,traditional,christmas
everyone,ages,family,kids,friends,gift,evenings,loved,nephew,enjoy,fun,great,daughter,thank,niece,happy,playing,game,love,best,loves,grandson,enjoyed,traditional,christmas
everyone,ages,family,kids,friends,gift,evenings,loved,nephew,enjoy,fun,great,daughter,thank,niece,happy,playing,game,love,best,loves,grandson,enjoyed,traditional,christmas
everyone,ages,family,kids,gift,evenings,loved,nephew,enjoy,fun,great,daughter,thank,niece,happy,book,mother,playing,game,love,best,loves,enjoys,enjoyed,traditional
everyone,ages,family,kids,gift,evenings,loved,nephew,enjoy,fun,great,daughter,thank,niece,happy,book,mother,playing,game,love,best,loves,enjoys,enjoyed,traditional
everyone,ages,family,kids,gift,evenings,loved,nephew,enjoy,fun,great,daughter,thank,niece,happy,book,mother,playing,game,love,best,loves,enjoys,enjoyed,traditional
everyone,ages,family,kids,gift,evenings,loved,nephew,enjoy,fun,great,daughter,thank,niece,happy,book,mother,playing,game,love,best,loves,enjoys,enjoyed,traditional
everyone,ages,family,kids,gift,evenings,loved,nephew,enjoy,fun,great,daughter,thank,niece,happy,book,mother,playing,game,love,best,loves,enjoys,enjoyed,traditional
everyone,ages,family,kids,gift,evenings,loved,nephew,enjoy,fun,great,daughter,thank,niece,happy,book,mother,playing,game,love,best,loves,enjoys,enjoyed,traditional
everyone,ages,family,kids,gift,evenings,loved,nephew,enjoy,fun,great,daughter,thank,niece,happy,book,mother,playing,game,love,best,loves,enjoys,enjoyed,traditional
everyone,ages,family,kids,gift,evenings,loved,nephew,enjoy,fun,great,daughter,thank,niece,happy,book,mother,playing,game,love,best,loves,enjoys,enjoyed,traditional
everyone,ages,family,kids,gift,evenings,loved,nephew,enjoy,fun,great,daughter,thank,niece,happy,book,mother,playing,game,love,best,loves,enjoys,enjoyed,traditional
everyone,ages,family,kids,gift,play,evenings,loved,nephew,enjoy,fun,great,daughter,thank,niece,book,mother,playing,game,love,best,loves,enjoys,enjoyed,traditional
everyone,ages,family,kids,gift,play,evenings,loved,nephew,enjoy,fun,great,daughter,thank,niece,book,mother,playing,game,love,best,loves,enjoys,enjoyed,traditional
everyone,ages,family,kids,gift,play,evenings,loved,nephew,enjoy,fun,great,daughter,thank,niece,book,mother,playing,game,love,best,loves,enjoys,enjoyed,traditional
everyone,ages,family,kids,gift,play,evenings,loved,nephew,enjoy,fun,great,daughter,thank,niece,book,mother,playing,game,love,best,loves,enjoys,enjoyed,traditional
everyone,ages,family,kids,gift,play,evenings,loved,nephew,enjoy,fun,great,daughter,thank,niece,book,mother,playing,game,love,best,loves,enjoys,enjoyed,traditional
everyone,ages,family,kids,gift,play,evenings,loved,nephew,enjoy,fun,great,daughter,thank,niece,book,mother,playing,game,love,best,loves,enjoys,enjoyed,traditional
everyone,ages,family,kids,gift,play,evenings,loved,nephew,enjoy,fun,great,daughter,thank,niece,book,mother,playing,game,love,best,loves,enjoys,enjoyed,traditional
everyone,ages,family,kids,gift,play,evenings,loved,nephew,enjoy,fun,great,daughter,thank,niece,book,mother,playing,game,love,best,loves,enjoys,enjoyed,traditional
everyone,ages,family,kids,gift,play,evenings,loved,nephew,enjoy,fun,great,daughter,thank,niece,book,mother,playing,game,love,best,loves,enjoys,enjoyed,traditional
everyone,ages,family,kids,gift,play,evenings,loved,nephew,enjoy,fun,great,daughter,thank,niece,book,mother,playing,game,love,best,loves,enjoys,enjoyed,traditional
everyone,ages,family,kids,gift,play,evenings,loved,nephew,enjoy,fun,great,daughter,thank,niece,book,mother,playing,game,love,best,loves,enjoys,enjoyed,traditional
everyone,ages,family,kids,gift,play,evenings,loved,nephew,enjoy,fun,great,daughter,thank,niece,book,mother,playing,game,love,best,loves,enjoys,enjoyed,traditional
everyone,ages,family,kids,gift,play,evenings,loved,nephew,enjoy,fun,great,daughter,thank,niece,book,mother,playing,game,love,best,loves,enjoys,enjoyed,traditional
everyone,ages,family,kids,gift,play,evenings,loved,nephew,enjoy,fun,great,daughter,thank,niece,book,mother,playing,game,love,best,loves,enjoys,enjoyed,traditional
everyone,ages,family,kids,gift,play,evenings,loved,nephew,enjoy,fun,great,daughter,thank,niece,book,mother,playing,game,love,best,loves,enjoys,enjoyed,traditional
everyone,ages,family,kids,gift,play,evenings,loved,nephew,enjoy,fun,great,daughter,thank,niece,book,mother,playing,game,love,best,loves,enjoys,enjoyed,traditional
everyone,ages,family,kids,gift,play,evenings,loved,nephew,enjoy,fun,great,daughter,thank,niece,book,mother,playing,game,love,best,loves,enjoys,enjoyed,traditional
everyone,ages,family,kids,gift,play,evenings,loved,nephew,enjoy,fun,great,daughter,thank,niece,book,mother,playing,game,love,best,loves,enjoys,enjoyed,traditional
everyone,ages,family,kids,gift,play,evenings,loved,nephew,enjoy,fun,great,daughter,thank,niece,book,mother,playing,game,love,best,loves,enjoys,enjoyed,traditional
everyone,ages,family,kids,gift,play,evenings,loved,nephew,enjoy,fun,great,daughter,thank,niece,book,mother,playing,game,love,best,loves,enjoys,enjoyed,traditional
everyone,ages,family,kids,gift,play,evenings,loved,nephew,enjoy,fun,great,daughter,thank,niece,book,mother,playing,game,love,best,loves,enjoys,enjoyed,traditional
everyone,ages,family,kids,gift,play,evenings,loved,nephew,enjoy,fun,great,daughter,thank,niece,book,mother,playing,game,love,best,loves,enjoys,enjoyed,traditional
everyone,ages,family,kids,gift,play,evenings,loved,nephew,enjoy,fun,great,daughter,thank,niece,book,mother,playing,game,love,best,loves,enjoys,enjoyed,traditional
everyone,ages,family,kids,gift,play,evenings,loved,nephew,enjoy,fun,great,daughter,thank,niece,book,mother,playing,game,love,best,loves,enjoys,enjoyed,traditional
everyone,ages,family,kids,gift,play,evenings,loved,nephew,enjoy,fun,great,daughter,thank,niece,book,mother,playing,game,love,best,loves,enjoys,enjoyed,traditional
everyone,ages,family,kids,gift,play,evenings,loved,nephew,enjoy,fun,great,daughter,thank,niece,book,mother,playing,game,love,best,loves,enjoys,enjoyed,traditional
everyone,ages,family,kids,gift,play,evenings,loved,nephew,enjoy,fun,great,daughter,thank,niece,book,mother,playing,game,love,best,loves,enjoys,enjoyed,traditional
everyone,ages,family,kids,gift,play,evenings,loved,nephew,enjoy,fun,great,daughter,thank,niece,book,mother,playing,game,love,best,loves,enjoys,enjoyed,traditional
everyone,ages,family,kids,gift,play,evenings,loved,nephew,enjoy,fun,great,daughter,thank,niece,book,mother,playing,game,love,best,loves,enjoys,enjoyed,traditional
everyone,ages,family,kids,gift,play,evenings,loved,nephew,enjoy,fun,great,daughter,thank,niece,book,mother,playing,game,love,best,loves,enjoys,enjoyed,traditional
everyone,ages,family,kids,gift,play,evenings,loved,nephew,enjoy,fun,great,daughter,thank,niece,book,mother,playing,game,love,best,loves,enjoys,enjoyed,traditional
everyone,ages,family,kids,gift,play,evenings,loved,nephew,enjoy,fun,great,daughter,thank,niece,book,mother,playing,game,love,best,loves,enjoys,enjoyed,traditional
everyone,ages,family,kids,gift,play,evenings,loved,nephew,enjoy,fun,great,daughter,thank,niece,book,mother,playing,game,love,best,loves,enjoys,enjoyed,traditional
everyone,ages,family,kids,gift,play,evenings,loved,nephew,enjoy,fun,great,daughter,thank,niece,book,mother,playing,game,love,best,loves,enjoys,enjoyed,traditional
everyone,ages,family,kids,gift,play,evenings,loved,nephew,enjoy,fun,great,daughter,thank,niece,book,mother,playing,game,love,best,loves,enjoys,enjoyed,traditional
everyone,ages,family,kids,gift,play,evenings,loved,nephew,enjoy,fun,great,daughter,thank,niece,book,mother,playing,game,love,best,loves,enjoys,enjoyed,traditional
everyone,ages,family,kids,gift,play,evenings,loved,nephew,enjoy,fun,great,daughter,thank,niece,book,mother,playing,game,love,best,loves,enjoys,enjoyed,traditional
everyone,ages,family,kids,gift,play,evenings,loved,nephew,enjoy,fun,great,daughter,thank,niece,book,mother,playing,game,love,best,loves,enjoys,enjoyed,traditional
everyone,ages,family,kids,gift,play,evenings,loved,nephew,enjoy,fun,great,daughter,thank,niece,book,mother,playing,game,love,best,loves,enjoys,enjoyed,traditional
everyone,ages,family,kids,gift,play,evenings,loved,nephew,enjoy,fun,great,daughter,thank,niece,book,mother,playing,game,love,best,loves,enjoys,enjoyed,traditional
everyone,ages,family,kids,gift,play,evenings,loved,nephew,enjoy,fun,great,daughter,thank,niece,book,mother,playing,game,love,best,loves,enjoys,enjoyed,traditional
everyone,ages,family,kids,gift,play,evenings,loved,nephew,enjoy,fun,great,daughter,thank,niece,book,mother,playing,game,love,best,loves,enjoys,enjoyed,traditional
everyone,ages,family,kids,gift,play,evenings,nephew,enjoy,fun,great,daughter,thank,niece,book,mother,playing,game,love,best,loves,grandson,enjoys,enjoyed,traditional
everyone,ages,family,kids,gift,play,evenings,nephew,enjoy,fun,great,daughter,thank,book,mother,playing,game,love,best,loves,grandson,enjoys,enjoyed,traditional,christmas
everyone,ages,family,kids,gift,play,evenings,nephew,enjoy,fun,great,daughter,thank,book,mother,playing,game,love,best,loves,grandson,enjoys,enjoyed,traditional,christmas
everyone,ages,family,kids,gift,play,evenings,nephew,enjoy,fun,great,daughter,thank,book,mother,playing,game,love,best,loves,grandson,enjoys,enjoyed,traditional,christmas
everyone,ages,family,kids,gift,play,evenings,nephew,enjoy,fun,great,daughter,thank,book,mother,playing,game,love,best,loves,grandson,enjoys,enjoyed,traditional,christmas
everyone,ages,family,kids,gift,play,evenings,nephew,enjoy,fun,great,daughter,thank,book,mother,playing,game,love,best,loves,grandson,enjoys,enjoyed,traditional,christmas
everyone,ages,family,kids,gift,play,evenings,nephew,enjoy,fun,great,daughter,thank,book,mother,playing,game,love,best,loves,grandson,enjoys,enjoyed,traditional,christmas
everyone,ages,family,kids,gift,play,evenings,nephew,enjoy,fun,great,daughter,thank,book,mother,playing,game,love,best,loves,grandson,enjoys,enjoyed,traditional,christmas
everyone,ages,family,kids,gift,play,evenings,nephew,enjoy,fun,great,daughter,thank,book,mother,playing,game,love,best,loves,grandson,enjoys,enjoyed,traditional,christmas
everyone,ages,family,kids,gift,play,evenings,nephew,enjoy,fun,great,daughter,thank,book,mother,playing,game,love,best,loves,grandson,enjoys,enjoyed,traditional,christmas
everyone,ages,family,kids,gift,play,evenings,nephew,enjoy,fun,great,daughter,thank,book,mother,playing,game,love,best,loves,grandson,enjoys,enjoyed,traditional,christmas
everyone,ages,family,kids,gift,play,evenings,enjoy,fun,great,daughter,thank,elf,book,mother,playing,game,love,best,loves,grandson,enjoys,enjoyed,traditional,christmas
everyone,ages,family,kids,gift,play,evenings,enjoy,fun,great,daughter,thank,elf,book,mother,playing,game,love,best,loves,grandson,enjoys,enjoyed,traditional,christmas
everyone,ages,family,kids,gift,play,evenings,enjoy,fun,great,daughter,thank,elf,book,mother,playing,game,love,best,loves,grandson,enjoys,enjoyed,traditional,christmas
everyone,ages,family,kids,gift,play,evenings,enjoy,fun,great,daughter,thank,elf,book,mother,playing,game,love,best,loves,grandson,enjoys,enjoyed,traditional,christmas
everyone,ages,family,kids,gift,play,evenings,enjoy,fun,great,daughter,thank,elf,book,mother,playing,game,love,best,loves,grandson,enjoys,enjoyed,traditional,christmas
everyone,ages,family,kids,gift,play,evenings,enjoy,fun,great,daughter,thank,elf,book,mother,playing,game,love,best,loves,grandson,enjoys,enjoyed,traditional,christmas
everyone,ages,family,kids,gift,play,evenings,enjoy,fun,great,daughter,thank,elf,book,mother,playing,fantastic,game,love,loves,grandson,enjoys,enjoyed,traditional,christmas
everyone,ages,family,kids,gift,play,evenings,enjoy,fun,great,daughter,thank,elf,book,mother,playing,fantastic,game,love,loves,grandson,enjoys,enjoyed,traditional,christmas
everyone,ages,family,kids,friends,gift,play,loved,enjoy,fun,great,daughter,thank,elf,mother,playing,fantastic,game,love,loves,grandson,enjoys,enjoyed,traditional,christmas
everyone,ages,family,kids,friends,gift,play,loved,enjoy,fun,great,daughter,thank,elf,mother,playing,fantastic,game,love,loves,grandson,enjoys,enjoyed,traditional,christmas
everyone,ages,family,kids,friends,gift,play,loved,enjoy,fun,great,daughter,thank,elf,mother,playing,fantastic,game,love,loves,grandson,enjoys,enjoyed,traditional,christmas
everyone,ages,family,kids,friends,gift,play,loved,enjoy,fun,great,daughter,thank,elf,mother,playing,fantastic,game,love,loves,grandson,enjoys,enjoyed,traditional,christmas
everyone,ages,family,kids,friends,gift,play,loved,enjoy,fun,great,daughter,thank,elf,mother,playing,fantastic,game,love,loves,grandson,enjoys,enjoyed,traditional,christmas
everyone,ages,family,kids,friends,gift,play,loved,enjoy,fun,great,daughter,thank,elf,mother,playing,fantastic,game,love,loves,grandson,enjoys,enjoyed,traditional,christmas
everyone,ages,family,kids,friends,gift,play,loved,enjoy,fun,great,daughter,thank,elf,mother,playing,fantastic,game,love,loves,grandson,enjoys,enjoyed,traditional,christmas
everyone,ages,family,kids,friends,gift,play,loved,enjoy,fun,great,daughter,thank,elf,mother,playing,fantastic,game,love,loves,grandson,enjoys,enjoyed,traditional,christmas
everyone,ages,family,kids,friends,gift,play,loved,enjoy,fun,great,daughter,thank,elf,mother,playing,fantastic,game,love,loves,grandson,enjoys,enjoyed,traditional,christmas
everyone,ages,family,kids,friends,gift,play,loved,enjoy,fun,great,daughter,thank,elf,mother,playing,fantastic,game,love,loves,grandson,enjoys,enjoyed,traditional,christmas
everyone,ages,family,kids,friends,gift,play,loved,enjoy,fun,great,daughter,thank,elf,mother,playing,fantastic,game,love,loves,grandson,enjoys,enjoyed,traditional,christmas
everyone,ages,family,kids,friends,gift,play,loved,enjoy,fun,great,daughter,thank,elf,mother,playing,fantastic,game,love,loves,grandson,enjoys,enjoyed,traditional,christmas
everyone,ages,family,kids,friends,gift,play,loved,enjoy,fun,great,daughter,thank,elf,mother,playing,fantastic,game,love,loves,grandson,enjoys,enjoyed,traditional,christmas
everyone,ages,family,kids,friends,gift,play,loved,enjoy,fun,great,daughter,thank,elf,mother,playing,fantastic,game,love,loves,grandson,enjoys,enjoyed,traditional,christmas
everyone,ages,family,kids,friends,gift,play,loved,enjoy,fun,great,daughter,thank,elf,mother,playing,fantastic,game,love,loves,grandson,enjoys,enjoyed,traditional,christmas
everyone,ages,family,kids,friends,gift,play,loved,enjoy,fun,great,daughter,thank,elf,mother,playing,fantastic,game,love,loves,grandson,enjoys,enjoyed,traditional,christmas
everyone,ages,family,kids,friends,gift,play,loved,enjoy,fun,great,daughter,thank,elf,mother,playing,fantastic,game,love,loves,grandson,enjoys,enjoyed,traditional,christmas
everyone,ages,family,kids,friends,gift,play,loved,enjoy,fun,great,daughter,thank,elf,mother,playing,fantastic,game,love,loves,grandson,enjoys,enjoyed,traditional,christmas
everyone,ages,family,kids,friends,gift,play,loved,enjoy,fun,great,daughter,thank,elf,mother,playing,fantastic,game,love,loves,grandson,enjoys,enjoyed,traditional,christmas
everyone,ages,family,kids,friends,gift,play,loved,enjoy,fun,great,daughter,thank,elf,mother,playing,fantastic,game,love,loves,grandson,enjoys,enjoyed,traditional,christmas
everyone,ages,family,kids,friends,gift,play,loved,favorite,enjoy,fun,great,daughter,thank,mother,playing,fantastic,game,love,loves,grandson,enjoys,enjoyed,traditional,christmas
everyone,ages,family,kids,friends,gift,play,loved,favorite,enjoy,fun,great,daughter,thank,mother,playing,fantastic,game,love,loves,grandson,enjoys,enjoyed,traditional,christmas
everyone,ages,amazing,family,kids,friends,gift,play,loved,enjoy,fun,great,daughter,thank,mother,playing,fantastic,game,love,loves,grandson,enjoys,enjoyed,traditional,christmas
everyone,ages,amazing,family,kids,friends,gift,play,loved,enjoy,fun,great,daughter,thank,mother,playing,fantastic,game,love,loves,grandson,enjoys,enjoyed,traditional,christmas
everyone,ages,amazing,family,kids,friends,gift,play,loved,enjoy,fun,great,daughter,thank,mother,playing,fantastic,game,love,loves,grandson,enjoys,enjoyed,traditional,christmas
everyone,ages,amazing,family,kids,friends,gift,play,loved,enjoy,fun,great,daughter,thank,mother,playing,fantastic,game,love,loves,grandson,enjoys,enjoyed,traditional,christmas
everyone,ages,amazing,family,kids,friends,gift,play,loved,enjoy,fun,great,daughter,thank,mother,playing,fantastic,game,love,loves,grandson,enjoys,enjoyed,traditional,christmas
everyone,ages,amazing,family,kids,friends,gift,play,loved,enjoy,fun,great,daughter,thank,mother,playing,fantastic,game,love,loves,grandson,enjoys,enjoyed,traditional,christmas
everyone,ages,amazing,family,kids,friends,gift,play,loved,enjoy,fun,great,daughter,thank,mother,playing,fantastic,game,love,loves,grandson,enjoys,enjoyed,traditional,christmas
everyone,ages,amazing,family,kids,friends,gift,play,loved,enjoy,fun,great,daughter,thank,mother,playing,fantastic,game,love,loves,grandson,enjoys,enjoyed,traditional,christmas
everyone,ages,amazing,family,kids,friends,gift,play,loved,enjoy,fun,great,daughter,thank,mother,playing,fantastic,game,love,loves,grandson,enjoys,enjoyed,traditional,christmas
everyone,ages,amazing,family,kids,friends,gift,play,loved,enjoy,fun,great,daughter,thank,mother,playing,fantastic,game,love,loves,grandson,enjoys,enjoyed,traditional,christmas
everyone,ages,amazing,family,kids,friends,gift,play,loved,enjoy,fun,great,daughter,thank,mother,playing,fantastic,game,love,loves,grandson,enjoys,enjoyed,traditional,christmas
everyone,ages,amazing,family,kids,friends,gift,play,loved,enjoy,fun,great,daughter,thank,mother,playing,fantastic,game,love,loves,grandson,enjoys,enjoyed,traditional,christmas
everyone,ages,amazing,family,kids,friends,gift,play,loved,enjoy,fun,great,daughter,thank,mother,playing,fantastic,game,love,loves,grandson,enjoys,enjoyed,traditional,christmas
everyone,ages,amazing,family,kids,friends,gift,play,loved,enjoy,fun,great,daughter,thank,mother,playing,fantastic,game,love,loves,grandson,enjoys,enjoyed,traditional,christmas
everyone,ages,amazing,family,kids,friends,gift,play,loved,enjoy,fun,great,daughter,thank,elf,playing,fantastic,game,love,loves,grandson,enjoys,enjoyed,traditional,christmas
everyone,ages,amazing,family,kids,friends,gift,play,loved,enjoy,fun,great,daughter,thank,elf,playing,fantastic,game,love,loves,grandson,enjoys,enjoyed,traditional,christmas
everyone,ages,amazing,family,kids,friends,gift,play,loved,enjoy,fun,great,daughter,thank,elf,happy,book,playing,game,love,loves,grandson,enjoyed,traditional,christmas
everyone,ages,amazing,family,kids,friends,gift,play,loved,enjoy,fun,great,daughter,thank,elf,happy,book,playing,game,love,loves,grandson,enjoyed,traditional,christmas
everyone,ages,amazing,family,kids,friends,gift,play,loved,enjoy,fun,great,daughter,thank,elf,happy,book,playing,game,love,loves,grandson,enjoyed,traditional,christmas
everyone,ages,amazing,family,kids,friends,gift,play,loved,enjoy,fun,great,daughter,thank,elf,happy,book,playing,game,love,loves,grandson,enjoyed,traditional,christmas
everyone,ages,amazing,family,kids,friends,gift,play,loved,enjoy,fun,great,daughter,thank,elf,happy,book,playing,game,love,loves,grandson,enjoyed,traditional,christmas
everyone,ages,amazing,family,kids,friends,gift,play,loved,enjoy,fun,great,daughter,thank,elf,happy,book,playing,game,love,loves,grandson,enjoyed,traditional,christmas
everyone,ages,amazing,family,kids,friends,gift,play,loved,enjoy,fun,great,daughter,thank,elf,happy,book,playing,game,love,loves,grandson,enjoyed,traditional,christmas
everyone,ages,amazing,family,kids,friends,gift,play,loved,enjoy,fun,great,daughter,thank,elf,happy,book,playing,game,love,loves,grandson,enjoyed,traditional,christmas
everyone,ages,amazing,family,kids,friends,gift,play,loved,enjoy,fun,great,daughter,thank,elf,happy,book,playing,game,love,loves,grandson,enjoyed,traditional,christmas
everyone,ages,amazing,family,kids,friends,gift,play,loved,enjoy,fun,great,daughter,thank,elf,happy,book,playing,game,love,loves,grandson,enjoyed,traditional,christmas
everyone,ages,amazing,family,kids,friends,gift,play,loved,enjoy,fun,great,daughter,thank,elf,happy,book,playing,game,love,loves,grandson,enjoyed,traditional,christmas
everyone,ages,amazing,family,kids,friends,gift,play,loved,enjoy,fun,great,daughter,thank,elf,happy,book,playing,game,love,loves,grandson,enjoyed,traditional,christmas
everyone,ages,amazing,family,kids,friends,gift,play,loved,favorite,enjoy,fun,great,daughter,thank,elf,happy,book,playing,game,love,loves,grandson,enjoyed,christmas
everyone,ages,amazing,family,kids,friends,gift,play,loved,favorite,enjoy,fun,great,daughter,thank,elf,happy,book,playing,game,love,loves,grandson,enjoyed,christmas
everyone,ages,amazing,family,kids,friends,gift,play,loved,favorite,enjoy,fun,great,daughter,thank,elf,happy,book,playing,game,love,loves,grandson,enjoyed,christmas
everyone,ages,amazing,family,kids,friends,gift,play,loved,favorite,enjoy,fun,great,daughter,thank,elf,happy,book,playing,game,love,loves,grandson,enjoyed,christmas
everyone,ages,amazing,family,kids,friends,gift,play,loved,favorite,enjoy,fun,great,daughter,thank,elf,happy,book,playing,game,love,loves,grandson,enjoyed,christmas
everyone,34,ages,amazing,family,kids,friends,gift,play,loved,favorite,enjoy,fun,great,daughter,thank,elf,book,playing,game,love,loves,grandson,enjoyed,christmas
everyone,34,ages,amazing,family,kids,friends,gift,play,loved,favorite,enjoy,fun,great,daughter,thank,elf,book,playing,game,love,loves,grandson,enjoyed,christmas
everyone,34,ages,amazing,family,kids,friends,gift,play,loved,favorite,enjoy,fun,great,daughter,thank,elf,book,playing,game,love,loves,grandson,enjoyed,christmas
everyone,34,ages,amazing,family,kids,friends,gift,play,loved,favorite,enjoy,fun,great,daughter,thank,elf,book,playing,game,love,loves,grandson,enjoyed,christmas
everyone,34,ages,amazing,family,kids,friends,gift,play,loved,favorite,enjoy,fun,great,daughter,thank,elf,book,playing,game,love,loves,grandson,enjoyed,christmas
everyone,34,ages,amazing,family,kids,friends,gift,play,loved,favorite,enjoy,fun,great,daughter,thank,elf,book,playing,game,love,loves,grandson,enjoyed,christmas
everyone,34,ages,amazing,family,kids,friends,gift,play,loved,favorite,enjoy,fun,great,daughter,thank,elf,book,playing,game,love,loves,grandson,enjoyed,christmas
everyone,34,ages,amazing,family,kids,friends,gift,play,loved,favorite,enjoy,fun,great,daughter,thank,elf,book,playing,game,love,loves,grandson,enjoyed,christmas
everyone,34,ages,amazing,family,kids,friends,gift,play,loved,favorite,enjoy,fun,great,daughter,thank,elf,book,playing,game,love,loves,grandson,enjoyed,christmas
everyone,34,ages,amazing,family,kids,friends,gift,play,loved,favorite,enjoy,fun,great,daughter,thank,elf,book,playing,game,love,loves,grandson,enjoyed,christmas
everyone,34,ages,amazing,family,kids,friends,gift,play,loved,favorite,enjoy,fun,great,daughter,thank,elf,book,playing,game,love,loves,grandson,enjoyed,christmas
everyone,34,ages,amazing,family,kids,friends,gift,play,loved,favorite,enjoy,fun,great,daughter,thank,elf,book,playing,game,love,loves,grandson,enjoyed,christmas
everyone,34,ages,amazing,family,kids,friends,gift,play,loved,favorite,enjoy,fun,great,daughter,thank,elf,book,playing,game,love,loves,grandson,enjoyed,christmas
everyone,34,ages,amazing,family,kids,friends,gift,play,loved,favorite,enjoy,fun,great,daughter,thank,elf,book,playing,game,love,loves,grandson,enjoyed,christmas
everyone,34,ages,amazing,family,kids,friends,gift,play,loved,favorite,enjoy,fun,great,daughter,thank,elf,book,playing,game,love,loves,grandson,enjoyed,christmas
everyone,34,ages,amazing,family,kids,friends,gift,play,loved,favorite,enjoy,fun,great,daughter,thank,elf,book,playing,game,love,loves,grandson,enjoyed,christmas
everyone,34,ages,amazing,family,kids,friends,gift,play,loved,favorite,enjoy,fun,great,daughter,thank,elf,book,playing,game,love,loves,grandson,enjoyed,christmas
everyone,34,ages,amazing,family,kids,friends,gift,play,loved,favorite,enjoy,fun,great,daughter,thank,elf,book,playing,game,love,loves,grandson,enjoyed,christmas
everyone,34,ages,amazing,family,kids,friends,gift,play,loved,favorite,enjoy,fun,great,daughter,thank,elf,book,playing,game,love,loves,grandson,enjoyed,christmas
everyone,34,ages,amazing,family,kids,friends,gift,play,loved,favorite,enjoy,fun,great,daughter,thank,elf,book,playing,game,love,loves,grandson,enjoyed,christmas
everyone,34,ages,amazing,family,kids,friends,gift,play,loved,favorite,enjoy,fun,great,daughter,thank,elf,book,playing,game,love,loves,grandson,enjoyed,christmas
everyone,34,ages,amazing,family,kids,friends,gift,play,loved,favorite,enjoy,fun,great,daughter,thank,elf,book,playing,game,love,loves,grandson,enjoyed,christmas
everyone,34,ages,amazing,family,kids,friends,gift,play,loved,favorite,enjoy,fun,great,daughter,thank,elf,book,playing,game,love,loves,grandson,enjoyed,christmas
everyone,34,ages,amazing,family,kids,friends,gift,play,loved,favorite,enjoy,fun,great,daughter,thank,elf,book,playing,game,love,loves,grandson,enjoyed,christmas
everyone,34,ages,amazing,family,kids,friends,gift,play,loved,favorite,enjoy,fun,great,daughter,thank,elf,book,playing,game,love,loves,grandson,enjoyed,christmas
everyone,34,ages,amazing,family,kids,friends,gift,play,loved,favorite,enjoy,fun,great,daughter,thank,elf,book,playing,game,love,loves,grandson,enjoyed,christmas
everyone,34,ages,amazing,family,kids,friends,gift,play,loved,favorite,enjoy,fun,great,daughter,thank,elf,book,playing,game,love,loves,grandson,enjoyed,christmas
everyone,34,ages,amazing,family,kids,friends,gift,play,loved,favorite,enjoy,fun,great,daughter,thank,elf,book,playing,game,love,loves,grandson,enjoyed,christmas
everyone,34,ages,amazing,family,kids,friends,gift,play,loved,favorite,enjoy,fun,great,daughter,thank,elf,book,playing,game,love,loves,grandson,enjoyed,christmas
everyone,34,ages,amazing,family,kids,friends,gift,play,loved,favorite,enjoy,fun,great,daughter,thank,elf,book,playing,game,love,loves,grandson,enjoyed,christmas
everyone,34,ages,amazing,family,kids,friends,gift,play,loved,favorite,enjoy,fun,great,daughter,thank,elf,book,playing,game,love,loves,grandson,enjoyed,christmas
everyone,34,ages,amazing,family,kids,friends,gift,play,loved,favorite,enjoy,fun,great,daughter,thank,elf,book,playing,game,love,loves,grandson,enjoyed,christmas
everyone,ages,amazing,family,kids,friends,gift,play,loved,favorite,enjoy,fun,great,daughter,thank,niece,elf,book,playing,game,love,loves,grandson,enjoyed,christmas
everyone,ages,amazing,family,kids,friends,gift,play,loved,favorite,enjoy,fun,great,daughter,thank,niece,elf,book,playing,game,love,loves,grandson,enjoyed,christmas
everyone,ages,amazing,family,kids,friends,gift,play,loved,favorite,enjoy,fun,great,daughter,thank,niece,elf,book,playing,game,love,loves,grandson,enjoyed,christmas
everyone,ages,amazing,family,kids,friends,gift,play,loved,favorite,enjoy,fun,great,daughter,thank,niece,elf,book,playing,game,love,loves,grandson,enjoyed,christmas
everyone,ages,amazing,family,kids,friends,gift,play,loved,favorite,enjoy,fun,great,daughter,thank,niece,elf,playing,game,love,loves,grandson,best,enjoyed,christmas
everyone,ages,amazing,family,kids,friends,gift,play,loved,favorite,enjoy,fun,great,daughter,thank,niece,elf,playing,game,love,loves,grandson,best,enjoyed,christmas
everyone,ages,amazing,family,kids,friends,gift,play,loved,favorite,enjoy,fun,great,daughter,thank,niece,elf,playing,game,love,loves,grandson,best,enjoyed,christmas
everyone,ages,amazing,family,kids,friends,gift,play,loved,favorite,enjoy,fun,great,daughter,thank,niece,elf,playing,game,love,loves,grandson,best,enjoyed,christmas
everyone,ages,amazing,family,kids,friends,gift,play,loved,favorite,enjoy,fun,great,daughter,thank,niece,elf,playing,game,love,loves,grandson,best,enjoyed,christmas
everyone,ages,amazing,family,kids,friends,gift,play,loved,favorite,enjoy,fun,great,daughter,thank,niece,elf,playing,game,love,loves,grandson,best,enjoyed,christmas
everyone,ages,amazing,family,kids,friends,gift,play,loved,favorite,enjoy,fun,great,daughter,thank,niece,elf,playing,game,love,loves,grandson,best,enjoyed,christmas
everyone,ages,amazing,family,kids,friends,gift,play,loved,favorite,enjoy,fun,great,daughter,thank,niece,elf,playing,game,love,loves,grandson,best,enjoyed,christmas
everyone,ages,amazing,family,kids,friends,gift,play,loved,favorite,enjoy,fun,great,daughter,thank,niece,elf,playing,game,love,loves,grandson,best,enjoyed,christmas
everyone,ages,amazing,family,kids,friends,gift,play,loved,favorite,enjoy,fun,great,daughter,thank,niece,elf,playing,game,love,loves,grandson,best,enjoyed,christmas
everyone,ages,amazing,family,kids,friends,gift,play,loved,favorite,enjoy,fun,great,daughter,thank,niece,elf,playing,game,love,loves,grandson,best,enjoyed,christmas
everyone,ages,amazing,family,kids,friends,gift,play,loved,favorite,enjoy,fun,great,daughter,thank,niece,elf,playing,game,love,loves,grandson,best,enjoyed,christmas
everyone,ages,amazing,family,kids,friends,gift,play,loved,favorite,enjoy,fun,great,daughter,thank,niece,elf,playing,game,love,loves,grandson,best,enjoyed,christmas
everyone,ages,amazing,family,kids,friends,gift,play,loved,favorite,enjoy,fun,great,daughter,thank,niece,elf,playing,game,love,loves,grandson,best,enjoyed,christmas
everyone,ages,amazing,family,kids,friends,gift,play,loved,favorite,enjoy,fun,great,daughter,thank,niece,elf,playing,game,love,loves,grandson,best,enjoyed,christmas
everyone,ages,amazing,family,kids,friends,gift,play,loved,favorite,enjoy,fun,great,daughter,thank,niece,elf,playing,game,love,loves,grandson,best,enjoyed,christmas
everyone,ages,amazing,family,kids,friends,gift,play,loved,favorite,enjoy,fun,great,daughter,thank,niece,elf,playing,game,love,loves,grandson,best,enjoyed,christmas
everyone,ages,amazing,family,kids,friends,gift,play,loved,favorite,enjoy,fun,great,daughter,thank,niece,elf,playing,game,love,loves,grandson,best,enjoyed,christmas
everyone,ages,amazing,family,kids,friends,gift,play,loved,favorite,enjoy,fun,great,daughter,thank,niece,elf,playing,game,love,loves,grandson,best,enjoyed,christmas
everyone,ages,amazing,family,kids,friends,gift,play,loved,favorite,enjoy,fun,great,daughter,thank,niece,elf,playing,game,love,loves,grandson,best,enjoyed,christmas
everyone,ages,amazing,family,kids,friends,gift,play,loved,favorite,enjoy,fun,great,daughter,thank,niece,elf,playing,game,love,loves,grandson,best,enjoyed,christmas
everyone,ages,amazing,family,kids,friends,gift,play,loved,favorite,enjoy,fun,great,daughter,thank,niece,elf,playing,game,love,loves,grandson,best,enjoyed,christmas
everyone,ages,amazing,family,kids,friends,gift,play,loved,favorite,enjoy,fun,great,daughter,thank,niece,elf,playing,game,love,loves,grandson,best,enjoyed,christmas
everyone,ages,amazing,family,kids,friends,gift,play,loved,favorite,enjoy,fun,great,daughter,thank,niece,elf,playing,game,love,loves,grandson,best,enjoyed,christmas
everyone,ages,amazing,family,kids,friends,gift,play,loved,favorite,enjoy,fun,great,daughter,thank,niece,elf,playing,game,love,loves,grandson,best,enjoyed,christmas
everyone,ages,amazing,family,kids,friends,gift,play,loved,favorite,enjoy,fun,great,daughter,thank,niece,elf,playing,game,love,loves,grandson,best,enjoyed,christmas
everyone,ages,amazing,family,kids,friends,gift,play,loved,favorite,enjoy,fun,great,daughter,thank,niece,elf,playing,game,love,loves,grandson,best,enjoyed,christmas
everyone,ages,amazing,family,kids,friends,gift,play,loved,favorite,enjoy,fun,great,daughter,thank,niece,elf,playing,game,love,loves,grandson,best,enjoyed,christmas
everyone,ages,amazing,family,kids,friends,gift,play,loved,favorite,recommend,enjoy,fun,great,daughter,thank,niece,elf,playing,game,love,loves,grandson,enjoyed,christmas
everyone,ages,amazing,family,kids,friends,gift,play,loved,favorite,recommend,enjoy,fun,great,daughter,thank,niece,elf,playing,game,love,loves,grandson,enjoyed,christmas
everyone,ages,amazing,family,kids,friends,gift,play,loved,favorite,recommend,enjoy,fun,great,daughter,thank,niece,elf,playing,game,love,loves,grandson,enjoyed,christmas
everyone,ages,amazing,family,kids,friends,gift,play,loved,favorite,enjoy,fun,great,mom,daughter,thank,niece,elf,playing,game,love,loves,grandson,enjoyed,christmas
everyone,ages,amazing,family,kids,friends,gift,play,loved,favorite,enjoy,fun,great,mom,daughter,thank,niece,elf,playing,game,love,loves,grandson,enjoyed,christmas
everyone,ages,amazing,family,kids,friends,gift,play,loved,favorite,enjoy,fun,great,mom,daughter,thank,niece,elf,playing,game,love,loves,grandson,enjoyed,christmas
everyone,ages,amazing,family,kids,friends,gift,play,loved,favorite,enjoy,fun,great,mom,daughter,thank,niece,elf,playing,game,love,loves,grandson,enjoyed,christmas
everyone,ages,amazing,family,kids,friends,gift,play,loved,favorite,enjoy,fun,great,mom,daughter,thank,niece,elf,playing,game,love,loves,grandson,enjoyed,christmas
everyone,ages,amazing,family,kids,friends,gift,play,loved,favorite,enjoy,fun,great,mom,daughter,thank,niece,elf,playing,game,love,loves,grandson,enjoyed,christmas
everyone,ages,amazing,family,kids,friends,gift,play,loved,favorite,enjoy,fun,great,mom,daughter,thank,niece,elf,playing,game,love,loves,grandson,enjoyed,christmas
everyone,ages,amazing,family,kids,friends,gift,play,loved,favorite,enjoy,fun,great,mom,daughter,thank,niece,elf,playing,game,love,loves,grandson,enjoyed,christmas
everyone,ages,amazing,family,kids,friends,gift,play,loved,favorite,enjoy,fun,great,mom,daughter,thank,niece,elf,playing,game,love,loves,grandson,enjoyed,christmas
everyone,ages,amazing,family,kids,friends,gift,play,loved,favorite,enjoy,fun,great,mom,daughter,thank,niece,elf,playing,game,love,loves,grandson,enjoyed,christmas
everyone,ages,amazing,family,kids,friends,gift,play,loved,favorite,enjoy,fun,great,mom,daughter,thank,niece,elf,playing,game,love,loves,grandson,enjoyed,christmas
everyone,ages,amazing,family,kids,friends,gift,play,loved,favorite,enjoy,fun,great,mom,daughter,thank,niece,elf,playing,game,love,loves,grandson,enjoyed,christmas
everyone,ages,amazing,family,kids,friends,gift,play,loved,favorite,enjoy,fun,great,mom,daughter,thank,niece,elf,playing,game,love,loves,grandson,enjoyed,christmas
everyone,ages,amazing,family,kids,friends,gift,play,loved,favorite,enjoy,fun,great,mom,daughter,thank,niece,elf,playing,game,love,loves,grandson,enjoyed,christmas
everyone,ages,amazing,family,kids,friends,gift,play,loved,favorite,enjoy,fun,great,mom,daughter,thank,niece,elf,playing,game,love,loves,grandson,enjoyed,christmas
everyone,ages,amazing,family,kids,friends,gift,play,loved,favorite,enjoy,fun,great,mom,daughter,thank,niece,elf,playing,game,love,loves,grandson,enjoyed,christmas
ages,amazing,family,kids,friends,gift,play,loved,easy,favorite,enjoy,fun,great,mom,daughter,thank,niece,elf,playing,game,love,loves,grandson,enjoyed,christmas
ages,amazing,family,kids,friends,gift,play,loved,easy,favorite,enjoy,fun,great,mom,daughter,thank,niece,elf,playing,game,love,loves,grandson,enjoyed,christmas
ages,amazing,family,kids,friends,gift,play,loved,easy,favorite,enjoy,fun,great,mom,daughter,thank,niece,elf,playing,game,love,loves,grandson,enjoyed,christmas
ages,amazing,family,kids,friends,gift,play,loved,easy,favorite,enjoy,fun,great,mom,daughter,thank,niece,elf,playing,game,love,loves,grandson,enjoyed,christmas
ages,amazing,family,kids,friends,gift,play,loved,easy,favorite,enjoy,fun,great,mom,daughter,thank,niece,elf,playing,game,love,loves,grandson,enjoyed,christmas
ages,amazing,family,kids,friends,gift,play,loved,easy,favorite,enjoy,fun,great,mom,daughter,thank,niece,elf,playing,game,love,loves,grandson,enjoyed,christmas
ages,amazing,family,kids,friends,gift,play,loved,easy,favorite,enjoy,fun,great,mom,daughter,thank,niece,elf,playing,game,love,loves,grandson,enjoyed,christmas
ages,amazing,family,kids,friends,gift,play,loved,easy,favorite,enjoy,fun,great,mom,daughter,thank,niece,elf,playing,game,love,loves,grandson,enjoyed,christmas
ages,amazing,family,kids,friends,gift,play,loved,easy,favorite,enjoy,fun,great,mom,daughter,thank,niece,elf,playing,game,love,loves,grandson,enjoyed,christmas
ages,amazing,family,kids,friends,gift,play,loved,easy,favorite,enjoy,fun,great,mom,daughter,thank,niece,elf,playing,game,love,loves,grandson,enjoyed,christmas
ages,amazing,family,kids,friends,gift,play,loved,easy,favorite,enjoy,fun,great,mom,daughter,thank,niece,elf,playing,game,love,loves,grandson,enjoyed,christmas
ages,amazing,family,kids,friends,gift,play,loved,easy,favorite,enjoy,fun,great,mom,daughter,thank,niece,elf,playing,game,love,loves,grandson,enjoyed,christmas
ages,amazing,family,kids,friends,gift,play,loved,easy,favorite,enjoy,fun,great,mom,daughter,thank,niece,elf,playing,game,love,loves,grandson,enjoyed,christmas
ages,amazing,family,kids,friends,gift,play,loved,easy,favorite,enjoy,fun,great,mom,daughter,thank,niece,elf,playing,game,love,loves,grandson,enjoyed,christmas
ages,amazing,family,kids,friends,gift,play,loved,easy,favorite,enjoy,fun,great,mom,daughter,thank,niece,elf,playing,game,love,loves,grandson,enjoyed,christmas
ages,amazing,family,kids,friends,gift,play,loved,easy,favorite,enjoy,fun,great,mom,daughter,thank,elf,playing,played,game,love,loves,grandson,enjoyed,christmas
ages,amazing,family,kids,friends,gift,play,loved,easy,favorite,enjoy,fun,great,mom,daughter,thank,elf,playing,played,game,love,loves,grandson,enjoyed,christmas
ages,amazing,family,kids,friends,gift,play,loved,easy,favorite,enjoy,fun,great,mom,daughter,thank,elf,playing,played,game,love,loves,grandson,enjoyed,christmas
ages,amazing,family,kids,friends,gift,play,loved,easy,favorite,enjoy,fun,great,mom,daughter,good,thank,elf,playing,game,love,loves,grandson,enjoyed,christmas
ages,family,kids,friends,gift,play,loved,easy,favorite,enjoy,fun,great,mom,daughter,good,thank,elf,playing,game,love,loves,grandson,best,enjoyed,christmas
ages,family,kids,friends,gift,play,loved,easy,favorite,enjoy,fun,great,mom,daughter,good,thank,elf,playing,game,love,loves,grandson,best,enjoyed,christmas
ages,family,kids,friends,gift,play,loved,easy,favorite,enjoy,fun,great,mom,daughter,good,thank,elf,playing,game,love,loves,grandson,best,enjoyed,christmas
ages,family,kids,friends,gift,play,loved,easy,favorite,enjoy,fun,great,mom,daughter,good,thank,elf,playing,game,love,loves,grandson,best,enjoyed,christmas
ages,family,kids,friends,gift,play,loved,easy,favorite,enjoy,fun,great,mom,daughter,good,thank,elf,playing,game,love,loves,grandson,best,enjoyed,christmas
ages,family,kids,friends,gift,play,loved,easy,favorite,enjoy,fun,great,mom,daughter,good,thank,elf,playing,game,love,loves,grandson,best,enjoyed,christmas
ages,family,kids,friends,gift,play,loved,easy,favorite,enjoy,fun,great,mom,daughter,good,thank,elf,playing,game,love,loves,grandson,best,enjoyed,christmas
ages,family,kids,friends,gift,play,loved,easy,favorite,enjoy,fun,great,mom,daughter,good,thank,elf,playing,game,love,loves,grandson,best,enjoyed,christmas
ages,family,kids,friends,gift,play,loved,easy,favorite,enjoy,fun,great,mom,daughter,good,thank,elf,playing,game,love,loves,grandson,best,enjoyed,christmas
ages,family,kids,friends,gift,play,loved,easy,favorite,enjoy,fun,great,mom,daughter,good,thank,elf,playing,game,love,loves,grandson,best,enjoyed,christmas
ages,family,kids,friends,gift,play,loved,easy,favorite,enjoy,fun,great,mom,daughter,good,thank,elf,playing,game,love,loves,grandson,best,enjoyed,christmas
ages,family,kids,friends,gift,play,loved,easy,favorite,enjoy,fun,great,mom,daughter,good,thank,elf,playing,game,love,loves,grandson,best,enjoyed,christmas
ages,family,kids,friends,gift,play,loved,easy,favorite,enjoy,fun,great,mom,daughter,good,thank,elf,playing,game,love,loves,grandson,best,enjoyed,christmas
ages,family,kids,friends,gift,play,loved,easy,favorite,enjoy,fun,great,mom,daughter,good,thank,elf,playing,game,love,loves,grandson,best,enjoyed,christmas
ages,family,kids,friends,gift,play,loved,easy,favorite,enjoy,fun,great,mom,daughter,good,thank,elf,playing,game,love,loves,grandson,best,enjoyed,christmas
ages,family,kids,friends,gift,play,loved,easy,favorite,enjoy,fun,great,mom,daughter,good,thank,elf,playing,game,love,loves,grandson,best,enjoyed,christmas
ages,family,kids,friends,gift,play,loved,easy,favorite,enjoy,fun,great,mom,daughter,good,thank,elf,playing,game,love,loves,grandson,best,enjoyed,christmas
ages,family,kids,friends,gift,play,loved,easy,favorite,enjoy,fun,great,mom,daughter,good,thank,elf,playing,game,love,loves,grandson,best,enjoyed,christmas
ages,family,kids,friends,gift,play,loved,easy,favorite,enjoy,fun,great,mom,daughter,good,thank,elf,playing,game,love,loves,grandson,best,enjoyed,christmas
ages,family,kids,friends,gift,play,loved,easy,favorite,enjoy,fun,great,mom,daughter,good,thank,elf,playing,game,love,loves,grandson,best,enjoyed,christmas
ages,family,kids,friends,gift,play,loved,easy,favorite,enjoy,fun,great,mom,daughter,good,thank,elf,playing,game,love,loves,grandson,best,enjoyed,christmas
ages,family,kids,friends,gift,play,loved,easy,favorite,enjoy,fun,great,mom,daughter,good,thank,elf,playing,game,love,loves,grandson,best,enjoyed,christmas
ages,family,kids,friends,gift,play,loved,easy,favorite,enjoy,fun,great,mom,daughter,good,thank,elf,playing,game,love,loves,grandson,best,enjoyed,christmas
ages,family,kids,friends,gift,play,loved,easy,favorite,enjoy,fun,great,mom,daughter,good,thank,elf,playing,game,love,loves,grandson,best,enjoyed,christmas
ages,family,kids,friends,gift,play,loved,easy,favorite,enjoy,fun,great,mom,daughter,good,thank,elf,playing,game,love,loves,grandson,best,enjoyed,christmas
ages,family,kids,friends,gift,play,loved,easy,favorite,enjoy,fun,great,mom,daughter,good,thank,elf,playing,game,love,loves,grandson,best,enjoyed,christmas
ages,family,kids,friends,gift,play,loved,easy,favorite,enjoy,fun,great,mom,daughter,good,thank,elf,playing,game,love,loves,grandson,best,enjoyed,christmas
ages,family,kids,friends,gift,play,loved,easy,favorite,enjoy,fun,great,mom,daughter,good,thank,elf,playing,game,love,loves,grandson,best,enjoyed,christmas
ages,family,kids,friends,gift,play,loved,easy,favorite,enjoy,fun,great,mom,daughter,good,thank,elf,playing,game,love,loves,grandson,best,enjoyed,christmas
ages,family,kids,friends,gift,play,loved,easy,favorite,enjoy,fun,great,mom,daughter,good,thank,elf,playing,game,love,loves,grandson,best,enjoyed,christmas
ages,family,kids,friends,gift,play,loved,easy,favorite,enjoy,fun,great,mom,daughter,good,thank,elf,playing,game,love,loves,grandson,best,enjoyed,christmas
ages,family,kids,friends,gift,play,loved,easy,favorite,enjoy,fun,great,mom,daughter,good,thank,elf,playing,game,love,loves,grandson,best,enjoyed,christmas
ages,family,kids,friends,gift,play,loved,easy,favorite,enjoy,fun,great,mom,daughter,good,thank,elf,playing,game,love,loves,grandson,best,enjoyed,christmas
ages,family,kids,friends,gift,play,loved,easy,favorite,enjoy,fun,great,mom,daughter,good,thank,elf,playing,game,love,loves,grandson,best,enjoyed,christmas
ages,family,kids,friends,gift,play,loved,easy,favorite,enjoy,fun,great,mom,daughter,good,thank,elf,playing,game,love,loves,grandson,best,enjoyed,christmas
ages,family,kids,friends,gift,play,loved,easy,favorite,enjoy,fun,great,mom,daughter,good,thank,elf,playing,game,love,loves,grandson,best,enjoyed,christmas
ages,family,kids,friends,gift,play,loved,easy,favorite,enjoy,fun,great,mom,daughter,good,thank,elf,playing,game,love,loves,grandson,best,enjoyed,christmas
ages,family,kids,friends,gift,play,loved,easy,favorite,enjoy,fun,great,mom,daughter,good,thank,elf,playing,game,love,loves,grandson,best,enjoyed,christmas
ages,family,kids,friends,gift,play,loved,easy,favorite,enjoy,fun,great,mom,daughter,good,thank,elf,playing,game,love,loves,grandson,best,enjoyed,christmas
ages,family,kids,friends,gift,play,loved,easy,favorite,enjoy,fun,great,mom,daughter,good,thank,elf,playing,game,love,loves,grandson,best,enjoyed,christmas
ages,family,kids,friends,gift,play,loved,easy,favorite,enjoy,fun,great,mom,daughter,good,thank,elf,playing,game,love,loves,grandson,best,enjoyed,christmas
ages,family,kids,friends,gift,play,loved,easy,favorite,enjoy,fun,great,mom,daughter,good,thank,elf,playing,game,love,loves,grandson,best,enjoyed,christmas
ages,family,kids,friends,gift,play,loved,easy,favorite,enjoy,fun,great,mom,daughter,good,thank,elf,playing,game,love,loves,grandson,best,enjoyed,christmas
ages,family,kids,friends,gift,play,loved,easy,favorite,enjoy,fun,great,mom,daughter,good,thank,elf,playing,game,love,loves,grandson,best,enjoyed,christmas
ages,family,kids,friends,gift,play,loved,easy,favorite,enjoy,fun,great,daughter,good,thank,elf,happy,playing,game,love,loves,grandson,best,enjoyed,christmas
ages,family,kids,friends,gift,play,loved,easy,favorite,enjoy,fun,great,daughter,good,thank,elf,happy,playing,game,love,loves,grandson,best,enjoyed,christmas
ages,family,kids,friends,gift,play,loved,easy,favorite,enjoy,fun,great,daughter,good,thank,elf,happy,playing,game,love,loves,grandson,best,enjoyed,christmas
ages,family,kids,friends,gift,play,loved,easy,favorite,enjoy,fun,great,daughter,good,thank,elf,happy,playing,game,love,loves,grandson,best,enjoyed,christmas
ages,family,kids,friends,gift,play,loved,easy,favorite,enjoy,fun,great,daughter,good,thank,elf,happy,playing,game,love,loves,grandson,best,enjoyed,christmas
ages,family,kids,friends,gift,play,loved,easy,favorite,enjoy,fun,great,daughter,good,thank,elf,happy,playing,game,love,loves,grandson,best,enjoyed,christmas
ages,family,kids,friends,gift,play,loved,easy,favorite,enjoy,fun,great,daughter,good,thank,elf,happy,playing,game,love,loves,grandson,best,enjoyed,christmas
ages,family,kids,friends,gift,play,loved,easy,favorite,enjoy,fun,great,daughter,good,thank,elf,playing,game,love,loves,grandson,best,enjoys,enjoyed,christmas
ages,family,kids,friends,gift,play,loved,easy,favorite,enjoy,fun,great,daughter,good,thank,elf,playing,game,love,loves,grandson,best,enjoys,enjoyed,christmas
ages,family,kids,friends,gift,play,loved,easy,favorite,enjoy,fun,great,daughter,good,thank,elf,playing,game,love,loves,grandson,best,enjoys,enjoyed,christmas
ages,family,kids,friends,gift,play,loved,easy,favorite,enjoy,fun,great,daughter,good,thank,elf,playing,game,love,loves,grandson,best,enjoys,enjoyed,christmas
ages,family,kids,friends,gift,play,loved,easy,favorite,enjoy,fun,great,daughter,good,thank,elf,playing,game,love,loves,grandson,best,enjoys,enjoyed,christmas
ages,family,kids,friends,gift,play,loved,easy,favorite,enjoy,fun,great,daughter,good,thank,elf,playing,game,love,loves,grandson,best,enjoys,enjoyed,christmas
ages,family,kids,friends,gift,loved,easy,favorite,enjoy,fun,great,daughter,good,thank,elf,book,playing,game,love,loves,grandson,best,enjoys,enjoyed,christmas
ages,family,kids,friends,gift,loved,easy,favorite,enjoy,fun,great,daughter,good,thank,elf,book,playing,game,love,loves,grandson,best,enjoys,enjoyed,christmas
ages,family,kids,friends,gift,loved,easy,favorite,enjoy,fun,great,daughter,good,thank,elf,book,playing,game,love,loves,grandson,best,enjoys,enjoyed,christmas
ages,family,kids,friends,gift,loved,easy,favorite,enjoy,fun,great,daughter,good,thank,elf,book,playing,game,love,loves,grandson,best,enjoys,enjoyed,christmas
ages,family,kids,friends,gift,loved,easy,favorite,enjoy,fun,great,daughter,good,thank,elf,book,playing,game,love,loves,grandson,best,enjoys,enjoyed,christmas
ages,family,kids,friends,gift,loved,easy,favorite,enjoy,fun,great,daughter,good,thank,elf,book,playing,game,love,loves,grandson,best,enjoys,enjoyed,christmas
ages,family,kids,friends,gift,loved,easy,favorite,enjoy,fun,great,daughter,good,thank,elf,book,playing,game,love,loves,grandson,best,enjoys,enjoyed,christmas
ages,family,kids,friends,gift,loved,easy,favorite,enjoy,fun,great,daughter,good,thank,elf,book,playing,game,love,loves,grandson,best,enjoys,enjoyed,christmas
ages,family,kids,friends,gift,loved,easy,favorite,enjoy,fun,great,daughter,good,thank,elf,book,playing,game,love,loves,grandson,best,enjoys,enjoyed,christmas
ages,family,kids,friends,gift,loved,easy,favorite,enjoy,fun,great,daughter,good,thank,elf,book,playing,game,love,loves,grandson,best,enjoys,enjoyed,christmas
ages,family,kids,friends,gift,loved,easy,favorite,enjoy,fun,great,daughter,good,thank,elf,book,playing,game,love,loves,grandson,best,enjoys,enjoyed,christmas
ages,family,kids,friends,gift,loved,easy,favorite,enjoy,fun,great,daughter,good,thank,elf,book,playing,game,love,loves,grandson,best,enjoys,enjoyed,christmas
ages,family,kids,friends,gift,play,loved,easy,favorite,enjoy,fun,great,daughter,good,thank,elf,playing,game,love,loves,grandson,best,enjoys,enjoyed,christmas
ages,family,kids,friends,gift,play,loved,easy,favorite,enjoy,fun,great,daughter,good,thank,elf,playing,game,love,loves,grandson,best,enjoys,enjoyed,christmas
ages,family,kids,friends,gift,play,loved,easy,favorite,enjoy,fun,great,daughter,good,thank,elf,playing,game,love,loves,grandson,best,enjoys,enjoyed,christmas
ages,family,kids,friends,gift,play,loved,easy,favorite,enjoy,fun,great,daughter,good,thank,elf,playing,game,love,loves,grandson,best,enjoys,enjoyed,christmas
ages,family,kids,friends,gift,play,loved,easy,favorite,enjoy,fun,great,daughter,good,thank,elf,playing,game,love,loves,grandson,best,enjoys,enjoyed,christmas
ages,family,kids,friends,gift,play,loved,easy,favorite,enjoy,fun,great,daughter,good,thank,elf,playing,game,love,loves,grandson,best,enjoys,enjoyed,christmas
ages,family,kids,friends,gift,play,loved,easy,favorite,enjoy,fun,great,daughter,good,thank,elf,playing,game,love,loves,grandson,best,enjoys,enjoyed,christmas
ages,family,kids,friends,gift,play,loved,favorite,recommend,enjoy,fun,great,daughter,good,thank,elf,playing,game,love,loves,grandson,best,enjoys,enjoyed,christmas
ages,family,kids,friends,gift,play,loved,favorite,recommend,enjoy,fun,great,daughter,good,thank,elf,playing,game,love,loves,grandson,best,enjoys,enjoyed,christmas
ages,family,kids,friends,gift,play,loved,favorite,recommend,enjoy,fun,great,daughter,good,thank,elf,playing,game,love,loves,grandson,best,enjoys,enjoyed,christmas
ages,family,kids,friends,gift,play,loved,favorite,recommend,enjoy,fun,great,daughter,good,thank,elf,playing,game,love,loves,grandson,best,enjoys,enjoyed,christmas
ages,family,kids,friends,gift,play,loved,favorite,recommend,enjoy,fun,great,daughter,good,thank,elf,playing,game,love,loves,grandson,best,enjoys,enjoyed,christmas
ages,family,kids,friends,gift,play,loved,favorite,recommend,enjoy,fun,great,daughter,good,thank,elf,playing,game,love,loves,grandson,best,enjoys,enjoyed,christmas
ages,family,kids,friends,gift,play,loved,favorite,recommend,enjoy,fun,great,daughter,good,thank,elf,playing,game,love,loves,grandson,best,enjoys,enjoyed,christmas
ages,family,kids,friends,gift,play,loved,favorite,recommend,enjoy,fun,great,daughter,good,thank,elf,playing,game,love,loves,grandson,best,enjoys,enjoyed,christmas
ages,family,kids,friends,gift,play,loved,favorite,recommend,enjoy,fun,great,daughter,good,thank,elf,playing,game,love,loves,grandson,best,enjoys,enjoyed,christmas
ages,family,kids,friends,gift,play,loved,favorite,recommend,enjoy,fun,great,daughter,good,thank,elf,playing,game,love,loves,grandson,best,enjoys,enjoyed,christmas
ages,family,kids,friends,gift,play,loved,favorite,recommend,enjoy,fun,great,daughter,good,thank,elf,playing,game,love,loves,grandson,best,enjoys,enjoyed,christmas
ages,family,kids,friends,gift,play,loved,favorite,recommend,enjoy,fun,great,daughter,good,thank,elf,playing,game,love,loves,grandson,best,enjoys,enjoyed,christmas
ages,family,kids,friends,gift,play,loved,favorite,recommend,enjoy,fun,great,daughter,good,thank,elf,playing,game,love,loves,grandson,best,enjoys,enjoyed,christmas
ages,family,kids,friends,gift,play,loved,favorite,recommend,enjoy,fun,great,daughter,good,thank,elf,playing,game,love,loves,grandson,best,enjoys,enjoyed,christmas
ages,family,kids,friends,gift,play,loved,favorite,recommend,enjoy,fun,great,daughter,good,thank,elf,playing,game,love,loves,grandson,best,enjoys,enjoyed,christmas
ages,family,kids,friends,gift,play,loved,favorite,recommend,enjoy,fun,great,daughter,good,thank,elf,playing,game,love,loves,grandson,best,enjoys,enjoyed,christmas
ages,family,kids,friends,gift,play,loved,favorite,recommend,enjoy,fun,great,daughter,good,thank,elf,playing,game,love,loves,grandson,best,enjoys,enjoyed,christmas
ages,family,kids,friends,gift,play,loved,favorite,recommend,enjoy,fun,great,daughter,good,thank,elf,playing,game,love,loves,grandson,best,enjoys,enjoyed,christmas
ages,family,kids,friends,gift,play,loved,favorite,recommend,enjoy,fun,great,daughter,good,thank,elf,playing,game,love,loves,grandson,best,enjoys,enjoyed,christmas
ages,family,kids,friends,gift,play,loved,favorite,recommend,enjoy,fun,great,daughter,good,thank,elf,playing,game,love,loves,grandson,best,enjoys,enjoyed,christmas
ages,family,kids,friends,gift,play,loved,favorite,recommend,enjoy,fun,great,daughter,good,thank,elf,playing,game,love,loves,grandson,best,enjoys,enjoyed,christmas
ages,family,kids,friends,gift,play,loved,favorite,recommend,enjoy,fun,great,daughter,good,thank,elf,playing,game,love,loves,grandson,best,enjoys,enjoyed,christmas
ages,family,kids,friends,gift,play,loved,favorite,recommend,enjoy,fun,great,daughter,good,thank,elf,playing,game,love,loves,grandson,best,enjoys,enjoyed,christmas
ages,family,kids,friends,gift,play,loved,favorite,recommend,enjoy,fun,great,daughter,good,thank,elf,playing,game,love,loves,grandson,best,enjoys,enjoyed,christmas
ages,family,kids,friends,gift,play,loved,favorite,recommend,enjoy,fun,great,daughter,good,thank,elf,playing,game,love,loves,grandson,best,enjoys,enjoyed,christmas
ages,family,kids,friends,gift,play,loved,favorite,recommend,enjoy,fun,great,daughter,good,thank,elf,playing,game,love,loves,grandson,best,enjoys,enjoyed,christmas
ages,family,kids,friends,gift,play,loved,favorite,recommend,enjoy,fun,great,daughter,good,thank,elf,playing,game,love,loves,grandson,best,enjoys,enjoyed,christmas
ages,family,kids,friends,gift,play,loved,favorite,recommend,enjoy,fun,great,daughter,good,thank,elf,playing,game,love,loves,grandson,best,enjoys,enjoyed,christmas
ages,family,kids,friends,gift,play,loved,favorite,recommend,enjoy,fun,great,daughter,good,thank,elf,playing,game,love,loves,grandson,best,enjoys,enjoyed,christmas
ages,family,kids,friends,gift,play,loved,favorite,recommend,enjoy,fun,great,daughter,good,thank,elf,playing,game,love,loves,grandson,best,enjoys,enjoyed,christmas
ages,family,kids,friends,gift,play,loved,favorite,recommend,enjoy,fun,great,daughter,good,thank,elf,playing,game,love,loves,grandson,best,enjoys,enjoyed,christmas
ages,family,kids,friends,gift,play,loved,favorite,recommend,enjoy,fun,great,daughter,good,thank,elf,playing,game,love,loves,grandson,best,enjoys,enjoyed,christmas
ages,family,kids,friends,gift,play,loved,favorite,recommend,enjoy,fun,great,daughter,good,thank,elf,playing,game,love,loves,grandson,best,enjoys,enjoyed,christmas
ages,family,kids,friends,gift,play,loved,favorite,recommend,enjoy,fun,great,daughter,good,thank,elf,playing,game,love,loves,grandson,best,enjoys,enjoyed,christmas
ages,family,kids,friends,gift,play,loved,favorite,recommend,enjoy,fun,great,daughter,good,thank,elf,playing,game,love,loves,grandson,best,enjoys,enjoyed,christmas
ages,family,kids,friends,gift,play,loved,favorite,recommend,enjoy,fun,great,daughter,good,thank,elf,playing,game,love,loves,grandson,best,enjoys,enjoyed,christmas
ages,family,kids,friends,gift,play,loved,favorite,recommend,enjoy,fun,great,daughter,good,thank,elf,playing,game,love,loves,grandson,best,enjoys,enjoyed,christmas
ages,family,kids,friends,gift,play,loved,favorite,recommend,enjoy,fun,great,daughter,good,thank,elf,playing,game,love,loves,grandson,best,enjoys,enjoyed,christmas
ages,family,kids,friends,gift,play,loved,favorite,recommend,enjoy,fun,great,daughter,good,thank,elf,playing,game,love,loves,grandson,best,enjoys,enjoyed,christmas
ages,family,kids,friends,gift,play,loved,favorite,recommend,enjoy,fun,great,daughter,good,thank,elf,playing,game,love,loves,grandson,best,enjoys,enjoyed,christmas
ages,family,kids,friends,gift,play,loved,favorite,recommend,enjoy,fun,great,daughter,good,thank,elf,playing,game,love,loves,grandson,best,enjoys,enjoyed,christmas
ages,family,kids,friends,gift,play,loved,favorite,recommend,enjoy,fun,great,daughter,good,thank,elf,playing,game,love,loves,grandson,best,enjoys,enjoyed,christmas
ages,family,kids,friends,gift,play,loved,favorite,recommend,enjoy,fun,great,daughter,good,thank,elf,playing,game,love,loves,grandson,best,enjoys,enjoyed,christmas
ages,family,kids,friends,gift,play,loved,favorite,recommend,enjoy,fun,great,daughter,good,thank,elf,playing,game,love,loves,grandson,best,enjoys,enjoyed,christmas
ages,family,kids,friends,gift,play,loved,favorite,recommend,enjoy,fun,great,daughter,good,thank,elf,playing,game,love,loves,grandson,best,enjoys,enjoyed,christmas
ages,family,kids,friends,gift,play,loved,easy,favorite,recommend,enjoy,fun,great,daughter,good,thank,playing,game,love,loves,grandson,best,enjoys,enjoyed,christmas
ages,family,kids,friends,gift,play,loved,easy,favorite,recommend,enjoy,fun,great,daughter,good,thank,playing,game,love,loves,grandson,best,enjoys,enjoyed,christmas
ages,family,kids,friends,gift,play,loved,easy,favorite,recommend,enjoy,fun,great,daughter,good,thank,playing,game,love,loves,grandson,best,enjoys,enjoyed,christmas
ages,family,kids,friends,gift,play,loved,easy,favorite,recommend,enjoy,fun,great,daughter,good,thank,playing,game,love,loves,grandson,best,enjoys,enjoyed,christmas
ages,family,kids,friends,gift,play,loved,easy,favorite,recommend,enjoy,fun,great,daughter,good,thank,playing,game,love,loves,grandson,best,enjoys,enjoyed,christmas
ages,family,kids,friends,gift,play,loved,easy,favorite,recommend,enjoy,fun,great,daughter,good,thank,playing,game,love,loves,grandson,best,enjoys,enjoyed,christmas
ages,family,kids,friends,gift,play,loved,easy,favorite,recommend,enjoy,fun,great,daughter,good,thank,playing,game,love,loves,grandson,best,enjoys,enjoyed,christmas
ages,family,kids,friends,gift,play,loved,easy,favorite,recommend,enjoy,fun,great,daughter,good,thank,playing,game,love,loves,grandson,best,enjoys,enjoyed,christmas
ages,family,kids,friends,gift,play,loved,easy,favorite,recommend,enjoy,fun,great,daughter,good,thank,playing,game,love,loves,grandson,best,enjoys,enjoyed,christmas
ages,family,kids,friends,gift,play,loved,easy,favorite,recommend,enjoy,fun,great,daughter,good,thank,playing,game,love,loves,grandson,best,enjoys,enjoyed,christmas
ages,family,kids,friends,gift,play,loved,easy,favorite,recommend,enjoy,fun,great,daughter,good,thank,playing,game,love,loves,grandson,best,enjoys,enjoyed,christmas
ages,family,kids,friends,gift,play,loved,easy,favorite,recommend,enjoy,fun,great,daughter,good,thank,playing,game,love,loves,grandson,best,enjoys,enjoyed,christmas
ages,family,kids,friends,gift,play,loved,easy,favorite,recommend,enjoy,fun,great,daughter,good,thank,playing,game,love,loves,grandson,best,enjoys,enjoyed,christmas
ages,family,kids,friends,gift,play,loved,easy,favorite,recommend,enjoy,fun,great,daughter,good,thank,playing,game,love,loves,grandson,best,enjoys,enjoyed,christmas
ages,family,kids,friends,gift,play,loved,easy,favorite,recommend,enjoy,fun,great,daughter,good,thank,playing,game,love,loves,grandson,best,enjoys,enjoyed,christmas
ages,family,kids,friends,gift,play,loved,easy,favorite,recommend,enjoy,fun,great,daughter,good,thank,playing,game,love,loves,grandson,best,enjoys,enjoyed,christmas
ages,family,kids,friends,gift,play,loved,easy,favorite,recommend,enjoy,fun,great,daughter,good,thank,playing,game,love,loves,grandson,best,enjoys,enjoyed,christmas
ages,family,kids,friends,gift,play,loved,easy,favorite,recommend,enjoy,fun,great,daughter,good,thank,playing,game,love,loves,grandson,best,enjoys,enjoyed,christmas
ages,family,kids,friends,gift,play,loved,easy,favorite,recommend,enjoy,fun,great,daughter,good,thank,playing,game,love,loves,grandson,best,enjoys,enjoyed,christmas
ages,family,kids,friends,gift,play,loved,easy,favorite,recommend,enjoy,fun,great,daughter,good,thank,playing,game,love,loves,grandson,best,enjoys,enjoyed,christmas
ages,family,kids,friends,gift,play,loved,easy,favorite,recommend,enjoy,fun,great,daughter,good,thank,playing,game,love,loves,grandson,best,enjoys,enjoyed,christmas
ages,family,kids,friends,gift,play,loved,easy,favorite,recommend,enjoy,fun,great,daughter,good,thank,playing,game,love,loves,grandson,best,enjoys,enjoyed,christmas
ages,family,kids,friends,gift,play,loved,easy,favorite,recommend,enjoy,fun,great,daughter,good,thank,playing,game,love,loves,grandson,best,enjoys,enjoyed,christmas
ages,family,kids,friends,gift,play,loved,easy,favorite,recommend,enjoy,fun,great,daughter,good,thank,playing,game,love,loves,grandson,best,enjoys,enjoyed,christmas
ages,family,kids,friends,gift,play,loved,easy,favorite,recommend,enjoy,fun,great,daughter,good,thank,playing,game,love,loves,grandson,best,enjoys,enjoyed,christmas
ages,family,kids,friends,gift,play,loved,easy,favorite,recommend,enjoy,fun,great,daughter,good,thank,playing,game,love,loves,grandson,best,enjoys,enjoyed,christmas
ages,family,kids,friends,gift,play,loved,easy,favorite,recommend,enjoy,fun,great,daughter,good,thank,playing,game,love,loves,grandson,best,enjoys,enjoyed,christmas
ages,family,kids,friends,gift,play,loved,easy,favorite,recommend,enjoy,fun,great,daughter,good,thank,playing,game,love,loves,grandson,best,enjoys,enjoyed,christmas
ages,family,kids,friends,gift,play,loved,easy,favorite,recommend,enjoy,fun,great,daughter,good,thank,playing,game,love,loves,grandson,best,enjoys,enjoyed,christmas
ages,family,kids,friends,gift,play,loved,easy,favorite,recommend,enjoy,fun,great,daughter,good,thank,playing,game,love,loves,grandson,best,enjoys,enjoyed,christmas
ages,family,kids,friends,gift,play,loved,easy,favorite,recommend,enjoy,fun,great,daughter,good,thank,playing,game,love,loves,grandson,best,enjoys,enjoyed,christmas
ages,family,kids,friends,gift,play,loved,easy,favorite,recommend,enjoy,fun,great,daughter,good,thank,playing,game,love,loves,grandson,best,enjoys,enjoyed,christmas
ages,family,kids,friends,gift,play,loved,easy,favorite,recommend,enjoy,fun,great,daughter,good,thank,book,playing,game,love,loves,grandson,best,enjoyed,christmas
ages,family,kids,friends,gift,play,loved,easy,favorite,recommend,enjoy,fun,great,daughter,good,thank,book,playing,game,love,loves,grandson,best,enjoyed,christmas
ages,family,kids,friends,gift,play,loved,easy,favorite,recommend,enjoy,fun,great,daughter,good,thank,book,playing,game,love,loves,grandson,best,enjoyed,christmas
ages,family,kids,friends,gift,play,loved,easy,favorite,recommend,enjoy,fun,great,daughter,good,thank,book,playing,game,love,loves,grandson,best,enjoyed,christmas
ages,family,kids,friends,gift,play,loved,easy,favorite,recommend,enjoy,fun,great,daughter,good,thank,book,playing,game,love,loves,grandson,best,enjoyed,christmas
ages,family,kids,friends,gift,play,loved,easy,favorite,recommend,enjoy,fun,great,daughter,good,thank,book,playing,game,love,loves,grandson,best,enjoyed,christmas
ages,family,kids,friends,gift,play,loved,easy,favorite,recommend,enjoy,fun,great,daughter,good,thank,book,playing,game,love,loves,grandson,best,enjoyed,christmas
ages,family,kids,friends,gift,play,loved,easy,favorite,recommend,enjoy,fun,great,daughter,good,thank,book,playing,game,love,loves,grandson,best,enjoyed,christmas
ages,family,kids,friends,gift,play,loved,easy,favorite,recommend,enjoy,fun,great,daughter,good,thank,book,playing,game,love,loves,grandson,best,enjoyed,christmas
ages,family,kids,friends,gift,play,loved,easy,favorite,recommend,enjoy,fun,great,daughter,good,thank,book,playing,game,love,loves,grandson,best,enjoyed,christmas
ages,family,kids,friends,gift,play,loved,easy,favorite,recommend,enjoy,fun,great,daughter,good,thank,book,playing,game,love,loves,grandson,best,enjoyed,christmas
ages,family,kids,friends,gift,play,loved,easy,favorite,recommend,enjoy,fun,great,daughter,good,thank,book,playing,game,love,loves,grandson,best,enjoyed,christmas
ages,family,kids,friends,gift,play,loved,easy,favorite,recommend,enjoy,fun,great,daughter,good,thank,book,playing,game,love,loves,grandson,best,enjoyed,christmas
ages,family,kids,friends,gift,play,loved,easy,favorite,recommend,enjoy,fun,great,daughter,good,thank,book,playing,game,love,loves,grandson,best,enjoyed,christmas
ages,34,family,kids,friends,gift,play,loved,easy,favorite,recommend,enjoy,fun,great,daughter,thank,book,playing,game,love,loves,grandson,best,enjoyed,christmas
ages,34,family,kids,friends,gift,play,loved,easy,favorite,recommend,enjoy,fun,great,daughter,thank,book,playing,game,love,loves,grandson,best,enjoyed,christmas
ages,34,family,kids,friends,gift,play,loved,easy,favorite,recommend,enjoy,fun,great,daughter,thank,book,playing,game,love,loves,grandson,best,enjoyed,christmas
ages,34,family,kids,friends,gift,play,loved,easy,favorite,recommend,enjoy,fun,great,daughter,thank,book,playing,game,love,loves,grandson,best,enjoyed,christmas
ages,34,family,kids,friends,gift,play,loved,easy,favorite,recommend,enjoy,fun,great,daughter,thank,book,playing,game,love,loves,grandson,best,enjoyed,christmas
ages,34,family,kids,friends,gift,play,loved,easy,favorite,recommend,enjoy,fun,great,daughter,thank,book,playing,game,love,loves,grandson,best,enjoyed,christmas
ages,34,family,kids,friends,gift,play,loved,easy,favorite,recommend,enjoy,fun,great,daughter,thank,book,playing,game,love,loves,grandson,best,enjoyed,christmas
ages,34,family,kids,friends,gift,play,loved,easy,favorite,recommend,enjoy,fun,great,daughter,thank,book,playing,game,love,loves,grandson,best,enjoyed,christmas
ages,34,family,kids,friends,gift,play,loved,easy,favorite,recommend,enjoy,fun,great,daughter,thank,book,playing,game,love,loves,grandson,best,enjoyed,christmas
ages,34,family,kids,friends,gift,play,loved,easy,favorite,recommend,enjoy,fun,great,daughter,thank,book,playing,game,love,loves,grandson,best,enjoyed,christmas
ages,34,family,kids,friends,gift,play,loved,easy,favorite,recommend,enjoy,fun,great,daughter,thank,book,playing,game,love,loves,grandson,best,enjoyed,christmas
ages,34,family,kids,friends,gift,play,loved,easy,favorite,recommend,enjoy,fun,great,daughter,thank,book,playing,game,love,loves,grandson,best,enjoyed,christmas
ages,34,family,kids,friends,gift,play,loved,easy,favorite,recommend,enjoy,fun,great,daughter,thank,book,playing,game,love,loves,grandson,best,enjoyed,christmas
ages,34,family,kids,friends,gift,play,loved,easy,favorite,recommend,enjoy,fun,great,daughter,thank,book,playing,game,love,loves,grandson,best,enjoyed,christmas
ages,34,family,kids,friends,gift,play,loved,easy,favorite,recommend,enjoy,fun,great,daughter,thank,book,playing,game,love,loves,grandson,best,enjoyed,christmas
ages,34,family,kids,friends,gift,play,loved,easy,favorite,recommend,enjoy,fun,great,daughter,thank,book,playing,game,love,loves,grandson,best,enjoyed,christmas
ages,34,family,kids,friends,gift,play,loved,easy,favorite,recommend,enjoy,fun,great,daughter,thank,book,playing,game,love,loves,grandson,best,enjoyed,christmas
ages,34,family,kids,friends,gift,play,loved,easy,favorite,recommend,enjoy,fun,great,daughter,thank,book,playing,game,love,loves,grandson,best,enjoyed,christmas
ages,34,family,kids,friends,gift,play,loved,easy,favorite,recommend,enjoy,fun,great,daughter,thank,book,playing,game,love,loves,grandson,best,enjoyed,christmas
ages,34,family,kids,friends,gift,play,loved,easy,favorite,recommend,enjoy,fun,great,daughter,thank,book,playing,game,love,loves,grandson,best,enjoyed,christmas
ages,34,family,kids,friends,gift,play,loved,easy,favorite,recommend,enjoy,fun,great,daughter,thank,book,playing,game,love,loves,grandson,best,enjoyed,christmas
ages,family,kids,friends,gift,play,loved,easy,favorite,recommend,enjoy,fun,great,daughter,thank,book,playing,game,love,loves,grandson,best,enjoyed,enjoys,christmas
ages,family,kids,friends,gift,play,loved,easy,favorite,recommend,enjoy,fun,great,daughter,thank,book,playing,game,love,loves,grandson,best,enjoyed,enjoys,christmas
ages,family,kids,friends,gift,play,loved,easy,favorite,recommend,enjoy,fun,great,daughter,thank,book,playing,game,love,loves,grandson,best,enjoyed,enjoys,christmas
ages,family,kids,friends,gift,play,loved,easy,favorite,recommend,enjoy,fun,great,daughter,thank,book,playing,game,love,loves,grandson,best,enjoyed,enjoys,christmas
ages,family,kids,friends,gift,play,loved,easy,favorite,recommend,enjoy,fun,great,daughter,thank,book,playing,game,love,loves,grandson,best,enjoyed,enjoys,christmas
ages,family,kids,friends,gift,play,loved,easy,favorite,recommend,enjoy,fun,great,daughter,thank,book,playing,game,love,loves,grandson,best,enjoyed,enjoys,christmas
ages,family,kids,friends,gift,play,loved,easy,favorite,recommend,enjoy,fun,great,daughter,thank,book,playing,game,love,loves,grandson,best,enjoyed,enjoys,christmas
ages,family,kids,friends,gift,play,loved,easy,favorite,recommend,enjoy,fun,great,daughter,thank,book,playing,game,love,loves,grandson,best,enjoyed,enjoys,christmas
ages,family,kids,friends,gift,play,loved,easy,favorite,recommend,enjoy,fun,great,daughter,thank,book,playing,game,love,loves,grandson,best,enjoyed,enjoys,christmas
ages,family,kids,friends,gift,play,loved,easy,favorite,recommend,enjoy,fun,great,daughter,thank,book,playing,game,love,loves,grandson,best,enjoyed,enjoys,christmas
ages,family,kids,friends,gift,play,loved,easy,favorite,recommend,enjoy,fun,great,daughter,thank,book,playing,game,love,loves,grandson,best,enjoyed,enjoys,christmas
ages,family,kids,friends,gift,play,loved,easy,favorite,recommend,enjoy,fun,great,daughter,thank,book,playing,game,love,loves,grandson,best,enjoyed,enjoys,christmas
ages,family,kids,friends,gift,play,loved,easy,favorite,recommend,enjoy,fun,great,daughter,thank,book,playing,game,love,loves,grandson,best,enjoyed,enjoys,christmas
ages,family,kids,friends,gift,play,loved,easy,favorite,recommend,enjoy,fun,great,daughter,thank,book,playing,game,love,loves,grandson,best,enjoyed,enjoys,christmas
ages,family,kids,friends,gift,play,loved,easy,favorite,recommend,enjoy,fun,great,daughter,thank,book,playing,game,love,loves,grandson,best,enjoyed,enjoys,christmas
ages,family,kids,friends,gift,play,loved,easy,favorite,recommend,enjoy,fun,great,daughter,thank,book,playing,game,love,loves,grandson,best,enjoyed,enjoys,christmas
ages,family,kids,friends,gift,play,loved,easy,favorite,recommend,enjoy,fun,great,daughter,thank,book,playing,game,love,loves,grandson,best,enjoyed,enjoys,christmas
ages,family,kids,friends,gift,play,loved,easy,favorite,recommend,enjoy,fun,great,daughter,thank,book,playing,game,love,loves,grandson,best,enjoyed,enjoys,christmas
ages,family,kids,friends,gift,play,loved,easy,favorite,recommend,enjoy,fun,great,daughter,thank,book,playing,game,love,loves,grandson,best,enjoyed,enjoys,christmas
ages,family,kids,friends,gift,play,loved,easy,favorite,recommend,enjoy,fun,great,daughter,thank,book,playing,game,love,loves,grandson,best,enjoyed,enjoys,christmas
ages,family,kids,friends,gift,play,loved,easy,favorite,recommend,enjoy,fun,great,daughter,thank,book,playing,game,love,loves,grandson,best,enjoyed,enjoys,christmas
ages,family,kids,friends,gift,play,loved,easy,favorite,recommend,enjoy,fun,great,daughter,thank,book,playing,game,love,loves,grandson,best,enjoyed,enjoys,christmas
ages,family,kids,friends,gift,play,loved,easy,favorite,recommend,enjoy,fun,great,daughter,thank,book,playing,game,love,loves,grandson,best,enjoyed,enjoys,christmas
ages,family,kids,friends,gift,play,loved,easy,favorite,recommend,enjoy,fun,great,daughter,thank,book,playing,game,love,loves,grandson,best,enjoyed,enjoys,christmas
ages,family,kids,friends,gift,play,loved,easy,favorite,recommend,enjoy,fun,great,daughter,thank,book,playing,game,love,loves,grandson,best,enjoyed,enjoys,christmas
ages,family,kids,friends,gift,play,loved,easy,favorite,recommend,enjoy,fun,great,daughter,thank,book,playing,game,love,loves,grandson,best,enjoyed,enjoys,christmas
ages,family,kids,friends,gift,play,loved,easy,favorite,recommend,enjoy,fun,great,daughter,thank,book,playing,game,love,loves,grandson,best,enjoyed,enjoys,christmas
ages,family,kids,friends,gift,play,loved,easy,favorite,recommend,enjoy,fun,great,daughter,thank,book,playing,game,love,loves,grandson,best,enjoyed,enjoys,christmas
ages,family,kids,friends,gift,play,loved,easy,favorite,recommend,enjoy,fun,great,daughter,thank,book,playing,game,love,loves,grandson,best,enjoyed,enjoys,christmas
ages,family,kids,friends,gift,play,loved,easy,favorite,recommend,enjoy,fun,great,daughter,thank,book,playing,game,love,loves,grandson,best,enjoyed,enjoys,christmas
ages,family,kids,friends,gift,play,loved,easy,favorite,recommend,enjoy,fun,great,daughter,thank,book,playing,game,love,loves,grandson,best,enjoyed,enjoys,christmas
ages,family,kids,friends,gift,play,loved,easy,favorite,recommend,enjoy,fun,great,daughter,thank,book,playing,game,love,loves,grandson,best,enjoyed,enjoys,christmas
ages,family,kids,friends,gift,play,loved,easy,favorite,recommend,enjoy,fun,great,daughter,thank,book,playing,game,love,loves,grandson,best,enjoyed,enjoys,christmas
ages,family,kids,friends,gift,play,loved,easy,favorite,recommend,enjoy,fun,great,daughter,thank,book,playing,game,love,games,loves,grandson,enjoyed,enjoys,christmas
ages,family,kids,friends,gift,play,loved,easy,favorite,recommend,enjoy,fun,great,daughter,thank,book,playing,game,love,games,loves,grandson,enjoyed,enjoys,christmas
ages,family,kids,friends,gift,play,loved,easy,favorite,recommend,enjoy,fun,great,daughter,thank,book,playing,game,love,games,loves,grandson,enjoyed,enjoys,christmas
ages,family,kids,friends,gift,play,loved,easy,favorite,recommend,enjoy,fun,great,daughter,thank,book,playing,game,love,games,loves,grandson,enjoyed,enjoys,christmas
ages,family,kids,friends,gift,play,loved,easy,favorite,recommend,enjoy,fun,great,daughter,thank,book,playing,game,love,games,loves,grandson,enjoyed,enjoys,christmas
ages,family,kids,friends,gift,play,loved,easy,favorite,recommend,enjoy,fun,great,daughter,thank,book,playing,game,love,games,loves,grandson,enjoyed,enjoys,christmas
ages,family,kids,friends,gift,play,loved,easy,favorite,recommend,enjoy,fun,great,daughter,thank,book,playing,game,love,games,loves,grandson,enjoyed,enjoys,christmas
ages,family,kids,friends,gift,play,loved,year,easy,favorite,recommend,enjoy,fun,great,daughter,thank,book,playing,game,love,loves,grandson,enjoyed,enjoys,christmas
ages,family,kids,friends,gift,play,loved,year,easy,favorite,recommend,enjoy,fun,great,daughter,thank,book,playing,game,love,loves,grandson,enjoyed,enjoys,christmas
ages,family,kids,friends,gift,play,loved,year,easy,favorite,recommend,enjoy,fun,great,daughter,thank,book,playing,game,love,loves,grandson,enjoyed,enjoys,christmas
ages,family,kids,friends,gift,play,loved,year,easy,favorite,recommend,enjoy,fun,great,daughter,thank,book,playing,game,love,loves,grandson,enjoyed,enjoys,christmas
ages,family,kids,friends,gift,play,loved,year,easy,favorite,recommend,enjoy,fun,great,daughter,thank,book,playing,game,love,loves,grandson,enjoyed,enjoys,christmas
ages,family,kids,friends,gift,play,loved,year,easy,favorite,recommend,enjoy,fun,great,daughter,thank,book,playing,game,love,loves,grandson,enjoyed,enjoys,christmas
ages,family,kids,friends,gift,play,loved,year,easy,favorite,recommend,enjoy,fun,great,daughter,thank,book,playing,game,love,loves,grandson,enjoyed,enjoys,christmas
ages,family,kids,friends,gift,play,loved,year,easy,favorite,recommend,enjoy,fun,great,daughter,thank,book,playing,game,love,loves,grandson,enjoyed,enjoys,christmas
ages,family,kids,friends,gift,play,loved,year,easy,favorite,recommend,enjoy,fun,great,daughter,thank,book,playing,game,love,loves,grandson,enjoyed,enjoys,christmas
ages,family,kids,friends,gift,play,loved,year,easy,favorite,recommend,enjoy,fun,great,daughter,thank,book,playing,game,love,loves,grandson,enjoyed,enjoys,christmas
ages,family,kids,friends,gift,play,loved,year,easy,favorite,recommend,enjoy,fun,great,daughter,thank,book,playing,game,love,loves,grandson,enjoyed,enjoys,christmas
ages,family,kids,friends,gift,play,loved,year,easy,favorite,recommend,enjoy,fun,great,daughter,thank,book,playing,game,love,loves,grandson,enjoyed,enjoys,christmas
ages,family,kids,friends,gift,play,loved,year,easy,favorite,recommend,enjoy,fun,great,daughter,thank,book,playing,game,love,loves,grandson,enjoyed,enjoys,christmas
ages,family,kids,friends,gift,play,loved,year,easy,favorite,recommend,enjoy,fun,great,daughter,thank,book,playing,game,love,loves,grandson,enjoyed,enjoys,christmas
ages,family,kids,friends,gift,play,loved,year,easy,favorite,recommend,enjoy,fun,great,daughter,thank,book,playing,game,love,loves,grandson,enjoyed,enjoys,christmas
ages,family,kids,friends,gift,play,loved,easy,favorite,recommend,enjoy,fun,great,daughter,thank,book,playing,game,love,loves,grandson,best,enjoyed,enjoys,christmas
ages,family,kids,friends,gift,play,loved,easy,favorite,recommend,enjoy,fun,great,daughter,thank,book,playing,game,love,loves,grandson,best,enjoyed,enjoys,christmas
ages,family,kids,friends,gift,play,loved,easy,favorite,recommend,enjoy,fun,great,daughter,thank,book,playing,game,love,loves,grandson,best,enjoyed,enjoys,christmas
ages,family,kids,friends,gift,play,loved,easy,favorite,recommend,enjoy,fun,great,daughter,thank,book,playing,game,love,loves,grandson,best,enjoyed,enjoys,christmas
ages,family,kids,friends,gift,play,loved,easy,favorite,recommend,enjoy,fun,great,daughter,thank,book,playing,game,love,loves,grandson,best,enjoyed,enjoys,christmas
ages,family,kids,friends,gift,play,loved,easy,favorite,recommend,enjoy,fun,great,daughter,thank,book,playing,game,love,loves,grandson,best,enjoyed,enjoys,christmas
ages,family,kids,friends,gift,play,loved,easy,favorite,recommend,enjoy,fun,great,daughter,thank,book,playing,game,love,loves,grandson,best,enjoyed,enjoys,christmas
ages,family,kids,friends,gift,play,loved,easy,favorite,recommend,enjoy,fun,great,daughter,thank,book,playing,game,love,loves,grandson,best,enjoyed,enjoys,christmas
ages,family,kids,friends,gift,play,loved,easy,favorite,enjoy,fun,great,daughter,thank,book,playing,game,love,games,loves,grandson,best,enjoyed,enjoys,christmas
ages,family,kids,friends,gift,play,loved,easy,favorite,enjoy,fun,great,daughter,thank,book,playing,game,love,games,loves,grandson,best,enjoyed,enjoys,christmas
ages,family,kids,friends,gift,play,loved,easy,favorite,enjoy,fun,great,daughter,thank,book,playing,game,love,games,loves,grandson,best,enjoyed,enjoys,christmas
ages,family,kids,friends,gift,play,loved,easy,favorite,enjoy,fun,great,daughter,thank,book,playing,game,love,games,loves,grandson,best,enjoyed,enjoys,christmas
ages,family,kids,friends,gift,play,loved,easy,favorite,enjoy,fun,great,daughter,thank,book,playing,game,love,games,loves,grandson,best,enjoyed,enjoys,christmas
ages,family,kids,friends,gift,play,loved,easy,favorite,enjoy,fun,great,daughter,thank,book,playing,game,love,games,loves,grandson,best,enjoyed,enjoys,christmas
ages,family,kids,friends,gift,play,loved,easy,favorite,enjoy,fun,great,daughter,thank,book,playing,game,love,games,loves,grandson,best,enjoyed,enjoys,christmas
ages,family,kids,friends,gift,play,loved,easy,favorite,enjoy,fun,great,daughter,thank,book,playing,game,love,games,loves,grandson,best,enjoyed,enjoys,christmas
ages,family,kids,friends,gift,play,loved,easy,favorite,enjoy,fun,great,daughter,thank,book,playing,game,love,games,loves,grandson,best,enjoyed,enjoys,christmas
ages,family,kids,friends,gift,play,loved,easy,favorite,enjoy,fun,great,daughter,thank,book,playing,game,love,games,loves,grandson,best,enjoyed,enjoys,christmas
ages,family,kids,friends,gift,play,loved,easy,favorite,enjoy,fun,great,daughter,thank,book,playing,game,love,games,loves,grandson,best,enjoyed,enjoys,christmas
ages,family,kids,friends,gift,play,loved,easy,favorite,enjoy,fun,great,daughter,thank,book,playing,game,love,games,loves,grandson,best,enjoyed,enjoys,christmas
ages,family,kids,friends,gift,play,loved,easy,favorite,enjoy,fun,great,daughter,thank,book,playing,game,love,games,loves,grandson,best,enjoyed,enjoys,christmas
ages,family,kids,friends,gift,play,loved,easy,favorite,enjoy,fun,great,daughter,thank,book,playing,game,love,games,loves,grandson,best,enjoyed,enjoys,christmas
ages,family,kids,friends,gift,play,loved,easy,favorite,enjoy,fun,great,daughter,thank,book,playing,game,love,games,loves,grandson,best,enjoyed,enjoys,christmas
ages,family,kids,friends,gift,play,loved,easy,favorite,enjoy,fun,great,daughter,thank,book,playing,game,love,games,loves,grandson,best,enjoyed,enjoys,christmas
ages,family,kids,friends,gift,play,loved,easy,favorite,enjoy,fun,great,daughter,thank,book,playing,game,love,games,loves,grandson,best,enjoyed,enjoys,christmas
ages,family,kids,friends,gift,play,loved,easy,favorite,enjoy,fun,great,daughter,thank,book,playing,game,love,games,loves,grandson,best,enjoyed,enjoys,christmas
ages,family,kids,friends,gift,play,loved,year,easy,favorite,enjoy,fun,great,daughter,thank,book,playing,game,love,games,loves,grandson,best,enjoyed,christmas
ages,family,kids,friends,gift,play,loved,year,easy,favorite,enjoy,fun,great,daughter,thank,book,playing,game,love,games,loves,grandson,best,enjoyed,christmas
ages,family,kids,friends,gift,play,loved,year,easy,favorite,enjoy,fun,great,daughter,thank,book,playing,game,love,games,loves,grandson,best,enjoyed,christmas
ages,family,kids,friends,gift,play,loved,year,easy,favorite,enjoy,fun,great,daughter,thank,book,playing,game,love,games,loves,grandson,best,enjoyed,christmas
ages,family,kids,friends,gift,play,loved,year,easy,favorite,enjoy,fun,great,daughter,thank,book,playing,game,love,games,loves,grandson,best,enjoyed,christmas
ages,family,kids,friends,gift,play,loved,year,easy,favorite,enjoy,fun,great,daughter,thank,book,playing,game,love,games,loves,grandson,best,enjoyed,christmas
ages,family,kids,friends,gift,play,loved,year,easy,favorite,enjoy,fun,great,daughter,thank,book,playing,game,love,games,loves,grandson,best,enjoyed,christmas
ages,family,kids,friends,gift,play,loved,year,easy,favorite,enjoy,fun,great,daughter,thank,book,playing,game,love,games,loves,grandson,best,enjoyed,christmas
ages,family,kids,friends,gift,play,loved,year,easy,favorite,enjoy,fun,great,daughter,thank,book,playing,game,love,games,loves,grandson,best,enjoyed,christmas
ages,family,kids,friends,gift,play,loved,year,easy,favorite,enjoy,fun,great,daughter,thank,book,playing,game,love,games,loves,grandson,best,enjoyed,christmas
ages,family,kids,friends,gift,play,loved,year,easy,favorite,enjoy,fun,great,daughter,thank,book,playing,game,love,games,loves,grandson,best,enjoyed,christmas
ages,family,kids,friends,gift,play,loved,year,easy,favorite,enjoy,fun,great,daughter,thank,book,playing,game,love,games,loves,grandson,best,enjoyed,christmas
ages,family,kids,friends,gift,play,loved,year,easy,favorite,enjoy,fun,great,daughter,thank,book,playing,game,love,games,loves,grandson,best,enjoyed,christmas
ages,family,kids,friends,gift,play,loved,year,easy,favorite,enjoy,fun,great,daughter,thank,book,playing,game,love,games,loves,grandson,best,enjoyed,christmas
ages,family,kids,friends,gift,play,loved,year,easy,favorite,enjoy,fun,great,daughter,thank,book,playing,game,love,games,loves,grandson,best,enjoyed,christmas
ages,family,kids,friends,gift,play,loved,year,easy,favorite,enjoy,fun,great,daughter,thank,book,playing,game,love,games,loves,grandson,best,enjoyed,christmas
ages,family,kids,friends,gift,play,loved,year,easy,favorite,enjoy,fun,great,daughter,thank,book,playing,game,love,games,loves,grandson,best,enjoyed,christmas
ages,family,kids,friends,gift,play,loved,year,easy,favorite,enjoy,fun,great,daughter,thank,book,playing,game,love,games,loves,grandson,best,enjoyed,christmas
ages,family,kids,friends,gift,play,loved,year,easy,favorite,enjoy,fun,great,daughter,thank,book,playing,game,love,games,loves,grandson,best,enjoyed,christmas
ages,family,kids,friends,gift,play,loved,year,easy,favorite,enjoy,fun,great,daughter,thank,book,playing,game,love,games,loves,grandson,best,enjoyed,christmas
ages,family,kids,friends,gift,play,loved,year,easy,favorite,enjoy,fun,great,daughter,thank,book,playing,game,love,games,loves,grandson,best,enjoyed,christmas
ages,family,kids,friends,gift,play,loved,year,easy,favorite,enjoy,fun,great,daughter,thank,book,playing,game,love,games,loves,grandson,best,enjoyed,christmas
ages,family,kids,friends,gift,play,loved,year,easy,favorite,enjoy,fun,great,daughter,thank,book,playing,game,love,games,loves,grandson,best,enjoyed,christmas
ages,family,kids,friends,gift,play,loved,year,easy,favorite,enjoy,fun,great,daughter,thank,book,playing,game,love,games,loves,grandson,best,enjoyed,christmas
ages,family,kids,friends,gift,play,loved,year,easy,favorite,enjoy,fun,great,daughter,thank,book,playing,game,love,games,loves,grandson,best,enjoyed,christmas
ages,family,kids,friends,gift,play,loved,year,easy,favorite,enjoy,fun,great,daughter,thank,book,playing,game,love,games,loves,grandson,best,enjoyed,christmas
ages,family,kids,friends,gift,play,loved,year,easy,favorite,enjoy,fun,great,daughter,thank,book,playing,game,love,games,loves,grandson,best,enjoyed,christmas
ages,family,kids,friends,gift,play,loved,year,easy,favorite,enjoy,fun,great,daughter,thank,book,playing,game,love,games,loves,grandson,best,enjoyed,christmas
ages,family,kids,friends,gift,play,loved,year,easy,favorite,enjoy,fun,great,daughter,thank,book,playing,game,love,games,loves,grandson,best,enjoyed,christmas
ages,family,kids,friends,gift,play,loved,year,easy,favorite,enjoy,fun,great,daughter,thank,book,playing,game,love,games,loves,grandson,best,enjoyed,christmas
ages,family,kids,friends,gift,play,loved,year,easy,favorite,enjoy,fun,great,daughter,thank,book,playing,game,love,games,loves,grandson,best,enjoyed,christmas
ages,family,kids,friends,gift,play,loved,year,easy,favorite,enjoy,fun,great,daughter,thank,book,playing,game,love,games,loves,grandson,best,enjoyed,christmas
ages,family,kids,friends,gift,play,loved,year,easy,favorite,enjoy,fun,great,daughter,thank,book,playing,game,love,games,loves,grandson,best,enjoyed,christmas
ages,family,kids,friends,gift,play,loved,year,easy,favorite,enjoy,fun,great,daughter,thank,book,playing,game,love,games,loves,grandson,best,enjoyed,christmas
ages,family,kids,friends,gift,play,loved,year,easy,favorite,enjoy,fun,great,daughter,thank,book,playing,game,love,games,loves,grandson,best,enjoyed,christmas
ages,family,kids,friends,gift,play,loved,year,easy,favorite,enjoy,fun,great,daughter,thank,book,playing,game,love,games,loves,grandson,best,enjoyed,christmas
ages,family,kids,friends,gift,play,loved,year,easy,favorite,enjoy,fun,great,daughter,thank,book,playing,game,love,games,loves,grandson,best,enjoyed,christmas
ages,family,kids,friends,gift,play,loved,year,easy,favorite,enjoy,fun,great,daughter,thank,book,playing,game,love,games,loves,grandson,best,enjoyed,christmas
ages,family,kids,friends,gift,play,loved,year,easy,favorite,enjoy,fun,great,daughter,thank,book,playing,game,love,games,loves,grandson,best,enjoyed,christmas
ages,family,kids,friends,gift,play,loved,year,easy,favorite,enjoy,fun,great,daughter,thank,book,playing,game,love,games,loves,grandson,best,enjoyed,christmas
ages,family,kids,friends,gift,play,loved,year,easy,favorite,enjoy,fun,great,daughter,thank,book,playing,game,love,games,loves,grandson,best,enjoyed,christmas
ages,family,kids,friends,gift,play,loved,year,easy,favorite,enjoy,fun,great,daughter,thank,book,playing,game,love,games,loves,grandson,best,enjoyed,christmas
ages,family,kids,friends,gift,play,loved,year,easy,favorite,enjoy,fun,great,daughter,thank,book,playing,game,love,games,loves,grandson,best,enjoyed,christmas
ages,family,kids,friends,gift,play,loved,year,easy,favorite,enjoy,fun,great,daughter,thank,book,playing,game,love,games,loves,grandson,best,enjoyed,christmas
ages,family,kids,friends,gift,play,loved,year,easy,favorite,enjoy,fun,great,daughter,thank,book,playing,game,love,games,loves,grandson,best,enjoyed,christmas
ages,family,kids,friends,gift,play,loved,year,easy,favorite,enjoy,fun,great,daughter,thank,book,playing,game,love,games,loves,grandson,best,enjoyed,christmas
ages,family,kids,friends,gift,play,loved,year,easy,favorite,enjoy,fun,great,daughter,thank,book,playing,game,love,games,loves,grandson,best,enjoyed,christmas
ages,family,kids,friends,gift,play,loved,year,easy,favorite,enjoy,fun,great,daughter,thank,book,playing,game,love,games,loves,grandson,best,enjoyed,christmas
ages,family,kids,friends,gift,play,loved,year,easy,favorite,enjoy,fun,great,daughter,thank,book,playing,game,love,games,loves,grandson,best,enjoyed,christmas
ages,family,kids,friends,gift,play,loved,year,easy,favorite,enjoy,fun,great,daughter,thank,book,playing,game,love,games,loves,grandson,best,enjoyed,christmas
ages,family,kids,friends,gift,play,loved,year,easy,favorite,enjoy,fun,great,daughter,thank,book,playing,game,love,games,loves,grandson,best,enjoyed,christmas
ages,family,kids,friends,gift,play,loved,year,easy,favorite,enjoy,fun,great,daughter,thank,book,playing,game,love,games,loves,grandson,best,enjoyed,christmas
ages,family,kids,friends,gift,play,loved,year,easy,favorite,enjoy,fun,great,daughter,thank,book,playing,game,love,games,loves,grandson,best,enjoyed,christmas
ages,family,kids,friends,gift,play,loved,year,easy,favorite,enjoy,fun,great,daughter,thank,book,playing,game,love,games,loves,grandson,best,enjoyed,christmas
ages,family,kids,friends,gift,play,loved,year,easy,favorite,enjoy,fun,great,daughter,thank,book,playing,game,love,games,loves,grandson,best,enjoyed,christmas
ages,family,kids,friends,gift,play,loved,year,easy,favorite,enjoy,fun,great,daughter,thank,book,playing,game,love,games,loves,grandson,best,enjoyed,christmas
ages,family,kids,friends,gift,play,loved,year,easy,favorite,enjoy,fun,great,daughter,thank,book,playing,game,love,games,loves,grandson,best,enjoyed,christmas
ages,family,kids,friends,gift,play,loved,year,easy,favorite,enjoy,fun,great,daughter,thank,book,playing,game,love,games,loves,grandson,best,enjoyed,christmas
ages,family,kids,friends,gift,play,loved,year,easy,favorite,enjoy,fun,great,daughter,thank,book,playing,game,love,games,loves,grandson,best,enjoyed,christmas
ages,family,kids,friends,gift,play,loved,year,easy,favorite,enjoy,fun,great,daughter,thank,book,playing,game,love,games,loves,grandson,best,enjoyed,christmas
ages,family,kids,friends,gift,play,loved,year,easy,favorite,enjoy,fun,great,daughter,thank,book,playing,game,love,games,loves,grandson,best,enjoyed,christmas
ages,family,kids,friends,gift,play,loved,year,easy,favorite,enjoy,fun,great,daughter,thank,book,playing,game,love,games,loves,grandson,best,enjoyed,christmas
ages,family,kids,friends,gift,play,loved,year,easy,favorite,enjoy,fun,great,daughter,thank,book,playing,game,love,games,loves,grandson,best,enjoyed,christmas
ages,family,kids,friends,gift,play,loved,year,easy,favorite,enjoy,fun,great,daughter,thank,book,playing,game,love,games,loves,grandson,best,enjoyed,christmas
ages,family,kids,friends,gift,play,loved,year,easy,favorite,enjoy,fun,great,daughter,thank,book,playing,game,love,games,loves,grandson,best,enjoyed,christmas
ages,family,kids,friends,gift,play,loved,year,easy,favorite,enjoy,fun,great,daughter,thank,book,playing,game,love,games,loves,grandson,best,enjoyed,christmas
ages,family,kids,friends,gift,play,loved,year,easy,favorite,enjoy,fun,great,daughter,thank,book,playing,game,love,games,loves,grandson,best,enjoyed,christmas
ages,family,kids,friends,gift,play,loved,year,easy,favorite,enjoy,fun,great,daughter,thank,book,playing,game,love,games,loves,grandson,best,enjoyed,christmas
ages,family,kids,friends,gift,play,loved,year,easy,favorite,enjoy,fun,great,daughter,thank,book,playing,game,love,games,loves,grandson,best,enjoyed,christmas
ages,family,kids,friends,gift,play,loved,year,easy,favorite,enjoy,fun,great,daughter,thank,book,playing,game,love,games,loves,grandson,best,enjoyed,christmas
ages,family,kids,friends,gift,play,loved,year,easy,favorite,enjoy,fun,great,daughter,thank,book,playing,game,love,games,loves,grandson,best,enjoyed,christmas
ages,family,kids,friends,gift,play,loved,year,easy,favorite,enjoy,fun,great,daughter,thank,book,playing,game,love,games,loves,grandson,best,enjoyed,christmas
ages,family,kids,friends,gift,play,loved,year,easy,favorite,enjoy,fun,great,daughter,thank,book,playing,game,love,games,loves,grandson,best,enjoyed,christmas
ages,family,kids,friends,gift,play,loved,year,easy,favorite,enjoy,fun,great,daughter,thank,book,playing,game,love,games,loves,grandson,best,enjoyed,christmas
ages,family,kids,friends,gift,play,loved,year,easy,favorite,enjoy,fun,great,daughter,thank,book,playing,game,love,games,loves,grandson,best,enjoyed,christmas
ages,family,kids,friends,gift,play,loved,year,easy,favorite,enjoy,fun,great,daughter,thank,book,playing,game,love,games,loves,grandson,best,enjoyed,christmas
ages,family,kids,friends,gift,play,loved,year,easy,favorite,enjoy,fun,great,daughter,thank,book,playing,game,love,games,loves,grandson,best,enjoyed,christmas
ages,family,kids,friends,gift,play,loved,year,easy,favorite,enjoy,fun,great,daughter,thank,book,playing,game,love,games,loves,grandson,best,enjoyed,christmas
ages,family,kids,friends,gift,play,loved,year,easy,favorite,enjoy,fun,great,daughter,thank,book,playing,game,love,games,loves,grandson,best,enjoyed,christmas
ages,family,kids,friends,gift,play,loved,year,easy,favorite,enjoy,fun,great,daughter,thank,book,playing,game,love,games,loves,grandson,best,enjoyed,christmas
ages,family,kids,friends,gift,play,loved,year,easy,favorite,enjoy,fun,great,daughter,thank,book,playing,game,love,games,loves,grandson,best,enjoyed,christmas
ages,family,kids,friends,gift,play,loved,year,easy,favorite,enjoy,fun,great,daughter,thank,book,playing,game,love,games,loves,grandson,best,enjoyed,christmas
ages,family,kids,friends,gift,play,loved,year,easy,favorite,enjoy,fun,great,daughter,thank,book,playing,game,love,games,loves,grandson,best,enjoyed,christmas
ages,family,kids,friends,gift,play,loved,year,easy,favorite,enjoy,fun,great,daughter,thank,book,playing,game,love,games,loves,grandson,best,enjoyed,christmas
ages,family,kids,friends,gift,play,loved,year,easy,favorite,enjoy,fun,great,daughter,thank,book,playing,game,love,games,loves,grandson,best,enjoyed,christmas
ages,family,kids,friends,gift,play,loved,year,easy,favorite,enjoy,fun,great,daughter,thank,book,playing,game,love,games,loves,grandson,best,enjoyed,christmas
ages,family,kids,friends,gift,play,loved,year,easy,favorite,enjoy,fun,great,daughter,thank,book,playing,game,love,games,loves,grandson,best,enjoyed,christmas
ages,family,kids,friends,gift,play,loved,year,easy,favorite,enjoy,fun,great,daughter,thank,book,playing,game,love,games,loves,grandson,best,enjoyed,christmas
ages,family,kids,friends,gift,play,loved,year,easy,favorite,enjoy,fun,great,daughter,thank,book,playing,game,love,games,loves,grandson,best,enjoyed,christmas
ages,family,kids,friends,gift,play,loved,year,easy,favorite,enjoy,fun,great,daughter,thank,book,playing,game,love,games,loves,grandson,best,enjoyed,christmas
ages,family,kids,friends,gift,play,loved,year,easy,favorite,enjoy,fun,great,daughter,thank,book,playing,game,love,games,loves,grandson,best,enjoyed,christmas
ages,family,kids,friends,gift,play,loved,year,easy,favorite,enjoy,fun,great,daughter,thank,book,playing,game,love,games,loves,grandson,best,enjoyed,christmas
ages,family,kids,friends,gift,play,loved,year,easy,favorite,enjoy,fun,great,daughter,thank,book,playing,game,love,games,loves,grandson,best,enjoyed,christmas
ages,family,kids,friends,gift,play,loved,year,easy,favorite,enjoy,fun,great,daughter,thank,book,playing,game,love,games,loves,grandson,best,enjoyed,christmas
ages,family,kids,friends,gift,play,loved,year,easy,favorite,enjoy,fun,great,daughter,thank,book,playing,game,love,games,loves,grandson,best,enjoyed,christmas
ages,family,kids,friends,gift,play,loved,year,easy,favorite,enjoy,fun,great,daughter,thank,book,playing,game,love,games,loves,grandson,best,enjoyed,christmas
ages,family,kids,friends,gift,play,loved,year,easy,favorite,enjoy,fun,great,daughter,thank,book,playing,game,love,games,loves,grandson,best,enjoyed,christmas
ages,family,kids,friends,gift,play,loved,year,easy,favorite,enjoy,fun,great,daughter,thank,book,playing,game,love,games,loves,grandson,best,enjoyed,christmas
ages,family,kids,friends,gift,play,loved,year,easy,favorite,enjoy,fun,great,daughter,thank,book,playing,game,love,games,loves,grandson,best,enjoyed,christmas
ages,family,kids,friends,gift,play,loved,year,easy,favorite,enjoy,fun,great,daughter,thank,book,playing,game,love,games,loves,grandson,best,enjoyed,christmas
ages,family,kids,friends,gift,play,loved,year,easy,favorite,enjoy,fun,great,daughter,thank,book,playing,game,love,games,loves,grandson,best,enjoyed,christmas
ages,family,kids,friends,gift,play,loved,year,easy,favorite,enjoy,fun,great,daughter,thank,book,playing,game,love,games,loves,grandson,best,enjoyed,christmas
ages,family,kids,friends,gift,play,loved,year,easy,favorite,enjoy,fun,great,daughter,thank,book,playing,game,love,games,loves,grandson,best,enjoyed,christmas
ages,family,kids,friends,gift,play,loved,year,easy,favorite,enjoy,fun,great,daughter,thank,book,playing,game,love,games,loves,grandson,best,enjoyed,christmas
ages,family,kids,friends,gift,play,loved,year,easy,favorite,enjoy,fun,great,daughter,thank,book,playing,game,love,games,loves,grandson,best,enjoyed,christmas
ages,family,kids,friends,gift,play,loved,year,easy,favorite,enjoy,fun,great,daughter,thank,book,playing,game,love,games,loves,grandson,best,enjoyed,christmas
ages,family,kids,friends,gift,play,loved,year,easy,favorite,enjoy,fun,great,daughter,thank,book,playing,game,love,games,loves,grandson,best,enjoyed,christmas
ages,family,kids,friends,gift,play,loved,year,easy,favorite,enjoy,fun,great,daughter,thank,book,playing,game,love,games,loves,grandson,best,enjoyed,christmas
ages,family,kids,friends,gift,play,loved,year,easy,favorite,enjoy,fun,great,daughter,thank,book,playing,game,love,games,loves,grandson,best,enjoyed,christmas
ages,family,kids,friends,gift,play,loved,year,easy,favorite,enjoy,fun,great,daughter,thank,book,playing,game,love,games,loves,grandson,best,enjoyed,christmas
ages,family,kids,friends,gift,play,loved,year,easy,favorite,enjoy,fun,great,daughter,thank,book,playing,game,love,games,loves,grandson,best,enjoyed,christmas
ages,family,kids,friends,gift,play,loved,year,easy,favorite,enjoy,fun,great,daughter,thank,book,playing,game,love,games,loves,grandson,best,enjoyed,christmas
ages,family,kids,friends,gift,play,loved,year,easy,favorite,enjoy,fun,great,daughter,thank,book,playing,game,love,games,loves,grandson,best,enjoyed,christmas
ages,family,kids,friends,gift,play,loved,year,easy,favorite,enjoy,fun,great,daughter,thank,book,playing,game,love,games,loves,grandson,best,enjoyed,christmas
ages,family,kids,friends,gift,play,loved,year,easy,favorite,enjoy,fun,great,daughter,thank,book,playing,game,love,games,loves,grandson,best,enjoyed,christmas
ages,family,kids,friends,gift,play,loved,year,easy,favorite,enjoy,fun,great,daughter,thank,book,playing,game,love,games,loves,grandson,best,enjoyed,christmas
ages,family,kids,friends,gift,play,loved,year,easy,favorite,enjoy,fun,great,daughter,thank,book,playing,game,love,games,loves,grandson,best,enjoyed,christmas
ages,family,kids,friends,gift,play,loved,year,easy,favorite,enjoy,fun,great,daughter,thank,book,playing,game,love,games,loves,grandson,best,enjoyed,christmas
ages,family,kids,friends,gift,play,loved,year,easy,favorite,enjoy,fun,great,daughter,thank,book,playing,game,love,games,loves,grandson,best,enjoyed,christmas
ages,family,kids,friends,gift,play,loved,year,easy,favorite,enjoy,fun,great,daughter,thank,book,playing,game,love,games,loves,grandson,best,enjoyed,christmas
ages,family,kids,friends,gift,play,loved,year,easy,favorite,enjoy,fun,great,daughter,thank,book,playing,game,love,games,loves,grandson,best,enjoyed,christmas
ages,family,kids,friends,gift,play,loved,year,easy,favorite,enjoy,fun,great,daughter,thank,book,playing,game,love,games,loves,grandson,best,enjoyed,christmas
ages,family,kids,friends,gift,play,loved,year,easy,favorite,enjoy,fun,great,daughter,thank,book,playing,game,love,games,loves,grandson,best,enjoyed,christmas
ages,family,kids,friends,gift,play,loved,year,easy,favorite,enjoy,fun,great,daughter,thank,book,playing,game,love,games,loves,grandson,best,enjoyed,christmas
ages,family,kids,friends,gift,play,loved,year,easy,favorite,enjoy,fun,great,daughter,thank,book,playing,game,love,games,loves,grandson,best,enjoyed,christmas
ages,family,kids,friends,gift,play,loved,year,easy,favorite,enjoy,fun,great,daughter,thank,book,playing,game,love,games,loves,grandson,best,enjoyed,christmas
ages,family,kids,friends,gift,play,loved,year,easy,favorite,enjoy,fun,great,daughter,thank,book,playing,game,love,games,loves,grandson,best,enjoyed,christmas
ages,family,kids,friends,gift,play,loved,year,easy,favorite,enjoy,fun,great,daughter,thank,book,playing,game,love,games,loves,grandson,best,enjoyed,christmas
ages,family,kids,friends,gift,play,loved,year,easy,favorite,enjoy,fun,great,daughter,thank,book,playing,game,love,games,loves,grandson,best,enjoyed,christmas
ages,family,kids,friends,gift,play,loved,year,easy,favorite,enjoy,fun,great,daughter,thank,book,playing,game,love,games,loves,grandson,best,enjoyed,christmas
ages,family,kids,friends,gift,play,loved,year,easy,favorite,enjoy,fun,great,daughter,thank,book,playing,game,love,games,loves,grandson,best,enjoyed,christmas
ages,family,kids,friends,gift,play,loved,year,easy,favorite,enjoy,fun,great,daughter,thank,book,playing,game,love,games,loves,grandson,best,enjoyed,christmas
ages,family,kids,friends,gift,play,loved,year,easy,favorite,enjoy,fun,great,daughter,thank,book,playing,game,love,games,loves,grandson,best,enjoyed,christmas
ages,family,kids,friends,gift,play,loved,year,easy,favorite,enjoy,fun,great,daughter,thank,book,playing,game,love,games,loves,grandson,best,enjoyed,christmas
ages,family,kids,friends,gift,play,loved,year,easy,favorite,enjoy,fun,great,daughter,thank,book,playing,game,love,games,loves,grandson,best,enjoyed,christmas
ages,family,kids,friends,gift,play,loved,year,easy,favorite,enjoy,fun,great,daughter,thank,book,playing,game,love,games,loves,grandson,best,enjoyed,christmas
ages,family,kids,friends,gift,play,loved,year,easy,favorite,enjoy,fun,great,daughter,thank,book,playing,game,love,games,loves,grandson,best,enjoyed,christmas
ages,family,kids,friends,gift,play,loved,year,easy,favorite,enjoy,fun,great,daughter,thank,book,playing,game,love,games,loves,grandson,best,enjoyed,christmas
ages,family,kids,friends,gift,play,loved,year,easy,favorite,enjoy,fun,great,daughter,thank,book,playing,game,love,games,loves,grandson,best,enjoyed,christmas
ages,family,kids,friends,gift,play,loved,year,easy,favorite,enjoy,fun,great,daughter,thank,book,playing,game,love,games,loves,grandson,best,enjoyed,christmas
ages,family,kids,friends,gift,play,loved,year,easy,favorite,enjoy,fun,great,daughter,thank,book,playing,game,love,games,loves,grandson,best,enjoyed,christmas
ages,family,kids,friends,gift,play,loved,year,easy,favorite,enjoy,fun,great,daughter,thank,book,playing,game,love,games,loves,grandson,best,enjoyed,christmas
ages,family,kids,friends,gift,play,loved,year,easy,favorite,enjoy,fun,great,daughter,thank,book,playing,game,love,games,loves,grandson,best,enjoyed,christmas
ages,family,kids,friends,gift,play,loved,year,easy,favorite,enjoy,fun,great,daughter,thank,book,playing,game,love,games,loves,grandson,best,enjoyed,christmas
ages,family,kids,friends,gift,play,loved,year,easy,favorite,enjoy,fun,great,daughter,thank,book,playing,game,love,games,loves,grandson,best,enjoyed,christmas
ages,family,kids,friends,gift,play,loved,year,easy,favorite,enjoy,fun,great,daughter,thank,book,playing,game,love,games,loves,grandson,best,enjoyed,christmas
ages,family,kids,friends,gift,play,loved,year,easy,favorite,enjoy,fun,great,daughter,thank,book,playing,game,love,games,loves,grandson,best,enjoyed,christmas
ages,family,kids,friends,gift,play,loved,year,easy,favorite,enjoy,fun,great,daughter,thank,book,playing,game,love,games,loves,grandson,best,enjoyed,christmas
ages,family,kids,friends,gift,play,loved,year,easy,favorite,enjoy,fun,great,daughter,thank,book,playing,game,love,games,loves,grandson,best,enjoyed,christmas
ages,family,kids,friends,gift,play,loved,year,easy,favorite,enjoy,fun,great,daughter,thank,book,playing,game,love,games,loves,grandson,best,enjoyed,christmas
ages,family,kids,friends,gift,play,loved,year,easy,favorite,enjoy,fun,great,daughter,thank,book,playing,game,love,games,loves,grandson,best,enjoyed,christmas
ages,family,kids,friends,gift,play,loved,year,easy,favorite,enjoy,fun,great,daughter,thank,book,playing,game,love,games,loves,grandson,best,enjoyed,christmas
ages,family,kids,friends,gift,play,loved,year,easy,favorite,enjoy,fun,great,daughter,thank,book,playing,game,love,games,loves,grandson,best,enjoyed,christmas
ages,family,kids,friends,gift,play,loved,year,easy,favorite,enjoy,fun,great,daughter,thank,book,playing,game,love,games,loves,grandson,best,enjoyed,christmas
ages,family,kids,friends,gift,play,loved,year,easy,favorite,enjoy,fun,great,daughter,thank,book,playing,game,love,games,loves,grandson,best,enjoyed,christmas
ages,family,kids,friends,gift,play,loved,year,easy,favorite,enjoy,fun,great,daughter,thank,book,playing,game,love,games,loves,grandson,best,enjoyed,christmas
ages,family,kids,friends,gift,play,loved,year,easy,favorite,enjoy,fun,great,daughter,thank,book,playing,game,love,games,loves,grandson,best,enjoyed,christmas
ages,family,kids,friends,gift,play,loved,year,easy,favorite,enjoy,fun,great,daughter,thank,book,playing,game,love,games,loves,grandson,best,enjoyed,christmas
ages,family,kids,friends,gift,play,loved,year,easy,favorite,enjoy,fun,great,daughter,thank,book,playing,game,love,games,loves,grandson,best,enjoyed,christmas
ages,family,kids,friends,gift,play,loved,year,easy,favorite,enjoy,fun,great,daughter,thank,book,playing,game,love,games,loves,grandson,best,enjoyed,christmas
ages,family,kids,friends,gift,play,loved,year,easy,favorite,enjoy,fun,great,daughter,thank,book,playing,game,love,games,loves,grandson,best,enjoyed,christmas
ages,family,kids,friends,gift,play,loved,year,easy,favorite,enjoy,fun,great,daughter,thank,book,playing,game,love,games,loves,grandson,best,enjoyed,christmas
ages,family,kids,friends,gift,play,loved,year,easy,favorite,enjoy,fun,great,daughter,thank,book,playing,game,love,games,loves,grandson,best,enjoyed,christmas
ages,family,kids,friends,gift,play,loved,easy,favorite,enjoy,fun,great,daughter,thank,book,playing,game,love,books,games,loves,grandson,best,enjoyed,christmas
ages,family,kids,friends,gift,play,loved,easy,favorite,enjoy,fun,great,daughter,thank,book,playing,game,love,books,games,loves,grandson,best,enjoyed,christmas
ages,family,kids,friends,gift,play,loved,easy,favorite,enjoy,fun,great,daughter,thank,book,playing,game,love,books,games,loves,grandson,best,enjoyed,christmas
ages,family,kids,friends,gift,play,loved,easy,favorite,enjoy,fun,great,daughter,thank,book,playing,game,love,books,games,loves,grandson,best,enjoyed,christmas
ages,family,kids,friends,gift,play,loved,easy,favorite,enjoy,fun,great,daughter,thank,book,playing,game,love,books,games,loves,grandson,best,enjoyed,christmas
ages,family,kids,friends,gift,play,loved,easy,favorite,enjoy,fun,great,daughter,thank,book,playing,game,love,books,games,loves,grandson,best,enjoyed,christmas
ages,family,kids,friends,gift,play,loved,easy,favorite,enjoy,fun,great,daughter,thank,book,playing,game,love,books,games,loves,grandson,best,enjoyed,christmas
ages,family,kids,friends,gift,play,loved,easy,favorite,enjoy,fun,great,daughter,thank,book,playing,game,love,books,games,loves,grandson,best,enjoyed,christmas
ages,family,kids,friends,gift,play,loved,easy,favorite,enjoy,fun,great,daughter,thank,book,playing,game,love,books,games,loves,grandson,best,enjoyed,christmas
ages,family,kids,friends,gift,play,loved,easy,favorite,enjoy,fun,great,daughter,thank,book,playing,game,love,books,games,loves,grandson,best,enjoyed,christmas
ages,family,kids,friends,gift,play,loved,easy,favorite,enjoy,fun,great,daughter,thank,book,playing,game,love,books,games,loves,grandson,best,enjoyed,christmas
ages,family,kids,friends,gift,play,loved,easy,favorite,enjoy,fun,great,daughter,thank,book,playing,game,love,books,games,loves,grandson,best,enjoyed,christmas
ages,family,kids,friends,gift,play,loved,year,easy,favorite,enjoy,fun,great,daughter,thank,book,playing,game,love,games,loves,grandson,best,enjoyed,christmas
ages,family,kids,friends,gift,play,loved,year,easy,favorite,enjoy,fun,great,daughter,thank,book,playing,game,love,games,loves,grandson,best,enjoyed,christmas
ages,family,kids,friends,gift,play,loved,year,easy,favorite,enjoy,fun,great,daughter,thank,book,playing,game,love,games,loves,grandson,best,enjoyed,christmas
ages,family,kids,friends,gift,play,loved,year,easy,favorite,enjoy,fun,great,daughter,thank,book,playing,game,love,games,loves,grandson,best,enjoyed,christmas
ages,family,kids,friends,gift,play,loved,year,easy,favorite,enjoy,fun,great,daughter,thank,book,playing,game,love,games,loves,grandson,best,enjoyed,christmas
ages,family,kids,friends,gift,play,loved,year,easy,favorite,enjoy,fun,great,daughter,thank,book,playing,game,love,games,loves,grandson,best,enjoyed,christmas
ages,family,kids,friends,gift,play,loved,year,easy,favorite,enjoy,fun,great,daughter,thank,book,playing,game,love,games,loves,grandson,best,enjoyed,christmas
ages,family,kids,friends,gift,play,loved,year,easy,favorite,enjoy,fun,great,daughter,thank,book,playing,game,love,games,loves,grandson,best,enjoyed,christmas
ages,family,kids,friends,gift,play,loved,year,easy,favorite,enjoy,fun,great,daughter,thank,book,playing,game,love,games,loves,grandson,best,enjoyed,christmas
ages,family,kids,friends,gift,play,loved,year,easy,favorite,enjoy,fun,great,daughter,thank,book,playing,game,love,games,loves,grandson,best,enjoyed,christmas
ages,family,kids,friends,gift,play,loved,year,easy,favorite,enjoy,fun,great,daughter,thank,book,playing,game,love,games,loves,grandson,best,enjoyed,christmas
ages,family,kids,friends,gift,play,loved,year,easy,favorite,enjoy,fun,great,daughter,thank,book,playing,game,love,games,loves,grandson,best,enjoyed,christmas
ages,family,kids,friends,gift,play,loved,year,easy,favorite,enjoy,fun,great,daughter,thank,book,playing,game,love,games,loves,grandson,best,enjoyed,christmas
ages,family,kids,friends,gift,play,loved,year,easy,favorite,enjoy,fun,great,daughter,thank,book,playing,game,love,games,loves,grandson,best,enjoyed,christmas
ages,family,kids,friends,gift,play,loved,year,easy,favorite,enjoy,fun,great,daughter,thank,book,playing,game,love,games,loves,grandson,best,enjoyed,christmas
ages,family,kids,friends,gift,play,loved,year,easy,favorite,enjoy,fun,great,daughter,thank,book,playing,game,love,games,loves,grandson,best,enjoyed,christmas
ages,family,kids,friends,gift,play,loved,year,easy,favorite,enjoy,fun,great,daughter,thank,book,playing,game,love,games,loves,grandson,best,enjoyed,christmas
ages,family,kids,friends,gift,play,loved,year,easy,favorite,enjoy,fun,great,daughter,thank,book,playing,game,love,games,loves,grandson,best,enjoyed,christmas
ages,family,kids,friends,gift,play,loved,year,easy,favorite,enjoy,fun,great,daughter,thank,book,playing,game,love,games,loves,grandson,best,enjoyed,christmas
ages,family,kids,friends,gift,play,loved,year,easy,favorite,enjoy,fun,great,daughter,thank,book,playing,game,love,games,loves,grandson,best,enjoyed,christmas
ages,family,kids,friends,gift,play,loved,year,easy,favorite,enjoy,fun,great,daughter,thank,book,playing,game,love,games,loves,grandson,best,enjoyed,christmas
ages,family,kids,friends,gift,play,loved,year,easy,favorite,enjoy,fun,great,daughter,thank,book,playing,game,love,games,loves,grandson,best,enjoyed,christmas
ages,family,kids,friends,gift,play,loved,year,easy,favorite,enjoy,fun,great,daughter,thank,book,playing,game,love,games,loves,grandson,best,enjoyed,christmas
ages,family,kids,friends,gift,play,loved,year,easy,favorite,enjoy,fun,great,daughter,thank,book,playing,game,love,games,loves,grandson,best,enjoyed,christmas
ages,family,kids,friends,gift,play,loved,year,easy,favorite,enjoy,fun,great,daughter,thank,book,playing,game,love,games,loves,grandson,best,enjoyed,christmas
ages,family,kids,friends,gift,play,loved,year,easy,favorite,enjoy,fun,great,daughter,thank,book,playing,game,love,games,loves,grandson,best,enjoyed,christmas
ages,family,kids,friends,gift,play,loved,year,easy,favorite,enjoy,fun,great,daughter,thank,book,playing,game,love,games,loves,grandson,best,enjoyed,christmas
ages,family,kids,friends,gift,play,loved,year,easy,favorite,enjoy,fun,great,daughter,thank,book,playing,game,love,games,loves,grandson,best,enjoyed,christmas
ages,family,kids,friends,gift,play,loved,year,easy,favorite,enjoy,fun,great,daughter,thank,book,playing,game,love,games,loves,grandson,best,enjoyed,christmas
ages,family,kids,friends,gift,play,loved,year,easy,favorite,enjoy,fun,great,daughter,thank,book,playing,game,love,games,loves,grandson,best,enjoyed,christmas
ages,family,kids,friends,gift,play,loved,year,easy,favorite,enjoy,fun,great,daughter,thank,book,playing,game,love,games,loves,grandson,best,enjoyed,christmas
ages,family,kids,friends,gift,play,loved,year,easy,favorite,enjoy,fun,great,daughter,thank,book,playing,game,love,games,loves,grandson,best,enjoyed,christmas
ages,family,kids,friends,gift,play,loved,year,easy,favorite,enjoy,fun,great,daughter,thank,book,playing,game,love,games,loves,grandson,best,enjoyed,christmas
ages,family,kids,friends,gift,play,loved,year,easy,favorite,enjoy,fun,great,daughter,thank,book,playing,game,love,games,loves,grandson,best,enjoyed,christmas
ages,family,kids,friends,gift,play,loved,year,easy,favorite,enjoy,fun,great,daughter,thank,book,playing,game,love,games,loves,grandson,best,enjoyed,christmas
ages,family,kids,friends,gift,play,loved,year,easy,favorite,enjoy,fun,great,daughter,thank,book,playing,game,love,games,loves,grandson,best,enjoyed,christmas
ages,family,kids,friends,gift,play,loved,year,easy,favorite,enjoy,fun,great,daughter,thank,book,playing,game,love,games,loves,grandson,best,enjoyed,christmas
ages,family,kids,friends,gift,play,loved,year,easy,favorite,enjoy,fun,great,daughter,thank,book,playing,game,love,games,loves,grandson,best,enjoyed,christmas
ages,family,kids,friends,gift,play,loved,year,easy,favorite,enjoy,fun,great,daughter,thank,book,playing,game,love,games,loves,grandson,best,enjoyed,christmas
ages,family,kids,friends,gift,play,loved,year,easy,favorite,enjoy,fun,great,daughter,thank,book,playing,game,love,games,loves,grandson,best,enjoyed,christmas
ages,family,kids,friends,gift,play,loved,year,easy,favorite,enjoy,fun,great,daughter,thank,book,playing,game,love,games,loves,grandson,best,enjoyed,christmas
ages,family,kids,friends,gift,play,loved,year,easy,favorite,enjoy,fun,great,daughter,thank,book,playing,game,love,games,loves,grandson,best,enjoyed,christmas
ages,family,kids,friends,gift,play,loved,year,easy,favorite,enjoy,fun,great,daughter,thank,book,playing,game,love,games,loves,grandson,best,enjoyed,christmas
ages,family,kids,friends,gift,play,loved,year,easy,favorite,enjoy,fun,great,daughter,thank,book,playing,game,love,games,loves,grandson,best,enjoyed,christmas
ages,family,kids,friends,gift,play,loved,year,easy,favorite,enjoy,fun,great,daughter,thank,book,playing,game,love,games,loves,grandson,best,enjoyed,christmas
ages,family,kids,friends,gift,play,loved,year,easy,favorite,enjoy,fun,great,daughter,thank,book,playing,game,love,games,loves,grandson,best,enjoyed,christmas
ages,family,kids,friends,gift,play,loved,year,easy,favorite,enjoy,fun,great,daughter,thank,book,playing,game,love,games,loves,grandson,best,enjoyed,christmas
ages,family,kids,friends,gift,play,loved,year,easy,favorite,enjoy,fun,great,daughter,thank,book,playing,game,love,games,loves,grandson,best,enjoyed,christmas
ages,family,kids,friends,gift,play,loved,year,easy,favorite,enjoy,fun,great,daughter,thank,book,playing,game,love,games,loves,grandson,best,enjoyed,christmas
ages,family,kids,friends,gift,play,loved,year,easy,favorite,enjoy,fun,great,daughter,thank,book,playing,game,love,games,loves,grandson,best,enjoyed,christmas
ages,family,kids,friends,gift,play,loved,year,easy,favorite,enjoy,fun,great,daughter,thank,book,playing,game,love,games,loves,grandson,best,enjoyed,christmas
ages,family,kids,friends,gift,play,loved,year,easy,favorite,enjoy,fun,great,daughter,thank,book,playing,game,love,games,loves,grandson,best,enjoyed,christmas
ages,family,kids,friends,gift,play,loved,year,easy,favorite,enjoy,fun,great,daughter,thank,book,playing,game,love,games,loves,grandson,best,enjoyed,christmas
ages,family,kids,friends,gift,play,loved,year,easy,favorite,enjoy,fun,great,daughter,thank,book,playing,game,love,games,loves,grandson,best,enjoyed,christmas
ages,family,kids,friends,gift,play,loved,year,easy,favorite,enjoy,fun,great,daughter,thank,book,playing,game,love,games,loves,grandson,best,enjoyed,christmas
ages,family,kids,friends,gift,play,loved,year,easy,favorite,enjoy,fun,great,daughter,thank,book,playing,game,love,games,loves,grandson,best,enjoyed,christmas
ages,family,kids,friends,gift,play,loved,year,easy,favorite,enjoy,fun,great,daughter,thank,book,playing,game,love,games,loves,grandson,best,enjoyed,christmas
ages,family,kids,friends,gift,play,loved,year,easy,favorite,enjoy,fun,great,daughter,thank,book,playing,game,love,games,loves,grandson,best,enjoyed,christmas
ages,family,kids,friends,gift,play,loved,year,easy,favorite,enjoy,fun,great,daughter,thank,book,playing,game,love,games,loves,grandson,best,enjoyed,christmas
ages,family,kids,friends,gift,play,loved,year,easy,favorite,enjoy,fun,great,daughter,thank,book,playing,game,love,games,loves,grandson,best,enjoyed,christmas
ages,family,kids,friends,gift,play,loved,year,easy,favorite,enjoy,fun,great,daughter,thank,book,playing,game,love,games,loves,grandson,best,enjoyed,christmas
ages,family,kids,friends,gift,play,loved,year,easy,favorite,enjoy,fun,great,daughter,thank,book,playing,game,love,games,loves,grandson,best,enjoyed,christmas
ages,family,kids,friends,gift,play,loved,year,easy,favorite,enjoy,fun,great,daughter,thank,book,playing,game,love,games,loves,grandson,best,enjoyed,christmas
ages,family,kids,friends,gift,play,loved,year,easy,favorite,enjoy,fun,great,daughter,thank,book,playing,game,love,games,loves,grandson,best,enjoyed,christmas
ages,family,kids,friends,gift,play,loved,year,easy,favorite,enjoy,fun,great,daughter,thank,book,playing,game,love,games,loves,grandson,best,enjoyed,christmas
ages,family,kids,friends,gift,play,loved,year,easy,favorite,enjoy,fun,great,daughter,thank,book,playing,game,love,games,loves,grandson,best,enjoyed,christmas
ages,family,kids,friends,gift,play,loved,year,easy,favorite,enjoy,fun,great,daughter,thank,book,playing,game,love,games,loves,grandson,best,enjoyed,christmas
ages,family,kids,friends,gift,play,loved,year,easy,favorite,enjoy,fun,great,daughter,thank,book,playing,game,love,games,loves,grandson,best,enjoyed,christmas
ages,family,kids,friends,gift,play,loved,year,easy,favorite,enjoy,fun,great,daughter,thank,book,playing,game,love,games,loves,grandson,best,enjoyed,christmas
ages,family,kids,friends,gift,play,loved,year,easy,favorite,enjoy,fun,great,daughter,thank,book,playing,game,love,games,loves,grandson,best,enjoyed,christmas
ages,family,kids,friends,gift,play,loved,year,easy,favorite,enjoy,fun,great,daughter,thank,book,playing,game,love,games,loves,grandson,best,enjoyed,christmas
ages,family,kids,friends,gift,play,loved,year,easy,favorite,enjoy,fun,great,daughter,thank,book,playing,game,love,games,loves,grandson,best,enjoyed,christmas
ages,family,kids,friends,gift,play,loved,year,easy,favorite,enjoy,fun,great,daughter,thank,book,playing,game,love,games,loves,grandson,best,enjoyed,christmas
ages,family,kids,friends,gift,play,loved,year,easy,favorite,enjoy,fun,great,daughter,thank,book,playing,game,love,games,loves,grandson,best,enjoyed,christmas
ages,family,kids,friends,gift,play,loved,year,easy,favorite,enjoy,fun,great,daughter,thank,book,playing,game,love,games,loves,grandson,best,enjoyed,christmas
ages,family,kids,friends,gift,play,loved,year,easy,favorite,enjoy,fun,great,daughter,thank,book,playing,game,love,games,loves,grandson,best,enjoyed,christmas
ages,family,kids,friends,gift,play,loved,year,easy,favorite,enjoy,fun,great,daughter,thank,book,playing,game,love,games,loves,grandson,best,enjoyed,christmas
ages,family,kids,friends,gift,play,loved,year,easy,favorite,enjoy,fun,great,daughter,thank,book,playing,game,love,games,loves,grandson,best,enjoyed,christmas
ages,family,kids,friends,gift,play,loved,year,easy,favorite,enjoy,fun,great,daughter,thank,book,playing,game,love,games,loves,grandson,best,enjoyed,christmas
ages,family,kids,friends,gift,play,loved,year,easy,favorite,enjoy,fun,great,daughter,thank,book,playing,game,love,games,loves,grandson,best,enjoyed,christmas
ages,family,kids,friends,gift,play,loved,year,easy,favorite,enjoy,fun,great,daughter,thank,book,playing,game,love,games,loves,grandson,best,enjoyed,christmas
ages,family,kids,friends,gift,play,loved,year,easy,favorite,enjoy,fun,great,daughter,thank,book,playing,game,love,games,loves,grandson,best,enjoyed,christmas
ages,family,kids,friends,gift,play,loved,year,easy,favorite,enjoy,fun,great,daughter,thank,book,playing,game,love,games,loves,grandson,best,enjoyed,christmas
ages,family,kids,friends,gift,play,loved,year,easy,favorite,enjoy,fun,great,daughter,thank,book,playing,game,love,games,loves,grandson,best,enjoyed,christmas
ages,family,kids,friends,gift,play,loved,year,easy,favorite,enjoy,fun,great,daughter,thank,book,playing,game,love,games,loves,grandson,best,enjoyed,christmas
ages,family,kids,friends,gift,play,loved,year,easy,favorite,enjoy,fun,great,daughter,thank,book,playing,game,love,games,loves,grandson,best,enjoyed,christmas
ages,family,kids,friends,gift,play,loved,year,easy,favorite,enjoy,fun,great,daughter,thank,book,playing,game,love,games,loves,grandson,best,enjoyed,christmas
ages,family,kids,friends,gift,play,loved,year,easy,favorite,enjoy,fun,great,daughter,thank,book,playing,game,love,games,loves,grandson,best,enjoyed,christmas
ages,family,kids,friends,gift,play,loved,year,easy,favorite,enjoy,fun,great,daughter,thank,book,playing,game,love,games,loves,grandson,best,enjoyed,christmas
ages,family,kids,friends,gift,play,loved,year,easy,favorite,enjoy,fun,great,daughter,thank,book,playing,game,love,games,loves,grandson,best,enjoyed,christmas
ages,family,kids,friends,gift,play,loved,year,easy,favorite,enjoy,fun,great,daughter,thank,book,playing,game,love,games,loves,grandson,best,enjoyed,christmas
ages,family,kids,friends,gift,play,loved,year,easy,favorite,enjoy,fun,great,daughter,thank,book,playing,game,love,games,loves,grandson,best,enjoyed,christmas
ages,family,kids,friends,gift,play,loved,year,easy,favorite,enjoy,fun,great,daughter,thank,book,playing,game,love,games,loves,grandson,best,enjoyed,christmas
ages,family,kids,friends,gift,play,loved,year,easy,favorite,enjoy,fun,great,daughter,thank,book,playing,game,love,games,loves,grandson,best,enjoyed,christmas
ages,family,kids,friends,gift,play,loved,year,easy,favorite,enjoy,fun,great,daughter,thank,book,playing,game,love,games,loves,grandson,best,enjoyed,christmas
ages,family,kids,friends,gift,play,loved,year,easy,favorite,enjoy,fun,great,daughter,thank,book,playing,game,love,games,loves,grandson,best,enjoyed,christmas
ages,family,kids,friends,gift,play,loved,year,easy,favorite,enjoy,fun,great,daughter,thank,book,playing,game,love,games,loves,grandson,best,enjoyed,christmas
ages,family,kids,friends,gift,play,loved,year,easy,favorite,enjoy,fun,great,daughter,thank,book,playing,game,love,games,loves,grandson,best,enjoyed,christmas
ages,family,kids,friends,gift,play,loved,year,easy,favorite,enjoy,fun,great,daughter,thank,book,playing,game,love,games,loves,grandson,best,enjoyed,christmas
ages,family,kids,friends,gift,play,loved,year,easy,favorite,enjoy,fun,great,daughter,thank,book,playing,game,love,games,loves,grandson,best,enjoyed,christmas
ages,family,kids,friends,gift,play,loved,year,easy,favorite,enjoy,fun,great,daughter,thank,book,playing,game,love,games,loves,grandson,best,enjoyed,christmas
ages,family,kids,friends,gift,play,loved,year,easy,favorite,enjoy,fun,great,daughter,thank,book,playing,game,love,games,loves,grandson,best,enjoyed,christmas
ages,family,kids,friends,gift,play,loved,year,easy,favorite,enjoy,fun,great,daughter,thank,book,playing,game,love,games,loves,grandson,best,enjoyed,christmas
ages,family,kids,friends,gift,play,loved,year,easy,favorite,enjoy,fun,great,daughter,thank,book,playing,game,love,games,loves,grandson,best,enjoyed,christmas
ages,family,kids,friends,gift,play,loved,year,easy,favorite,enjoy,fun,great,daughter,thank,book,playing,game,love,games,loves,grandson,best,enjoyed,christmas
ages,family,kids,friends,gift,play,loved,year,easy,favorite,enjoy,fun,great,daughter,thank,book,playing,game,love,games,loves,grandson,best,enjoyed,christmas
ages,family,kids,friends,gift,play,loved,year,easy,favorite,enjoy,fun,great,daughter,thank,book,playing,game,love,games,loves,grandson,best,enjoyed,christmas
ages,family,kids,friends,gift,play,loved,year,easy,favorite,enjoy,fun,great,daughter,thank,book,playing,game,love,games,loves,grandson,best,enjoyed,christmas
ages,family,kids,friends,gift,play,loved,year,easy,favorite,enjoy,fun,great,daughter,thank,book,playing,game,love,games,loves,grandson,best,enjoyed,christmas
ages,family,kids,friends,gift,play,loved,year,easy,favorite,enjoy,fun,great,daughter,thank,book,playing,game,love,games,loves,grandson,best,enjoyed,christmas
ages,family,kids,friends,gift,play,loved,year,easy,favorite,enjoy,fun,great,daughter,thank,book,playing,game,love,games,loves,grandson,best,enjoyed,christmas
ages,family,kids,friends,gift,play,loved,year,easy,favorite,enjoy,fun,great,daughter,thank,book,playing,game,love,games,loves,grandson,best,enjoyed,christmas
ages,family,kids,friends,gift,play,loved,year,easy,favorite,enjoy,fun,great,daughter,thank,book,playing,game,love,games,loves,grandson,best,enjoyed,christmas
ages,family,kids,friends,gift,play,loved,year,easy,favorite,enjoy,fun,great,daughter,thank,book,playing,awesome,game,love,games,loves,grandson,enjoyed,christmas
everyone,ages,family,kids,friends,gift,play,loved,year,easy,favorite,enjoy,fun,great,daughter,thank,book,playing,game,love,games,loves,grandson,enjoyed,christmas
everyone,ages,family,kids,friends,gift,play,loved,year,easy,favorite,enjoy,fun,great,daughter,thank,book,playing,game,love,games,loves,grandson,enjoyed,christmas
everyone,ages,family,kids,friends,gift,play,loved,year,easy,favorite,enjoy,fun,great,daughter,thank,book,playing,game,love,games,loves,grandson,enjoyed,christmas
everyone,ages,family,kids,friends,gift,play,loved,year,easy,favorite,enjoy,fun,great,daughter,thank,book,playing,game,love,games,loves,grandson,enjoyed,christmas
everyone,ages,family,kids,friends,gift,play,loved,year,easy,favorite,enjoy,fun,great,daughter,thank,book,playing,game,love,games,loves,grandson,enjoyed,christmas
everyone,ages,family,kids,friends,gift,play,loved,year,easy,favorite,enjoy,fun,great,daughter,thank,book,playing,game,love,games,loves,grandson,enjoyed,christmas
everyone,ages,family,kids,friends,gift,play,loved,year,easy,favorite,enjoy,fun,great,daughter,thank,book,playing,game,love,games,loves,grandson,enjoyed,christmas
everyone,ages,family,kids,friends,gift,play,loved,year,easy,favorite,enjoy,fun,great,daughter,thank,book,playing,game,love,games,loves,grandson,enjoyed,christmas
everyone,ages,family,kids,friends,gift,play,loved,year,easy,favorite,enjoy,fun,great,daughter,thank,book,playing,game,love,games,loves,grandson,enjoyed,christmas
everyone,ages,family,kids,friends,gift,play,loved,year,easy,favorite,enjoy,fun,great,daughter,thank,book,playing,game,love,games,loves,grandson,enjoyed,christmas
everyone,ages,family,kids,friends,gift,play,loved,year,easy,favorite,enjoy,fun,great,daughter,thank,book,playing,game,love,games,loves,grandson,enjoyed,christmas
everyone,ages,family,kids,friends,gift,play,loved,year,easy,favorite,enjoy,fun,great,daughter,thank,book,playing,game,love,games,loves,grandson,enjoyed,christmas
everyone,ages,family,kids,friends,gift,play,loved,year,easy,favorite,enjoy,fun,great,daughter,thank,book,playing,game,love,games,loves,grandson,enjoyed,christmas
everyone,ages,family,kids,friends,gift,play,loved,year,easy,favorite,enjoy,fun,great,daughter,thank,book,playing,game,love,games,loves,grandson,enjoyed,christmas
everyone,ages,family,kids,friends,gift,play,loved,year,easy,favorite,enjoy,fun,great,daughter,thank,book,playing,game,love,games,loves,grandson,enjoyed,christmas
everyone,ages,family,kids,friends,gift,play,loved,year,easy,favorite,enjoy,fun,great,daughter,thank,book,playing,game,love,games,loves,grandson,enjoyed,christmas
everyone,ages,family,kids,friends,gift,play,loved,year,easy,favorite,enjoy,fun,great,daughter,thank,book,playing,game,love,games,loves,grandson,enjoyed,christmas
everyone,ages,family,kids,friends,gift,play,loved,year,easy,favorite,enjoy,fun,great,daughter,thank,book,playing,game,love,games,loves,grandson,enjoyed,christmas
everyone,ages,family,kids,friends,gift,play,loved,year,easy,favorite,enjoy,fun,great,daughter,thank,book,playing,game,love,games,loves,grandson,enjoyed,christmas
everyone,ages,family,kids,friends,gift,play,loved,year,easy,favorite,enjoy,fun,great,daughter,thank,book,playing,game,love,games,loves,grandson,enjoyed,christmas
everyone,ages,family,kids,friends,gift,play,loved,year,easy,favorite,enjoy,fun,great,daughter,thank,book,playing,game,love,games,loves,grandson,enjoyed,christmas
everyone,ages,family,kids,friends,gift,play,loved,year,easy,favorite,enjoy,fun,great,daughter,thank,book,playing,game,love,games,loves,grandson,enjoyed,christmas
everyone,ages,family,kids,friends,gift,play,loved,year,easy,favorite,enjoy,fun,great,daughter,thank,book,playing,game,love,games,loves,grandson,enjoyed,christmas
everyone,ages,family,kids,friends,gift,play,loved,year,easy,favorite,enjoy,fun,great,daughter,thank,book,playing,game,love,games,loves,grandson,enjoyed,christmas
everyone,ages,family,kids,friends,gift,play,loved,year,easy,favorite,enjoy,fun,great,daughter,thank,book,playing,game,love,games,loves,grandson,enjoyed,christmas
everyone,ages,family,kids,friends,gift,play,loved,year,easy,favorite,enjoy,fun,great,daughter,thank,book,playing,game,love,games,loves,grandson,enjoyed,christmas
everyone,ages,family,kids,friends,gift,play,loved,year,easy,favorite,enjoy,fun,great,daughter,thank,book,playing,game,love,games,loves,grandson,enjoyed,christmas
everyone,ages,family,kids,friends,gift,play,loved,year,easy,favorite,enjoy,fun,great,daughter,thank,book,playing,game,love,games,loves,grandson,enjoyed,christmas
everyone,ages,family,kids,friends,gift,play,loved,year,easy,favorite,enjoy,fun,great,daughter,thank,book,playing,game,love,games,loves,grandson,enjoyed,christmas
everyone,ages,family,kids,friends,gift,play,loved,year,easy,favorite,enjoy,fun,great,daughter,thank,book,playing,game,love,games,loves,grandson,enjoyed,christmas
everyone,ages,family,kids,friends,gift,play,loved,year,easy,favorite,enjoy,fun,great,daughter,thank,book,playing,game,love,games,loves,grandson,enjoyed,christmas
everyone,ages,family,kids,friends,gift,play,loved,year,easy,favorite,enjoy,fun,great,daughter,thank,book,playing,game,love,games,loves,grandson,enjoyed,christmas
everyone,ages,family,kids,friends,gift,play,loved,year,easy,favorite,enjoy,fun,great,daughter,thank,book,playing,game,love,games,loves,grandson,enjoyed,christmas
everyone,ages,family,kids,friends,gift,play,loved,year,easy,favorite,enjoy,fun,great,daughter,thank,book,playing,game,love,games,loves,grandson,enjoyed,christmas
everyone,ages,family,kids,friends,gift,play,loved,year,easy,favorite,enjoy,fun,great,daughter,thank,book,playing,game,love,games,loves,grandson,enjoyed,christmas
everyone,ages,family,kids,friends,gift,play,loved,year,easy,favorite,enjoy,fun,great,daughter,thank,book,playing,game,love,games,loves,grandson,enjoyed,christmas
everyone,ages,family,kids,friends,gift,play,loved,year,easy,favorite,enjoy,fun,great,daughter,thank,book,playing,game,love,games,loves,grandson,enjoyed,christmas
everyone,ages,family,kids,friends,gift,play,loved,year,easy,favorite,enjoy,fun,great,daughter,thank,book,playing,game,love,games,loves,grandson,enjoyed,christmas
everyone,ages,family,kids,friends,gift,play,loved,year,easy,favorite,enjoy,fun,great,daughter,thank,book,playing,game,love,games,loves,grandson,enjoyed,christmas
everyone,ages,family,kids,friends,gift,play,loved,year,easy,favorite,enjoy,fun,great,daughter,thank,book,playing,game,love,games,loves,grandson,enjoyed,christmas
everyone,ages,family,kids,friends,gift,play,loved,year,easy,favorite,enjoy,fun,great,daughter,thank,book,playing,game,love,games,loves,grandson,enjoyed,christmas
everyone,ages,family,kids,friends,gift,play,loved,year,easy,favorite,enjoy,fun,great,daughter,thank,book,playing,game,love,games,loves,grandson,enjoyed,christmas
everyone,ages,family,kids,friends,gift,play,loved,year,easy,favorite,enjoy,fun,great,daughter,thank,book,playing,game,love,games,loves,grandson,enjoyed,christmas
everyone,ages,family,kids,friends,gift,play,loved,year,easy,favorite,enjoy,fun,great,daughter,thank,book,playing,game,love,games,loves,grandson,enjoyed,christmas
everyone,ages,family,kids,friends,gift,play,loved,year,easy,favorite,enjoy,fun,great,daughter,thank,book,playing,game,love,games,loves,grandson,enjoyed,christmas
everyone,ages,family,kids,friends,gift,play,loved,year,easy,favorite,enjoy,fun,great,daughter,thank,book,playing,game,love,games,loves,grandson,enjoyed,christmas
everyone,ages,family,kids,friends,gift,play,loved,year,easy,favorite,enjoy,fun,great,daughter,thank,book,playing,game,love,games,loves,grandson,enjoyed,christmas
everyone,ages,family,kids,friends,gift,play,loved,year,easy,favorite,enjoy,fun,great,daughter,thank,book,playing,game,love,games,loves,grandson,enjoyed,christmas
everyone,ages,family,kids,friends,gift,play,loved,year,easy,favorite,enjoy,fun,great,daughter,thank,book,playing,game,love,games,loves,grandson,enjoyed,christmas
everyone,ages,family,kids,friends,gift,play,loved,year,easy,favorite,enjoy,fun,great,daughter,thank,book,playing,game,love,games,loves,grandson,enjoyed,christmas
everyone,ages,family,kids,friends,gift,play,loved,year,easy,favorite,enjoy,fun,great,daughter,thank,book,playing,game,love,games,loves,grandson,enjoyed,christmas
everyone,ages,family,kids,friends,gift,play,loved,year,easy,favorite,enjoy,fun,great,daughter,thank,book,playing,game,love,games,loves,grandson,enjoyed,christmas
everyone,ages,family,kids,friends,gift,play,loved,year,easy,favorite,enjoy,fun,great,daughter,thank,book,playing,game,love,games,loves,grandson,enjoyed,christmas
everyone,ages,family,kids,friends,gift,play,loved,year,easy,favorite,enjoy,fun,great,daughter,thank,book,playing,game,love,games,loves,grandson,enjoyed,christmas
everyone,ages,family,kids,friends,gift,play,loved,year,easy,favorite,enjoy,fun,great,daughter,thank,book,playing,game,love,games,loves,grandson,enjoyed,christmas
everyone,ages,family,kids,friends,gift,play,loved,year,easy,favorite,enjoy,fun,great,daughter,thank,book,playing,game,love,games,loves,grandson,enjoyed,christmas
everyone,ages,family,kids,friends,gift,play,loved,year,easy,favorite,enjoy,fun,great,daughter,thank,book,playing,game,love,games,loves,grandson,enjoyed,christmas
everyone,ages,family,kids,friends,gift,play,loved,year,easy,favorite,enjoy,fun,great,daughter,thank,book,playing,game,love,games,loves,grandson,enjoyed,christmas
everyone,ages,family,kids,friends,gift,play,loved,year,easy,favorite,enjoy,fun,great,daughter,thank,book,playing,game,love,games,loves,grandson,enjoyed,christmas
everyone,ages,family,kids,friends,gift,play,loved,year,easy,favorite,enjoy,fun,great,daughter,thank,book,playing,game,love,games,loves,grandson,enjoyed,christmas
everyone,ages,family,kids,friends,gift,play,loved,year,easy,favorite,enjoy,fun,great,daughter,thank,book,playing,game,love,games,loves,grandson,enjoyed,christmas
everyone,ages,family,kids,friends,gift,play,loved,year,easy,favorite,enjoy,fun,great,daughter,thank,book,playing,game,love,games,loves,grandson,enjoyed,christmas
everyone,ages,family,kids,friends,gift,play,loved,year,easy,favorite,enjoy,fun,great,daughter,thank,book,playing,game,love,games,loves,grandson,enjoyed,christmas
everyone,ages,family,kids,friends,gift,play,loved,year,easy,favorite,enjoy,fun,great,daughter,thank,book,playing,game,love,games,loves,grandson,enjoyed,christmas
everyone,ages,family,kids,friends,gift,play,loved,year,easy,favorite,enjoy,fun,great,daughter,thank,book,playing,game,love,games,loves,grandson,enjoyed,christmas
everyone,ages,family,kids,friends,gift,play,loved,year,easy,favorite,enjoy,fun,great,daughter,thank,book,playing,game,love,games,loves,grandson,enjoyed,christmas
everyone,ages,family,kids,friends,gift,play,loved,year,easy,favorite,enjoy,fun,great,daughter,thank,book,playing,game,love,games,loves,grandson,enjoyed,christmas
everyone,ages,family,kids,friends,gift,play,loved,year,easy,favorite,enjoy,fun,great,daughter,thank,book,playing,game,love,games,loves,grandson,enjoyed,christmas
everyone,ages,family,kids,friends,gift,play,loved,year,easy,favorite,enjoy,fun,great,daughter,thank,book,playing,game,love,games,loves,grandson,enjoyed,christmas
everyone,ages,family,kids,friends,gift,play,loved,year,easy,favorite,enjoy,fun,great,daughter,thank,book,playing,game,love,games,loves,grandson,enjoyed,christmas
everyone,ages,family,kids,friends,gift,play,loved,year,easy,favorite,enjoy,fun,great,daughter,thank,book,playing,game,love,games,loves,grandson,enjoyed,christmas
everyone,ages,family,kids,friends,gift,play,loved,year,easy,favorite,enjoy,fun,great,daughter,thank,book,playing,game,love,games,loves,grandson,enjoyed,christmas
everyone,ages,family,kids,friends,gift,play,loved,year,easy,favorite,enjoy,fun,great,daughter,thank,book,playing,game,love,games,loves,grandson,enjoyed,christmas
everyone,ages,family,kids,friends,gift,play,loved,year,easy,favorite,enjoy,fun,great,daughter,thank,book,playing,game,love,games,loves,grandson,enjoyed,christmas
everyone,ages,family,kids,friends,gift,play,loved,year,easy,favorite,enjoy,fun,great,daughter,thank,book,playing,game,love,games,loves,grandson,enjoyed,christmas
everyone,ages,family,kids,friends,gift,play,loved,year,easy,favorite,enjoy,fun,great,daughter,thank,book,playing,game,love,games,loves,grandson,enjoyed,christmas
birthday,ages,family,kids,friends,gift,play,loved,year,easy,favorite,enjoy,fun,great,daughter,thank,book,playing,game,love,games,loves,grandson,enjoyed,christmas
birthday,ages,family,kids,friends,gift,play,loved,year,easy,favorite,enjoy,fun,great,daughter,thank,book,playing,game,love,games,loves,grandson,enjoyed,christmas
birthday,ages,family,kids,friends,gift,play,loved,year,easy,favorite,enjoy,fun,great,daughter,thank,book,playing,game,love,games,loves,grandson,enjoyed,christmas
birthday,ages,family,kids,friends,gift,play,loved,year,easy,favorite,enjoy,fun,great,daughter,thank,book,playing,game,love,games,loves,grandson,enjoyed,christmas
birthday,ages,family,kids,friends,gift,play,loved,year,easy,favorite,enjoy,fun,great,daughter,thank,book,playing,game,love,games,loves,grandson,enjoyed,christmas
birthday,ages,family,kids,friends,gift,play,loved,year,easy,favorite,enjoy,fun,great,daughter,thank,book,playing,game,love,games,loves,grandson,enjoyed,christmas
birthday,ages,family,kids,friends,gift,play,loved,year,easy,favorite,enjoy,fun,great,daughter,thank,book,playing,game,love,games,loves,grandson,enjoyed,christmas
ages,family,kids,friends,gift,play,loved,year,easy,favorite,enjoy,fun,great,daughter,thank,book,playing,game,love,games,loves,grandson,enjoyed,best,christmas
ages,family,kids,friends,gift,play,loved,year,easy,favorite,enjoy,fun,great,daughter,thank,book,playing,game,love,games,loves,grandson,enjoyed,best,christmas
ages,family,kids,friends,gift,play,loved,year,easy,favorite,enjoy,fun,great,daughter,thank,book,playing,game,love,games,loves,grandson,enjoyed,best,christmas
ages,family,kids,friends,gift,play,loved,year,easy,favorite,enjoy,fun,great,daughter,thank,book,playing,game,love,games,loves,grandson,enjoyed,best,christmas
ages,family,kids,friends,gift,play,loved,year,easy,favorite,enjoy,fun,great,daughter,thank,book,playing,game,love,games,loves,grandson,enjoyed,best,christmas
ages,family,kids,friends,gift,play,loved,year,easy,favorite,enjoy,fun,great,daughter,thank,book,playing,game,love,games,loves,grandson,enjoyed,best,christmas
ages,family,kids,friends,gift,play,loved,year,easy,favorite,enjoy,fun,great,daughter,thank,book,playing,game,love,games,loves,grandson,enjoyed,best,christmas
ages,family,kids,friends,gift,play,loved,year,easy,favorite,enjoy,fun,great,daughter,thank,book,playing,game,love,games,loves,grandson,enjoyed,best,christmas
ages,family,kids,friends,gift,play,loved,year,easy,favorite,enjoy,fun,great,daughter,thank,book,playing,game,love,games,loves,grandson,enjoyed,best,christmas
ages,family,kids,friends,gift,play,loved,year,easy,favorite,enjoy,fun,great,daughter,thank,book,playing,game,love,games,loves,grandson,enjoyed,best,christmas
ages,family,kids,friends,gift,play,loved,year,easy,favorite,enjoy,fun,great,daughter,thank,book,playing,game,love,games,loves,grandson,enjoyed,best,christmas
birthday,ages,family,kids,friends,gift,play,loved,year,easy,favorite,enjoy,fun,great,daughter,thank,book,playing,game,love,games,loves,grandson,enjoyed,christmas
birthday,ages,family,kids,friends,gift,play,loved,year,easy,favorite,enjoy,fun,great,daughter,thank,book,playing,game,love,games,loves,grandson,enjoyed,christmas
birthday,ages,family,kids,friends,gift,play,loved,year,easy,favorite,enjoy,fun,great,daughter,thank,book,playing,game,love,games,loves,grandson,enjoyed,christmas
birthday,ages,family,kids,friends,gift,play,loved,year,easy,favorite,enjoy,fun,great,daughter,thank,book,playing,game,love,games,loves,grandson,enjoyed,christmas
birthday,ages,family,kids,friends,gift,play,loved,year,easy,favorite,enjoy,fun,great,daughter,thank,book,playing,game,love,games,loves,grandson,enjoyed,christmas
birthday,ages,family,kids,friends,gift,play,loved,year,easy,favorite,enjoy,fun,great,daughter,thank,book,playing,game,love,games,loves,grandson,enjoyed,christmas
birthday,ages,family,kids,friends,gift,play,loved,year,easy,favorite,enjoy,fun,great,daughter,thank,book,playing,game,love,games,loves,grandson,enjoyed,christmas
birthday,ages,family,kids,friends,gift,play,loved,year,easy,favorite,enjoy,fun,great,daughter,thank,book,playing,game,love,games,loves,grandson,enjoyed,christmas
birthday,ages,family,kids,friends,gift,play,loved,year,easy,favorite,enjoy,fun,great,daughter,thank,book,playing,game,love,games,loves,grandson,enjoyed,christmas
birthday,ages,family,kids,friends,gift,play,loved,year,easy,favorite,enjoy,fun,great,daughter,thank,book,playing,game,love,games,loves,grandson,enjoyed,christmas
birthday,ages,family,kids,friends,gift,play,loved,year,easy,favorite,enjoy,fun,great,daughter,thank,book,playing,game,love,games,loves,grandson,enjoyed,christmas
birthday,ages,family,kids,friends,gift,play,loved,year,easy,favorite,enjoy,fun,great,daughter,thank,book,playing,game,love,games,loves,grandson,enjoyed,christmas
birthday,ages,family,kids,friends,gift,play,loved,year,easy,favorite,enjoy,fun,great,daughter,thank,book,playing,game,love,games,loves,grandson,enjoyed,christmas
birthday,ages,family,kids,friends,gift,play,loved,year,easy,favorite,enjoy,fun,great,daughter,thank,book,playing,game,love,games,loves,grandson,enjoyed,christmas
birthday,ages,family,kids,friends,gift,play,loved,year,easy,favorite,enjoy,fun,great,daughter,thank,book,playing,game,love,games,loves,grandson,enjoyed,christmas
birthday,ages,family,kids,friends,gift,play,loved,year,easy,favorite,enjoy,fun,great,daughter,thank,book,playing,game,love,games,loves,grandson,enjoyed,christmas
birthday,ages,family,kids,friends,gift,play,loved,year,easy,favorite,enjoy,fun,great,daughter,thank,book,playing,game,love,games,loves,grandson,enjoyed,christmas
birthday,ages,family,kids,friends,gift,play,loved,year,easy,favorite,enjoy,fun,great,daughter,thank,book,playing,game,love,games,loves,grandson,enjoyed,christmas
birthday,ages,family,kids,friends,gift,play,loved,year,easy,favorite,enjoy,fun,great,daughter,thank,book,playing,game,love,games,loves,grandson,enjoyed,christmas
birthday,ages,family,kids,friends,gift,play,loved,year,easy,favorite,enjoy,fun,great,daughter,thank,book,playing,game,love,games,loves,grandson,enjoyed,christmas
birthday,ages,family,kids,friends,gift,play,loved,year,easy,favorite,enjoy,fun,great,daughter,thank,book,playing,game,love,games,loves,grandson,enjoyed,christmas
birthday,ages,family,kids,friends,gift,play,loved,year,easy,favorite,enjoy,fun,great,daughter,thank,book,playing,game,love,games,loves,grandson,enjoyed,christmas
birthday,ages,family,kids,friends,gift,play,loved,year,easy,favorite,enjoy,fun,great,daughter,thank,book,playing,game,love,games,loves,grandson,enjoyed,christmas
birthday,ages,family,kids,friends,gift,play,loved,year,easy,favorite,enjoy,fun,great,daughter,thank,book,playing,game,love,games,loves,grandson,enjoyed,christmas
birthday,ages,family,kids,friends,gift,play,loved,year,easy,favorite,enjoy,fun,great,daughter,thank,book,playing,game,love,games,loves,grandson,enjoyed,christmas
birthday,ages,family,kids,friends,gift,play,loved,year,easy,favorite,enjoy,fun,great,daughter,thank,book,playing,game,love,games,loves,grandson,enjoyed,christmas
birthday,ages,family,kids,friends,gift,play,loved,year,easy,favorite,enjoy,fun,great,daughter,thank,book,playing,game,love,games,loves,grandson,enjoyed,christmas
birthday,ages,family,kids,friends,gift,play,loved,year,easy,favorite,enjoy,fun,great,daughter,thank,book,playing,game,love,games,loves,grandson,enjoyed,christmas
birthday,ages,family,kids,friends,gift,play,loved,year,easy,favorite,enjoy,fun,great,daughter,thank,book,playing,game,love,games,loves,grandson,enjoyed,christmas
birthday,ages,family,kids,friends,gift,play,loved,year,easy,favorite,enjoy,fun,great,daughter,thank,book,playing,game,love,games,loves,grandson,enjoyed,christmas
birthday,ages,family,kids,friends,gift,play,loved,year,easy,favorite,enjoy,fun,great,daughter,thank,book,playing,game,love,games,loves,grandson,enjoyed,christmas
birthday,ages,family,kids,friends,gift,play,loved,year,easy,favorite,enjoy,fun,great,daughter,thank,book,playing,game,love,games,loves,grandson,enjoyed,christmas
birthday,ages,family,kids,friends,gift,play,loved,year,easy,favorite,enjoy,fun,great,daughter,thank,book,playing,game,love,games,loves,grandson,enjoyed,christmas
birthday,ages,family,kids,friends,gift,play,loved,year,easy,favorite,enjoy,fun,great,daughter,thank,book,playing,game,love,games,loves,grandson,enjoyed,christmas
birthday,ages,family,kids,friends,gift,play,loved,year,easy,favorite,enjoy,fun,great,daughter,thank,book,playing,game,love,games,loves,grandson,enjoyed,christmas
birthday,ages,family,kids,friends,gift,play,loved,year,easy,favorite,enjoy,fun,great,daughter,thank,book,playing,game,love,games,loves,grandson,enjoyed,christmas
birthday,ages,family,kids,friends,gift,play,loved,year,easy,favorite,enjoy,fun,great,daughter,thank,book,playing,game,love,games,loves,grandson,enjoyed,christmas
birthday,ages,family,kids,friends,gift,play,loved,year,easy,favorite,enjoy,fun,great,daughter,thank,book,playing,game,love,games,loves,grandson,enjoyed,christmas
birthday,ages,family,kids,friends,gift,play,loved,year,easy,favorite,enjoy,fun,great,daughter,thank,book,playing,game,love,games,loves,grandson,enjoyed,christmas
birthday,ages,family,kids,friends,gift,play,loved,year,easy,favorite,enjoy,fun,great,daughter,thank,book,playing,game,love,games,loves,grandson,enjoyed,christmas
birthday,ages,family,kids,friends,gift,play,loved,year,easy,favorite,enjoy,fun,great,daughter,thank,book,playing,game,love,games,loves,grandson,enjoyed,christmas
birthday,ages,family,kids,friends,gift,play,loved,year,easy,favorite,enjoy,fun,great,daughter,thank,book,playing,game,love,games,loves,grandson,enjoyed,christmas
birthday,ages,family,kids,friends,gift,play,loved,year,easy,favorite,enjoy,fun,great,daughter,thank,book,playing,game,love,games,loves,grandson,enjoyed,christmas
birthday,ages,family,kids,friends,gift,play,loved,year,easy,favorite,enjoy,fun,great,daughter,thank,book,playing,game,love,games,loves,grandson,enjoyed,christmas
birthday,ages,family,kids,friends,gift,play,loved,year,easy,favorite,enjoy,fun,great,daughter,thank,book,playing,game,love,games,loves,grandson,enjoyed,christmas
birthday,ages,family,kids,friends,gift,play,loved,year,easy,favorite,enjoy,fun,great,daughter,thank,book,playing,game,love,games,loves,grandson,enjoyed,christmas
birthday,ages,family,kids,friends,gift,play,loved,year,easy,favorite,enjoy,fun,great,daughter,thank,book,playing,game,love,games,loves,grandson,enjoyed,christmas
birthday,ages,family,kids,friends,gift,play,loved,year,easy,favorite,enjoy,fun,great,daughter,thank,book,playing,game,love,games,loves,grandson,enjoyed,christmas
birthday,ages,family,kids,friends,gift,play,loved,year,easy,favorite,enjoy,fun,great,daughter,thank,book,playing,game,love,games,loves,grandson,enjoyed,christmas
birthday,ages,family,kids,friends,gift,play,loved,year,easy,favorite,enjoy,fun,great,daughter,thank,book,playing,game,love,games,loves,grandson,enjoyed,christmas
birthday,ages,family,kids,friends,gift,play,loved,year,easy,favorite,enjoy,fun,great,daughter,thank,book,playing,game,love,games,loves,grandson,enjoyed,christmas
birthday,ages,family,kids,friends,gift,play,loved,year,easy,favorite,enjoy,fun,great,daughter,thank,book,playing,game,love,games,loves,grandson,enjoyed,christmas
birthday,ages,family,kids,friends,gift,play,loved,year,easy,favorite,enjoy,fun,great,daughter,thank,book,playing,game,love,games,loves,grandson,enjoyed,christmas
birthday,ages,family,kids,friends,gift,play,loved,year,easy,favorite,enjoy,fun,great,daughter,thank,book,playing,game,love,games,loves,grandson,enjoyed,christmas
birthday,ages,family,kids,friends,gift,play,loved,year,easy,favorite,enjoy,fun,great,daughter,thank,book,playing,game,love,games,loves,grandson,enjoyed,christmas
birthday,ages,family,kids,friends,gift,play,loved,year,easy,favorite,enjoy,fun,great,daughter,thank,book,playing,game,love,games,loves,grandson,enjoyed,christmas
birthday,ages,family,kids,friends,gift,play,loved,year,easy,favorite,enjoy,fun,great,daughter,thank,book,playing,game,love,games,loves,grandson,enjoyed,christmas
birthday,ages,family,kids,friends,gift,play,loved,year,easy,favorite,enjoy,fun,great,daughter,thank,book,playing,game,love,games,loves,grandson,enjoyed,christmas
birthday,ages,family,kids,friends,gift,play,loved,year,easy,favorite,enjoy,fun,great,daughter,thank,book,playing,game,love,games,loves,grandson,enjoyed,christmas
birthday,ages,family,kids,friends,gift,play,loved,year,easy,favorite,enjoy,fun,great,daughter,thank,book,playing,game,love,games,loves,grandson,enjoyed,christmas
birthday,ages,family,kids,friends,gift,play,loved,year,easy,favorite,enjoy,fun,great,daughter,thank,book,playing,game,love,games,loves,grandson,enjoyed,christmas
birthday,ages,family,kids,friends,gift,play,loved,year,easy,favorite,enjoy,fun,great,daughter,thank,book,playing,game,love,games,loves,grandson,enjoyed,christmas
birthday,ages,family,kids,friends,gift,play,loved,year,easy,favorite,enjoy,fun,great,daughter,thank,book,playing,game,love,games,loves,grandson,enjoyed,christmas
birthday,ages,family,kids,friends,gift,play,loved,year,easy,favorite,enjoy,fun,great,daughter,thank,book,playing,game,love,games,loves,grandson,enjoyed,christmas
birthday,ages,family,kids,friends,gift,play,loved,year,easy,favorite,enjoy,fun,great,daughter,thank,book,playing,game,love,games,loves,grandson,enjoyed,christmas
birthday,ages,family,kids,friends,gift,play,loved,year,easy,favorite,enjoy,fun,great,daughter,thank,book,playing,game,love,games,loves,grandson,enjoyed,christmas
birthday,ages,family,kids,friends,gift,play,loved,year,easy,favorite,enjoy,fun,great,daughter,thank,book,playing,game,love,games,loves,grandson,enjoyed,christmas
birthday,ages,family,kids,friends,gift,play,loved,year,easy,favorite,enjoy,fun,great,daughter,thank,book,playing,game,love,games,loves,grandson,enjoyed,christmas
birthday,ages,family,kids,friends,gift,play,loved,year,easy,favorite,enjoy,fun,great,daughter,thank,book,playing,game,love,games,loves,grandson,enjoyed,christmas
birthday,ages,family,kids,friends,gift,play,loved,year,easy,favorite,enjoy,fun,great,daughter,thank,book,playing,game,love,games,loves,grandson,enjoyed,christmas
birthday,ages,family,kids,friends,gift,play,loved,year,easy,favorite,enjoy,fun,great,daughter,thank,book,playing,game,love,games,loves,grandson,enjoyed,christmas
birthday,ages,family,kids,friends,gift,play,loved,year,easy,favorite,enjoy,fun,great,daughter,thank,book,playing,game,love,games,loves,grandson,enjoyed,christmas
birthday,ages,family,kids,friends,gift,play,loved,year,easy,favorite,enjoy,fun,great,daughter,thank,book,playing,game,love,games,loves,grandson,enjoyed,christmas
birthday,ages,family,kids,friends,gift,play,loved,year,easy,favorite,enjoy,fun,great,daughter,thank,book,playing,game,love,games,loves,grandson,enjoyed,christmas
birthday,ages,family,kids,friends,gift,play,loved,year,easy,favorite,enjoy,fun,great,daughter,thank,book,playing,game,love,games,loves,grandson,enjoyed,christmas
birthday,ages,family,kids,friends,gift,play,loved,year,easy,favorite,enjoy,fun,great,daughter,thank,book,playing,game,love,games,loves,grandson,enjoyed,christmas
birthday,ages,family,kids,friends,gift,play,loved,year,easy,favorite,enjoy,fun,great,daughter,thank,book,playing,game,love,games,loves,grandson,enjoyed,christmas
birthday,ages,family,kids,friends,gift,play,loved,year,favorite,enjoy,fun,great,daughter,thank,book,playing,played,game,love,games,loves,grandson,enjoyed,christmas
birthday,ages,family,kids,friends,gift,play,loved,year,favorite,enjoy,fun,great,daughter,thank,book,playing,played,game,love,games,loves,grandson,enjoyed,christmas
birthday,ages,family,kids,friends,gift,play,loved,year,favorite,enjoy,fun,great,daughter,thank,book,playing,played,game,love,games,loves,grandson,enjoyed,christmas
birthday,ages,family,kids,friends,gift,play,loved,year,favorite,enjoy,fun,great,daughter,thank,book,playing,played,game,love,games,loves,grandson,enjoyed,christmas
birthday,ages,family,kids,friends,gift,play,loved,year,favorite,enjoy,fun,great,daughter,thank,book,playing,played,game,love,games,loves,grandson,enjoyed,christmas
birthday,ages,family,kids,friends,gift,play,loved,year,favorite,enjoy,fun,great,daughter,thank,book,playing,played,game,love,games,loves,grandson,enjoyed,christmas
birthday,ages,family,kids,friends,gift,play,loved,year,favorite,enjoy,fun,great,daughter,thank,book,playing,played,game,love,games,loves,grandson,enjoyed,christmas
birthday,ages,family,kids,friends,gift,play,loved,year,favorite,enjoy,fun,great,daughter,thank,book,playing,played,game,love,games,loves,grandson,enjoyed,christmas
birthday,ages,family,kids,friends,gift,play,loved,year,favorite,enjoy,fun,great,daughter,thank,book,playing,played,game,love,games,loves,grandson,enjoyed,christmas
birthday,ages,family,kids,friends,gift,play,loved,year,favorite,enjoy,fun,great,daughter,thank,book,playing,played,game,love,games,loves,grandson,enjoyed,christmas
birthday,ages,family,kids,friends,gift,play,loved,year,favorite,enjoy,fun,great,daughter,thank,book,playing,played,game,love,games,loves,grandson,enjoyed,christmas
birthday,ages,family,kids,friends,gift,play,loved,year,favorite,enjoy,fun,great,daughter,thank,book,playing,played,game,love,games,loves,grandson,enjoyed,christmas
birthday,ages,family,kids,friends,gift,play,loved,year,favorite,enjoy,fun,great,daughter,thank,book,playing,played,game,love,games,loves,grandson,enjoyed,christmas
birthday,ages,family,kids,friends,gift,play,loved,year,favorite,enjoy,fun,great,daughter,thank,book,playing,played,game,love,games,loves,grandson,enjoyed,christmas
birthday,ages,family,kids,friends,gift,play,loved,year,favorite,enjoy,fun,great,daughter,thank,book,playing,played,game,love,games,loves,grandson,enjoyed,christmas
birthday,ages,family,kids,friends,gift,play,loved,year,favorite,enjoy,fun,great,daughter,thank,book,playing,played,game,love,games,loves,grandson,enjoyed,christmas
birthday,ages,family,kids,friends,gift,play,loved,year,favorite,enjoy,fun,great,daughter,thank,book,playing,played,game,love,games,loves,grandson,enjoyed,christmas
birthday,ages,family,kids,friends,gift,play,loved,year,favorite,enjoy,fun,great,daughter,thank,book,playing,played,game,love,games,loves,grandson,enjoyed,christmas
birthday,ages,family,kids,friends,gift,play,loved,year,favorite,enjoy,fun,great,daughter,thank,book,playing,played,game,love,games,loves,grandson,enjoyed,christmas
birthday,ages,family,kids,friends,gift,play,loved,year,favorite,enjoy,fun,great,daughter,thank,book,playing,played,game,love,games,loves,grandson,enjoyed,christmas
birthday,ages,family,kids,friends,gift,play,loved,year,favorite,enjoy,fun,great,daughter,thank,book,playing,played,game,love,games,loves,grandson,enjoyed,christmas
birthday,ages,family,kids,friends,gift,play,loved,year,favorite,enjoy,fun,great,daughter,thank,book,playing,played,game,love,games,loves,grandson,enjoyed,christmas
birthday,ages,family,kids,friends,gift,play,loved,year,favorite,enjoy,fun,great,daughter,thank,book,playing,played,game,love,loves,grandson,enjoyed,best,christmas
birthday,ages,family,kids,friends,gift,play,loved,year,favorite,enjoy,fun,great,daughter,thank,book,playing,played,game,love,loves,grandson,enjoyed,best,christmas
birthday,ages,family,kids,friends,gift,play,loved,year,favorite,enjoy,fun,great,daughter,thank,book,playing,played,game,love,loves,grandson,enjoyed,best,christmas
birthday,ages,family,kids,friends,gift,play,loved,year,favorite,enjoy,fun,great,daughter,thank,book,playing,played,game,love,loves,grandson,enjoyed,best,christmas
birthday,ages,family,kids,friends,gift,play,loved,year,favorite,enjoy,fun,great,daughter,thank,book,playing,played,game,love,loves,grandson,enjoyed,best,christmas
birthday,ages,family,kids,friends,gift,play,loved,year,favorite,enjoy,fun,great,daughter,thank,book,playing,played,game,love,loves,grandson,enjoyed,best,christmas
birthday,ages,family,kids,friends,gift,play,loved,year,favorite,enjoy,fun,great,daughter,thank,book,playing,played,game,love,loves,grandson,enjoyed,best,christmas
birthday,ages,family,kids,friends,gift,play,loved,year,favorite,enjoy,fun,great,daughter,thank,book,playing,played,game,love,loves,grandson,enjoyed,best,christmas
birthday,ages,family,kids,friends,gift,play,loved,year,favorite,enjoy,fun,great,daughter,thank,book,playing,played,game,love,loves,grandson,enjoyed,best,christmas
birthday,ages,family,kids,friends,gift,play,loved,year,favorite,enjoy,fun,great,daughter,thank,book,playing,played,game,love,loves,grandson,enjoyed,best,christmas
birthday,ages,family,kids,friends,gift,play,loved,year,favorite,enjoy,fun,great,daughter,thank,book,playing,played,game,love,loves,grandson,enjoyed,best,christmas
birthday,ages,family,kids,friends,gift,play,loved,year,favorite,enjoy,fun,great,daughter,thank,book,playing,played,game,love,loves,grandson,enjoyed,best,christmas
birthday,ages,family,kids,friends,gift,play,loved,year,favorite,enjoy,fun,great,daughter,thank,book,playing,played,game,love,loves,grandson,enjoyed,best,christmas
birthday,ages,family,kids,friends,gift,play,loved,year,favorite,enjoy,fun,great,daughter,thank,book,playing,played,game,love,loves,grandson,enjoyed,best,christmas
birthday,ages,family,kids,friends,gift,play,loved,year,favorite,enjoy,fun,great,daughter,thank,book,playing,played,game,love,loves,grandson,enjoyed,best,christmas
birthday,ages,family,kids,friends,gift,play,loved,year,favorite,enjoy,fun,great,daughter,thank,book,playing,played,game,love,loves,grandson,enjoyed,best,christmas
birthday,ages,family,kids,friends,gift,play,loved,year,favorite,enjoy,fun,great,daughter,thank,book,playing,played,game,love,loves,grandson,enjoyed,best,christmas
birthday,ages,family,kids,friends,gift,play,loved,year,favorite,enjoy,fun,great,daughter,thank,book,playing,played,game,love,loves,grandson,enjoyed,best,christmas
birthday,ages,family,kids,friends,gift,play,loved,year,favorite,enjoy,fun,great,daughter,thank,book,playing,played,game,love,loves,grandson,enjoyed,best,christmas
birthday,ages,family,kids,friends,gift,play,loved,year,favorite,enjoy,fun,great,daughter,thank,book,playing,played,game,love,loves,grandson,enjoyed,best,christmas
birthday,ages,family,kids,friends,gift,play,loved,year,favorite,enjoy,fun,great,daughter,thank,book,playing,played,game,love,loves,grandson,enjoyed,best,christmas
birthday,ages,family,kids,friends,gift,play,loved,year,favorite,enjoy,fun,great,daughter,thank,book,playing,played,game,love,loves,grandson,enjoyed,best,christmas
birthday,ages,family,kids,friends,gift,play,loved,year,favorite,enjoy,fun,great,daughter,thank,book,playing,played,game,love,loves,grandson,enjoyed,best,christmas
birthday,ages,family,kids,friends,gift,play,loved,year,favorite,enjoy,fun,great,daughter,thank,book,playing,played,game,love,loves,grandson,enjoyed,best,christmas
birthday,ages,family,kids,friends,gift,play,loved,year,favorite,enjoy,fun,great,daughter,thank,book,playing,played,game,love,loves,grandson,enjoyed,best,christmas
birthday,ages,family,kids,friends,gift,play,loved,year,favorite,enjoy,fun,great,daughter,thank,book,playing,played,game,love,loves,grandson,enjoyed,best,christmas
birthday,ages,family,kids,friends,gift,play,loved,year,favorite,enjoy,fun,great,daughter,thank,book,playing,played,game,love,loves,grandson,enjoyed,best,christmas
birthday,ages,family,kids,friends,gift,play,loved,year,favorite,enjoy,fun,great,daughter,thank,book,playing,played,game,love,loves,grandson,enjoyed,best,christmas
birthday,ages,family,kids,friends,gift,play,loved,year,favorite,enjoy,fun,great,daughter,thank,book,playing,played,game,love,loves,grandson,enjoyed,best,christmas
birthday,ages,family,kids,friends,gift,play,loved,year,favorite,enjoy,fun,great,daughter,thank,book,playing,played,game,love,loves,grandson,enjoyed,best,christmas
birthday,ages,family,kids,friends,gift,play,loved,year,favorite,enjoy,fun,great,daughter,thank,book,playing,played,game,love,loves,grandson,enjoyed,best,christmas
birthday,ages,family,kids,friends,gift,play,loved,year,favorite,enjoy,fun,great,daughter,thank,book,playing,played,game,love,loves,grandson,enjoyed,best,christmas
birthday,ages,family,kids,friends,gift,play,loved,year,favorite,enjoy,fun,great,daughter,thank,book,playing,played,game,love,loves,grandson,enjoyed,best,christmas
birthday,ages,family,kids,friends,gift,play,loved,year,favorite,enjoy,fun,great,daughter,thank,book,playing,played,game,love,loves,grandson,enjoyed,best,christmas
birthday,ages,family,kids,friends,gift,play,loved,year,favorite,enjoy,fun,great,daughter,thank,book,playing,played,game,love,loves,grandson,enjoyed,best,christmas
birthday,ages,family,kids,friends,gift,play,loved,year,favorite,enjoy,fun,great,daughter,thank,book,playing,played,game,love,loves,grandson,enjoyed,best,christmas
birthday,ages,family,kids,friends,gift,play,loved,year,favorite,enjoy,fun,great,daughter,thank,book,playing,played,game,love,loves,grandson,enjoyed,best,christmas
birthday,ages,family,kids,friends,gift,play,loved,year,favorite,enjoy,fun,great,daughter,thank,book,playing,played,game,love,loves,grandson,enjoyed,best,christmas
birthday,ages,family,kids,friends,gift,play,loved,year,favorite,enjoy,fun,great,daughter,thank,book,playing,played,game,love,loves,grandson,enjoyed,best,christmas
birthday,ages,family,kids,friends,gift,play,loved,year,favorite,enjoy,fun,great,daughter,thank,book,playing,played,game,love,loves,grandson,enjoyed,best,christmas
birthday,ages,family,kids,friends,gift,play,loved,year,favorite,enjoy,fun,great,daughter,thank,book,playing,played,game,love,loves,grandson,enjoyed,best,christmas
birthday,son,ages,family,kids,friends,gift,play,loved,year,favorite,enjoy,fun,great,daughter,thank,book,playing,game,love,loves,grandson,enjoyed,best,christmas
grand,birthday,son,ages,family,kids,friends,gift,play,loved,year,favorite,enjoy,fun,great,daughter,thank,book,playing,game,love,loves,grandson,enjoyed,christmas
grand,birthday,son,ages,family,kids,friends,gift,play,loved,year,favorite,enjoy,fun,great,daughter,thank,book,playing,game,love,loves,grandson,enjoyed,christmas
grand,birthday,son,ages,family,kids,friends,gift,play,loved,year,favorite,enjoy,fun,great,daughter,thank,book,playing,game,love,loves,grandson,enjoyed,christmas
grand,birthday,son,ages,family,kids,friends,gift,play,loved,year,favorite,enjoy,fun,great,daughter,thank,book,playing,game,love,loves,grandson,enjoyed,christmas
grand,birthday,son,ages,family,kids,friends,gift,play,loved,year,favorite,enjoy,fun,great,daughter,thank,book,playing,game,love,loves,grandson,enjoyed,christmas
grand,birthday,son,ages,family,kids,friends,gift,play,loved,year,favorite,enjoy,fun,great,daughter,thank,book,playing,game,love,loves,grandson,enjoyed,christmas
grand,birthday,son,ages,family,kids,friends,gift,play,loved,year,favorite,enjoy,fun,great,daughter,thank,book,playing,game,love,loves,grandson,enjoyed,christmas
grand,birthday,son,ages,family,kids,friends,gift,play,loved,year,favorite,enjoy,fun,great,daughter,thank,book,playing,game,love,loves,grandson,enjoyed,christmas
grand,birthday,son,ages,family,kids,friends,gift,play,loved,year,favorite,enjoy,fun,great,daughter,thank,book,playing,game,love,loves,grandson,enjoyed,christmas
grand,birthday,son,ages,family,kids,friends,gift,play,loved,year,favorite,enjoy,fun,great,daughter,thank,book,playing,game,love,loves,grandson,enjoyed,christmas
grand,birthday,son,ages,family,kids,friends,gift,play,loved,year,favorite,enjoy,fun,great,daughter,thank,book,playing,game,love,loves,grandson,enjoyed,christmas
grand,birthday,son,ages,family,kids,friends,gift,play,loved,year,favorite,enjoy,fun,great,daughter,thank,book,playing,game,love,loves,grandson,enjoyed,christmas
grand,birthday,son,ages,family,kids,friends,gift,play,loved,year,favorite,enjoy,fun,great,daughter,thank,book,playing,game,love,loves,grandson,enjoyed,christmas
grand,birthday,son,ages,family,kids,friends,gift,play,loved,year,favorite,enjoy,fun,great,daughter,thank,book,playing,game,love,loves,grandson,enjoyed,christmas
grand,birthday,son,ages,family,kids,friends,gift,play,loved,year,favorite,enjoy,fun,great,daughter,thank,book,playing,game,love,loves,grandson,enjoyed,christmas
grand,birthday,son,ages,family,kids,friends,gift,play,loved,year,favorite,enjoy,fun,great,daughter,thank,book,playing,game,love,loves,grandson,enjoyed,christmas
grand,birthday,son,ages,family,kids,friends,gift,play,loved,year,favorite,enjoy,fun,great,daughter,thank,book,playing,game,love,loves,grandson,enjoyed,christmas
grand,birthday,son,ages,family,kids,friends,gift,play,loved,year,favorite,enjoy,fun,great,daughter,thank,book,playing,game,love,loves,grandson,enjoyed,christmas
grand,birthday,son,ages,family,kids,friends,gift,play,loved,year,favorite,enjoy,fun,great,daughter,thank,book,playing,game,love,loves,grandson,enjoyed,christmas
grand,birthday,son,ages,family,kids,friends,gift,play,loved,year,favorite,enjoy,fun,great,daughter,thank,book,playing,game,love,loves,grandson,enjoyed,christmas
grand,birthday,son,ages,family,kids,friends,gift,play,loved,year,favorite,enjoy,fun,great,daughter,thank,book,playing,game,love,loves,grandson,enjoyed,christmas
grand,birthday,son,ages,family,kids,friends,gift,play,loved,year,favorite,enjoy,fun,great,daughter,thank,book,playing,game,love,loves,grandson,enjoyed,christmas
grand,birthday,son,ages,family,kids,friends,gift,play,loved,year,favorite,enjoy,fun,great,daughter,thank,book,playing,game,love,loves,grandson,enjoyed,christmas
grand,birthday,son,ages,family,kids,friends,gift,play,loved,year,favorite,enjoy,fun,great,daughter,thank,book,playing,game,love,loves,grandson,enjoyed,christmas
grand,birthday,son,ages,family,kids,friends,gift,play,loved,year,favorite,enjoy,fun,great,daughter,thank,book,playing,game,love,loves,grandson,enjoyed,christmas
grand,birthday,son,ages,family,kids,friends,gift,play,loved,year,favorite,enjoy,fun,great,daughter,thank,book,playing,game,love,loves,grandson,enjoyed,christmas
grand,birthday,son,ages,family,kids,friends,gift,play,loved,year,favorite,enjoy,fun,great,daughter,thank,book,playing,game,love,loves,grandson,enjoyed,christmas
grand,birthday,son,ages,family,kids,friends,gift,play,loved,year,favorite,enjoy,fun,great,daughter,thank,book,playing,game,love,loves,grandson,enjoyed,christmas
grand,birthday,son,ages,family,kids,friends,gift,play,loved,year,favorite,enjoy,fun,great,daughter,thank,book,playing,game,love,loves,grandson,enjoyed,christmas
grand,birthday,son,ages,family,kids,friends,gift,play,loved,year,favorite,enjoy,fun,great,daughter,thank,book,playing,game,love,loves,grandson,enjoyed,christmas
grand,birthday,son,ages,family,kids,friends,gift,play,loved,year,favorite,enjoy,fun,great,daughter,thank,book,playing,game,love,loves,grandson,enjoyed,christmas
grand,birthday,son,ages,family,kids,friends,gift,play,loved,year,favorite,enjoy,fun,great,daughter,thank,book,playing,game,love,loves,grandson,enjoyed,christmas
grand,birthday,son,ages,family,kids,friends,gift,play,loved,year,favorite,enjoy,fun,great,daughter,thank,book,playing,game,love,loves,grandson,enjoyed,christmas
grand,birthday,son,ages,family,kids,friends,gift,play,loved,year,favorite,enjoy,fun,great,daughter,thank,book,playing,game,love,loves,grandson,enjoyed,christmas
grand,birthday,son,ages,family,kids,friends,gift,play,loved,year,favorite,enjoy,fun,great,daughter,thank,book,playing,game,love,loves,grandson,enjoyed,christmas
grand,birthday,son,ages,family,kids,friends,gift,play,loved,year,favorite,enjoy,fun,great,daughter,thank,book,playing,game,love,loves,grandson,enjoyed,christmas
grand,birthday,son,ages,family,kids,friends,gift,play,loved,year,favorite,enjoy,fun,great,daughter,thank,book,playing,game,love,loves,grandson,enjoyed,christmas
grand,birthday,son,ages,family,kids,friends,gift,play,loved,year,favorite,enjoy,fun,great,daughter,thank,book,playing,game,love,loves,grandson,enjoyed,christmas
grand,birthday,son,ages,family,kids,friends,gift,play,loved,year,favorite,enjoy,fun,great,daughter,thank,book,playing,game,love,loves,grandson,enjoyed,christmas
grand,birthday,son,ages,family,kids,friends,gift,play,loved,year,favorite,enjoy,fun,great,daughter,thank,book,playing,game,love,loves,grandson,enjoyed,christmas
grand,birthday,son,ages,family,kids,friends,gift,play,loved,year,favorite,enjoy,fun,great,daughter,thank,book,playing,game,love,loves,grandson,enjoyed,christmas
grand,birthday,son,ages,family,kids,friends,gift,play,loved,year,favorite,enjoy,fun,great,daughter,thank,book,playing,game,love,loves,grandson,enjoyed,christmas
grand,birthday,son,ages,family,kids,friends,gift,play,loved,year,favorite,enjoy,fun,great,daughter,thank,book,playing,game,love,loves,grandson,enjoyed,christmas
grand,birthday,son,ages,family,kids,friends,gift,play,loved,year,favorite,enjoy,fun,great,daughter,thank,book,playing,game,love,loves,grandson,enjoyed,christmas
grand,birthday,son,ages,family,kids,friends,gift,play,loved,year,favorite,enjoy,fun,great,daughter,thank,book,playing,game,love,loves,grandson,enjoyed,christmas
grand,birthday,son,ages,family,kids,friends,gift,play,loved,year,favorite,enjoy,fun,great,daughter,thank,book,playing,game,love,loves,grandson,enjoyed,christmas
grand,birthday,son,ages,family,kids,friends,gift,play,loved,year,favorite,enjoy,fun,great,daughter,thank,book,playing,game,love,loves,grandson,enjoyed,christmas
grand,birthday,son,ages,family,kids,friends,gift,play,loved,year,favorite,enjoy,fun,great,daughter,thank,book,playing,game,love,loves,grandson,enjoyed,christmas
grand,birthday,son,ages,family,kids,friends,gift,play,loved,year,favorite,enjoy,fun,great,daughter,thank,book,playing,game,love,loves,grandson,enjoyed,christmas
grand,birthday,son,ages,family,kids,friends,gift,play,loved,year,favorite,enjoy,fun,great,daughter,thank,book,playing,game,love,loves,grandson,enjoyed,christmas
grand,birthday,son,ages,family,kids,friends,gift,play,loved,year,favorite,enjoy,fun,great,daughter,thank,book,playing,game,love,loves,grandson,enjoyed,christmas
grand,birthday,son,ages,family,kids,friends,gift,play,loved,year,favorite,enjoy,fun,great,daughter,thank,book,playing,game,love,loves,grandson,enjoyed,christmas
grand,birthday,son,ages,family,kids,friends,gift,play,loved,year,favorite,enjoy,fun,great,daughter,thank,book,playing,game,love,loves,grandson,enjoyed,christmas
grand,birthday,son,ages,family,kids,friends,gift,play,loved,year,favorite,enjoy,fun,great,daughter,thank,book,playing,game,love,loves,grandson,enjoyed,christmas
grand,birthday,son,ages,family,kids,friends,gift,play,loved,year,favorite,enjoy,fun,great,daughter,thank,book,playing,game,love,loves,grandson,enjoyed,christmas
grand,birthday,son,ages,family,kids,friends,gift,play,loved,year,favorite,enjoy,fun,great,daughter,thank,book,playing,game,love,loves,grandson,enjoyed,christmas
grand,birthday,son,ages,family,kids,friends,gift,play,loved,year,favorite,enjoy,fun,great,daughter,thank,book,playing,game,love,loves,grandson,enjoyed,christmas
grand,birthday,son,ages,family,kids,friends,gift,play,loved,year,favorite,enjoy,fun,great,daughter,thank,book,playing,game,love,loves,grandson,enjoyed,christmas
grand,birthday,son,ages,family,kids,friends,gift,play,loved,year,favorite,enjoy,fun,great,daughter,thank,book,playing,game,love,loves,grandson,enjoyed,christmas
grand,birthday,son,ages,family,kids,friends,gift,play,loved,year,favorite,enjoy,fun,great,daughter,thank,book,playing,game,love,loves,grandson,enjoyed,christmas
grand,birthday,son,ages,family,kids,friends,gift,play,loved,year,favorite,enjoy,fun,great,daughter,thank,book,playing,game,love,loves,grandson,enjoyed,christmas
grand,birthday,son,ages,family,kids,friends,gift,play,loved,year,favorite,enjoy,fun,great,daughter,thank,book,playing,game,love,loves,grandson,enjoyed,christmas
grand,birthday,son,ages,family,kids,friends,gift,play,loved,year,favorite,enjoy,fun,great,daughter,thank,book,playing,game,love,loves,grandson,enjoyed,christmas
grand,birthday,son,ages,family,kids,friends,gift,play,loved,year,favorite,enjoy,fun,great,daughter,thank,book,playing,game,love,loves,grandson,enjoyed,christmas
grand,birthday,son,ages,family,kids,friends,gift,play,loved,year,favorite,enjoy,fun,great,daughter,thank,book,playing,game,love,loves,grandson,enjoyed,christmas
grand,birthday,son,ages,family,kids,friends,gift,play,loved,year,favorite,enjoy,fun,great,daughter,thank,book,playing,game,love,loves,grandson,enjoyed,christmas
grand,birthday,son,ages,family,kids,friends,gift,play,loved,year,favorite,enjoy,fun,great,daughter,thank,book,playing,game,love,loves,grandson,enjoyed,christmas
grand,birthday,ages,family,kids,friends,gift,play,loved,year,favorite,enjoy,fun,great,daughter,thank,book,playing,awesome,game,love,loves,grandson,enjoyed,christmas
grand,birthday,ages,family,kids,friends,gift,play,loved,year,favorite,enjoy,fun,great,daughter,thank,book,playing,awesome,game,love,loves,grandson,enjoyed,christmas
grand,birthday,ages,family,kids,friends,gift,play,loved,year,favorite,enjoy,fun,great,daughter,thank,book,playing,awesome,game,love,loves,grandson,enjoyed,christmas
grand,birthday,ages,family,kids,friends,gift,play,loved,year,favorite,enjoy,fun,great,daughter,thank,book,playing,awesome,game,love,loves,grandson,enjoyed,christmas
grand,birthday,ages,family,kids,friends,gift,play,loved,year,favorite,enjoy,fun,great,daughter,thank,book,playing,awesome,game,love,loves,grandson,enjoyed,christmas
grand,birthday,ages,family,kids,friends,gift,play,loved,year,favorite,enjoy,fun,great,daughter,thank,book,playing,awesome,game,love,loves,grandson,enjoyed,christmas
grand,birthday,ages,family,kids,friends,gift,play,loved,year,favorite,enjoy,fun,great,daughter,thank,book,playing,awesome,game,love,loves,grandson,enjoyed,christmas
grand,birthday,ages,family,kids,friends,gift,play,loved,year,favorite,enjoy,fun,great,daughter,thank,book,playing,awesome,game,love,loves,grandson,enjoyed,christmas
grand,birthday,ages,family,kids,friends,gift,play,loved,year,favorite,enjoy,fun,great,daughter,thank,book,playing,awesome,game,love,loves,grandson,enjoyed,christmas
grand,birthday,ages,family,kids,friends,gift,play,loved,year,favorite,enjoy,fun,great,daughter,thank,book,playing,awesome,game,love,loves,grandson,enjoyed,christmas
grand,birthday,ages,family,kids,friends,gift,play,loved,year,favorite,enjoy,fun,great,daughter,thank,book,playing,awesome,game,love,loves,grandson,enjoyed,christmas
grand,birthday,ages,family,kids,friends,gift,play,loved,year,favorite,enjoy,fun,great,daughter,thank,book,playing,awesome,game,love,loves,grandson,enjoyed,christmas
birthday,ages,son,family,kids,friends,gift,play,loved,year,favorite,enjoy,fun,great,daughter,thank,book,playing,awesome,game,love,loves,grandson,enjoyed,christmas
birthday,ages,son,family,kids,friends,gift,play,loved,year,favorite,enjoy,fun,great,daughter,thank,book,playing,awesome,game,love,loves,grandson,enjoyed,christmas
birthday,ages,son,family,kids,friends,gift,play,loved,year,favorite,enjoy,fun,great,daughter,thank,book,playing,awesome,game,love,loves,grandson,enjoyed,christmas
birthday,ages,son,family,kids,friends,gift,play,loved,year,favorite,enjoy,fun,great,daughter,thank,book,playing,awesome,game,love,loves,grandson,enjoyed,christmas
birthday,ages,son,family,kids,friends,gift,play,loved,year,favorite,enjoy,fun,great,daughter,thank,book,playing,awesome,game,love,loves,grandson,enjoyed,christmas
birthday,ages,son,family,kids,friends,gift,play,loved,year,favorite,enjoy,fun,great,daughter,thank,book,playing,awesome,game,love,loves,grandson,enjoyed,christmas
birthday,ages,son,family,kids,friends,gift,play,loved,year,favorite,enjoy,fun,great,daughter,thank,book,playing,awesome,game,love,loves,grandson,enjoyed,christmas
birthday,ages,son,family,kids,friends,gift,play,loved,year,favorite,enjoy,fun,great,daughter,thank,book,playing,awesome,game,love,loves,grandson,enjoyed,christmas
birthday,ages,son,family,kids,friends,gift,play,loved,year,favorite,enjoy,fun,great,daughter,thank,book,playing,awesome,game,love,loves,grandson,enjoyed,christmas
birthday,ages,son,family,kids,friends,gift,play,loved,year,favorite,enjoy,fun,great,daughter,thank,book,playing,awesome,game,love,loves,grandson,enjoyed,christmas
birthday,ages,son,family,kids,friends,gift,play,loved,year,favorite,enjoy,fun,great,daughter,thank,book,playing,awesome,game,love,loves,grandson,enjoyed,christmas
birthday,ages,son,family,kids,friends,gift,play,loved,year,favorite,enjoy,fun,great,daughter,thank,book,playing,awesome,game,love,loves,grandson,enjoyed,christmas
birthday,ages,son,family,kids,friends,gift,play,loved,year,favorite,enjoy,fun,great,daughter,thank,book,playing,awesome,game,love,loves,grandson,enjoyed,christmas
birthday,ages,son,family,kids,friends,gift,play,loved,year,favorite,enjoy,fun,great,daughter,thank,book,playing,awesome,game,love,loves,grandson,enjoyed,christmas
birthday,ages,son,family,kids,friends,gift,play,loved,year,favorite,enjoy,fun,great,daughter,thank,book,playing,awesome,game,love,loves,grandson,enjoyed,christmas
birthday,ages,son,family,kids,friends,gift,play,loved,year,favorite,enjoy,fun,great,daughter,thank,book,playing,awesome,game,love,loves,grandson,enjoyed,christmas
birthday,ages,son,family,kids,friends,gift,play,loved,year,favorite,enjoy,fun,great,daughter,thank,book,playing,awesome,game,love,loves,grandson,enjoyed,christmas
birthday,ages,son,family,kids,friends,gift,play,loved,year,favorite,enjoy,fun,great,daughter,thank,book,playing,awesome,game,love,loves,grandson,enjoyed,christmas
birthday,ages,son,family,kids,friends,gift,play,loved,year,favorite,enjoy,fun,great,daughter,thank,book,playing,awesome,game,love,loves,grandson,enjoyed,christmas
birthday,ages,son,family,kids,friends,gift,play,loved,year,favorite,enjoy,fun,great,daughter,thank,book,playing,awesome,game,love,loves,grandson,enjoyed,christmas
birthday,ages,son,family,kids,friends,gift,play,loved,year,favorite,enjoy,fun,great,daughter,thank,book,playing,awesome,game,love,loves,grandson,enjoyed,christmas
birthday,ages,son,family,kids,friends,gift,play,loved,year,favorite,enjoy,fun,great,daughter,thank,book,playing,awesome,game,love,loves,grandson,enjoyed,christmas
birthday,ages,son,family,kids,friends,gift,play,loved,year,favorite,enjoy,fun,great,daughter,thank,book,playing,awesome,game,love,loves,grandson,enjoyed,christmas
birthday,ages,son,family,kids,friends,gift,play,loved,year,favorite,enjoy,fun,great,daughter,thank,book,playing,awesome,game,love,loves,grandson,enjoyed,christmas
birthday,ages,son,family,kids,friends,gift,play,loved,year,favorite,enjoy,fun,great,daughter,thank,book,playing,awesome,game,love,loves,grandson,enjoyed,christmas
birthday,ages,son,family,kids,friends,gift,play,loved,year,favorite,enjoy,fun,great,daughter,thank,book,playing,awesome,game,love,loves,grandson,enjoyed,christmas
birthday,ages,son,family,kids,friends,gift,play,loved,year,favorite,enjoy,fun,great,daughter,thank,book,playing,awesome,game,love,loves,grandson,enjoyed,christmas
birthday,ages,son,family,kids,friends,gift,play,loved,year,favorite,enjoy,fun,great,daughter,thank,book,playing,awesome,game,love,loves,grandson,enjoyed,christmas
birthday,ages,son,family,kids,friends,gift,play,loved,year,favorite,enjoy,fun,great,daughter,thank,book,playing,awesome,game,love,loves,grandson,enjoyed,christmas
birthday,ages,son,family,kids,friends,gift,play,loved,year,favorite,enjoy,fun,great,daughter,thank,book,playing,awesome,game,love,loves,grandson,enjoyed,christmas
birthday,ages,son,family,kids,friends,gift,play,loved,year,favorite,enjoy,fun,great,daughter,thank,book,playing,awesome,game,love,loves,grandson,enjoyed,christmas
birthday,ages,son,family,kids,friends,gift,play,loved,year,favorite,enjoy,fun,great,daughter,thank,book,playing,awesome,game,love,loves,grandson,enjoyed,christmas
birthday,ages,son,family,kids,friends,gift,play,loved,year,favorite,enjoy,fun,great,daughter,thank,book,playing,awesome,game,love,loves,grandson,enjoyed,christmas
birthday,ages,son,family,kids,friends,gift,play,loved,year,favorite,enjoy,fun,great,daughter,thank,book,playing,awesome,game,love,loves,grandson,enjoyed,christmas
birthday,ages,son,family,kids,friends,gift,play,loved,year,favorite,enjoy,fun,great,daughter,thank,book,playing,awesome,game,love,loves,grandson,enjoyed,christmas
birthday,ages,son,family,kids,friends,gift,play,loved,year,favorite,enjoy,fun,great,daughter,thank,book,playing,awesome,game,love,loves,grandson,enjoyed,christmas
birthday,ages,son,family,kids,friends,gift,play,loved,year,favorite,enjoy,fun,great,daughter,thank,book,playing,awesome,game,love,loves,grandson,enjoyed,christmas
birthday,ages,son,family,kids,friends,gift,play,loved,year,favorite,enjoy,fun,great,daughter,thank,book,playing,awesome,game,love,loves,grandson,enjoyed,christmas
birthday,ages,son,family,kids,friends,gift,play,loved,year,favorite,enjoy,fun,great,daughter,thank,book,playing,awesome,game,love,loves,grandson,enjoyed,christmas
birthday,ages,son,family,kids,friends,gift,play,loved,year,favorite,enjoy,fun,great,daughter,thank,book,playing,awesome,game,love,loves,grandson,enjoyed,christmas
birthday,ages,son,family,kids,friends,gift,play,loved,year,favorite,enjoy,fun,great,daughter,thank,book,playing,awesome,game,love,loves,grandson,enjoyed,christmas
birthday,ages,son,family,kids,friends,gift,play,loved,year,favorite,enjoy,fun,great,daughter,thank,book,playing,awesome,game,love,loves,grandson,enjoyed,christmas
birthday,ages,son,family,kids,friends,gift,play,loved,year,favorite,enjoy,fun,great,daughter,thank,book,playing,awesome,game,love,loves,grandson,enjoyed,christmas
birthday,ages,son,family,kids,friends,gift,play,loved,year,favorite,enjoy,fun,great,daughter,thank,book,playing,awesome,game,love,loves,grandson,enjoyed,christmas
birthday,ages,son,family,kids,friends,gift,play,loved,year,favorite,enjoy,fun,great,daughter,thank,book,playing,awesome,game,love,loves,grandson,enjoyed,christmas
birthday,ages,son,family,kids,friends,gift,play,loved,year,favorite,enjoy,fun,great,daughter,thank,book,playing,awesome,game,love,loves,grandson,enjoyed,christmas
birthday,ages,son,family,kids,friends,gift,play,loved,year,favorite,enjoy,fun,great,daughter,thank,book,playing,awesome,game,love,loves,grandson,enjoyed,christmas
birthday,ages,son,family,kids,friends,gift,play,loved,year,favorite,enjoy,fun,great,daughter,thank,book,playing,awesome,game,love,loves,grandson,enjoyed,christmas
birthday,ages,son,family,kids,friends,gift,play,loved,year,favorite,enjoy,fun,great,daughter,thank,book,playing,awesome,game,love,loves,grandson,enjoyed,christmas
birthday,ages,son,family,kids,friends,gift,play,loved,year,favorite,enjoy,fun,great,daughter,thank,book,playing,awesome,game,love,loves,grandson,enjoyed,christmas
birthday,ages,son,family,kids,friends,gift,play,loved,year,favorite,enjoy,fun,great,daughter,thank,book,playing,awesome,game,love,loves,grandson,enjoyed,christmas
birthday,ages,son,family,kids,friends,gift,play,loved,year,favorite,enjoy,fun,great,daughter,thank,book,playing,awesome,game,love,loves,grandson,enjoyed,christmas
birthday,ages,son,family,kids,friends,gift,play,loved,year,favorite,enjoy,fun,great,daughter,thank,book,playing,awesome,game,love,loves,grandson,enjoyed,christmas
birthday,ages,son,family,kids,friends,gift,play,loved,year,favorite,enjoy,fun,great,daughter,thank,book,playing,awesome,game,love,loves,grandson,enjoyed,christmas
birthday,ages,son,family,kids,friends,gift,play,loved,year,favorite,enjoy,fun,great,daughter,thank,book,playing,awesome,game,love,loves,grandson,enjoyed,christmas
birthday,ages,son,family,kids,friends,gift,play,loved,year,favorite,enjoy,fun,great,daughter,thank,book,playing,awesome,game,love,loves,grandson,enjoyed,christmas
birthday,ages,son,family,kids,friends,gift,play,loved,year,favorite,enjoy,fun,great,daughter,thank,book,playing,awesome,game,love,loves,grandson,enjoyed,christmas
birthday,ages,son,family,kids,friends,gift,play,loved,year,favorite,enjoy,fun,great,daughter,thank,book,playing,awesome,game,love,loves,grandson,enjoyed,christmas
birthday,ages,son,family,kids,friends,gift,play,loved,year,favorite,enjoy,fun,great,daughter,thank,book,playing,awesome,game,love,loves,grandson,enjoyed,christmas
birthday,ages,son,family,kids,friends,gift,play,loved,year,favorite,enjoy,fun,great,daughter,thank,book,playing,awesome,game,love,loves,grandson,enjoyed,christmas
birthday,ages,son,family,kids,friends,gift,play,loved,year,favorite,enjoy,fun,great,daughter,thank,book,playing,awesome,game,love,loves,grandson,enjoyed,christmas
birthday,ages,son,family,kids,friends,gift,play,loved,year,favorite,enjoy,fun,great,daughter,thank,book,playing,awesome,game,love,loves,grandson,enjoyed,christmas
birthday,ages,son,family,kids,friends,gift,play,loved,year,favorite,enjoy,fun,great,daughter,thank,book,playing,awesome,game,love,loves,grandson,enjoyed,christmas
birthday,ages,son,family,kids,friends,gift,play,loved,year,favorite,enjoy,fun,great,daughter,thank,book,playing,awesome,game,love,loves,grandson,enjoyed,christmas
birthday,ages,son,family,kids,friends,gift,play,loved,year,favorite,enjoy,fun,great,daughter,thank,book,playing,awesome,game,love,loves,grandson,enjoyed,christmas
birthday,ages,son,family,kids,friends,gift,play,loved,year,favorite,enjoy,fun,great,daughter,thank,book,playing,awesome,game,love,loves,grandson,enjoyed,christmas
birthday,ages,son,family,kids,friends,gift,play,loved,year,favorite,enjoy,fun,great,daughter,thank,book,playing,awesome,game,love,loves,grandson,enjoyed,christmas
birthday,ages,son,family,kids,friends,gift,play,loved,year,favorite,enjoy,fun,great,daughter,thank,book,playing,awesome,game,love,loves,grandson,enjoyed,christmas
grand,birthday,ages,son,family,kids,friends,gift,play,loved,year,favorite,enjoy,fun,great,daughter,thank,book,playing,game,love,loves,grandson,enjoyed,christmas
grand,birthday,ages,son,family,kids,friends,gift,play,loved,year,favorite,enjoy,fun,great,daughter,thank,book,playing,game,love,loves,grandson,enjoyed,christmas
grand,birthday,ages,son,family,kids,friends,gift,play,loved,year,favorite,enjoy,fun,great,daughter,thank,book,playing,game,love,loves,grandson,enjoyed,christmas
grand,birthday,ages,son,family,kids,friends,gift,play,loved,year,favorite,enjoy,fun,great,daughter,thank,book,playing,game,love,loves,grandson,enjoyed,christmas
grand,birthday,ages,son,family,kids,friends,gift,play,loved,year,favorite,enjoy,fun,great,daughter,thank,book,playing,game,love,loves,grandson,enjoyed,christmas
grand,birthday,ages,family,kids,friends,gift,play,loved,year,favorite,enjoy,fun,great,daughter,thank,book,playing,game,love,games,loves,grandson,enjoyed,christmas
grand,birthday,ages,family,kids,friends,gift,play,loved,year,favorite,enjoy,fun,great,daughter,thank,book,playing,game,love,games,loves,grandson,enjoyed,christmas
grand,birthday,ages,family,kids,friends,gift,play,loved,year,favorite,enjoy,fun,great,daughter,thank,book,playing,game,love,games,loves,grandson,enjoyed,christmas
grand,birthday,ages,family,kids,friends,gift,play,loved,year,favorite,enjoy,fun,great,daughter,thank,book,playing,game,love,games,loves,grandson,enjoyed,christmas
grand,birthday,ages,family,kids,friends,gift,play,loved,year,favorite,enjoy,fun,great,daughter,thank,book,playing,game,love,games,loves,grandson,enjoyed,christmas
grand,birthday,ages,family,kids,friends,gift,play,loved,year,favorite,enjoy,fun,great,daughter,thank,book,playing,game,love,games,loves,grandson,enjoyed,christmas
grand,birthday,ages,family,kids,friends,gift,play,loved,year,favorite,enjoy,fun,great,daughter,thank,book,playing,game,love,games,loves,grandson,enjoyed,christmas
grand,birthday,ages,family,kids,friends,gift,play,loved,year,favorite,enjoy,fun,great,daughter,thank,book,playing,game,love,games,loves,grandson,enjoyed,christmas
grand,birthday,ages,family,kids,friends,gift,play,loved,year,favorite,enjoy,fun,great,daughter,thank,book,playing,game,love,games,loves,grandson,enjoyed,christmas
grand,birthday,ages,family,kids,friends,gift,play,loved,year,favorite,enjoy,fun,great,daughter,thank,book,playing,game,love,games,loves,grandson,enjoyed,christmas
grand,birthday,ages,family,kids,friends,gift,play,loved,year,favorite,enjoy,fun,great,daughter,thank,book,playing,game,love,games,loves,grandson,enjoyed,christmas
grand,birthday,ages,family,kids,friends,gift,play,loved,year,favorite,enjoy,fun,great,daughter,thank,book,playing,game,love,games,loves,grandson,enjoyed,christmas
grand,birthday,ages,family,kids,friends,gift,play,loved,year,favorite,enjoy,fun,great,daughter,thank,book,playing,game,love,games,loves,grandson,enjoyed,christmas
grand,birthday,ages,family,kids,friends,gift,play,loved,year,favorite,enjoy,fun,great,daughter,thank,book,playing,game,love,games,loves,grandson,enjoyed,christmas
grand,birthday,ages,family,kids,friends,gift,play,loved,year,favorite,enjoy,fun,great,daughter,thank,book,playing,game,love,games,loves,grandson,enjoyed,christmas
grand,birthday,ages,family,kids,friends,gift,play,loved,year,favorite,enjoy,fun,great,daughter,thank,book,playing,game,love,games,loves,grandson,enjoyed,christmas
grand,birthday,ages,family,kids,friends,gift,play,loved,year,favorite,enjoy,fun,great,daughter,thank,book,playing,game,love,games,loves,grandson,enjoyed,christmas
grand,birthday,ages,family,kids,friends,gift,play,loved,year,favorite,enjoy,fun,great,daughter,thank,book,playing,game,love,games,loves,grandson,enjoyed,christmas
grand,birthday,ages,family,kids,friends,gift,play,loved,year,favorite,enjoy,fun,great,daughter,thank,book,playing,game,love,games,loves,grandson,enjoyed,christmas
birthday,ages,family,kids,friends,gift,play,loved,year,favorite,enjoy,fun,great,daughter,thank,book,playing,awesome,game,love,games,loves,grandson,enjoyed,christmas
birthday,ages,family,kids,friends,gift,play,loved,year,favorite,enjoy,fun,great,daughter,thank,book,playing,awesome,game,love,games,loves,grandson,enjoyed,christmas
birthday,ages,family,kids,friends,gift,play,loved,year,favorite,enjoy,fun,great,daughter,thank,book,playing,awesome,game,love,games,loves,grandson,enjoyed,christmas
birthday,ages,family,kids,friends,gift,play,loved,year,favorite,enjoy,fun,great,daughter,thank,book,playing,awesome,game,love,games,loves,grandson,enjoyed,christmas
birthday,ages,family,kids,friends,gift,play,loved,year,favorite,enjoy,fun,great,daughter,thank,book,playing,awesome,game,love,games,loves,grandson,enjoyed,christmas
birthday,ages,family,kids,friends,gift,play,loved,year,favorite,enjoy,fun,great,daughter,thank,book,playing,awesome,game,love,games,loves,grandson,enjoyed,christmas
birthday,ages,family,kids,friends,gift,play,loved,year,favorite,enjoy,fun,great,daughter,thank,book,playing,awesome,game,love,games,loves,grandson,enjoyed,christmas
birthday,ages,family,kids,friends,gift,play,loved,year,favorite,enjoy,fun,great,daughter,thank,book,playing,awesome,game,love,games,loves,grandson,enjoyed,christmas
birthday,ages,family,kids,friends,gift,play,loved,year,favorite,enjoy,fun,great,daughter,thank,book,playing,awesome,game,love,games,loves,grandson,enjoyed,christmas
birthday,ages,family,kids,friends,gift,play,loved,year,favorite,enjoy,fun,great,daughter,thank,book,playing,awesome,game,love,games,loves,grandson,enjoyed,christmas
birthday,ages,family,kids,friends,gift,play,loved,year,favorite,enjoy,fun,great,daughter,thank,book,playing,awesome,game,love,games,loves,grandson,enjoyed,christmas
birthday,ages,family,kids,friends,gift,play,loved,year,favorite,enjoy,fun,great,daughter,thank,book,playing,awesome,game,love,games,loves,grandson,enjoyed,christmas
birthday,ages,family,kids,friends,gift,play,loved,year,favorite,enjoy,fun,great,daughter,thank,book,playing,awesome,game,love,games,loves,grandson,enjoyed,christmas
birthday,ages,family,kids,friends,gift,play,loved,year,favorite,enjoy,fun,great,daughter,thank,book,playing,awesome,game,love,games,loves,grandson,enjoyed,christmas
birthday,ages,family,kids,friends,gift,play,loved,year,favorite,enjoy,fun,great,daughter,thank,book,playing,awesome,game,love,games,loves,grandson,enjoyed,christmas
birthday,ages,family,kids,friends,gift,play,loved,year,favorite,enjoy,fun,great,daughter,thank,book,playing,awesome,game,love,games,loves,grandson,enjoyed,christmas
birthday,ages,family,kids,friends,gift,play,loved,year,favorite,enjoy,fun,great,daughter,thank,book,playing,awesome,game,love,games,loves,grandson,enjoyed,christmas
birthday,ages,family,kids,friends,gift,play,loved,year,favorite,enjoy,fun,great,daughter,thank,book,playing,awesome,game,love,games,loves,grandson,enjoyed,christmas
birthday,ages,family,kids,friends,gift,play,loved,year,favorite,enjoy,fun,great,daughter,thank,book,playing,awesome,game,love,games,loves,grandson,enjoyed,christmas
birthday,ages,family,kids,friends,gift,play,loved,year,favorite,enjoy,fun,great,daughter,thank,book,playing,awesome,game,love,games,loves,grandson,enjoyed,christmas
birthday,ages,family,kids,friends,gift,play,loved,year,favorite,enjoy,fun,great,daughter,thank,book,playing,awesome,game,love,games,loves,grandson,enjoyed,christmas
birthday,ages,family,kids,friends,gift,play,loved,year,favorite,enjoy,fun,great,daughter,thank,book,playing,awesome,game,love,games,loves,grandson,enjoyed,christmas
birthday,ages,family,kids,friends,gift,play,loved,year,favorite,enjoy,fun,great,daughter,thank,book,playing,awesome,game,love,games,loves,grandson,enjoyed,christmas
birthday,ages,family,kids,friends,gift,play,loved,year,favorite,enjoy,fun,great,daughter,thank,book,playing,awesome,game,love,games,loves,grandson,enjoyed,christmas
birthday,ages,family,kids,friends,gift,play,loved,year,favorite,enjoy,fun,great,daughter,thank,book,playing,awesome,game,love,games,loves,grandson,enjoyed,christmas
birthday,ages,family,kids,friends,gift,play,loved,year,favorite,enjoy,fun,great,daughter,thank,book,playing,awesome,game,love,games,loves,grandson,enjoyed,christmas
birthday,ages,family,kids,friends,gift,play,loved,year,favorite,enjoy,fun,great,daughter,thank,book,playing,awesome,game,love,games,loves,grandson,enjoyed,christmas
birthday,ages,family,kids,friends,gift,play,loved,year,favorite,enjoy,fun,great,daughter,thank,book,playing,awesome,game,love,games,loves,grandson,enjoyed,christmas
birthday,ages,family,kids,friends,gift,play,loved,year,favorite,enjoy,fun,great,daughter,thank,book,playing,awesome,game,love,games,loves,grandson,enjoyed,christmas
birthday,ages,family,kids,friends,gift,play,loved,year,favorite,enjoy,fun,great,daughter,thank,book,playing,awesome,game,love,games,loves,grandson,enjoyed,christmas
birthday,ages,family,kids,friends,gift,play,loved,year,favorite,enjoy,fun,great,daughter,thank,book,playing,awesome,game,love,games,loves,grandson,enjoyed,christmas
birthday,ages,family,kids,friends,gift,play,loved,year,favorite,enjoy,fun,great,daughter,thank,book,playing,awesome,game,love,games,loves,grandson,enjoyed,christmas
birthday,ages,family,kids,friends,gift,play,loved,year,favorite,enjoy,fun,great,daughter,thank,book,playing,awesome,game,love,games,loves,grandson,enjoyed,christmas
birthday,ages,family,kids,friends,gift,play,loved,year,favorite,enjoy,fun,great,daughter,thank,book,playing,awesome,game,love,games,loves,grandson,enjoyed,christmas
birthday,ages,family,kids,friends,gift,play,loved,year,favorite,enjoy,fun,great,daughter,thank,book,playing,awesome,game,love,games,loves,grandson,enjoyed,christmas
birthday,ages,family,kids,friends,gift,play,loved,year,favorite,enjoy,fun,great,daughter,thank,book,playing,awesome,game,love,games,loves,grandson,enjoyed,christmas
birthday,ages,family,kids,friends,gift,play,loved,year,favorite,enjoy,fun,great,daughter,thank,book,playing,awesome,game,love,games,loves,grandson,enjoyed,christmas
birthday,ages,family,kids,friends,gift,play,loved,year,favorite,enjoy,fun,great,daughter,thank,book,playing,awesome,game,love,games,loves,grandson,enjoyed,christmas
birthday,ages,family,kids,friends,gift,play,loved,year,favorite,enjoy,fun,great,daughter,thank,book,playing,awesome,game,love,games,loves,grandson,enjoyed,christmas
birthday,ages,family,kids,friends,gift,play,loved,year,favorite,enjoy,fun,great,daughter,thank,book,playing,awesome,game,love,games,loves,grandson,enjoyed,christmas
birthday,ages,family,kids,friends,gift,play,loved,year,favorite,enjoy,fun,great,daughter,thank,book,playing,awesome,game,love,games,loves,grandson,enjoyed,christmas
birthday,ages,family,kids,friends,gift,play,loved,year,favorite,enjoy,fun,great,daughter,thank,book,playing,awesome,game,love,games,loves,grandson,enjoyed,christmas
birthday,ages,family,kids,friends,gift,play,loved,year,favorite,enjoy,fun,great,daughter,thank,book,playing,awesome,game,love,games,loves,grandson,enjoyed,christmas
birthday,ages,family,kids,friends,gift,play,loved,year,favorite,enjoy,fun,great,daughter,thank,book,playing,awesome,game,love,games,loves,grandson,enjoyed,christmas
birthday,ages,family,kids,friends,gift,play,loved,year,favorite,enjoy,fun,great,daughter,thank,book,playing,awesome,game,love,games,loves,grandson,enjoyed,christmas
birthday,ages,family,kids,friends,gift,play,loved,year,favorite,enjoy,fun,great,daughter,thank,book,playing,awesome,game,love,games,loves,grandson,enjoyed,christmas
birthday,ages,family,kids,friends,gift,play,loved,year,favorite,enjoy,fun,great,daughter,thank,book,playing,awesome,game,love,games,loves,grandson,enjoyed,christmas
birthday,ages,family,kids,friends,gift,play,loved,year,favorite,enjoy,fun,great,daughter,thank,book,playing,awesome,game,love,games,loves,grandson,enjoyed,christmas
birthday,ages,family,kids,friends,gift,play,loved,year,favorite,enjoy,fun,great,daughter,thank,book,playing,awesome,game,love,games,loves,grandson,enjoyed,christmas
birthday,ages,family,kids,friends,gift,play,loved,year,favorite,enjoy,fun,great,daughter,thank,book,playing,awesome,game,love,games,loves,grandson,enjoyed,christmas
birthday,ages,family,kids,friends,gift,play,loved,year,favorite,enjoy,fun,great,daughter,thank,book,playing,awesome,game,love,games,loves,grandson,enjoyed,christmas
birthday,ages,family,kids,friends,gift,play,loved,year,favorite,enjoy,fun,great,daughter,thank,book,playing,awesome,game,love,games,loves,grandson,enjoyed,christmas
birthday,ages,family,kids,friends,gift,play,loved,year,favorite,enjoy,fun,great,daughter,thank,book,playing,awesome,game,love,games,loves,grandson,enjoyed,christmas
birthday,ages,family,kids,friends,gift,play,loved,year,favorite,enjoy,fun,great,daughter,thank,book,playing,awesome,game,love,games,loves,grandson,enjoyed,christmas
birthday,ages,family,kids,friends,gift,play,loved,year,favorite,enjoy,fun,great,daughter,thank,book,playing,awesome,game,love,games,loves,grandson,enjoyed,christmas
birthday,ages,family,kids,friends,gift,play,loved,year,favorite,enjoy,fun,great,daughter,thank,book,playing,awesome,game,love,games,loves,grandson,enjoyed,christmas
birthday,ages,family,kids,friends,gift,play,loved,year,favorite,enjoy,fun,great,daughter,thank,book,playing,awesome,game,love,games,loves,grandson,enjoyed,christmas
birthday,ages,family,kids,friends,gift,play,loved,year,favorite,enjoy,fun,great,daughter,thank,book,playing,awesome,game,love,games,loves,grandson,enjoyed,christmas
birthday,ages,family,kids,friends,gift,play,loved,year,favorite,enjoy,fun,great,daughter,thank,book,playing,awesome,game,love,games,loves,grandson,enjoyed,christmas
birthday,ages,family,kids,friends,gift,play,loved,year,favorite,enjoy,fun,great,daughter,thank,book,playing,awesome,game,love,games,loves,grandson,enjoyed,christmas
birthday,ages,family,kids,friends,gift,play,loved,year,favorite,enjoy,fun,great,daughter,thank,book,playing,awesome,game,love,games,loves,grandson,enjoyed,christmas
birthday,ages,family,kids,friends,gift,play,loved,year,favorite,enjoy,fun,great,daughter,thank,book,playing,awesome,game,love,games,loves,grandson,enjoyed,christmas
birthday,ages,family,kids,friends,gift,play,loved,year,favorite,enjoy,fun,great,daughter,thank,book,playing,awesome,game,love,games,loves,grandson,enjoyed,christmas
birthday,ages,family,kids,friends,gift,play,loved,year,favorite,enjoy,fun,great,daughter,thank,book,playing,awesome,game,love,games,loves,grandson,enjoyed,christmas
birthday,ages,family,kids,friends,gift,play,loved,year,favorite,enjoy,fun,great,daughter,thank,book,playing,awesome,game,love,games,loves,grandson,enjoyed,christmas
birthday,ages,family,kids,friends,gift,play,loved,year,favorite,enjoy,fun,great,daughter,thank,book,playing,awesome,game,love,games,loves,grandson,enjoyed,christmas
birthday,ages,family,kids,friends,gift,play,loved,year,favorite,enjoy,fun,great,daughter,thank,book,playing,awesome,game,love,games,loves,grandson,enjoyed,christmas
birthday,ages,family,kids,friends,gift,play,loved,year,favorite,enjoy,fun,great,daughter,thank,book,playing,awesome,game,love,games,loves,grandson,enjoyed,christmas
birthday,ages,family,kids,friends,gift,play,loved,year,favorite,enjoy,fun,great,daughter,thank,book,playing,awesome,game,love,games,loves,grandson,enjoyed,christmas
birthday,ages,family,kids,friends,gift,play,loved,year,favorite,enjoy,fun,great,daughter,thank,book,playing,awesome,game,love,games,loves,grandson,enjoyed,christmas
birthday,ages,family,kids,friends,gift,play,loved,year,favorite,enjoy,fun,great,daughter,thank,book,playing,awesome,game,love,games,loves,grandson,enjoyed,christmas
birthday,ages,family,kids,friends,gift,play,loved,year,favorite,enjoy,fun,great,daughter,thank,book,playing,awesome,game,love,games,loves,grandson,enjoyed,christmas
birthday,ages,family,kids,friends,gift,play,loved,year,favorite,enjoy,fun,great,daughter,thank,book,playing,awesome,game,love,games,loves,grandson,enjoyed,christmas
birthday,ages,family,kids,friends,gift,play,loved,year,favorite,enjoy,fun,great,daughter,thank,book,playing,awesome,game,love,games,loves,grandson,enjoyed,christmas
birthday,ages,family,kids,friends,gift,play,loved,year,favorite,enjoy,fun,great,daughter,thank,book,playing,awesome,game,love,games,loves,grandson,enjoyed,christmas
birthday,ages,family,kids,friends,gift,play,loved,year,favorite,enjoy,fun,great,daughter,thank,book,playing,awesome,game,love,games,loves,grandson,enjoyed,christmas
birthday,ages,family,kids,friends,gift,play,loved,year,favorite,enjoy,fun,great,daughter,thank,book,playing,awesome,game,love,games,loves,grandson,enjoyed,christmas
birthday,ages,family,kids,friends,gift,play,loved,year,favorite,enjoy,fun,great,daughter,thank,book,playing,awesome,game,love,games,loves,grandson,enjoyed,christmas
birthday,ages,family,kids,friends,gift,play,loved,year,favorite,enjoy,fun,great,daughter,thank,book,playing,awesome,game,love,games,loves,grandson,enjoyed,christmas
birthday,ages,family,kids,friends,gift,play,loved,year,favorite,enjoy,fun,great,daughter,thank,book,playing,awesome,game,love,games,loves,grandson,enjoyed,christmas
birthday,ages,family,kids,friends,gift,play,loved,year,favorite,enjoy,fun,great,daughter,thank,book,playing,awesome,game,love,games,loves,grandson,enjoyed,christmas
birthday,ages,family,kids,friends,gift,play,loved,year,favorite,enjoy,fun,great,daughter,thank,book,playing,awesome,game,love,games,loves,grandson,enjoyed,christmas
birthday,ages,family,kids,friends,gift,play,loved,year,favorite,enjoy,fun,great,daughter,thank,book,playing,awesome,game,love,games,loves,grandson,enjoyed,christmas
birthday,ages,family,kids,friends,gift,play,loved,year,favorite,enjoy,fun,great,daughter,thank,book,playing,awesome,game,love,games,loves,grandson,enjoyed,christmas
birthday,ages,family,kids,friends,gift,play,loved,year,favorite,enjoy,fun,great,daughter,thank,book,playing,awesome,game,love,games,loves,grandson,enjoyed,christmas
birthday,ages,family,kids,friends,gift,play,loved,year,favorite,enjoy,fun,great,daughter,thank,book,playing,awesome,game,love,games,loves,grandson,enjoyed,christmas
birthday,ages,family,kids,friends,gift,play,loved,year,favorite,enjoy,fun,great,daughter,thank,book,playing,awesome,game,love,games,loves,grandson,enjoyed,christmas
birthday,ages,family,kids,friends,gift,play,loved,year,favorite,enjoy,fun,great,daughter,thank,book,playing,awesome,game,love,games,loves,grandson,enjoyed,christmas
birthday,ages,family,kids,friends,gift,play,loved,year,favorite,enjoy,fun,great,daughter,thank,book,playing,awesome,game,love,games,loves,grandson,enjoyed,christmas
birthday,ages,family,kids,friends,gift,play,loved,year,favorite,enjoy,fun,great,daughter,thank,book,playing,awesome,game,love,games,loves,grandson,enjoyed,christmas
birthday,ages,family,kids,friends,gift,play,loved,year,favorite,enjoy,fun,great,daughter,thank,book,playing,awesome,game,love,games,loves,grandson,enjoyed,christmas
birthday,ages,family,kids,friends,gift,play,loved,year,favorite,enjoy,fun,great,daughter,thank,book,playing,awesome,game,love,games,loves,grandson,enjoyed,christmas
birthday,ages,family,kids,friends,gift,play,loved,year,favorite,enjoy,fun,great,daughter,thank,book,playing,awesome,game,love,games,loves,grandson,enjoyed,christmas
birthday,ages,family,kids,friends,gift,play,loved,year,favorite,enjoy,fun,great,daughter,thank,book,playing,awesome,game,love,games,loves,grandson,enjoyed,christmas
birthday,ages,family,kids,friends,gift,play,loved,year,favorite,enjoy,fun,great,daughter,thank,book,playing,awesome,game,love,games,loves,grandson,enjoyed,christmas
birthday,ages,family,kids,friends,gift,play,loved,year,favorite,enjoy,fun,great,daughter,thank,book,playing,awesome,game,love,games,loves,grandson,enjoyed,christmas
birthday,ages,family,kids,friends,gift,play,loved,year,favorite,enjoy,fun,great,daughter,thank,book,playing,awesome,game,love,games,loves,grandson,enjoyed,christmas
birthday,ages,family,kids,friends,gift,play,loved,year,favorite,enjoy,fun,great,daughter,thank,book,playing,awesome,game,love,games,loves,grandson,enjoyed,christmas
birthday,ages,family,kids,friends,gift,play,loved,year,favorite,enjoy,fun,great,daughter,thank,book,playing,awesome,game,love,games,loves,grandson,enjoyed,christmas
birthday,ages,family,kids,friends,gift,play,loved,year,favorite,enjoy,fun,great,daughter,thank,book,playing,awesome,game,love,games,loves,grandson,enjoyed,christmas
birthday,ages,family,kids,friends,gift,play,loved,year,favorite,enjoy,fun,great,daughter,thank,book,playing,awesome,game,love,games,loves,grandson,enjoyed,christmas
birthday,ages,family,kids,friends,gift,play,loved,year,favorite,enjoy,fun,great,daughter,thank,book,playing,awesome,game,love,games,loves,grandson,enjoyed,christmas
birthday,ages,family,kids,friends,gift,play,loved,year,favorite,enjoy,fun,great,daughter,thank,book,playing,awesome,game,love,games,loves,grandson,enjoyed,christmas
birthday,ages,family,kids,friends,gift,play,loved,year,favorite,enjoy,fun,great,daughter,thank,book,playing,awesome,game,love,games,loves,grandson,enjoyed,christmas
birthday,ages,family,kids,friends,gift,play,loved,year,favorite,enjoy,fun,great,daughter,thank,book,playing,awesome,game,love,games,loves,grandson,enjoyed,christmas
birthday,ages,family,kids,friends,gift,play,loved,year,favorite,enjoy,fun,great,daughter,thank,book,playing,awesome,game,love,games,loves,grandson,enjoyed,christmas
birthday,ages,family,kids,friends,gift,play,loved,year,favorite,enjoy,fun,great,daughter,thank,book,playing,awesome,game,love,games,loves,grandson,enjoyed,christmas
birthday,ages,family,kids,friends,gift,play,loved,year,favorite,enjoy,fun,great,daughter,thank,book,playing,awesome,game,love,games,loves,grandson,enjoyed,christmas
birthday,ages,family,kids,friends,gift,play,loved,year,favorite,enjoy,fun,great,daughter,thank,book,playing,awesome,game,love,games,loves,grandson,enjoyed,christmas
birthday,ages,family,kids,friends,gift,play,loved,year,favorite,enjoy,fun,great,daughter,thank,book,playing,awesome,game,love,games,loves,grandson,enjoyed,christmas
birthday,ages,family,kids,friends,gift,play,loved,year,favorite,enjoy,fun,great,daughter,thank,book,playing,awesome,game,love,games,loves,grandson,enjoyed,christmas
birthday,ages,family,kids,friends,gift,play,loved,year,favorite,enjoy,fun,great,daughter,thank,book,playing,awesome,game,love,games,loves,grandson,enjoyed,christmas
birthday,ages,family,kids,friends,gift,play,loved,year,favorite,enjoy,fun,great,daughter,thank,book,playing,awesome,game,love,games,loves,grandson,enjoyed,christmas
birthday,ages,family,kids,friends,gift,play,loved,year,favorite,enjoy,fun,great,daughter,thank,book,playing,awesome,game,love,games,loves,grandson,enjoyed,christmas
birthday,ages,family,kids,friends,gift,play,loved,year,favorite,enjoy,fun,great,daughter,thank,book,playing,awesome,game,love,games,loves,grandson,enjoyed,christmas
birthday,ages,family,kids,friends,gift,play,loved,year,favorite,enjoy,fun,great,daughter,thank,book,playing,awesome,game,love,games,loves,grandson,enjoyed,christmas
birthday,ages,family,kids,friends,gift,play,loved,year,favorite,enjoy,fun,great,daughter,thank,book,playing,awesome,game,love,games,loves,grandson,enjoyed,christmas
birthday,ages,family,kids,friends,gift,play,loved,year,favorite,enjoy,fun,great,daughter,thank,book,playing,awesome,game,love,games,loves,grandson,enjoyed,christmas
birthday,ages,family,kids,friends,gift,play,loved,year,favorite,enjoy,fun,great,daughter,thank,book,playing,awesome,game,love,games,loves,grandson,enjoyed,christmas
birthday,ages,family,kids,friends,gift,play,loved,year,favorite,enjoy,fun,great,daughter,thank,book,playing,awesome,game,love,games,loves,grandson,enjoyed,christmas
birthday,ages,family,kids,friends,gift,play,loved,year,favorite,enjoy,fun,great,daughter,thank,book,playing,awesome,game,love,games,loves,grandson,enjoyed,christmas
birthday,ages,family,kids,friends,gift,play,loved,year,favorite,enjoy,fun,great,daughter,thank,book,playing,awesome,game,love,games,loves,grandson,enjoyed,christmas
birthday,ages,family,kids,friends,gift,play,loved,year,favorite,enjoy,fun,great,daughter,thank,book,playing,awesome,game,love,games,loves,grandson,enjoyed,christmas
birthday,ages,family,kids,friends,gift,play,loved,year,favorite,enjoy,fun,great,daughter,thank,book,playing,awesome,game,love,games,loves,grandson,enjoyed,christmas
birthday,ages,family,kids,friends,gift,play,loved,year,favorite,enjoy,fun,great,daughter,thank,book,playing,awesome,game,love,games,loves,grandson,enjoyed,christmas
birthday,ages,family,kids,friends,gift,play,loved,year,favorite,enjoy,fun,great,daughter,thank,book,playing,game,love,games,loves,grandson,enjoyed,best,christmas
birthday,ages,family,kids,friends,gift,play,loved,year,favorite,enjoy,fun,great,daughter,thank,book,playing,game,love,games,loves,grandson,enjoyed,best,christmas
birthday,ages,family,kids,friends,gift,play,loved,year,favorite,enjoy,fun,great,daughter,thank,book,playing,game,love,games,loves,grandson,enjoyed,best,christmas
birthday,ages,family,kids,friends,gift,play,loved,year,favorite,enjoy,fun,great,daughter,thank,book,playing,game,love,games,loves,grandson,enjoyed,best,christmas
birthday,ages,family,kids,friends,gift,play,loved,year,favorite,enjoy,fun,great,daughter,thank,book,playing,game,love,games,loves,grandson,enjoyed,best,christmas
birthday,ages,family,kids,friends,gift,play,loved,year,favorite,enjoy,fun,great,daughter,thank,book,playing,game,love,games,loves,grandson,enjoyed,best,christmas
birthday,ages,family,kids,friends,gift,play,loved,year,favorite,enjoy,fun,great,daughter,thank,book,playing,game,love,games,loves,grandson,enjoyed,best,christmas
birthday,ages,family,kids,friends,gift,play,loved,year,favorite,enjoy,fun,great,daughter,thank,book,playing,game,love,games,loves,grandson,enjoyed,best,christmas
birthday,ages,family,kids,friends,gift,play,loved,year,favorite,enjoy,fun,great,daughter,thank,book,playing,game,love,games,loves,grandson,enjoyed,best,christmas
birthday,ages,family,kids,friends,gift,play,loved,year,favorite,enjoy,fun,great,daughter,thank,book,playing,game,love,games,loves,grandson,enjoyed,best,christmas
birthday,ages,family,kids,friends,gift,play,loved,year,favorite,enjoy,fun,great,daughter,thank,book,playing,game,love,games,loves,grandson,enjoyed,best,christmas
birthday,ages,family,kids,friends,gift,play,loved,year,favorite,enjoy,fun,great,daughter,thank,book,playing,game,love,games,loves,grandson,enjoyed,best,christmas
birthday,ages,family,kids,friends,gift,play,loved,year,favorite,enjoy,fun,great,daughter,thank,book,playing,game,love,games,loves,grandson,enjoyed,best,christmas
birthday,ages,family,kids,friends,gift,play,loved,year,favorite,enjoy,fun,great,daughter,thank,book,playing,game,love,games,loves,grandson,enjoyed,best,christmas
birthday,ages,family,kids,friends,gift,play,loved,year,favorite,enjoy,fun,great,daughter,thank,book,playing,game,love,games,loves,grandson,enjoyed,best,christmas
birthday,ages,family,kids,friends,gift,play,loved,year,favorite,enjoy,fun,great,daughter,thank,book,playing,game,love,games,loves,grandson,enjoyed,best,christmas
birthday,ages,family,kids,friends,gift,play,loved,year,favorite,enjoy,fun,great,daughter,thank,book,playing,game,love,games,loves,grandson,enjoyed,best,christmas
birthday,ages,family,kids,friends,gift,play,loved,year,favorite,enjoy,fun,great,daughter,thank,book,playing,game,love,games,loves,grandson,enjoyed,best,christmas
birthday,ages,family,kids,friends,gift,play,loved,year,favorite,enjoy,fun,great,daughter,thank,book,playing,game,love,games,loves,grandson,enjoyed,best,christmas
birthday,ages,family,kids,friends,gift,play,loved,year,favorite,enjoy,fun,great,daughter,thank,book,playing,game,love,games,loves,grandson,enjoyed,best,christmas
birthday,ages,family,kids,friends,gift,play,loved,year,favorite,enjoy,fun,great,daughter,thank,book,playing,game,love,games,loves,grandson,enjoyed,best,christmas
birthday,ages,family,kids,friends,gift,play,loved,year,favorite,enjoy,fun,great,daughter,thank,book,playing,game,love,games,loves,grandson,enjoyed,best,christmas
birthday,ages,family,kids,friends,gift,play,loved,year,favorite,enjoy,fun,great,daughter,thank,book,playing,game,love,games,loves,grandson,enjoyed,best,christmas
birthday,ages,family,kids,friends,gift,play,loved,year,favorite,enjoy,fun,great,daughter,thank,book,playing,game,love,games,loves,grandson,enjoyed,best,christmas
birthday,ages,family,kids,friends,gift,play,loved,year,favorite,enjoy,fun,great,daughter,thank,book,playing,game,love,games,loves,grandson,enjoyed,best,christmas
birthday,ages,family,kids,friends,gift,play,loved,year,favorite,enjoy,fun,great,daughter,thank,book,playing,game,love,games,loves,grandson,enjoyed,best,christmas
birthday,ages,family,kids,friends,gift,play,loved,year,favorite,enjoy,fun,great,daughter,thank,book,playing,game,love,games,loves,grandson,enjoyed,best,christmas
birthday,ages,family,kids,friends,gift,play,loved,year,favorite,enjoy,fun,great,daughter,thank,book,playing,game,love,games,loves,grandson,enjoyed,best,christmas
birthday,ages,family,kids,friends,gift,play,loved,year,favorite,enjoy,fun,great,daughter,thank,book,playing,game,love,games,loves,grandson,enjoyed,best,christmas
birthday,ages,family,kids,friends,gift,play,loved,year,favorite,enjoy,fun,great,daughter,thank,book,playing,game,love,games,loves,grandson,enjoyed,best,christmas
birthday,ages,family,kids,friends,gift,play,loved,year,favorite,enjoy,fun,great,daughter,thank,book,playing,game,love,games,loves,grandson,enjoyed,best,christmas
birthday,ages,family,kids,friends,gift,play,loved,year,favorite,enjoy,fun,great,daughter,thank,book,playing,game,love,games,loves,grandson,enjoyed,best,christmas
birthday,ages,family,kids,friends,gift,play,loved,year,favorite,enjoy,fun,great,daughter,thank,book,playing,game,love,games,loves,grandson,enjoyed,best,christmas
birthday,ages,family,kids,friends,gift,play,loved,year,favorite,enjoy,fun,great,daughter,thank,book,playing,game,love,games,loves,grandson,enjoyed,best,christmas
birthday,ages,family,kids,friends,gift,play,loved,year,favorite,enjoy,fun,great,daughter,thank,book,playing,game,love,games,loves,grandson,enjoyed,best,christmas
birthday,ages,family,kids,friends,gift,play,loved,year,favorite,enjoy,fun,great,daughter,thank,book,playing,game,love,games,loves,grandson,enjoyed,best,christmas
birthday,ages,family,kids,friends,gift,play,loved,year,favorite,enjoy,fun,great,daughter,thank,book,playing,game,love,games,loves,grandson,enjoyed,best,christmas
birthday,ages,family,kids,friends,gift,play,loved,year,favorite,enjoy,fun,great,daughter,thank,book,playing,game,love,games,loves,grandson,enjoyed,best,christmas
birthday,ages,family,kids,friends,gift,play,loved,year,favorite,enjoy,fun,great,daughter,thank,book,playing,game,love,games,loves,grandson,enjoyed,best,christmas
birthday,ages,family,kids,friends,gift,play,loved,year,favorite,enjoy,fun,great,daughter,thank,book,playing,game,love,games,loves,grandson,enjoyed,best,christmas
birthday,ages,family,kids,friends,gift,play,loved,year,favorite,enjoy,fun,great,daughter,thank,book,playing,game,love,games,loves,grandson,enjoyed,best,christmas
birthday,ages,family,kids,friends,gift,play,loved,year,favorite,enjoy,fun,great,daughter,thank,book,playing,game,love,games,loves,grandson,enjoyed,best,christmas
birthday,ages,family,kids,friends,gift,play,loved,year,favorite,enjoy,fun,great,daughter,thank,book,playing,game,love,games,loves,grandson,enjoyed,best,christmas
birthday,ages,family,kids,friends,gift,play,loved,year,favorite,enjoy,fun,great,daughter,thank,book,playing,game,love,games,loves,grandson,enjoyed,best,christmas
birthday,ages,family,kids,friends,gift,play,loved,year,favorite,enjoy,fun,great,daughter,thank,book,playing,game,love,games,loves,grandson,enjoyed,best,christmas
birthday,ages,family,kids,friends,gift,play,loved,year,favorite,enjoy,fun,great,daughter,thank,book,playing,game,love,games,loves,grandson,enjoyed,best,christmas
birthday,ages,family,kids,friends,gift,play,loved,year,favorite,enjoy,fun,great,daughter,thank,book,playing,game,love,games,loves,grandson,enjoyed,best,christmas
birthday,ages,family,kids,friends,gift,play,loved,year,favorite,enjoy,fun,great,daughter,thank,book,playing,game,love,games,loves,grandson,enjoyed,best,christmas
birthday,ages,family,kids,friends,gift,play,loved,year,favorite,enjoy,fun,great,daughter,thank,book,playing,game,love,games,loves,grandson,enjoyed,best,christmas
birthday,ages,family,kids,friends,gift,play,loved,year,favorite,enjoy,fun,great,daughter,thank,book,playing,game,love,games,loves,grandson,enjoyed,best,christmas
birthday,ages,family,kids,friends,gift,play,loved,year,favorite,enjoy,fun,great,daughter,thank,book,playing,game,love,games,loves,grandson,enjoyed,best,christmas
birthday,ages,family,kids,friends,gift,play,loved,year,favorite,enjoy,fun,great,daughter,thank,book,playing,game,love,games,loves,grandson,enjoyed,best,christmas
birthday,ages,family,kids,friends,gift,play,loved,year,favorite,enjoy,fun,great,daughter,thank,book,playing,game,love,games,loves,grandson,enjoyed,best,christmas
birthday,ages,family,kids,friends,gift,play,loved,year,favorite,enjoy,fun,great,daughter,thank,book,playing,game,love,games,loves,grandson,enjoyed,best,christmas
birthday,ages,family,kids,friends,gift,play,loved,year,favorite,enjoy,fun,great,daughter,thank,book,playing,game,love,games,loves,grandson,enjoyed,best,christmas
birthday,ages,family,kids,friends,gift,play,loved,year,favorite,enjoy,fun,great,daughter,thank,book,playing,game,love,games,loves,grandson,enjoyed,best,christmas
birthday,ages,family,kids,friends,gift,play,loved,year,favorite,enjoy,fun,great,daughter,thank,book,playing,game,love,games,loves,grandson,enjoyed,best,christmas
birthday,ages,family,kids,friends,gift,play,loved,year,favorite,enjoy,fun,great,daughter,thank,book,playing,game,love,games,loves,grandson,enjoyed,best,christmas
birthday,ages,family,kids,friends,gift,play,loved,year,favorite,enjoy,fun,great,daughter,thank,book,playing,game,love,games,loves,grandson,enjoyed,best,christmas
birthday,ages,family,kids,friends,gift,play,loved,year,favorite,enjoy,fun,great,daughter,thank,book,playing,game,love,games,loves,grandson,enjoyed,best,christmas
birthday,ages,family,kids,friends,gift,play,loved,year,favorite,enjoy,fun,great,daughter,thank,book,playing,game,love,games,loves,grandson,enjoyed,best,christmas
birthday,ages,family,kids,friends,gift,play,loved,year,favorite,enjoy,fun,great,daughter,thank,book,playing,game,love,games,loves,grandson,enjoyed,best,christmas
birthday,ages,family,kids,friends,gift,play,loved,year,favorite,enjoy,fun,great,daughter,thank,book,playing,game,love,games,loves,grandson,enjoyed,best,christmas
birthday,ages,family,kids,friends,gift,play,loved,year,favorite,enjoy,fun,great,daughter,thank,book,playing,game,love,games,loves,grandson,enjoyed,best,christmas
birthday,ages,family,kids,friends,gift,play,loved,year,favorite,enjoy,fun,great,daughter,thank,book,playing,game,love,games,loves,grandson,enjoyed,best,christmas
birthday,ages,family,kids,friends,gift,play,loved,year,favorite,enjoy,fun,great,daughter,thank,book,playing,game,love,games,loves,grandson,enjoyed,best,christmas
birthday,ages,family,kids,friends,gift,play,loved,year,favorite,enjoy,fun,great,daughter,thank,book,playing,game,love,games,loves,grandson,enjoyed,best,christmas
birthday,ages,family,kids,friends,gift,play,loved,year,favorite,enjoy,fun,great,daughter,thank,book,playing,game,love,games,loves,grandson,enjoyed,best,christmas
birthday,ages,family,kids,friends,gift,play,loved,year,favorite,enjoy,fun,great,daughter,thank,book,playing,game,love,games,loves,grandson,enjoyed,best,christmas
birthday,ages,family,kids,friends,gift,play,loved,year,favorite,enjoy,fun,great,daughter,thank,book,playing,game,love,games,loves,grandson,enjoyed,best,christmas
birthday,ages,family,kids,friends,gift,play,loved,year,favorite,enjoy,fun,great,daughter,thank,book,playing,game,love,games,loves,grandson,enjoyed,best,christmas
birthday,ages,family,kids,friends,gift,play,loved,year,favorite,enjoy,fun,great,daughter,thank,book,playing,game,love,games,loves,grandson,enjoyed,best,christmas
birthday,ages,family,kids,friends,gift,play,loved,year,favorite,enjoy,fun,great,daughter,thank,book,playing,game,love,games,loves,grandson,enjoyed,best,christmas
birthday,ages,family,kids,friends,gift,play,loved,year,favorite,enjoy,fun,great,daughter,thank,book,playing,game,love,games,loves,grandson,enjoyed,best,christmas
birthday,ages,family,kids,friends,gift,play,loved,year,favorite,enjoy,fun,great,daughter,thank,book,playing,game,love,games,loves,grandson,enjoyed,best,christmas
birthday,ages,family,kids,friends,gift,play,loved,year,favorite,enjoy,fun,great,daughter,thank,book,playing,game,love,games,loves,grandson,enjoyed,best,christmas
birthday,ages,family,kids,friends,gift,play,loved,year,favorite,enjoy,fun,great,daughter,thank,book,playing,game,love,games,loves,grandson,enjoyed,best,christmas
birthday,ages,family,kids,friends,gift,play,loved,year,favorite,enjoy,fun,great,daughter,thank,book,playing,game,love,games,loves,grandson,enjoyed,best,christmas
birthday,ages,family,kids,friends,gift,play,loved,year,favorite,enjoy,fun,great,daughter,thank,book,playing,game,love,games,loves,grandson,enjoyed,best,christmas
birthday,ages,family,kids,friends,gift,play,loved,year,favorite,enjoy,fun,great,daughter,thank,book,playing,game,love,games,loves,grandson,enjoyed,best,christmas
birthday,ages,family,kids,friends,gift,play,loved,year,favorite,enjoy,fun,great,daughter,thank,book,playing,game,love,games,loves,grandson,enjoyed,best,christmas
birthday,ages,family,kids,friends,gift,play,loved,year,favorite,enjoy,fun,great,daughter,thank,book,playing,game,love,games,loves,grandson,enjoyed,best,christmas
birthday,ages,family,kids,friends,gift,play,loved,year,favorite,enjoy,fun,great,daughter,thank,book,playing,game,love,games,loves,grandson,enjoyed,best,christmas
birthday,ages,family,kids,friends,gift,play,loved,year,favorite,enjoy,fun,great,daughter,thank,book,playing,game,love,games,loves,grandson,enjoyed,best,christmas
birthday,ages,family,kids,friends,gift,play,loved,year,favorite,enjoy,fun,great,daughter,thank,book,playing,game,love,games,loves,grandson,enjoyed,best,christmas
birthday,ages,family,kids,friends,gift,play,loved,year,favorite,enjoy,fun,great,daughter,thank,book,playing,game,love,games,loves,grandson,enjoyed,best,christmas
birthday,ages,family,kids,friends,gift,play,loved,year,favorite,enjoy,fun,great,daughter,thank,book,playing,game,love,games,loves,grandson,enjoyed,best,christmas
birthday,ages,family,kids,friends,gift,play,loved,year,favorite,enjoy,fun,great,daughter,thank,book,playing,game,love,games,loves,grandson,enjoyed,best,christmas
birthday,ages,family,kids,friends,gift,play,loved,year,favorite,enjoy,fun,great,daughter,thank,book,playing,game,love,games,loves,grandson,enjoyed,best,christmas
birthday,ages,family,kids,friends,gift,play,loved,year,favorite,enjoy,fun,great,daughter,thank,book,playing,game,love,games,loves,grandson,enjoyed,best,christmas
birthday,ages,family,kids,friends,gift,play,loved,year,favorite,enjoy,fun,great,daughter,thank,book,playing,game,love,games,loves,grandson,enjoyed,best,christmas
birthday,ages,family,kids,friends,gift,play,loved,year,favorite,enjoy,fun,great,daughter,thank,book,playing,game,love,games,loves,grandson,enjoyed,best,christmas
birthday,ages,family,kids,friends,gift,play,loved,year,favorite,enjoy,fun,great,daughter,thank,book,playing,game,love,games,loves,grandson,enjoyed,best,christmas
birthday,ages,family,kids,friends,gift,play,loved,year,favorite,enjoy,fun,great,daughter,thank,book,playing,game,love,games,loves,grandson,enjoyed,best,christmas
birthday,ages,family,kids,friends,gift,play,loved,year,favorite,enjoy,fun,great,daughter,thank,book,playing,game,love,games,loves,grandson,enjoyed,best,christmas
birthday,ages,family,kids,friends,gift,play,loved,year,favorite,enjoy,fun,great,daughter,thank,book,playing,game,love,games,loves,grandson,enjoyed,best,christmas
birthday,ages,family,kids,friends,gift,play,loved,year,favorite,enjoy,fun,great,daughter,thank,book,playing,game,love,games,loves,grandson,enjoyed,best,christmas
birthday,ages,family,kids,friends,gift,play,loved,year,favorite,enjoy,fun,great,daughter,thank,book,playing,game,love,games,loves,grandson,enjoyed,best,christmas
birthday,ages,family,kids,friends,gift,play,loved,year,favorite,enjoy,fun,great,daughter,thank,book,playing,game,love,games,loves,grandson,enjoyed,best,christmas
birthday,ages,family,kids,friends,gift,play,loved,year,favorite,enjoy,fun,great,daughter,thank,book,playing,game,love,games,loves,grandson,enjoyed,best,christmas
birthday,ages,family,kids,friends,gift,play,loved,year,favorite,enjoy,fun,great,daughter,thank,book,playing,game,love,games,loves,grandson,enjoyed,best,christmas
birthday,ages,family,kids,friends,gift,play,loved,year,favorite,enjoy,fun,great,daughter,thank,book,playing,game,love,games,loves,grandson,enjoyed,best,christmas
birthday,ages,family,kids,friends,gift,play,loved,year,favorite,enjoy,fun,great,daughter,thank,book,playing,game,love,games,loves,grandson,enjoyed,best,christmas
birthday,ages,family,kids,friends,gift,play,loved,year,favorite,enjoy,fun,great,daughter,thank,book,playing,game,love,games,loves,grandson,enjoyed,best,christmas
birthday,ages,family,kids,friends,gift,play,loved,year,favorite,enjoy,fun,great,daughter,thank,book,playing,game,love,games,loves,grandson,enjoyed,best,christmas
birthday,ages,family,kids,friends,gift,play,loved,year,favorite,enjoy,fun,great,daughter,thank,book,playing,game,love,games,loves,grandson,enjoyed,best,christmas
birthday,ages,family,kids,friends,gift,play,loved,year,favorite,enjoy,fun,great,daughter,thank,book,playing,game,love,games,loves,grandson,enjoyed,best,christmas
birthday,ages,family,kids,friends,gift,play,loved,year,favorite,enjoy,fun,great,daughter,thank,book,playing,game,love,games,loves,grandson,enjoyed,best,christmas
birthday,ages,family,kids,friends,gift,play,loved,year,favorite,enjoy,fun,great,daughter,thank,book,playing,game,love,games,loves,grandson,enjoyed,best,christmas
birthday,ages,family,kids,friends,gift,play,loved,year,favorite,enjoy,fun,great,daughter,thank,book,playing,game,love,games,loves,grandson,enjoyed,best,christmas
birthday,ages,family,kids,friends,gift,play,loved,year,favorite,enjoy,fun,great,daughter,thank,book,playing,game,love,games,loves,grandson,enjoyed,best,christmas
birthday,ages,family,kids,friends,gift,play,loved,year,favorite,enjoy,fun,great,daughter,thank,book,playing,game,love,games,loves,grandson,enjoyed,best,christmas
birthday,ages,family,kids,friends,gift,play,loved,year,favorite,enjoy,fun,great,daughter,thank,book,playing,game,love,games,loves,grandson,enjoyed,best,christmas
birthday,ages,family,kids,friends,gift,play,loved,year,favorite,enjoy,fun,great,daughter,thank,book,playing,game,love,games,loves,grandson,enjoyed,best,christmas
birthday,ages,family,kids,friends,gift,play,loved,year,favorite,enjoy,fun,great,daughter,thank,book,playing,game,love,games,loves,grandson,enjoyed,best,christmas
birthday,ages,family,kids,friends,gift,play,loved,year,favorite,enjoy,fun,great,daughter,thank,book,playing,game,love,games,loves,grandson,enjoyed,best,christmas
birthday,ages,family,kids,friends,gift,play,loved,year,favorite,enjoy,fun,great,daughter,thank,book,playing,game,love,games,loves,grandson,enjoyed,best,christmas
birthday,ages,family,kids,friends,gift,play,loved,year,favorite,enjoy,fun,great,daughter,thank,book,playing,game,love,games,loves,grandson,enjoyed,best,christmas
birthday,ages,family,kids,friends,gift,play,loved,year,favorite,enjoy,fun,great,daughter,thank,book,playing,game,love,games,loves,grandson,enjoyed,best,christmas
birthday,ages,family,kids,friends,gift,play,loved,year,favorite,enjoy,fun,great,daughter,thank,book,playing,game,love,games,loves,grandson,enjoyed,best,christmas
birthday,ages,family,kids,friends,gift,play,children,loved,favorite,enjoy,fun,great,daughter,thank,book,playing,game,love,games,loves,grandson,enjoyed,best,christmas
birthday,ages,family,kids,friends,gift,play,children,loved,favorite,enjoy,fun,great,daughter,thank,book,playing,game,love,games,loves,grandson,enjoyed,best,christmas
birthday,ages,family,kids,friends,gift,play,children,loved,favorite,enjoy,fun,great,daughter,thank,book,playing,game,love,games,loves,grandson,enjoyed,best,christmas
birthday,ages,family,kids,friends,gift,play,children,loved,favorite,enjoy,fun,great,daughter,thank,book,playing,game,love,games,loves,grandson,enjoyed,best,christmas
birthday,ages,family,kids,friends,gift,play,children,loved,favorite,enjoy,fun,great,daughter,thank,book,playing,game,love,games,loves,grandson,enjoyed,best,christmas
birthday,ages,family,kids,friends,gift,play,children,loved,favorite,enjoy,fun,great,daughter,thank,book,playing,game,love,games,loves,grandson,enjoyed,best,christmas
birthday,ages,family,kids,friends,gift,play,children,loved,favorite,enjoy,fun,great,daughter,thank,book,playing,game,love,games,loves,grandson,enjoyed,best,christmas
birthday,ages,family,kids,friends,gift,play,children,loved,favorite,enjoy,fun,great,daughter,thank,book,playing,game,love,games,loves,grandson,enjoyed,best,christmas
birthday,ages,family,kids,friends,gift,play,children,loved,favorite,enjoy,fun,great,daughter,thank,book,playing,game,love,games,loves,grandson,enjoyed,best,christmas
birthday,ages,family,kids,friends,gift,play,children,loved,favorite,enjoy,fun,great,daughter,thank,book,playing,game,love,games,loves,grandson,enjoyed,best,christmas
birthday,ages,family,kids,friends,gift,play,children,loved,favorite,enjoy,fun,great,daughter,thank,book,playing,game,love,games,loves,grandson,enjoyed,best,christmas
birthday,ages,family,kids,friends,gift,play,children,loved,favorite,enjoy,fun,great,daughter,thank,book,playing,game,love,games,loves,grandson,enjoyed,best,christmas
birthday,ages,family,kids,friends,gift,play,children,loved,favorite,enjoy,fun,great,daughter,thank,book,playing,game,love,games,loves,grandson,enjoyed,best,christmas
birthday,ages,family,kids,friends,gift,play,children,loved,favorite,enjoy,fun,great,daughter,thank,book,playing,game,love,games,loves,grandson,enjoyed,best,christmas
birthday,ages,family,kids,friends,gift,play,children,loved,favorite,enjoy,fun,great,daughter,thank,book,playing,game,love,games,loves,grandson,enjoyed,best,christmas
birthday,ages,family,kids,friends,gift,play,children,loved,favorite,enjoy,fun,great,daughter,thank,book,playing,game,love,games,loves,grandson,enjoyed,best,christmas
birthday,ages,family,kids,friends,gift,play,children,loved,favorite,enjoy,fun,great,daughter,thank,book,playing,game,love,games,loves,grandson,enjoyed,best,christmas
birthday,ages,family,kids,friends,gift,play,children,loved,favorite,enjoy,fun,great,daughter,thank,book,playing,game,love,games,loves,grandson,enjoyed,best,christmas
birthday,ages,family,kids,friends,gift,play,children,loved,favorite,enjoy,fun,great,daughter,thank,book,playing,game,love,games,loves,grandson,enjoyed,best,christmas
birthday,ages,family,kids,friends,gift,play,children,loved,favorite,enjoy,fun,great,daughter,thank,book,playing,game,love,games,loves,grandson,enjoyed,best,christmas
birthday,ages,family,kids,friends,gift,play,children,loved,favorite,enjoy,fun,great,daughter,thank,book,playing,game,love,games,loves,grandson,enjoyed,best,christmas
birthday,ages,family,kids,friends,gift,play,children,loved,favorite,enjoy,fun,great,daughter,thank,book,playing,game,love,games,loves,grandson,enjoyed,best,christmas
birthday,ages,family,kids,friends,gift,play,children,loved,favorite,enjoy,fun,great,daughter,thank,book,playing,game,love,games,loves,grandson,enjoyed,best,christmas
birthday,ages,family,kids,friends,gift,play,children,loved,favorite,enjoy,fun,great,daughter,thank,book,playing,game,love,games,loves,grandson,enjoyed,best,christmas
birthday,ages,family,kids,friends,gift,play,children,loved,favorite,enjoy,fun,great,daughter,thank,book,playing,game,love,games,loves,grandson,enjoyed,best,christmas
birthday,ages,family,kids,friends,gift,play,children,loved,favorite,enjoy,fun,great,daughter,thank,book,playing,game,love,games,loves,grandson,enjoyed,best,christmas
birthday,ages,family,kids,friends,gift,play,children,loved,favorite,enjoy,fun,great,daughter,thank,book,playing,game,love,games,loves,grandson,enjoyed,best,christmas
birthday,ages,family,kids,friends,gift,play,children,loved,favorite,enjoy,fun,great,daughter,thank,book,playing,game,love,games,loves,grandson,enjoyed,best,christmas
birthday,ages,family,kids,friends,gift,play,children,loved,favorite,enjoy,fun,great,daughter,thank,book,playing,game,love,games,loves,grandson,enjoyed,best,christmas
birthday,ages,family,kids,friends,gift,play,children,loved,favorite,enjoy,fun,great,daughter,thank,book,playing,game,love,games,loves,grandson,enjoyed,best,christmas
birthday,ages,family,kids,friends,gift,play,children,loved,favorite,enjoy,fun,great,daughter,thank,book,playing,game,love,games,loves,grandson,enjoyed,best,christmas
birthday,ages,family,kids,friends,gift,play,children,loved,favorite,enjoy,fun,great,daughter,thank,book,playing,game,love,games,loves,grandson,enjoyed,best,christmas
birthday,ages,family,kids,friends,gift,play,children,loved,favorite,enjoy,fun,great,daughter,thank,book,playing,game,love,games,loves,grandson,enjoyed,best,christmas
birthday,ages,family,kids,friends,gift,play,children,loved,favorite,enjoy,fun,great,daughter,thank,book,playing,game,love,games,loves,grandson,enjoyed,best,christmas
birthday,ages,family,kids,friends,gift,play,children,loved,favorite,enjoy,fun,great,daughter,thank,book,playing,game,love,games,loves,grandson,enjoyed,best,christmas
birthday,ages,family,kids,friends,gift,play,children,loved,favorite,enjoy,fun,great,daughter,thank,book,playing,game,love,games,loves,grandson,enjoyed,best,christmas
birthday,ages,family,kids,friends,gift,play,children,loved,favorite,enjoy,fun,great,daughter,thank,book,playing,game,love,games,loves,grandson,enjoyed,best,christmas
birthday,ages,family,kids,friends,gift,play,children,loved,favorite,enjoy,fun,great,daughter,thank,book,playing,game,love,games,loves,grandson,enjoyed,best,christmas
birthday,ages,family,kids,friends,gift,play,children,loved,favorite,enjoy,fun,great,daughter,thank,book,playing,game,love,games,loves,grandson,enjoyed,best,christmas
birthday,ages,family,kids,friends,gift,play,children,loved,favorite,enjoy,fun,great,daughter,thank,book,playing,game,love,games,loves,grandson,enjoyed,best,christmas
birthday,ages,family,kids,friends,gift,play,children,loved,favorite,enjoy,fun,great,daughter,thank,book,playing,game,love,games,loves,grandson,enjoyed,best,christmas
birthday,ages,family,kids,friends,gift,play,children,loved,favorite,enjoy,fun,great,daughter,thank,book,playing,game,love,games,loves,grandson,enjoyed,best,christmas
birthday,ages,family,kids,friends,gift,play,children,loved,favorite,enjoy,fun,great,daughter,thank,book,playing,game,love,games,loves,grandson,enjoyed,best,christmas
birthday,ages,family,kids,friends,gift,play,children,loved,favorite,enjoy,fun,great,daughter,thank,book,playing,game,love,games,loves,grandson,enjoyed,best,christmas
birthday,ages,family,kids,friends,gift,play,children,loved,favorite,enjoy,fun,great,daughter,thank,book,playing,game,love,games,loves,grandson,enjoyed,best,christmas
birthday,ages,family,kids,friends,gift,play,children,loved,favorite,enjoy,fun,great,daughter,thank,book,playing,game,love,games,loves,grandson,enjoyed,best,christmas
birthday,ages,family,kids,friends,gift,play,children,loved,favorite,enjoy,fun,great,daughter,thank,book,playing,game,love,games,loves,grandson,enjoyed,best,christmas
birthday,ages,family,kids,friends,gift,play,children,loved,favorite,enjoy,fun,great,daughter,thank,book,playing,game,love,games,loves,grandson,enjoyed,best,christmas
birthday,ages,family,kids,friends,gift,play,children,loved,favorite,enjoy,fun,great,daughter,thank,book,playing,game,love,games,loves,grandson,enjoyed,best,christmas
birthday,ages,family,kids,friends,gift,play,children,loved,favorite,enjoy,fun,great,daughter,thank,book,playing,game,love,games,loves,grandson,enjoyed,best,christmas
birthday,ages,family,kids,friends,gift,play,children,loved,favorite,enjoy,fun,great,daughter,thank,book,playing,game,love,games,loves,grandson,enjoyed,best,christmas
birthday,ages,family,kids,friends,gift,play,children,loved,favorite,enjoy,fun,great,daughter,thank,book,playing,game,love,games,loves,grandson,enjoyed,best,christmas
birthday,ages,family,kids,friends,gift,play,children,loved,favorite,enjoy,fun,great,daughter,thank,book,playing,game,love,games,loves,grandson,enjoyed,best,christmas
birthday,ages,family,kids,friends,gift,play,loved,year,favorite,enjoy,fun,great,daughter,thank,book,playing,game,love,games,loves,grandson,enjoyed,best,christmas
birthday,ages,family,kids,friends,gift,play,loved,year,favorite,enjoy,fun,great,daughter,thank,book,playing,game,love,games,loves,grandson,enjoyed,best,christmas
birthday,ages,family,kids,friends,gift,play,loved,year,favorite,enjoy,fun,great,daughter,thank,book,playing,game,love,games,loves,grandson,enjoyed,best,christmas
birthday,ages,family,kids,friends,gift,play,loved,year,favorite,enjoy,fun,great,daughter,thank,book,playing,game,love,games,loves,grandson,enjoyed,best,christmas
birthday,ages,family,kids,friends,gift,play,loved,year,favorite,enjoy,fun,great,daughter,thank,book,playing,game,love,games,loves,grandson,enjoyed,best,christmas
birthday,ages,family,kids,friends,gift,play,loved,year,favorite,enjoy,fun,great,daughter,thank,book,playing,game,love,games,loves,grandson,enjoyed,best,christmas
birthday,ages,family,kids,friends,gift,play,loved,year,favorite,enjoy,fun,great,daughter,thank,book,playing,game,love,games,loves,grandson,enjoyed,best,christmas
birthday,ages,family,kids,friends,gift,play,loved,year,favorite,enjoy,fun,great,daughter,thank,book,playing,game,love,games,loves,grandson,enjoyed,best,christmas
birthday,ages,family,kids,friends,gift,play,loved,year,favorite,enjoy,fun,great,daughter,thank,book,playing,game,love,games,loves,grandson,enjoyed,best,christmas
birthday,ages,family,kids,friends,gift,play,loved,year,favorite,enjoy,fun,great,daughter,thank,book,playing,game,love,games,loves,grandson,enjoyed,best,christmas
birthday,ages,family,kids,friends,gift,play,loved,year,favorite,enjoy,fun,great,daughter,thank,book,playing,game,love,games,loves,grandson,enjoyed,best,christmas
birthday,ages,family,kids,friends,gift,play,loved,year,favorite,enjoy,fun,great,daughter,thank,book,playing,game,love,games,loves,grandson,enjoyed,best,christmas
birthday,ages,family,kids,friends,gift,play,loved,year,favorite,enjoy,fun,great,daughter,thank,book,playing,game,love,games,loves,grandson,enjoyed,best,christmas
birthday,ages,family,kids,friends,gift,play,loved,year,favorite,enjoy,fun,great,daughter,thank,book,playing,game,love,games,loves,grandson,enjoyed,best,christmas
birthday,ages,family,kids,friends,gift,play,loved,year,favorite,enjoy,fun,great,daughter,thank,book,playing,game,love,games,loves,grandson,enjoyed,best,christmas
birthday,ages,family,kids,friends,gift,play,loved,year,favorite,enjoy,fun,great,daughter,thank,book,playing,game,love,games,loves,grandson,enjoyed,best,christmas
birthday,ages,family,kids,friends,gift,play,loved,year,favorite,enjoy,fun,great,daughter,thank,book,playing,game,love,games,loves,grandson,enjoyed,best,christmas
birthday,ages,family,kids,friends,gift,play,loved,year,favorite,enjoy,fun,great,daughter,thank,book,playing,game,love,games,loves,grandson,enjoyed,best,christmas
birthday,ages,family,kids,friends,gift,play,loved,year,favorite,enjoy,fun,great,daughter,thank,book,playing,game,love,games,loves,grandson,enjoyed,best,christmas
birthday,ages,family,kids,friends,gift,play,loved,year,favorite,enjoy,fun,great,daughter,thank,book,playing,game,love,games,loves,grandson,enjoyed,best,christmas
birthday,ages,family,kids,friends,gift,play,loved,year,favorite,enjoy,fun,great,daughter,thank,book,playing,game,love,games,loves,grandson,enjoyed,best,christmas
birthday,ages,family,kids,friends,gift,play,loved,year,favorite,enjoy,fun,great,daughter,thank,book,playing,game,love,games,loves,grandson,enjoyed,best,christmas
birthday,ages,family,kids,friends,gift,play,loved,year,favorite,enjoy,fun,great,daughter,thank,book,playing,game,love,games,loves,grandson,enjoyed,best,christmas
birthday,ages,family,kids,friends,gift,play,loved,year,favorite,enjoy,fun,great,daughter,thank,book,playing,game,love,games,loves,grandson,enjoyed,best,christmas
birthday,ages,family,kids,friends,gift,play,loved,year,favorite,enjoy,fun,great,daughter,thank,book,playing,game,love,games,loves,grandson,enjoyed,best,christmas
birthday,ages,family,kids,friends,gift,play,loved,year,favorite,enjoy,fun,great,daughter,thank,book,playing,game,love,games,loves,grandson,enjoyed,best,christmas
birthday,ages,family,kids,friends,gift,play,loved,year,favorite,enjoy,fun,great,daughter,thank,book,playing,game,love,games,loves,grandson,enjoyed,best,christmas
birthday,ages,family,kids,friends,gift,play,loved,year,favorite,enjoy,fun,great,daughter,thank,book,playing,game,love,games,loves,grandson,enjoyed,best,christmas
birthday,ages,family,kids,friends,gift,play,loved,year,favorite,enjoy,fun,great,daughter,thank,book,playing,game,love,games,loves,grandson,enjoyed,best,christmas
birthday,ages,family,kids,friends,gift,play,loved,year,favorite,enjoy,fun,great,daughter,thank,book,playing,game,love,games,loves,grandson,enjoyed,best,christmas
birthday,ages,family,kids,friends,gift,play,loved,year,favorite,enjoy,fun,great,daughter,thank,book,playing,game,love,games,loves,grandson,enjoyed,best,christmas
birthday,ages,family,kids,friends,gift,play,loved,year,favorite,enjoy,fun,great,daughter,thank,book,playing,game,love,games,loves,grandson,enjoyed,best,christmas
birthday,ages,family,kids,friends,gift,play,loved,year,favorite,enjoy,fun,great,daughter,thank,book,playing,game,love,games,loves,grandson,enjoyed,best,christmas
birthday,ages,family,kids,friends,gift,play,loved,year,favorite,enjoy,fun,great,daughter,thank,book,playing,game,love,games,loves,grandson,enjoyed,best,christmas
birthday,ages,family,kids,friends,gift,play,loved,year,favorite,enjoy,fun,great,daughter,thank,book,playing,game,love,games,loves,grandson,enjoyed,best,christmas
birthday,ages,family,kids,friends,gift,play,loved,year,favorite,enjoy,fun,great,daughter,thank,book,playing,game,love,games,loves,grandson,enjoyed,best,christmas
birthday,ages,family,kids,friends,gift,play,loved,year,favorite,enjoy,fun,great,daughter,thank,book,playing,game,love,games,loves,grandson,enjoyed,best,christmas
birthday,ages,family,kids,friends,gift,play,loved,year,favorite,enjoy,fun,great,daughter,thank,book,playing,game,love,games,loves,grandson,enjoyed,best,christmas
birthday,ages,family,kids,friends,gift,play,loved,year,favorite,enjoy,fun,great,daughter,thank,book,playing,game,love,games,loves,grandson,enjoyed,best,christmas
birthday,ages,family,kids,friends,gift,play,loved,year,favorite,enjoy,fun,great,daughter,thank,book,playing,game,love,games,loves,grandson,enjoyed,best,christmas
birthday,ages,family,kids,friends,gift,play,loved,year,favorite,enjoy,fun,great,daughter,thank,book,playing,game,love,games,loves,grandson,enjoyed,best,christmas
birthday,ages,family,kids,friends,gift,play,loved,year,favorite,enjoy,fun,great,daughter,thank,book,playing,game,love,games,loves,grandson,enjoyed,best,christmas
birthday,ages,family,kids,friends,gift,play,loved,year,favorite,enjoy,fun,great,daughter,thank,book,playing,game,love,games,loves,grandson,enjoyed,best,christmas
birthday,ages,family,kids,friends,gift,play,loved,year,favorite,enjoy,fun,great,daughter,thank,book,playing,game,love,games,loves,grandson,enjoyed,best,christmas
birthday,ages,family,kids,friends,gift,play,loved,year,favorite,enjoy,fun,great,daughter,thank,book,playing,game,love,games,loves,grandson,enjoyed,best,christmas
birthday,ages,family,kids,friends,gift,play,loved,year,favorite,enjoy,fun,great,daughter,thank,book,playing,game,love,games,loves,grandson,enjoyed,best,christmas
birthday,ages,family,kids,friends,gift,play,loved,year,favorite,enjoy,fun,great,daughter,thank,book,playing,game,love,games,loves,grandson,enjoyed,best,christmas
birthday,ages,family,kids,friends,gift,play,loved,year,favorite,enjoy,fun,great,daughter,thank,book,playing,game,love,games,loves,grandson,enjoyed,best,christmas
birthday,ages,family,kids,friends,gift,play,loved,year,favorite,enjoy,fun,great,daughter,thank,book,playing,game,love,games,loves,grandson,enjoyed,best,christmas
birthday,family,kids,friends,gift,play,loved,year,favorite,enjoy,fun,great,daughter,thank,book,playing,awesome,game,love,games,loves,grandson,enjoyed,best,christmas
birthday,family,kids,friends,gift,play,loved,year,favorite,enjoy,fun,great,daughter,thank,book,playing,awesome,game,love,games,loves,grandson,enjoyed,best,christmas
birthday,family,kids,friends,gift,play,loved,year,favorite,enjoy,fun,great,daughter,thank,book,playing,awesome,game,love,games,loves,grandson,enjoyed,best,christmas
birthday,family,kids,friends,gift,play,loved,year,favorite,enjoy,fun,great,daughter,thank,book,playing,awesome,game,love,games,loves,grandson,enjoyed,best,christmas
birthday,family,kids,friends,gift,play,loved,year,favorite,enjoy,fun,great,daughter,thank,book,playing,awesome,game,love,games,loves,grandson,enjoyed,best,christmas
birthday,ages,family,kids,friends,gift,play,loved,favorite,enjoy,fun,great,daughter,thank,book,playing,awesome,game,love,games,loves,grandson,enjoyed,best,christmas
birthday,ages,family,kids,friends,gift,play,loved,favorite,enjoy,fun,great,daughter,thank,book,playing,awesome,game,love,games,loves,grandson,enjoyed,best,christmas
birthday,ages,family,kids,friends,gift,play,loved,favorite,enjoy,fun,great,daughter,thank,book,playing,awesome,game,love,games,loves,grandson,enjoyed,best,christmas
birthday,ages,family,kids,friends,gift,play,loved,favorite,enjoy,fun,great,daughter,thank,book,playing,awesome,game,love,games,loves,grandson,enjoyed,best,christmas
birthday,ages,family,kids,friends,gift,play,loved,favorite,enjoy,fun,great,daughter,thank,book,playing,awesome,game,love,games,loves,grandson,enjoyed,best,christmas
birthday,ages,family,kids,friends,gift,play,loved,favorite,enjoy,fun,great,daughter,thank,book,playing,awesome,game,love,games,loves,grandson,enjoyed,best,christmas
birthday,ages,family,kids,friends,gift,play,loved,favorite,enjoy,fun,great,daughter,thank,book,playing,awesome,game,love,games,loves,grandson,enjoyed,best,christmas
birthday,ages,family,kids,friends,gift,play,loved,favorite,enjoy,fun,great,daughter,thank,book,playing,awesome,game,love,games,loves,grandson,enjoyed,best,christmas
birthday,ages,family,kids,friends,gift,play,loved,favorite,enjoy,fun,great,daughter,thank,book,playing,awesome,game,love,games,loves,grandson,enjoyed,best,christmas
birthday,ages,family,kids,friends,gift,play,loved,favorite,enjoy,fun,great,daughter,thank,book,playing,awesome,game,love,games,loves,grandson,enjoyed,best,christmas
birthday,ages,family,kids,friends,gift,play,loved,favorite,enjoy,fun,great,daughter,thank,book,playing,awesome,game,love,games,loves,grandson,enjoyed,best,christmas
birthday,ages,family,kids,friends,gift,play,loved,favorite,enjoy,fun,great,daughter,thank,book,playing,awesome,game,love,games,loves,grandson,enjoyed,best,christmas
birthday,ages,family,kids,friends,gift,play,loved,favorite,enjoy,fun,great,daughter,thank,book,playing,awesome,game,love,games,loves,grandson,enjoyed,best,christmas
birthday,ages,family,kids,friends,gift,play,loved,favorite,enjoy,fun,great,daughter,thank,book,playing,awesome,game,love,games,loves,grandson,enjoyed,best,christmas
birthday,ages,family,kids,friends,gift,play,loved,favorite,enjoy,fun,great,daughter,thank,book,playing,awesome,game,love,games,loves,grandson,enjoyed,best,christmas
birthday,ages,family,kids,friends,gift,play,loved,favorite,enjoy,fun,great,daughter,thank,book,playing,awesome,game,love,games,loves,grandson,enjoyed,best,christmas
birthday,ages,family,kids,friends,gift,play,loved,favorite,enjoy,fun,great,daughter,thank,book,playing,awesome,game,love,games,loves,grandson,enjoyed,best,christmas
birthday,ages,family,kids,friends,gift,play,loved,favorite,enjoy,fun,great,daughter,thank,book,playing,awesome,game,love,games,loves,grandson,enjoyed,best,christmas
birthday,ages,family,kids,friends,gift,play,loved,favorite,enjoy,fun,great,daughter,thank,book,playing,awesome,game,love,games,loves,grandson,enjoyed,best,christmas
birthday,ages,family,kids,friends,gift,play,loved,favorite,enjoy,fun,great,daughter,thank,book,playing,awesome,game,love,games,loves,grandson,enjoyed,best,christmas
birthday,ages,family,kids,friends,gift,play,loved,favorite,enjoy,fun,great,daughter,thank,book,playing,awesome,game,love,games,loves,grandson,enjoyed,best,christmas
birthday,ages,family,kids,friends,gift,play,loved,favorite,enjoy,fun,great,daughter,thank,book,playing,awesome,game,love,games,loves,grandson,enjoyed,best,christmas
birthday,ages,family,kids,friends,gift,play,loved,favorite,enjoy,fun,great,daughter,thank,book,playing,awesome,game,love,games,loves,grandson,enjoyed,best,christmas
birthday,ages,family,kids,friends,gift,play,loved,favorite,enjoy,fun,great,daughter,thank,book,playing,awesome,game,love,games,loves,grandson,enjoyed,best,christmas
birthday,ages,family,kids,friends,gift,play,loved,favorite,enjoy,fun,great,daughter,thank,book,playing,awesome,game,love,games,loves,grandson,enjoyed,best,christmas
birthday,ages,family,kids,friends,gift,play,loved,favorite,enjoy,fun,great,daughter,thank,book,playing,awesome,game,love,games,loves,grandson,enjoyed,best,christmas
birthday,ages,family,kids,friends,gift,play,loved,favorite,enjoy,fun,great,daughter,thank,book,playing,awesome,game,love,games,loves,grandson,enjoyed,best,christmas
birthday,ages,family,kids,friends,gift,play,loved,year,favorite,enjoy,fun,great,daughter,thank,book,playing,game,love,games,loves,grandson,enjoyed,best,christmas
birthday,ages,family,kids,friends,gift,play,loved,year,favorite,enjoy,fun,great,daughter,thank,book,playing,game,love,games,loves,grandson,enjoyed,best,christmas
birthday,ages,family,kids,friends,gift,play,loved,year,favorite,enjoy,fun,great,daughter,thank,book,playing,game,love,games,loves,grandson,enjoyed,best,christmas
birthday,ages,family,kids,friends,gift,play,loved,year,favorite,enjoy,fun,great,daughter,thank,book,playing,game,love,games,loves,grandson,enjoyed,best,christmas
birthday,ages,family,kids,friends,gift,play,loved,year,favorite,enjoy,fun,great,daughter,thank,book,playing,game,love,games,loves,grandson,enjoyed,best,christmas
birthday,ages,family,kids,friends,gift,play,loved,year,favorite,enjoy,fun,great,daughter,thank,book,playing,game,love,games,loves,grandson,enjoyed,best,christmas
birthday,ages,family,kids,friends,gift,play,loved,year,favorite,enjoy,fun,great,daughter,thank,book,playing,game,love,games,loves,grandson,enjoyed,best,christmas
birthday,ages,family,kids,friends,gift,play,loved,year,favorite,enjoy,fun,great,daughter,thank,book,playing,game,love,games,loves,grandson,enjoyed,best,christmas
birthday,ages,family,kids,friends,gift,play,loved,year,favorite,enjoy,fun,great,daughter,thank,book,playing,game,love,games,loves,grandson,enjoyed,best,christmas
birthday,ages,family,kids,friends,gift,play,loved,year,favorite,enjoy,fun,great,daughter,thank,book,playing,game,love,games,loves,grandson,enjoyed,best,christmas
birthday,ages,family,kids,friends,gift,play,loved,year,favorite,enjoy,fun,great,daughter,thank,book,playing,game,love,games,loves,grandson,enjoyed,best,christmas
birthday,ages,family,kids,friends,gift,play,loved,year,favorite,enjoy,fun,great,daughter,thank,book,playing,game,love,games,loves,grandson,enjoyed,best,christmas
birthday,ages,family,kids,friends,gift,play,loved,year,favorite,enjoy,fun,great,daughter,thank,book,playing,game,love,games,loves,grandson,enjoyed,best,christmas
birthday,ages,family,kids,friends,gift,play,loved,year,favorite,enjoy,fun,great,daughter,thank,playing,awesome,game,love,games,loves,grandson,enjoyed,best,christmas
birthday,ages,family,kids,friends,gift,play,loved,year,favorite,enjoy,fun,great,daughter,thank,playing,awesome,game,love,games,loves,grandson,enjoyed,best,christmas
birthday,ages,family,kids,friends,gift,play,loved,year,favorite,enjoy,fun,great,daughter,thank,playing,awesome,game,love,games,loves,grandson,enjoyed,best,christmas
birthday,ages,family,kids,friends,gift,play,loved,year,favorite,enjoy,fun,great,daughter,thank,playing,awesome,game,love,games,loves,grandson,enjoyed,best,christmas
birthday,ages,family,kids,friends,gift,play,loved,year,favorite,enjoy,fun,great,daughter,thank,playing,awesome,game,love,games,loves,grandson,enjoyed,best,christmas
birthday,ages,family,kids,friends,gift,play,loved,year,favorite,enjoy,fun,great,daughter,thank,playing,awesome,game,love,games,loves,grandson,enjoyed,best,christmas
birthday,ages,family,kids,friends,gift,play,loved,year,favorite,enjoy,fun,great,daughter,thank,playing,awesome,game,love,games,loves,grandson,enjoyed,best,christmas
birthday,ages,family,kids,friends,gift,play,loved,year,favorite,enjoy,fun,great,daughter,thank,playing,awesome,game,love,games,loves,grandson,enjoyed,best,christmas
birthday,ages,family,kids,friends,gift,play,loved,year,favorite,enjoy,fun,great,daughter,thank,playing,awesome,game,love,games,loves,grandson,enjoyed,best,christmas
birthday,ages,family,kids,friends,gift,play,loved,year,favorite,enjoy,fun,great,daughter,thank,playing,awesome,game,love,games,loves,grandson,enjoyed,best,christmas
birthday,ages,family,kids,friends,gift,play,loved,year,favorite,enjoy,fun,great,daughter,thank,playing,awesome,game,love,games,loves,grandson,enjoyed,best,christmas
birthday,ages,family,kids,friends,gift,play,loved,year,favorite,enjoy,fun,great,daughter,thank,playing,awesome,game,love,games,loves,grandson,enjoyed,best,christmas
birthday,ages,family,kids,friends,gift,play,loved,year,favorite,enjoy,fun,great,daughter,thank,playing,awesome,game,love,games,loves,grandson,enjoyed,best,christmas
birthday,ages,family,kids,friends,gift,play,loved,year,favorite,enjoy,fun,great,daughter,thank,playing,awesome,game,love,games,loves,grandson,enjoyed,best,christmas
birthday,ages,family,kids,friends,gift,play,loved,year,favorite,enjoy,fun,great,daughter,thank,playing,awesome,game,love,games,loves,grandson,enjoyed,best,christmas
birthday,ages,family,kids,friends,gift,play,loved,year,favorite,enjoy,fun,great,daughter,thank,playing,awesome,game,love,games,loves,grandson,enjoyed,best,christmas
birthday,ages,family,kids,friends,gift,play,loved,year,favorite,enjoy,fun,great,daughter,thank,playing,awesome,game,love,games,loves,grandson,enjoyed,best,christmas
birthday,ages,family,kids,friends,gift,play,loved,year,favorite,enjoy,fun,great,daughter,thank,playing,awesome,game,love,games,loves,grandson,enjoyed,best,christmas
birthday,ages,family,kids,friends,gift,play,loved,year,favorite,enjoy,fun,great,daughter,thank,playing,awesome,game,love,games,loves,grandson,enjoyed,best,christmas
birthday,ages,family,kids,friends,gift,play,loved,year,favorite,enjoy,fun,great,daughter,thank,playing,awesome,game,love,games,loves,grandson,enjoyed,best,christmas
birthday,ages,family,kids,friends,gift,play,loved,year,favorite,enjoy,fun,great,daughter,thank,playing,awesome,game,love,games,loves,grandson,enjoyed,best,christmas
birthday,ages,family,kids,friends,gift,play,loved,year,favorite,enjoy,fun,great,daughter,thank,playing,awesome,game,love,games,loves,grandson,enjoyed,best,christmas
birthday,ages,family,kids,friends,gift,play,loved,year,favorite,enjoy,fun,great,daughter,thank,playing,awesome,game,love,games,loves,grandson,enjoyed,best,christmas
birthday,ages,family,kids,friends,gift,play,loved,year,favorite,enjoy,fun,great,daughter,thank,playing,awesome,game,love,games,loves,grandson,enjoyed,best,christmas
birthday,ages,family,kids,friends,gift,play,loved,year,favorite,enjoy,fun,great,daughter,thank,playing,awesome,game,love,games,loves,grandson,enjoyed,best,christmas
birthday,ages,family,kids,friends,gift,play,loved,year,favorite,enjoy,fun,great,daughter,thank,playing,awesome,game,love,games,loves,grandson,enjoyed,best,christmas
grand,birthday,ages,family,kids,friends,gift,play,loved,year,favorite,enjoy,fun,great,daughter,thank,playing,awesome,game,love,loves,grandson,enjoyed,best,christmas
grand,birthday,ages,family,kids,friends,gift,play,loved,year,favorite,enjoy,fun,great,daughter,thank,playing,awesome,game,love,loves,grandson,enjoyed,best,christmas
grand,birthday,ages,family,kids,friends,gift,play,loved,year,favorite,enjoy,fun,great,daughter,thank,playing,awesome,game,love,loves,grandson,enjoyed,best,christmas
grand,birthday,ages,family,kids,friends,gift,play,loved,year,favorite,enjoy,fun,great,daughter,thank,playing,awesome,game,love,loves,grandson,enjoyed,best,christmas
grand,birthday,ages,family,kids,friends,gift,play,loved,year,favorite,enjoy,fun,great,daughter,thank,playing,awesome,game,love,loves,grandson,enjoyed,best,christmas
grand,birthday,ages,family,kids,friends,gift,play,loved,year,favorite,enjoy,fun,great,daughter,thank,playing,awesome,game,love,loves,grandson,enjoyed,best,christmas
grand,birthday,ages,family,kids,friends,gift,play,loved,year,favorite,enjoy,fun,great,daughter,thank,playing,awesome,game,love,loves,grandson,enjoyed,best,christmas
grand,birthday,ages,family,kids,friends,gift,play,loved,year,favorite,enjoy,fun,great,daughter,thank,playing,awesome,game,love,loves,grandson,enjoyed,best,christmas
grand,birthday,ages,family,kids,friends,gift,play,loved,year,favorite,enjoy,fun,great,daughter,thank,playing,awesome,game,love,loves,grandson,enjoyed,best,christmas
grand,birthday,ages,family,kids,friends,gift,play,loved,year,favorite,enjoy,fun,great,daughter,thank,playing,awesome,game,love,loves,grandson,enjoyed,best,christmas
grand,birthday,ages,family,kids,friends,gift,play,loved,year,favorite,enjoy,fun,great,daughter,thank,playing,awesome,game,love,loves,grandson,enjoyed,best,christmas
grand,birthday,ages,family,kids,friends,gift,play,loved,year,favorite,enjoy,fun,great,daughter,thank,playing,awesome,game,love,loves,grandson,enjoyed,best,christmas
grand,birthday,ages,family,kids,friends,gift,play,loved,year,favorite,enjoy,fun,great,daughter,thank,playing,awesome,game,love,loves,grandson,enjoyed,best,christmas
grand,birthday,ages,family,kids,friends,gift,play,loved,year,favorite,enjoy,fun,great,daughter,thank,playing,awesome,game,love,loves,grandson,enjoyed,best,christmas
grand,birthday,ages,family,kids,friends,gift,play,loved,year,favorite,enjoy,fun,great,daughter,thank,playing,awesome,game,love,loves,grandson,enjoyed,best,christmas
grand,birthday,ages,family,kids,friends,gift,play,loved,year,favorite,enjoy,fun,great,daughter,thank,playing,awesome,game,love,loves,grandson,enjoyed,best,christmas
grand,birthday,ages,family,kids,friends,gift,play,loved,year,favorite,enjoy,fun,great,daughter,thank,playing,awesome,game,love,loves,grandson,enjoyed,best,christmas
grand,birthday,ages,family,kids,friends,gift,play,loved,year,favorite,enjoy,fun,great,daughter,thank,playing,awesome,game,love,loves,grandson,enjoyed,best,christmas
grand,birthday,ages,family,kids,friends,gift,play,loved,year,favorite,enjoy,fun,great,daughter,thank,playing,awesome,game,love,loves,grandson,enjoyed,best,christmas
grand,birthday,ages,family,kids,friends,gift,play,loved,year,favorite,enjoy,fun,great,daughter,thank,playing,awesome,game,love,loves,grandson,enjoyed,best,christmas
grand,birthday,ages,family,kids,friends,gift,play,loved,year,favorite,enjoy,fun,great,daughter,thank,playing,awesome,game,love,loves,grandson,enjoyed,best,christmas
grand,birthday,ages,family,kids,friends,gift,play,loved,year,favorite,enjoy,fun,great,daughter,thank,playing,awesome,game,love,loves,grandson,enjoyed,best,christmas
grand,birthday,ages,family,kids,friends,gift,play,loved,year,favorite,enjoy,fun,great,daughter,thank,playing,awesome,game,love,loves,grandson,enjoyed,best,christmas
grand,birthday,ages,family,kids,friends,gift,play,loved,year,favorite,enjoy,fun,great,daughter,thank,playing,awesome,game,love,loves,grandson,enjoyed,best,christmas
grand,birthday,ages,family,kids,friends,gift,play,loved,year,favorite,enjoy,fun,great,daughter,thank,playing,awesome,game,love,loves,grandson,enjoyed,best,christmas
grand,birthday,ages,family,kids,friends,gift,play,loved,year,favorite,enjoy,fun,great,daughter,thank,playing,awesome,game,love,loves,grandson,enjoyed,best,christmas
grand,birthday,ages,family,kids,friends,gift,play,loved,year,favorite,enjoy,fun,great,daughter,thank,playing,awesome,game,love,loves,grandson,enjoyed,best,christmas
grand,birthday,ages,family,kids,friends,gift,play,loved,year,favorite,enjoy,fun,great,daughter,thank,playing,awesome,game,love,loves,grandson,enjoyed,best,christmas
grand,birthday,ages,family,kids,friends,gift,play,loved,year,favorite,enjoy,fun,great,daughter,thank,playing,awesome,game,love,loves,grandson,enjoyed,best,christmas
grand,birthday,ages,family,kids,friends,gift,play,loved,year,favorite,enjoy,fun,great,daughter,thank,playing,awesome,game,love,loves,grandson,enjoyed,best,christmas
grand,birthday,ages,family,kids,friends,gift,play,loved,year,favorite,enjoy,fun,great,daughter,thank,playing,awesome,game,love,loves,grandson,enjoyed,best,christmas
grand,birthday,ages,family,kids,friends,gift,play,loved,year,favorite,enjoy,fun,great,daughter,thank,playing,awesome,game,love,loves,grandson,enjoyed,best,christmas
grand,birthday,ages,family,kids,friends,gift,play,loved,year,favorite,enjoy,fun,great,daughter,thank,playing,awesome,game,love,loves,grandson,enjoyed,best,christmas
grand,birthday,ages,family,kids,friends,gift,play,loved,year,favorite,enjoy,fun,great,daughter,thank,playing,awesome,game,love,loves,grandson,enjoyed,best,christmas
grand,birthday,ages,family,kids,friends,gift,play,loved,year,favorite,enjoy,fun,great,daughter,thank,playing,awesome,game,love,loves,grandson,enjoyed,best,christmas
grand,birthday,ages,family,kids,friends,gift,play,loved,year,favorite,enjoy,fun,great,daughter,thank,playing,awesome,game,love,loves,grandson,enjoyed,best,christmas
grand,birthday,ages,family,kids,friends,gift,play,loved,year,favorite,enjoy,fun,great,daughter,thank,playing,awesome,game,love,loves,grandson,enjoyed,best,christmas
grand,birthday,ages,family,kids,friends,gift,play,loved,year,favorite,enjoy,fun,great,daughter,thank,playing,awesome,game,love,loves,grandson,enjoyed,best,christmas
grand,birthday,ages,family,kids,friends,gift,play,loved,year,favorite,enjoy,fun,great,daughter,thank,playing,awesome,game,love,loves,grandson,enjoyed,best,christmas
grand,birthday,ages,family,kids,friends,gift,play,loved,year,favorite,enjoy,fun,great,daughter,thank,playing,awesome,game,love,loves,grandson,enjoyed,best,christmas
grand,birthday,ages,family,kids,friends,gift,play,loved,year,favorite,enjoy,fun,great,daughter,thank,playing,awesome,game,love,loves,grandson,enjoyed,best,christmas
grand,birthday,ages,family,kids,friends,gift,play,loved,year,favorite,enjoy,fun,great,daughter,thank,playing,awesome,game,love,loves,grandson,enjoyed,best,christmas
grand,birthday,ages,family,kids,friends,gift,play,loved,year,favorite,enjoy,fun,great,daughter,thank,playing,awesome,game,love,loves,grandson,enjoyed,best,christmas
grand,birthday,ages,family,kids,friends,gift,play,loved,year,favorite,enjoy,fun,great,daughter,thank,playing,awesome,game,love,loves,grandson,enjoyed,best,christmas
grand,birthday,ages,family,kids,friends,gift,play,loved,year,favorite,enjoy,fun,great,daughter,thank,playing,awesome,game,love,loves,grandson,enjoyed,best,christmas
grand,birthday,ages,family,kids,friends,gift,play,loved,year,favorite,enjoy,fun,great,daughter,thank,playing,awesome,game,love,loves,grandson,enjoyed,best,christmas
grand,birthday,ages,family,kids,friends,gift,play,loved,year,favorite,enjoy,fun,great,daughter,thank,playing,awesome,game,love,loves,grandson,enjoyed,best,christmas
grand,birthday,ages,family,kids,friends,gift,play,loved,year,favorite,enjoy,fun,great,daughter,thank,playing,awesome,game,love,loves,grandson,enjoyed,best,christmas
grand,birthday,ages,family,kids,friends,gift,play,loved,year,favorite,enjoy,fun,great,daughter,thank,playing,awesome,game,love,loves,grandson,enjoyed,best,christmas
grand,birthday,ages,family,kids,friends,gift,play,loved,year,favorite,enjoy,fun,great,daughter,thank,playing,awesome,game,love,loves,grandson,enjoyed,best,christmas
grand,birthday,ages,family,kids,friends,gift,play,loved,year,favorite,enjoy,fun,great,daughter,thank,playing,awesome,game,love,loves,grandson,enjoyed,best,christmas
grand,birthday,ages,family,kids,friends,gift,play,loved,year,favorite,enjoy,fun,great,daughter,thank,playing,awesome,game,love,loves,grandson,enjoyed,best,christmas
grand,birthday,ages,family,kids,friends,gift,play,loved,year,favorite,enjoy,fun,great,daughter,thank,playing,awesome,game,love,loves,grandson,enjoyed,best,christmas
grand,birthday,ages,family,kids,friends,gift,play,loved,year,favorite,enjoy,fun,great,daughter,thank,playing,awesome,game,love,loves,grandson,enjoyed,best,christmas
grand,birthday,ages,family,kids,friends,gift,play,loved,year,favorite,enjoy,fun,great,daughter,thank,playing,awesome,game,love,loves,grandson,enjoyed,best,christmas
grand,birthday,ages,family,kids,friends,gift,play,loved,year,favorite,enjoy,fun,great,daughter,thank,playing,awesome,game,love,loves,grandson,enjoyed,best,christmas
grand,birthday,ages,family,kids,friends,gift,play,loved,year,favorite,enjoy,fun,great,daughter,thank,playing,awesome,game,love,loves,grandson,enjoyed,best,christmas
grand,birthday,ages,family,kids,friends,gift,play,loved,year,favorite,enjoy,fun,great,daughter,thank,playing,awesome,game,love,loves,grandson,enjoyed,best,christmas
grand,birthday,ages,family,kids,friends,gift,play,loved,year,favorite,enjoy,fun,great,daughter,thank,playing,awesome,game,love,loves,grandson,enjoyed,best,christmas
grand,birthday,ages,family,kids,friends,gift,play,loved,year,favorite,enjoy,fun,great,daughter,thank,playing,awesome,game,love,loves,grandson,enjoyed,best,christmas
grand,birthday,ages,family,kids,friends,gift,play,loved,year,favorite,enjoy,fun,great,daughter,thank,playing,awesome,game,love,loves,grandson,enjoyed,best,christmas
grand,birthday,ages,family,kids,friends,gift,play,loved,year,favorite,enjoy,fun,great,daughter,thank,playing,awesome,game,love,loves,grandson,enjoyed,best,christmas
grand,birthday,ages,family,kids,friends,gift,play,loved,year,favorite,enjoy,fun,great,daughter,thank,playing,awesome,game,love,loves,grandson,enjoyed,best,christmas
grand,birthday,ages,family,kids,friends,gift,play,loved,year,favorite,enjoy,fun,great,daughter,thank,playing,awesome,game,love,loves,grandson,enjoyed,best,christmas
grand,birthday,ages,family,kids,friends,gift,play,loved,year,favorite,enjoy,fun,great,daughter,thank,playing,awesome,game,love,loves,grandson,enjoyed,best,christmas
grand,birthday,ages,family,kids,friends,gift,play,loved,year,favorite,enjoy,fun,great,daughter,thank,playing,awesome,game,love,loves,grandson,enjoyed,best,christmas
grand,birthday,ages,family,kids,friends,gift,play,loved,year,favorite,enjoy,fun,great,daughter,thank,playing,awesome,game,love,loves,grandson,enjoyed,best,christmas
grand,birthday,ages,family,kids,friends,gift,play,loved,year,favorite,enjoy,fun,great,daughter,thank,playing,awesome,game,love,loves,grandson,enjoyed,best,christmas
grand,birthday,ages,family,kids,friends,gift,play,loved,year,favorite,enjoy,fun,great,daughter,thank,playing,awesome,game,love,loves,grandson,enjoyed,best,christmas
grand,birthday,ages,family,kids,friends,gift,play,loved,year,favorite,enjoy,fun,great,daughter,thank,playing,awesome,game,love,loves,grandson,enjoyed,best,christmas
grand,birthday,ages,family,kids,friends,gift,play,loved,year,favorite,enjoy,fun,great,daughter,thank,playing,awesome,game,love,loves,grandson,enjoyed,best,christmas
grand,birthday,ages,family,kids,friends,gift,play,loved,year,favorite,enjoy,fun,great,daughter,thank,playing,awesome,game,love,loves,grandson,enjoyed,best,christmas
grand,birthday,ages,family,kids,friends,gift,play,loved,year,favorite,enjoy,fun,great,daughter,thank,playing,awesome,game,love,loves,grandson,enjoyed,best,christmas
grand,birthday,ages,family,kids,friends,gift,play,loved,year,favorite,enjoy,fun,great,daughter,thank,playing,awesome,game,love,loves,grandson,enjoyed,best,christmas
grand,birthday,ages,family,kids,friends,gift,play,loved,year,favorite,enjoy,fun,great,daughter,thank,playing,awesome,game,love,loves,grandson,enjoyed,best,christmas
grand,birthday,ages,family,kids,friends,gift,play,loved,year,favorite,enjoy,fun,great,daughter,thank,playing,awesome,game,love,loves,grandson,enjoyed,best,christmas
grand,birthday,ages,family,kids,friends,gift,play,loved,year,favorite,enjoy,fun,great,daughter,thank,playing,awesome,game,love,loves,grandson,enjoyed,best,christmas
grand,birthday,ages,family,kids,friends,gift,play,loved,year,favorite,enjoy,fun,great,daughter,thank,playing,awesome,game,love,loves,grandson,enjoyed,best,christmas
grand,birthday,ages,family,kids,friends,gift,play,loved,year,favorite,enjoy,fun,great,daughter,thank,playing,awesome,game,love,loves,grandson,enjoyed,best,christmas
grand,birthday,ages,family,kids,friends,gift,play,loved,year,favorite,enjoy,fun,great,daughter,thank,playing,awesome,game,love,loves,grandson,enjoyed,best,christmas
grand,birthday,ages,family,kids,friends,gift,play,loved,year,favorite,enjoy,fun,great,daughter,thank,playing,awesome,game,love,loves,grandson,enjoyed,best,christmas
grand,birthday,ages,family,kids,friends,gift,play,loved,year,favorite,enjoy,fun,great,daughter,thank,playing,awesome,game,love,loves,grandson,enjoyed,best,christmas
grand,birthday,ages,family,kids,friends,gift,play,loved,year,favorite,enjoy,fun,great,daughter,thank,playing,awesome,game,love,loves,grandson,enjoyed,best,christmas
grand,birthday,ages,family,kids,friends,gift,play,loved,year,favorite,enjoy,fun,great,daughter,thank,playing,awesome,game,love,loves,grandson,enjoyed,best,christmas
grand,birthday,ages,family,kids,friends,gift,play,loved,year,favorite,enjoy,fun,great,daughter,thank,playing,awesome,game,love,loves,grandson,enjoyed,best,christmas
grand,birthday,ages,family,kids,friends,gift,play,loved,year,favorite,enjoy,fun,great,daughter,thank,playing,awesome,game,love,loves,grandson,enjoyed,best,christmas
grand,birthday,ages,family,kids,friends,gift,play,loved,year,favorite,enjoy,fun,great,daughter,thank,playing,awesome,game,love,loves,grandson,enjoyed,best,christmas
grand,birthday,ages,family,kids,friends,gift,play,loved,year,favorite,enjoy,fun,great,daughter,thank,playing,awesome,game,love,loves,grandson,enjoyed,best,christmas
grand,birthday,ages,family,kids,friends,gift,play,loved,year,favorite,enjoy,fun,great,daughter,thank,playing,awesome,game,love,loves,grandson,enjoyed,best,christmas
grand,birthday,ages,family,kids,friends,gift,play,loved,year,favorite,enjoy,fun,great,daughter,thank,playing,awesome,game,love,loves,grandson,enjoyed,best,christmas
grand,birthday,ages,family,kids,friends,gift,play,loved,year,favorite,enjoy,fun,great,daughter,thank,playing,awesome,game,love,loves,grandson,enjoyed,best,christmas
grand,birthday,ages,family,kids,friends,gift,play,loved,year,favorite,enjoy,fun,great,daughter,thank,playing,awesome,game,love,loves,grandson,enjoyed,best,christmas
grand,birthday,ages,family,kids,friends,gift,play,loved,year,favorite,enjoy,fun,great,daughter,thank,playing,awesome,game,love,loves,grandson,enjoyed,best,christmas
grand,birthday,ages,family,kids,friends,gift,play,loved,year,favorite,enjoy,fun,great,daughter,thank,playing,awesome,game,love,loves,grandson,enjoyed,best,christmas
grand,birthday,ages,family,kids,friends,gift,play,loved,year,favorite,enjoy,fun,great,daughter,thank,playing,awesome,game,love,loves,grandson,enjoyed,best,christmas
grand,birthday,ages,family,kids,friends,gift,play,loved,year,favorite,enjoy,fun,great,daughter,thank,playing,awesome,game,love,loves,grandson,enjoyed,best,christmas
grand,birthday,ages,family,kids,friends,gift,play,loved,year,favorite,enjoy,fun,great,daughter,thank,playing,awesome,game,love,loves,grandson,enjoyed,best,christmas
grand,birthday,ages,family,kids,friends,gift,play,loved,year,favorite,enjoy,fun,great,daughter,thank,playing,awesome,game,love,loves,grandson,enjoyed,best,christmas
grand,birthday,ages,family,kids,friends,gift,play,loved,year,favorite,enjoy,fun,great,daughter,thank,playing,awesome,game,love,loves,grandson,enjoyed,best,christmas
grand,birthday,ages,family,kids,friends,gift,play,loved,year,favorite,enjoy,fun,great,daughter,thank,playing,awesome,game,love,loves,grandson,enjoyed,best,christmas
grand,birthday,ages,family,kids,friends,gift,play,loved,year,favorite,enjoy,fun,great,daughter,thank,playing,awesome,game,love,loves,grandson,enjoyed,best,christmas
grand,birthday,ages,family,kids,friends,gift,play,loved,year,favorite,enjoy,fun,great,daughter,thank,playing,awesome,game,love,loves,grandson,enjoyed,best,christmas
grand,birthday,ages,family,kids,friends,gift,play,loved,year,favorite,enjoy,fun,great,daughter,thank,playing,awesome,game,love,loves,grandson,enjoyed,best,christmas
grand,birthday,ages,family,kids,friends,gift,play,loved,year,favorite,enjoy,fun,great,daughter,thank,playing,awesome,game,love,loves,grandson,enjoyed,best,christmas
grand,birthday,ages,family,kids,friends,gift,play,loved,year,favorite,enjoy,fun,great,daughter,thank,playing,awesome,game,love,loves,grandson,enjoyed,best,christmas
grand,birthday,ages,family,kids,friends,gift,play,loved,year,favorite,enjoy,fun,great,daughter,thank,playing,awesome,game,love,loves,grandson,enjoyed,best,christmas
grand,birthday,ages,family,kids,friends,gift,play,loved,year,favorite,enjoy,fun,great,daughter,thank,playing,awesome,game,love,loves,grandson,enjoyed,best,christmas
grand,birthday,ages,family,kids,friends,gift,play,loved,year,favorite,enjoy,fun,great,daughter,thank,playing,awesome,game,love,loves,grandson,enjoyed,best,christmas
grand,birthday,ages,family,kids,friends,gift,play,loved,year,favorite,enjoy,fun,great,daughter,thank,playing,awesome,game,love,loves,grandson,enjoyed,best,christmas
grand,birthday,ages,family,kids,friends,gift,play,loved,year,favorite,enjoy,fun,great,daughter,thank,playing,awesome,game,love,loves,grandson,enjoyed,best,christmas
grand,birthday,ages,family,kids,friends,gift,play,loved,year,favorite,enjoy,fun,great,daughter,thank,playing,awesome,game,love,loves,grandson,enjoyed,best,christmas
grand,birthday,ages,family,kids,friends,gift,play,loved,year,favorite,enjoy,fun,great,daughter,thank,playing,awesome,game,love,loves,grandson,enjoyed,best,christmas
grand,birthday,ages,family,kids,friends,gift,play,loved,year,favorite,enjoy,fun,great,daughter,thank,playing,awesome,game,love,loves,grandson,enjoyed,best,christmas
grand,birthday,ages,family,kids,friends,gift,play,loved,year,favorite,enjoy,fun,great,daughter,thank,playing,awesome,game,love,loves,grandson,enjoyed,best,christmas
grand,birthday,ages,family,kids,friends,gift,play,loved,year,favorite,enjoy,fun,great,daughter,thank,playing,awesome,game,love,loves,grandson,enjoyed,best,christmas
grand,birthday,ages,family,kids,friends,gift,play,loved,year,favorite,enjoy,fun,great,daughter,thank,playing,awesome,game,love,loves,grandson,enjoyed,best,christmas
grand,birthday,ages,family,kids,friends,gift,play,loved,year,favorite,enjoy,fun,great,daughter,thank,playing,awesome,game,love,loves,grandson,enjoyed,best,christmas
grand,birthday,ages,family,kids,friends,gift,play,loved,year,favorite,enjoy,fun,great,daughter,thank,playing,awesome,game,love,loves,grandson,enjoyed,best,christmas
grand,birthday,ages,family,kids,friends,gift,play,loved,year,favorite,enjoy,fun,great,daughter,thank,playing,awesome,game,love,loves,grandson,enjoyed,best,christmas
grand,birthday,ages,family,kids,friends,gift,play,loved,year,favorite,enjoy,fun,great,daughter,thank,playing,awesome,game,love,loves,grandson,enjoyed,best,christmas
grand,birthday,ages,family,kids,friends,gift,play,loved,year,favorite,enjoy,fun,great,daughter,thank,playing,awesome,game,love,loves,grandson,enjoyed,best,christmas
grand,birthday,ages,family,kids,friends,gift,play,loved,year,favorite,enjoy,fun,great,daughter,thank,playing,awesome,game,love,loves,grandson,enjoyed,best,christmas
grand,birthday,ages,family,kids,friends,gift,play,loved,year,favorite,enjoy,fun,great,daughter,thank,playing,awesome,game,love,loves,grandson,enjoyed,best,christmas
grand,birthday,ages,family,kids,friends,gift,play,loved,year,favorite,enjoy,fun,great,daughter,thank,playing,awesome,game,love,loves,grandson,enjoyed,best,christmas
grand,birthday,ages,family,kids,friends,gift,play,loved,year,favorite,enjoy,fun,great,daughter,thank,playing,awesome,game,love,loves,grandson,enjoyed,best,christmas
grand,birthday,ages,family,kids,friends,gift,play,loved,year,favorite,enjoy,fun,great,daughter,thank,playing,awesome,game,love,loves,grandson,enjoyed,best,christmas
grand,birthday,ages,family,kids,friends,gift,play,loved,year,favorite,enjoy,fun,great,daughter,thank,playing,awesome,game,love,loves,grandson,enjoyed,best,christmas
grand,birthday,ages,family,kids,friends,gift,play,loved,year,favorite,enjoy,fun,great,daughter,thank,playing,awesome,game,love,loves,grandson,enjoyed,best,christmas
grand,birthday,ages,family,kids,friends,gift,play,loved,year,favorite,enjoy,fun,great,daughter,thank,playing,awesome,game,love,loves,grandson,enjoyed,best,christmas
grand,birthday,ages,family,kids,friends,gift,play,loved,year,favorite,enjoy,fun,great,daughter,thank,playing,awesome,game,love,loves,grandson,enjoyed,best,christmas
grand,birthday,ages,family,kids,friends,gift,play,loved,year,favorite,enjoy,fun,great,daughter,thank,playing,awesome,game,love,loves,grandson,enjoyed,best,christmas
grand,birthday,ages,family,kids,friends,gift,play,loved,year,favorite,enjoy,fun,great,daughter,thank,playing,awesome,game,love,loves,grandson,enjoyed,best,christmas
grand,birthday,ages,family,kids,friends,gift,play,loved,year,favorite,enjoy,fun,great,daughter,thank,playing,awesome,game,love,loves,grandson,enjoyed,best,christmas
grand,birthday,ages,family,kids,friends,gift,play,loved,year,favorite,enjoy,fun,great,daughter,thank,playing,awesome,game,love,loves,grandson,enjoyed,best,christmas
grand,birthday,ages,family,kids,friends,gift,play,loved,year,favorite,enjoy,fun,great,daughter,thank,playing,awesome,game,love,loves,grandson,enjoyed,best,christmas
grand,birthday,ages,family,kids,friends,gift,play,loved,year,favorite,enjoy,fun,great,daughter,thank,playing,awesome,game,love,loves,grandson,enjoyed,best,christmas
grand,birthday,ages,family,kids,friends,gift,play,loved,year,favorite,enjoy,fun,great,daughter,thank,playing,awesome,game,love,loves,grandson,enjoyed,best,christmas
grand,birthday,ages,family,kids,friends,gift,play,loved,year,favorite,enjoy,fun,great,daughter,thank,playing,awesome,game,love,loves,grandson,enjoyed,best,christmas
grand,birthday,ages,family,kids,friends,gift,play,loved,year,favorite,enjoy,fun,great,daughter,thank,playing,awesome,game,love,loves,grandson,enjoyed,best,christmas
grand,birthday,ages,family,kids,friends,gift,play,loved,year,favorite,enjoy,fun,great,daughter,thank,playing,awesome,game,love,loves,grandson,enjoyed,best,christmas
grand,birthday,ages,family,kids,friends,gift,play,loved,year,favorite,enjoy,fun,great,daughter,thank,playing,awesome,game,love,loves,grandson,enjoyed,best,christmas
grand,birthday,ages,family,kids,friends,gift,play,loved,year,favorite,enjoy,fun,great,daughter,thank,playing,awesome,game,love,loves,grandson,enjoyed,best,christmas
grand,birthday,ages,family,kids,friends,gift,play,loved,year,favorite,enjoy,fun,great,daughter,thank,playing,awesome,game,love,loves,grandson,enjoyed,best,christmas
grand,birthday,ages,family,kids,friends,gift,play,loved,year,favorite,enjoy,fun,great,daughter,thank,playing,awesome,game,love,loves,grandson,enjoyed,best,christmas
grand,birthday,ages,family,kids,friends,gift,play,loved,year,favorite,enjoy,fun,great,daughter,thank,playing,awesome,game,love,loves,grandson,enjoyed,best,christmas
grand,birthday,ages,family,kids,friends,gift,play,loved,year,favorite,enjoy,fun,great,daughter,thank,playing,awesome,game,love,loves,grandson,enjoyed,best,christmas
grand,birthday,ages,family,kids,friends,gift,play,loved,year,favorite,enjoy,fun,great,daughter,thank,playing,awesome,game,love,loves,grandson,enjoyed,best,christmas
grand,birthday,ages,family,kids,friends,gift,play,loved,year,favorite,enjoy,fun,great,daughter,thank,playing,awesome,game,love,loves,grandson,enjoyed,best,christmas
grand,birthday,ages,family,kids,friends,gift,play,loved,year,favorite,enjoy,fun,great,daughter,thank,playing,awesome,game,love,loves,grandson,enjoyed,best,christmas
grand,birthday,ages,family,kids,friends,gift,play,loved,year,favorite,enjoy,fun,great,daughter,thank,playing,awesome,game,love,loves,grandson,enjoyed,best,christmas
grand,birthday,ages,family,kids,friends,gift,play,loved,year,favorite,enjoy,fun,great,daughter,thank,playing,awesome,game,love,loves,grandson,enjoyed,best,christmas
grand,birthday,ages,family,kids,friends,gift,play,loved,year,favorite,enjoy,fun,great,daughter,thank,playing,awesome,game,love,loves,grandson,enjoyed,best,christmas
grand,birthday,ages,family,kids,friends,gift,play,loved,year,favorite,enjoy,fun,great,daughter,thank,playing,awesome,game,love,loves,grandson,enjoyed,best,christmas
grand,birthday,ages,family,kids,friends,gift,play,loved,year,favorite,enjoy,fun,great,daughter,thank,playing,awesome,game,love,loves,grandson,enjoyed,best,christmas
grand,birthday,ages,family,kids,friends,gift,play,loved,year,favorite,enjoy,fun,great,daughter,thank,playing,awesome,game,love,loves,grandson,enjoyed,best,christmas
grand,birthday,ages,family,kids,friends,gift,play,loved,year,favorite,enjoy,fun,great,daughter,thank,playing,awesome,game,love,loves,grandson,enjoyed,best,christmas
grand,birthday,ages,family,kids,friends,gift,play,loved,year,favorite,enjoy,fun,great,daughter,thank,playing,awesome,game,love,loves,grandson,enjoyed,best,christmas
grand,birthday,ages,family,kids,friends,gift,play,loved,year,favorite,enjoy,fun,great,daughter,thank,playing,awesome,game,love,loves,grandson,enjoyed,best,christmas
grand,birthday,ages,family,kids,friends,gift,play,loved,year,favorite,enjoy,fun,great,daughter,thank,playing,awesome,game,love,loves,grandson,enjoyed,best,christmas
grand,birthday,ages,family,kids,friends,gift,play,loved,year,favorite,enjoy,fun,great,daughter,thank,playing,awesome,game,love,loves,grandson,enjoyed,best,christmas
grand,birthday,ages,family,kids,friends,gift,play,loved,year,favorite,enjoy,fun,great,daughter,thank,playing,awesome,game,love,loves,grandson,enjoyed,best,christmas
grand,birthday,ages,family,kids,friends,gift,play,loved,year,favorite,enjoy,fun,great,daughter,thank,playing,awesome,game,love,loves,grandson,enjoyed,best,christmas
grand,birthday,ages,family,kids,friends,gift,play,loved,year,favorite,enjoy,fun,great,daughter,thank,playing,awesome,game,love,loves,grandson,enjoyed,best,christmas
grand,birthday,ages,family,kids,friends,gift,play,loved,year,favorite,enjoy,fun,great,daughter,thank,playing,awesome,game,love,loves,grandson,enjoyed,best,christmas
grand,birthday,ages,family,kids,friends,gift,play,loved,year,favorite,enjoy,fun,great,daughter,thank,playing,awesome,game,love,loves,grandson,enjoyed,best,christmas
grand,birthday,ages,family,kids,friends,gift,play,loved,year,favorite,enjoy,fun,great,daughter,thank,playing,awesome,game,love,loves,grandson,enjoyed,best,christmas
grand,birthday,ages,family,kids,friends,gift,play,loved,year,favorite,enjoy,fun,great,daughter,thank,playing,awesome,game,love,loves,grandson,enjoyed,best,christmas
grand,birthday,ages,family,kids,friends,gift,play,loved,year,favorite,enjoy,fun,great,daughter,thank,playing,awesome,game,love,loves,grandson,enjoyed,best,christmas
grand,birthday,ages,family,kids,friends,gift,play,loved,year,favorite,enjoy,fun,great,daughter,thank,playing,awesome,game,love,loves,grandson,enjoyed,best,christmas
grand,birthday,ages,family,kids,friends,gift,play,loved,year,favorite,enjoy,fun,great,daughter,thank,playing,awesome,game,love,loves,grandson,enjoyed,best,christmas
grand,birthday,ages,family,kids,friends,gift,play,loved,year,favorite,enjoy,fun,great,daughter,thank,playing,awesome,game,love,loves,grandson,enjoyed,best,christmas
grand,birthday,ages,family,kids,friends,gift,play,loved,year,favorite,enjoy,fun,great,daughter,thank,playing,awesome,game,love,loves,grandson,enjoyed,best,christmas
grand,birthday,ages,family,kids,friends,gift,play,loved,year,favorite,enjoy,fun,great,daughter,thank,playing,awesome,game,love,loves,grandson,enjoyed,best,christmas
grand,birthday,ages,family,kids,friends,gift,play,loved,year,favorite,enjoy,fun,great,daughter,thank,playing,awesome,game,love,loves,grandson,enjoyed,best,christmas
grand,birthday,ages,family,kids,friends,gift,play,loved,year,favorite,enjoy,fun,great,daughter,thank,playing,awesome,game,love,loves,grandson,enjoyed,best,christmas
grand,birthday,ages,family,kids,friends,gift,play,loved,year,favorite,enjoy,fun,great,daughter,thank,playing,awesome,game,love,loves,grandson,enjoyed,best,christmas
grand,birthday,ages,family,kids,friends,gift,play,loved,year,favorite,enjoy,fun,great,daughter,thank,playing,awesome,game,love,loves,grandson,enjoyed,best,christmas
grand,birthday,ages,family,kids,friends,gift,play,loved,year,favorite,enjoy,fun,great,daughter,thank,playing,awesome,game,love,loves,grandson,enjoyed,best,christmas
grand,birthday,ages,family,kids,friends,gift,play,loved,year,favorite,enjoy,fun,great,daughter,thank,playing,awesome,game,love,loves,grandson,enjoyed,best,christmas
grand,birthday,ages,family,kids,friends,gift,play,loved,year,favorite,enjoy,fun,great,daughter,thank,playing,awesome,game,love,loves,grandson,enjoyed,best,christmas
grand,birthday,ages,family,kids,friends,gift,play,loved,year,favorite,enjoy,fun,great,daughter,thank,playing,awesome,game,love,loves,grandson,enjoyed,best,christmas
grand,birthday,ages,family,kids,friends,gift,play,loved,year,favorite,enjoy,fun,great,daughter,thank,playing,awesome,game,love,loves,grandson,enjoyed,best,christmas
grand,birthday,ages,family,kids,friends,gift,play,loved,year,favorite,enjoy,fun,great,daughter,thank,playing,awesome,game,love,loves,grandson,enjoyed,best,christmas
grand,birthday,ages,family,kids,friends,gift,play,loved,year,favorite,enjoy,fun,great,daughter,thank,playing,awesome,game,love,loves,grandson,enjoyed,best,christmas
grand,birthday,ages,family,kids,friends,gift,play,loved,year,favorite,enjoy,fun,great,daughter,thank,playing,awesome,game,love,loves,grandson,enjoyed,best,christmas
grand,birthday,ages,family,kids,friends,gift,play,loved,year,favorite,enjoy,fun,great,daughter,thank,playing,awesome,game,love,loves,grandson,enjoyed,best,christmas
grand,birthday,ages,family,kids,friends,gift,play,loved,year,favorite,enjoy,fun,great,daughter,thank,playing,awesome,game,love,loves,grandson,enjoyed,best,christmas
grand,birthday,ages,family,kids,friends,gift,play,loved,year,favorite,enjoy,fun,great,daughter,thank,playing,awesome,game,love,loves,grandson,enjoyed,best,christmas
grand,birthday,ages,family,kids,friends,gift,play,loved,year,favorite,enjoy,fun,great,daughter,thank,playing,awesome,game,love,loves,grandson,enjoyed,best,christmas
grand,birthday,ages,family,kids,friends,gift,play,loved,year,favorite,enjoy,fun,great,daughter,thank,playing,awesome,game,love,loves,grandson,enjoyed,best,christmas
grand,birthday,ages,family,kids,friends,gift,play,loved,year,favorite,enjoy,fun,great,daughter,thank,playing,awesome,game,love,loves,grandson,enjoyed,best,christmas
grand,birthday,ages,family,kids,friends,gift,play,loved,year,favorite,enjoy,fun,great,daughter,thank,playing,awesome,game,love,loves,grandson,enjoyed,best,christmas
grand,birthday,ages,family,kids,friends,gift,play,loved,year,favorite,enjoy,fun,great,daughter,thank,playing,awesome,game,love,loves,grandson,enjoyed,best,christmas
grand,birthday,ages,family,kids,friends,gift,play,loved,year,favorite,enjoy,fun,great,daughter,thank,playing,awesome,game,love,loves,grandson,enjoyed,best,christmas
grand,birthday,ages,family,kids,friends,gift,play,loved,year,favorite,enjoy,fun,great,daughter,thank,playing,awesome,game,love,loves,grandson,enjoyed,best,christmas
grand,birthday,ages,family,kids,friends,gift,play,loved,year,favorite,enjoy,fun,great,daughter,thank,playing,awesome,game,love,loves,grandson,enjoyed,best,christmas
grand,birthday,ages,family,kids,friends,gift,play,loved,year,favorite,enjoy,fun,great,daughter,thank,playing,awesome,game,love,loves,grandson,enjoyed,best,christmas
grand,birthday,ages,family,kids,friends,gift,play,loved,year,favorite,enjoy,fun,great,daughter,thank,playing,awesome,game,love,loves,grandson,enjoyed,best,christmas
grand,birthday,ages,family,kids,friends,gift,play,loved,year,favorite,enjoy,fun,great,daughter,thank,playing,awesome,game,love,loves,grandson,enjoyed,best,christmas
grand,birthday,ages,family,kids,friends,gift,play,loved,year,favorite,enjoy,fun,great,daughter,thank,playing,awesome,game,love,loves,grandson,enjoyed,best,christmas
grand,birthday,ages,family,kids,friends,gift,play,loved,year,favorite,enjoy,fun,great,daughter,thank,playing,awesome,game,love,loves,grandson,enjoyed,best,christmas
grand,birthday,ages,family,kids,friends,gift,play,loved,year,favorite,enjoy,fun,great,daughter,thank,playing,awesome,game,love,loves,grandson,enjoyed,best,christmas
grand,birthday,ages,family,kids,friends,gift,play,loved,year,favorite,enjoy,fun,great,daughter,thank,playing,awesome,game,love,loves,grandson,enjoyed,best,christmas
grand,birthday,ages,family,kids,friends,gift,play,loved,year,favorite,enjoy,fun,great,daughter,thank,playing,awesome,game,love,loves,grandson,enjoyed,best,christmas
grand,birthday,ages,family,kids,friends,gift,play,loved,year,favorite,enjoy,fun,great,daughter,thank,playing,awesome,game,love,loves,grandson,enjoyed,best,christmas
grand,birthday,ages,family,kids,friends,gift,play,loved,year,favorite,enjoy,fun,great,daughter,thank,playing,awesome,game,love,loves,grandson,enjoyed,best,christmas
grand,birthday,ages,family,kids,friends,gift,play,loved,year,favorite,enjoy,fun,great,daughter,thank,playing,awesome,game,love,loves,grandson,enjoyed,best,christmas
grand,birthday,ages,family,kids,friends,gift,play,loved,year,favorite,enjoy,fun,great,daughter,thank,playing,awesome,game,love,loves,grandson,enjoyed,best,christmas
grand,birthday,ages,family,kids,friends,gift,play,loved,year,favorite,enjoy,fun,great,daughter,thank,playing,awesome,game,love,loves,grandson,enjoyed,best,christmas
grand,birthday,ages,family,kids,friends,gift,play,loved,year,favorite,enjoy,fun,great,daughter,thank,playing,awesome,game,love,loves,grandson,enjoyed,best,christmas
grand,birthday,ages,family,kids,friends,gift,play,loved,year,favorite,enjoy,fun,great,daughter,thank,playing,awesome,game,love,loves,grandson,enjoyed,best,christmas
grand,birthday,ages,family,kids,friends,gift,play,loved,year,favorite,enjoy,fun,great,daughter,thank,playing,awesome,game,love,loves,grandson,enjoyed,best,christmas
grand,birthday,ages,family,kids,friends,gift,play,loved,year,favorite,enjoy,fun,great,daughter,thank,playing,awesome,game,love,loves,grandson,enjoyed,best,christmas
grand,birthday,ages,family,kids,friends,gift,play,loved,year,favorite,enjoy,fun,great,daughter,thank,playing,awesome,game,love,loves,grandson,enjoyed,best,christmas
grand,birthday,ages,family,kids,friends,gift,play,loved,year,favorite,enjoy,fun,great,daughter,thank,playing,awesome,game,love,loves,grandson,enjoyed,best,christmas
grand,birthday,ages,family,kids,friends,gift,play,loved,year,favorite,enjoy,fun,great,daughter,thank,playing,awesome,game,love,loves,grandson,enjoyed,best,christmas
grand,birthday,ages,family,kids,friends,gift,play,loved,year,favorite,enjoy,fun,great,daughter,thank,playing,awesome,game,love,loves,grandson,enjoyed,best,christmas
grand,birthday,ages,family,kids,friends,gift,play,loved,year,favorite,enjoy,fun,great,daughter,thank,playing,awesome,game,love,loves,grandson,enjoyed,best,christmas
grand,birthday,ages,family,kids,friends,gift,play,loved,year,favorite,enjoy,fun,great,daughter,thank,playing,awesome,game,love,loves,grandson,enjoyed,best,christmas
grand,birthday,ages,family,kids,friends,gift,play,loved,year,favorite,enjoy,fun,great,daughter,thank,playing,awesome,game,love,loves,grandson,enjoyed,best,christmas
grand,birthday,ages,family,kids,friends,gift,play,loved,year,favorite,enjoy,fun,great,daughter,thank,playing,awesome,game,love,loves,grandson,enjoyed,best,christmas
grand,birthday,ages,family,kids,friends,gift,play,loved,year,favorite,enjoy,fun,great,daughter,thank,playing,awesome,game,love,loves,grandson,enjoyed,best,christmas
grand,birthday,ages,family,kids,friends,gift,play,loved,year,favorite,enjoy,fun,great,daughter,thank,playing,awesome,game,love,loves,grandson,enjoyed,best,christmas
grand,birthday,ages,family,kids,friends,gift,play,loved,year,favorite,enjoy,fun,great,daughter,thank,playing,awesome,game,love,loves,grandson,enjoyed,best,christmas
grand,birthday,ages,family,kids,friends,gift,play,loved,year,favorite,enjoy,fun,great,daughter,thank,playing,awesome,game,love,loves,grandson,enjoyed,best,christmas
grand,birthday,ages,family,kids,friends,gift,play,loved,year,favorite,enjoy,fun,great,daughter,thank,playing,awesome,game,love,loves,grandson,enjoyed,best,christmas
grand,birthday,ages,family,kids,friends,gift,play,loved,year,favorite,enjoy,fun,great,daughter,thank,playing,awesome,game,love,loves,grandson,enjoyed,best,christmas
grand,birthday,ages,family,kids,friends,gift,play,loved,year,favorite,enjoy,fun,great,daughter,thank,playing,awesome,game,love,loves,grandson,enjoyed,best,christmas
grand,birthday,ages,family,kids,friends,gift,play,loved,year,favorite,enjoy,fun,great,daughter,thank,playing,awesome,game,love,loves,grandson,enjoyed,best,christmas
grand,birthday,ages,family,kids,friends,gift,play,loved,year,favorite,enjoy,fun,great,daughter,thank,playing,awesome,game,love,loves,grandson,enjoyed,best,christmas
grand,birthday,ages,family,kids,friends,gift,play,loved,year,favorite,enjoy,fun,great,daughter,thank,playing,awesome,game,love,loves,grandson,enjoyed,best,christmas
grand,birthday,ages,family,kids,friends,gift,play,loved,year,favorite,enjoy,fun,great,daughter,thank,playing,awesome,game,love,loves,grandson,enjoyed,best,christmas
grand,birthday,ages,family,kids,friends,gift,play,loved,year,favorite,enjoy,fun,great,daughter,thank,playing,awesome,game,love,loves,grandson,enjoyed,best,christmas
grand,birthday,ages,family,kids,friends,gift,play,loved,year,favorite,enjoy,fun,great,daughter,thank,playing,awesome,game,love,loves,grandson,enjoyed,best,christmas
grand,birthday,ages,family,kids,friends,gift,play,loved,year,favorite,enjoy,fun,great,daughter,thank,playing,awesome,game,love,loves,grandson,enjoyed,best,christmas
grand,birthday,ages,family,kids,friends,gift,play,loved,year,favorite,enjoy,fun,great,daughter,thank,playing,awesome,game,love,loves,grandson,enjoyed,best,christmas
grand,birthday,ages,family,kids,friends,gift,play,loved,year,favorite,enjoy,fun,great,daughter,thank,playing,awesome,game,love,loves,grandson,enjoyed,best,christmas
grand,birthday,ages,family,kids,friends,gift,play,loved,year,favorite,enjoy,fun,great,daughter,thank,playing,awesome,game,love,loves,grandson,enjoyed,best,christmas
grand,birthday,ages,family,kids,friends,gift,play,loved,year,favorite,enjoy,fun,great,daughter,thank,playing,awesome,game,love,loves,grandson,enjoyed,best,christmas
grand,birthday,ages,family,kids,friends,gift,play,loved,year,favorite,enjoy,fun,great,daughter,thank,playing,awesome,game,love,loves,grandson,enjoyed,best,christmas
grand,birthday,ages,family,kids,friends,gift,play,loved,year,favorite,enjoy,fun,great,daughter,thank,playing,awesome,game,love,loves,grandson,enjoyed,best,christmas
grand,birthday,ages,family,kids,friends,gift,play,loved,year,favorite,enjoy,fun,great,daughter,thank,playing,awesome,game,love,loves,grandson,enjoyed,best,christmas
grand,birthday,ages,family,kids,friends,gift,play,loved,year,favorite,enjoy,fun,great,daughter,thank,playing,awesome,game,love,loves,grandson,enjoyed,best,christmas
grand,birthday,ages,family,kids,friends,gift,play,loved,year,favorite,enjoy,fun,great,daughter,thank,playing,awesome,game,love,loves,grandson,enjoyed,best,christmas
grand,birthday,ages,family,kids,friends,gift,play,loved,year,favorite,enjoy,fun,great,daughter,thank,playing,awesome,game,love,loves,grandson,enjoyed,best,christmas
grand,birthday,ages,family,kids,friends,gift,play,loved,year,favorite,enjoy,fun,great,daughter,thank,playing,awesome,game,love,loves,grandson,enjoyed,best,christmas
grand,birthday,ages,family,kids,friends,gift,play,loved,year,favorite,enjoy,fun,great,daughter,thank,playing,awesome,game,love,loves,grandson,enjoyed,best,christmas
grand,birthday,ages,family,kids,friends,gift,play,loved,year,favorite,enjoy,fun,great,daughter,thank,playing,awesome,game,love,loves,grandson,enjoyed,best,christmas
grand,birthday,ages,family,kids,friends,gift,play,loved,year,favorite,enjoy,fun,great,daughter,thank,playing,awesome,game,love,loves,grandson,enjoyed,best,christmas
grand,birthday,ages,family,kids,friends,gift,play,loved,year,favorite,enjoy,fun,great,daughter,thank,playing,awesome,game,love,loves,grandson,enjoyed,best,christmas
grand,birthday,ages,family,kids,friends,gift,play,loved,year,favorite,enjoy,fun,great,daughter,thank,playing,awesome,game,love,loves,grandson,enjoyed,best,christmas
grand,birthday,ages,family,kids,friends,gift,play,loved,year,favorite,enjoy,fun,great,daughter,thank,playing,awesome,game,love,loves,grandson,enjoyed,best,christmas
grand,birthday,ages,family,kids,friends,gift,play,loved,year,favorite,enjoy,fun,great,daughter,thank,playing,awesome,game,love,loves,grandson,enjoyed,best,christmas
grand,birthday,ages,family,kids,friends,gift,play,loved,year,favorite,enjoy,fun,great,daughter,thank,playing,awesome,game,love,loves,grandson,enjoyed,best,christmas
grand,birthday,ages,family,kids,friends,gift,play,loved,year,favorite,enjoy,fun,great,daughter,thank,playing,awesome,game,love,loves,grandson,enjoyed,best,christmas
grand,birthday,ages,family,kids,friends,gift,play,loved,year,favorite,enjoy,fun,great,daughter,thank,playing,awesome,game,love,loves,grandson,enjoyed,best,christmas
grand,birthday,ages,family,kids,friends,gift,play,loved,year,favorite,enjoy,fun,great,daughter,thank,playing,awesome,game,love,loves,grandson,enjoyed,best,christmas
grand,birthday,ages,family,kids,friends,gift,play,loved,year,favorite,enjoy,fun,great,daughter,thank,playing,awesome,game,love,loves,grandson,enjoyed,best,christmas
grand,birthday,ages,family,kids,friends,gift,play,loved,year,favorite,enjoy,fun,great,daughter,thank,playing,awesome,game,love,loves,grandson,enjoyed,best,christmas
grand,birthday,ages,family,kids,friends,gift,play,loved,year,favorite,enjoy,fun,great,daughter,thank,playing,awesome,game,love,loves,grandson,enjoyed,best,christmas
grand,birthday,ages,family,kids,friends,gift,play,loved,year,favorite,enjoy,fun,great,daughter,thank,playing,awesome,game,love,loves,grandson,enjoyed,best,christmas
grand,birthday,ages,family,kids,friends,gift,play,loved,year,favorite,enjoy,fun,great,daughter,thank,playing,awesome,game,love,loves,grandson,enjoyed,best,christmas
grand,birthday,ages,family,kids,friends,gift,play,loved,year,favorite,enjoy,fun,great,daughter,thank,playing,awesome,game,love,loves,grandson,enjoyed,best,christmas
grand,birthday,ages,family,kids,friends,gift,play,loved,year,favorite,enjoy,fun,great,daughter,thank,playing,awesome,game,love,loves,grandson,enjoyed,best,christmas
grand,birthday,ages,family,kids,friends,gift,play,loved,year,favorite,enjoy,fun,great,daughter,thank,playing,awesome,game,love,loves,grandson,enjoyed,best,christmas
grand,birthday,ages,family,kids,friends,gift,play,loved,year,favorite,enjoy,fun,great,daughter,thank,playing,awesome,game,love,loves,grandson,enjoyed,best,christmas
grand,birthday,ages,family,kids,friends,gift,play,loved,year,favorite,enjoy,fun,great,daughter,thank,playing,awesome,game,love,loves,grandson,enjoyed,best,christmas
grand,birthday,ages,family,kids,friends,gift,play,loved,year,favorite,enjoy,fun,great,daughter,thank,playing,awesome,game,love,loves,grandson,enjoyed,best,christmas
grand,birthday,ages,family,kids,friends,gift,play,loved,year,favorite,enjoy,fun,great,daughter,thank,playing,awesome,game,love,loves,grandson,enjoyed,best,christmas
grand,birthday,ages,family,kids,friends,gift,play,loved,year,favorite,enjoy,fun,great,daughter,thank,playing,awesome,game,love,loves,grandson,enjoyed,best,christmas
grand,birthday,ages,family,kids,friends,gift,play,loved,year,favorite,enjoy,fun,great,daughter,thank,playing,awesome,game,love,loves,grandson,enjoyed,best,christmas
grand,birthday,ages,family,kids,friends,gift,play,loved,year,favorite,enjoy,fun,great,daughter,thank,playing,awesome,game,love,loves,grandson,enjoyed,best,christmas
grand,birthday,ages,family,kids,friends,gift,play,loved,year,favorite,enjoy,fun,great,daughter,thank,playing,awesome,game,love,loves,grandson,enjoyed,best,christmas
grand,birthday,ages,family,kids,friends,gift,play,loved,year,favorite,enjoy,fun,great,daughter,thank,playing,awesome,game,love,loves,grandson,enjoyed,best,christmas
grand,birthday,ages,family,kids,friends,gift,play,loved,year,favorite,enjoy,fun,great,daughter,thank,playing,awesome,game,love,loves,grandson,enjoyed,best,christmas
grand,birthday,ages,family,kids,friends,gift,play,loved,year,favorite,enjoy,fun,great,daughter,thank,playing,awesome,game,love,loves,grandson,enjoyed,best,christmas
grand,birthday,ages,family,kids,friends,gift,play,loved,year,favorite,enjoy,fun,great,daughter,thank,playing,awesome,game,love,loves,grandson,enjoyed,best,christmas
grand,birthday,ages,family,kids,friends,gift,play,loved,year,favorite,enjoy,fun,great,daughter,thank,playing,awesome,game,love,loves,grandson,enjoyed,best,christmas
grand,birthday,ages,family,kids,friends,gift,play,loved,year,favorite,enjoy,fun,great,daughter,thank,playing,awesome,game,love,loves,grandson,enjoyed,best,christmas
grand,birthday,ages,family,kids,friends,gift,play,loved,year,favorite,enjoy,fun,great,daughter,thank,playing,awesome,game,love,loves,grandson,enjoyed,best,christmas
grand,birthday,ages,family,kids,friends,gift,play,loved,year,favorite,enjoy,fun,great,daughter,thank,playing,awesome,game,love,loves,grandson,enjoyed,best,christmas
grand,birthday,ages,family,kids,friends,gift,play,loved,year,favorite,enjoy,fun,great,daughter,thank,playing,awesome,game,love,loves,grandson,enjoyed,best,christmas
grand,birthday,ages,family,kids,friends,gift,play,loved,year,favorite,enjoy,fun,great,daughter,thank,playing,awesome,game,love,loves,grandson,enjoyed,best,christmas
grand,birthday,ages,family,kids,friends,gift,play,loved,year,favorite,enjoy,fun,great,daughter,thank,playing,awesome,game,love,loves,grandson,enjoyed,best,christmas
grand,birthday,ages,family,kids,friends,gift,play,loved,year,favorite,enjoy,fun,great,daughter,thank,playing,awesome,game,love,loves,grandson,enjoyed,best,christmas
grand,birthday,ages,family,kids,friends,gift,play,loved,year,favorite,enjoy,fun,great,daughter,thank,playing,awesome,game,love,loves,grandson,enjoyed,best,christmas
grand,birthday,ages,family,kids,friends,gift,play,loved,year,favorite,enjoy,fun,great,daughter,thank,playing,awesome,game,love,loves,grandson,enjoyed,best,christmas
grand,birthday,ages,family,kids,friends,gift,play,loved,year,favorite,enjoy,fun,great,daughter,thank,playing,awesome,game,love,loves,grandson,enjoyed,best,christmas
grand,birthday,ages,family,kids,friends,gift,play,loved,year,favorite,enjoy,fun,great,daughter,thank,playing,awesome,game,love,loves,grandson,enjoyed,best,christmas
grand,birthday,ages,family,kids,friends,gift,play,loved,year,favorite,enjoy,fun,great,daughter,thank,playing,awesome,game,love,loves,grandson,enjoyed,best,christmas
grand,birthday,ages,family,kids,friends,gift,play,loved,year,favorite,enjoy,fun,great,daughter,thank,playing,awesome,game,love,loves,grandson,enjoyed,best,christmas
grand,birthday,ages,family,kids,friends,gift,play,loved,year,favorite,enjoy,fun,great,daughter,thank,playing,awesome,game,love,loves,grandson,enjoyed,best,christmas
grand,birthday,ages,family,kids,friends,gift,play,loved,year,favorite,enjoy,fun,great,daughter,thank,playing,awesome,game,love,loves,grandson,enjoyed,best,christmas
grand,birthday,ages,family,kids,friends,gift,play,loved,year,favorite,enjoy,fun,great,daughter,thank,playing,awesome,game,love,loves,grandson,enjoyed,best,christmas
grand,birthday,ages,family,kids,friends,gift,play,loved,year,favorite,enjoy,fun,great,daughter,thank,playing,awesome,game,love,loves,grandson,enjoyed,best,christmas
grand,birthday,ages,family,kids,friends,gift,play,loved,year,favorite,enjoy,fun,great,daughter,thank,playing,awesome,game,love,loves,grandson,enjoyed,best,christmas
grand,birthday,ages,family,kids,friends,gift,play,loved,year,favorite,enjoy,fun,great,daughter,thank,playing,awesome,game,love,loves,grandson,enjoyed,best,christmas
grand,birthday,ages,family,kids,friends,gift,play,loved,year,favorite,enjoy,fun,great,daughter,thank,playing,awesome,game,love,loves,grandson,enjoyed,best,christmas
grand,birthday,ages,family,kids,friends,gift,play,loved,year,favorite,enjoy,fun,great,daughter,thank,playing,awesome,game,love,loves,grandson,enjoyed,best,christmas
grand,birthday,ages,family,kids,friends,gift,play,loved,year,favorite,enjoy,fun,great,daughter,thank,playing,awesome,game,love,loves,grandson,enjoyed,best,christmas
grand,birthday,ages,family,kids,friends,gift,play,loved,year,favorite,enjoy,fun,great,daughter,thank,playing,awesome,game,love,loves,grandson,enjoyed,best,christmas
grand,birthday,ages,family,kids,friends,gift,play,loved,year,favorite,enjoy,fun,great,daughter,thank,playing,awesome,game,love,loves,grandson,enjoyed,best,christmas
grand,birthday,ages,family,kids,friends,gift,play,loved,year,favorite,enjoy,fun,great,daughter,thank,playing,awesome,game,love,loves,grandson,enjoyed,best,christmas
grand,birthday,ages,family,kids,friends,gift,play,loved,year,favorite,enjoy,fun,great,daughter,thank,playing,awesome,game,love,loves,grandson,enjoyed,best,christmas
grand,birthday,ages,family,kids,friends,gift,play,loved,year,favorite,enjoy,fun,great,daughter,thank,playing,awesome,game,love,loves,grandson,enjoyed,best,christmas
grand,birthday,ages,family,kids,friends,gift,play,loved,year,favorite,enjoy,fun,great,daughter,thank,playing,awesome,game,love,loves,grandson,enjoyed,best,christmas
grand,birthday,ages,family,kids,friends,gift,play,loved,year,favorite,enjoy,fun,great,daughter,thank,playing,awesome,game,love,loves,grandson,enjoyed,best,christmas
grand,birthday,ages,family,kids,friends,gift,play,loved,year,favorite,enjoy,fun,great,daughter,thank,playing,awesome,game,love,loves,grandson,enjoyed,best,christmas
grand,birthday,ages,family,kids,friends,gift,play,loved,year,favorite,enjoy,fun,great,daughter,thank,playing,awesome,game,love,loves,grandson,enjoyed,best,christmas
grand,birthday,ages,family,kids,friends,gift,play,loved,year,favorite,enjoy,fun,great,daughter,thank,playing,awesome,game,love,loves,grandson,enjoyed,best,christmas
grand,birthday,ages,family,kids,friends,gift,play,loved,year,favorite,enjoy,fun,great,daughter,thank,playing,awesome,game,love,loves,grandson,enjoyed,best,christmas
grand,birthday,ages,family,kids,friends,gift,play,loved,year,favorite,enjoy,fun,great,daughter,thank,playing,awesome,game,love,loves,grandson,enjoyed,best,christmas
grand,birthday,ages,family,kids,friends,gift,play,loved,year,favorite,enjoy,fun,great,daughter,thank,playing,awesome,game,love,loves,grandson,enjoyed,best,christmas
grand,birthday,ages,family,kids,friends,gift,play,loved,year,favorite,enjoy,fun,great,daughter,thank,playing,awesome,game,love,loves,grandson,enjoyed,best,christmas
grand,birthday,ages,family,kids,friends,gift,play,loved,year,favorite,enjoy,fun,great,daughter,thank,playing,awesome,game,love,loves,grandson,enjoyed,best,christmas
grand,birthday,ages,family,kids,friends,gift,play,loved,year,favorite,enjoy,fun,great,daughter,thank,playing,awesome,game,love,loves,grandson,enjoyed,best,christmas
grand,birthday,ages,family,kids,friends,gift,play,loved,year,favorite,enjoy,fun,great,daughter,thank,playing,awesome,game,love,loves,grandson,enjoyed,best,christmas
grand,birthday,ages,family,kids,friends,gift,play,loved,year,favorite,enjoy,fun,great,daughter,thank,playing,awesome,game,love,loves,grandson,enjoyed,best,christmas
grand,birthday,ages,family,kids,friends,gift,play,loved,year,favorite,enjoy,fun,great,daughter,thank,playing,awesome,game,love,loves,grandson,enjoyed,best,christmas
grand,birthday,ages,family,kids,friends,gift,play,loved,year,favorite,enjoy,fun,great,daughter,thank,playing,awesome,game,love,loves,grandson,enjoyed,best,christmas
grand,birthday,ages,family,kids,friends,gift,play,loved,year,favorite,enjoy,fun,great,daughter,thank,playing,awesome,game,love,loves,grandson,enjoyed,best,christmas
grand,birthday,ages,family,kids,friends,gift,play,loved,year,favorite,enjoy,fun,great,daughter,thank,playing,awesome,game,love,loves,grandson,enjoyed,best,christmas
grand,birthday,ages,family,kids,friends,gift,play,loved,year,favorite,enjoy,fun,great,daughter,thank,playing,awesome,game,love,loves,grandson,enjoyed,best,christmas
birthday,ages,family,kids,friends,gift,play,loved,year,favorite,enjoy,fun,great,daughter,thank,book,playing,awesome,game,love,loves,grandson,enjoyed,best,christmas
birthday,ages,family,kids,friends,gift,play,loved,year,favorite,enjoy,fun,great,daughter,thank,book,playing,awesome,game,love,loves,grandson,enjoyed,best,christmas
birthday,ages,family,kids,friends,gift,play,loved,year,favorite,enjoy,fun,great,daughter,thank,book,playing,awesome,game,love,loves,grandson,enjoyed,best,christmas
birthday,ages,family,kids,friends,gift,play,loved,year,favorite,enjoy,fun,great,daughter,thank,book,playing,awesome,game,love,loves,grandson,enjoyed,best,christmas
birthday,ages,family,kids,friends,gift,play,loved,year,favorite,enjoy,fun,great,daughter,thank,book,playing,awesome,game,love,loves,grandson,enjoyed,best,christmas
birthday,ages,family,kids,friends,gift,play,loved,year,favorite,enjoy,fun,great,daughter,thank,book,playing,awesome,game,love,loves,grandson,enjoyed,best,christmas
birthday,ages,family,kids,friends,gift,play,loved,year,favorite,enjoy,fun,great,daughter,thank,book,playing,awesome,game,love,loves,grandson,enjoyed,best,christmas
birthday,ages,family,kids,friends,gift,play,loved,year,favorite,enjoy,fun,great,daughter,thank,book,playing,awesome,game,love,loves,grandson,enjoyed,best,christmas
birthday,ages,family,kids,friends,gift,play,loved,year,favorite,enjoy,fun,great,daughter,thank,book,playing,awesome,game,love,loves,grandson,enjoyed,best,christmas
birthday,ages,family,kids,friends,gift,play,loved,year,favorite,enjoy,fun,great,daughter,thank,book,playing,awesome,game,love,loves,grandson,enjoyed,best,christmas
birthday,ages,family,kids,friends,gift,play,loved,year,favorite,enjoy,fun,great,daughter,thank,book,playing,awesome,game,love,loves,grandson,enjoyed,best,christmas
birthday,ages,family,kids,friends,gift,play,loved,year,favorite,enjoy,fun,great,daughter,thank,book,playing,awesome,game,love,loves,grandson,enjoyed,best,christmas
birthday,ages,family,kids,friends,gift,play,loved,year,favorite,enjoy,fun,great,daughter,thank,book,playing,awesome,game,love,loves,grandson,enjoyed,best,christmas
birthday,ages,family,kids,friends,gift,play,loved,year,favorite,enjoy,fun,great,daughter,thank,book,playing,awesome,game,love,loves,grandson,enjoyed,best,christmas
birthday,ages,family,kids,friends,gift,play,loved,year,favorite,enjoy,fun,great,daughter,thank,book,playing,awesome,game,love,loves,grandson,enjoyed,best,christmas
birthday,ages,family,kids,friends,gift,play,loved,year,favorite,enjoy,fun,great,daughter,thank,book,playing,awesome,game,love,loves,grandson,enjoyed,best,christmas
birthday,ages,family,kids,friends,gift,play,loved,year,favorite,enjoy,fun,great,daughter,thank,book,playing,awesome,game,love,loves,grandson,enjoyed,best,christmas
birthday,ages,family,kids,friends,gift,play,loved,year,favorite,enjoy,fun,great,daughter,thank,book,playing,awesome,game,love,loves,grandson,enjoyed,best,christmas
birthday,ages,family,kids,friends,gift,play,loved,year,favorite,enjoy,fun,great,daughter,thank,book,playing,awesome,game,love,loves,grandson,enjoyed,best,christmas
birthday,ages,family,kids,friends,gift,play,loved,year,favorite,enjoy,fun,great,daughter,thank,book,playing,awesome,game,love,loves,grandson,enjoyed,best,christmas
birthday,ages,family,kids,friends,gift,play,loved,year,favorite,enjoy,fun,great,daughter,thank,book,playing,awesome,game,love,loves,grandson,enjoyed,best,christmas
birthday,ages,family,kids,friends,gift,play,loved,year,favorite,enjoy,fun,great,daughter,thank,book,playing,awesome,game,love,loves,grandson,enjoyed,best,christmas
birthday,ages,family,kids,friends,gift,play,loved,year,favorite,enjoy,fun,great,daughter,thank,book,playing,awesome,game,love,loves,grandson,enjoyed,best,christmas
birthday,ages,family,kids,friends,gift,play,loved,year,favorite,enjoy,fun,great,daughter,thank,book,playing,awesome,game,love,loves,grandson,enjoyed,best,christmas
birthday,ages,family,kids,friends,gift,play,loved,year,favorite,enjoy,fun,great,daughter,thank,book,playing,awesome,game,love,loves,grandson,enjoyed,best,christmas
birthday,ages,family,kids,friends,gift,play,loved,year,favorite,enjoy,fun,great,daughter,thank,book,playing,awesome,game,love,loves,grandson,enjoyed,best,christmas
birthday,ages,family,kids,friends,gift,play,loved,year,favorite,enjoy,fun,great,daughter,thank,book,playing,awesome,game,love,loves,grandson,enjoyed,best,christmas
birthday,ages,family,kids,friends,gift,play,loved,year,favorite,enjoy,fun,great,daughter,thank,book,playing,awesome,game,love,loves,grandson,enjoyed,best,christmas
grand,birthday,family,kids,friends,gift,play,loved,year,favorite,enjoy,fun,great,daughter,thank,book,playing,awesome,game,love,loves,grandson,enjoyed,best,christmas
grand,birthday,family,kids,friends,gift,play,loved,year,favorite,enjoy,fun,great,daughter,thank,book,playing,awesome,game,love,loves,grandson,enjoyed,best,christmas
grand,birthday,family,kids,friends,gift,play,loved,year,favorite,enjoy,fun,great,daughter,thank,book,playing,awesome,game,love,loves,grandson,enjoyed,best,christmas
grand,birthday,family,kids,friends,gift,play,loved,year,favorite,enjoy,fun,great,daughter,thank,book,playing,awesome,game,love,loves,grandson,enjoyed,best,christmas
grand,birthday,family,kids,friends,gift,play,loved,year,favorite,enjoy,fun,great,daughter,thank,book,playing,awesome,game,love,loves,grandson,enjoyed,best,christmas
grand,birthday,family,kids,friends,gift,play,loved,year,favorite,enjoy,fun,great,daughter,thank,book,playing,awesome,game,love,loves,grandson,enjoyed,best,christmas
grand,birthday,family,kids,friends,gift,play,loved,year,favorite,enjoy,fun,great,daughter,thank,book,playing,awesome,game,love,loves,grandson,enjoyed,best,christmas
grand,birthday,family,kids,friends,gift,play,loved,year,favorite,enjoy,fun,great,daughter,thank,book,playing,awesome,game,love,loves,grandson,enjoyed,best,christmas
grand,birthday,family,kids,friends,gift,play,loved,year,favorite,enjoy,fun,great,daughter,thank,book,playing,awesome,game,love,loves,grandson,enjoyed,best,christmas
grand,birthday,family,kids,friends,gift,play,loved,year,favorite,enjoy,fun,great,daughter,thank,book,playing,awesome,game,love,loves,grandson,enjoyed,best,christmas
grand,birthday,family,kids,friends,gift,play,loved,year,favorite,enjoy,fun,great,daughter,thank,book,playing,awesome,game,love,loves,grandson,enjoyed,best,christmas
grand,birthday,family,kids,friends,gift,play,loved,year,favorite,enjoy,fun,great,daughter,thank,book,playing,awesome,game,love,loves,grandson,enjoyed,best,christmas
grand,birthday,family,kids,friends,gift,play,loved,year,favorite,enjoy,fun,great,daughter,thank,book,playing,awesome,game,love,loves,grandson,enjoyed,best,christmas
grand,birthday,family,kids,friends,gift,play,loved,year,favorite,enjoy,fun,great,daughter,thank,book,playing,awesome,game,love,loves,grandson,enjoyed,best,christmas
grand,birthday,family,kids,friends,gift,play,loved,year,favorite,enjoy,fun,great,daughter,thank,book,playing,awesome,game,love,loves,grandson,enjoyed,best,christmas
grand,birthday,family,kids,friends,gift,play,loved,year,favorite,enjoy,fun,great,daughter,thank,book,playing,awesome,game,love,loves,grandson,enjoyed,best,christmas
grand,birthday,family,kids,friends,gift,play,loved,year,favorite,enjoy,fun,great,daughter,thank,book,playing,awesome,game,love,loves,grandson,enjoyed,best,christmas
grand,birthday,family,kids,friends,gift,play,loved,year,favorite,enjoy,fun,great,daughter,thank,book,playing,awesome,game,love,loves,grandson,enjoyed,best,christmas
grand,birthday,family,kids,friends,gift,play,loved,year,favorite,enjoy,fun,great,daughter,thank,book,playing,awesome,game,love,loves,grandson,enjoyed,best,christmas
grand,birthday,family,kids,friends,gift,play,loved,year,favorite,enjoy,fun,great,daughter,thank,book,playing,awesome,game,love,loves,grandson,enjoyed,best,christmas
grand,birthday,family,kids,friends,gift,play,loved,year,favorite,enjoy,fun,great,daughter,thank,book,playing,awesome,game,love,loves,grandson,enjoyed,best,christmas
grand,birthday,family,kids,friends,gift,play,loved,year,favorite,enjoy,fun,great,daughter,thank,book,playing,awesome,game,love,loves,grandson,enjoyed,best,christmas
grand,birthday,family,kids,friends,gift,play,loved,year,favorite,enjoy,fun,great,daughter,thank,book,playing,awesome,game,love,loves,grandson,enjoyed,best,christmas
grand,birthday,family,kids,friends,gift,play,loved,year,favorite,enjoy,fun,great,daughter,thank,book,playing,awesome,game,love,loves,grandson,enjoyed,best,christmas
grand,birthday,family,kids,friends,gift,play,loved,year,favorite,enjoy,fun,great,daughter,thank,book,playing,awesome,game,love,loves,grandson,enjoyed,best,christmas
grand,birthday,family,kids,friends,gift,play,loved,year,favorite,enjoy,fun,great,daughter,thank,book,playing,awesome,game,love,loves,grandson,enjoyed,best,christmas
grand,birthday,family,kids,friends,gift,play,loved,year,favorite,enjoy,fun,great,daughter,thank,book,playing,awesome,game,love,loves,grandson,enjoyed,best,christmas
grand,birthday,family,kids,friends,gift,play,loved,year,favorite,enjoy,fun,great,daughter,thank,book,playing,awesome,game,love,loves,grandson,enjoyed,best,christmas
grand,birthday,family,kids,friends,gift,play,loved,year,favorite,enjoy,fun,great,daughter,thank,book,playing,awesome,game,love,loves,grandson,enjoyed,best,christmas
grand,birthday,family,kids,friends,gift,play,loved,year,favorite,enjoy,fun,great,daughter,thank,book,playing,awesome,game,love,loves,grandson,enjoyed,best,christmas
grand,birthday,family,kids,friends,gift,play,loved,year,favorite,enjoy,fun,great,daughter,thank,book,playing,awesome,game,love,loves,grandson,enjoyed,best,christmas
grand,birthday,family,kids,friends,gift,play,loved,year,favorite,enjoy,fun,great,daughter,thank,book,playing,awesome,game,love,loves,grandson,enjoyed,best,christmas
grand,birthday,family,kids,friends,gift,play,loved,year,favorite,enjoy,fun,great,daughter,thank,book,playing,awesome,game,love,loves,grandson,enjoyed,best,christmas
grand,birthday,family,kids,friends,gift,play,loved,year,favorite,enjoy,fun,great,daughter,thank,book,playing,awesome,game,love,loves,grandson,enjoyed,best,christmas
grand,birthday,family,kids,friends,gift,play,loved,year,favorite,enjoy,fun,great,daughter,thank,book,playing,awesome,game,love,loves,grandson,enjoyed,best,christmas
grand,birthday,family,kids,friends,gift,play,loved,year,favorite,enjoy,fun,great,daughter,thank,book,playing,awesome,game,love,loves,grandson,enjoyed,best,christmas
grand,birthday,family,kids,friends,gift,play,loved,year,favorite,enjoy,fun,great,daughter,thank,book,playing,awesome,game,love,loves,grandson,enjoyed,best,christmas
grand,birthday,family,kids,friends,gift,play,loved,year,favorite,enjoy,fun,great,daughter,thank,book,playing,awesome,game,love,loves,grandson,enjoyed,best,christmas
grand,birthday,family,kids,friends,gift,play,loved,year,favorite,enjoy,fun,great,daughter,thank,book,playing,awesome,game,love,loves,grandson,enjoyed,best,christmas
grand,birthday,family,kids,friends,gift,play,loved,year,favorite,enjoy,fun,great,daughter,thank,book,playing,awesome,game,love,loves,grandson,enjoyed,best,christmas
grand,birthday,family,kids,friends,gift,play,loved,year,favorite,enjoy,fun,great,daughter,thank,book,playing,awesome,game,love,loves,grandson,enjoyed,best,christmas
grand,birthday,family,kids,friends,gift,play,loved,year,favorite,enjoy,fun,great,daughter,thank,book,playing,awesome,game,love,loves,grandson,enjoyed,best,christmas
grand,birthday,family,kids,friends,gift,play,loved,year,favorite,enjoy,fun,great,daughter,thank,book,playing,awesome,game,love,loves,grandson,enjoyed,best,christmas
grand,birthday,family,kids,friends,gift,play,loved,year,favorite,enjoy,fun,great,daughter,thank,book,playing,awesome,game,love,loves,grandson,enjoyed,best,christmas
grand,birthday,family,kids,friends,gift,play,loved,year,favorite,enjoy,fun,great,daughter,thank,book,playing,awesome,game,love,loves,grandson,enjoyed,best,christmas
grand,birthday,family,kids,friends,gift,play,loved,year,favorite,enjoy,fun,great,daughter,thank,book,playing,awesome,game,love,loves,grandson,enjoyed,best,christmas
grand,birthday,family,kids,friends,gift,play,loved,year,favorite,enjoy,fun,great,daughter,thank,book,playing,awesome,game,love,loves,grandson,enjoyed,best,christmas
grand,birthday,family,kids,friends,gift,play,loved,year,favorite,enjoy,fun,great,daughter,thank,book,playing,awesome,game,love,loves,grandson,enjoyed,best,christmas
grand,birthday,family,kids,friends,gift,play,loved,year,favorite,enjoy,fun,great,daughter,thank,book,playing,awesome,game,love,loves,grandson,enjoyed,best,christmas
grand,birthday,family,kids,friends,gift,play,loved,year,favorite,enjoy,fun,great,daughter,thank,book,playing,awesome,game,love,loves,grandson,enjoyed,best,christmas
grand,birthday,family,kids,friends,gift,play,loved,year,favorite,enjoy,fun,great,daughter,thank,book,playing,awesome,game,love,loves,grandson,enjoyed,best,christmas
grand,birthday,family,kids,friends,gift,play,loved,year,favorite,enjoy,fun,great,daughter,thank,book,playing,awesome,game,love,loves,grandson,enjoyed,best,christmas
grand,birthday,family,kids,friends,gift,play,loved,year,favorite,enjoy,fun,great,daughter,thank,book,playing,awesome,game,love,loves,grandson,enjoyed,best,christmas
grand,birthday,family,kids,friends,gift,play,loved,year,favorite,enjoy,fun,great,daughter,thank,book,playing,awesome,game,love,loves,grandson,enjoyed,best,christmas
grand,birthday,family,kids,friends,gift,play,loved,year,favorite,enjoy,fun,great,daughter,thank,book,playing,awesome,game,love,loves,grandson,enjoyed,best,christmas
grand,birthday,family,kids,friends,gift,play,loved,year,favorite,enjoy,fun,great,daughter,thank,book,playing,awesome,game,love,loves,grandson,enjoyed,best,christmas
grand,birthday,family,kids,friends,gift,play,loved,year,favorite,enjoy,fun,great,daughter,thank,book,playing,awesome,game,love,loves,grandson,enjoyed,best,christmas
grand,birthday,family,kids,friends,gift,play,loved,year,favorite,enjoy,fun,great,daughter,thank,book,playing,awesome,game,love,loves,grandson,enjoyed,best,christmas
grand,birthday,family,kids,friends,gift,play,loved,year,favorite,enjoy,fun,great,daughter,thank,book,playing,awesome,game,love,loves,grandson,enjoyed,best,christmas
grand,birthday,family,kids,friends,gift,play,loved,year,favorite,enjoy,fun,great,daughter,thank,book,playing,awesome,game,love,loves,grandson,enjoyed,best,christmas
grand,birthday,family,kids,friends,gift,play,loved,year,favorite,enjoy,fun,great,daughter,thank,book,playing,awesome,game,love,loves,grandson,enjoyed,best,christmas
grand,birthday,family,kids,friends,gift,play,loved,year,favorite,enjoy,fun,great,daughter,thank,book,playing,awesome,game,love,loves,grandson,enjoyed,best,christmas
grand,birthday,family,kids,friends,gift,play,loved,year,favorite,enjoy,fun,great,daughter,thank,book,playing,awesome,game,love,loves,grandson,enjoyed,best,christmas
grand,birthday,family,kids,friends,gift,play,loved,year,favorite,enjoy,fun,great,daughter,thank,book,playing,awesome,game,love,loves,grandson,enjoyed,best,christmas
grand,birthday,family,kids,friends,gift,play,loved,year,favorite,enjoy,fun,great,daughter,thank,book,playing,awesome,game,love,loves,grandson,enjoyed,best,christmas
grand,birthday,family,kids,friends,gift,play,loved,year,favorite,enjoy,fun,great,daughter,thank,book,playing,awesome,game,love,loves,grandson,enjoyed,best,christmas
grand,birthday,family,kids,friends,gift,play,loved,year,favorite,enjoy,fun,great,daughter,thank,book,playing,awesome,game,love,loves,grandson,enjoyed,best,christmas
grand,birthday,family,kids,friends,gift,play,loved,year,favorite,enjoy,fun,great,daughter,thank,book,playing,awesome,game,love,loves,grandson,enjoyed,best,christmas
grand,birthday,family,kids,friends,gift,play,loved,year,favorite,enjoy,fun,great,daughter,thank,book,playing,awesome,game,love,loves,grandson,enjoyed,best,christmas
grand,birthday,family,kids,friends,gift,play,loved,year,favorite,enjoy,fun,great,daughter,thank,book,playing,awesome,game,love,loves,grandson,enjoyed,best,christmas
grand,birthday,family,kids,friends,gift,play,loved,year,favorite,enjoy,fun,great,daughter,thank,book,playing,awesome,game,love,loves,grandson,enjoyed,best,christmas
grand,birthday,family,kids,friends,gift,play,loved,year,favorite,enjoy,fun,great,daughter,thank,book,playing,awesome,game,love,loves,grandson,enjoyed,best,christmas
grand,birthday,family,kids,friends,gift,play,loved,year,favorite,enjoy,fun,great,daughter,thank,book,playing,awesome,game,love,loves,grandson,enjoyed,best,christmas
grand,birthday,family,kids,friends,gift,play,loved,year,favorite,enjoy,fun,great,daughter,thank,book,playing,awesome,game,love,loves,grandson,enjoyed,best,christmas
grand,birthday,family,kids,friends,gift,play,loved,year,favorite,enjoy,fun,great,daughter,thank,book,playing,awesome,game,love,loves,grandson,enjoyed,best,christmas
grand,birthday,family,kids,friends,gift,play,loved,year,favorite,enjoy,fun,great,daughter,thank,book,playing,awesome,game,love,loves,grandson,enjoyed,best,christmas
grand,birthday,family,kids,friends,gift,play,loved,year,favorite,enjoy,fun,great,daughter,thank,book,playing,awesome,game,love,loves,grandson,enjoyed,best,christmas
grand,birthday,family,kids,friends,gift,play,loved,year,favorite,enjoy,fun,great,daughter,thank,book,playing,awesome,game,love,loves,grandson,enjoyed,best,christmas
grand,birthday,family,kids,friends,gift,play,loved,year,favorite,enjoy,fun,great,daughter,thank,book,playing,awesome,game,love,loves,grandson,enjoyed,best,christmas
grand,birthday,family,kids,friends,gift,play,loved,year,favorite,enjoy,fun,great,daughter,thank,book,playing,awesome,game,love,loves,grandson,enjoyed,best,christmas
grand,birthday,family,kids,friends,gift,play,loved,year,favorite,enjoy,fun,great,daughter,thank,book,playing,awesome,game,love,loves,grandson,enjoyed,best,christmas
grand,birthday,family,kids,friends,gift,play,loved,year,favorite,enjoy,fun,great,daughter,thank,book,playing,awesome,game,love,loves,grandson,enjoyed,best,christmas
grand,birthday,family,kids,friends,gift,play,loved,year,favorite,enjoy,fun,great,daughter,thank,book,playing,awesome,game,love,loves,grandson,enjoyed,best,christmas
grand,birthday,family,kids,friends,gift,play,loved,year,favorite,enjoy,fun,great,daughter,thank,book,playing,awesome,game,love,loves,grandson,enjoyed,best,christmas
grand,birthday,family,kids,friends,gift,play,loved,year,favorite,enjoy,fun,great,daughter,thank,book,playing,awesome,game,love,loves,grandson,enjoyed,best,christmas
grand,birthday,family,kids,friends,gift,play,loved,year,favorite,enjoy,fun,great,daughter,thank,book,playing,awesome,game,love,loves,grandson,enjoyed,best,christmas
grand,birthday,family,kids,friends,gift,play,loved,year,favorite,enjoy,fun,great,daughter,thank,book,playing,awesome,game,love,loves,grandson,enjoyed,best,christmas
grand,birthday,family,kids,friends,gift,play,loved,year,favorite,enjoy,fun,great,daughter,thank,book,playing,awesome,game,love,loves,grandson,enjoyed,best,christmas
grand,birthday,family,kids,friends,gift,play,loved,year,favorite,enjoy,fun,great,daughter,thank,book,playing,awesome,game,love,loves,grandson,enjoyed,best,christmas
grand,birthday,family,kids,friends,gift,play,loved,year,favorite,enjoy,fun,great,daughter,thank,book,playing,awesome,game,love,loves,grandson,enjoyed,best,christmas
grand,birthday,family,kids,friends,gift,play,loved,year,favorite,enjoy,fun,great,daughter,thank,book,playing,awesome,game,love,loves,grandson,enjoyed,best,christmas
grand,birthday,family,kids,friends,gift,play,loved,year,favorite,enjoy,fun,great,daughter,thank,book,playing,awesome,game,love,loves,grandson,enjoyed,best,christmas
grand,birthday,family,kids,friends,gift,play,loved,year,favorite,enjoy,fun,great,daughter,thank,book,playing,awesome,game,love,loves,grandson,enjoyed,best,christmas
grand,birthday,family,kids,friends,gift,play,loved,year,favorite,enjoy,fun,great,daughter,thank,book,playing,awesome,game,love,loves,grandson,enjoyed,best,christmas
grand,birthday,family,kids,friends,gift,play,loved,year,favorite,enjoy,fun,great,daughter,thank,book,playing,awesome,game,love,loves,grandson,enjoyed,best,christmas
grand,birthday,family,kids,friends,gift,play,loved,year,favorite,enjoy,fun,great,daughter,thank,book,playing,awesome,game,love,loves,grandson,enjoyed,best,christmas
grand,birthday,family,kids,friends,gift,play,loved,year,favorite,enjoy,fun,great,daughter,thank,book,playing,awesome,game,love,loves,grandson,enjoyed,best,christmas
grand,birthday,family,kids,friends,gift,play,loved,year,favorite,enjoy,fun,great,daughter,thank,book,playing,awesome,game,love,loves,grandson,enjoyed,best,christmas
grand,birthday,family,kids,friends,gift,play,loved,year,favorite,enjoy,fun,great,daughter,thank,book,playing,awesome,game,love,loves,grandson,enjoyed,best,christmas
grand,birthday,family,kids,friends,gift,play,loved,year,favorite,enjoy,fun,great,daughter,thank,book,playing,awesome,game,love,loves,grandson,enjoyed,best,christmas
grand,birthday,family,kids,friends,gift,play,loved,year,favorite,enjoy,fun,great,daughter,thank,book,playing,awesome,game,love,loves,grandson,enjoyed,best,christmas
grand,birthday,family,kids,friends,gift,play,loved,year,favorite,enjoy,fun,great,daughter,thank,book,playing,awesome,game,love,loves,grandson,enjoyed,best,christmas
grand,birthday,family,kids,friends,gift,play,loved,year,favorite,enjoy,fun,great,daughter,thank,book,playing,awesome,game,love,loves,grandson,enjoyed,best,christmas
grand,birthday,family,kids,friends,gift,play,loved,year,favorite,enjoy,fun,great,daughter,thank,book,playing,awesome,game,love,loves,grandson,enjoyed,best,christmas
grand,birthday,family,kids,friends,gift,play,loved,year,favorite,enjoy,fun,great,daughter,thank,book,playing,awesome,game,love,loves,grandson,enjoyed,best,christmas
grand,birthday,family,kids,friends,gift,play,loved,year,favorite,enjoy,fun,great,daughter,thank,book,playing,awesome,game,love,loves,grandson,enjoyed,best,christmas
grand,birthday,family,kids,friends,gift,play,loved,year,favorite,enjoy,fun,great,daughter,thank,book,playing,awesome,game,love,loves,grandson,enjoyed,best,christmas
grand,birthday,family,kids,friends,gift,play,loved,year,favorite,enjoy,fun,great,daughter,thank,book,playing,awesome,game,love,loves,grandson,enjoyed,best,christmas
grand,birthday,family,kids,friends,gift,play,loved,year,favorite,enjoy,fun,great,daughter,thank,book,playing,awesome,game,love,loves,grandson,enjoyed,best,christmas
grand,birthday,family,kids,friends,gift,play,loved,year,favorite,enjoy,fun,great,daughter,thank,book,playing,awesome,game,love,loves,grandson,enjoyed,best,christmas
grand,birthday,family,kids,friends,gift,play,loved,year,favorite,enjoy,fun,great,daughter,thank,book,playing,awesome,game,love,loves,grandson,enjoyed,best,christmas
grand,birthday,family,kids,friends,gift,play,loved,year,favorite,enjoy,fun,great,daughter,thank,book,playing,awesome,game,love,loves,grandson,enjoyed,best,christmas
grand,birthday,family,kids,friends,gift,play,loved,year,favorite,enjoy,fun,great,daughter,thank,book,playing,awesome,game,love,loves,grandson,enjoyed,best,christmas
grand,birthday,family,kids,friends,gift,play,loved,year,favorite,enjoy,fun,great,daughter,thank,book,playing,awesome,game,love,loves,grandson,enjoyed,best,christmas
grand,birthday,family,kids,friends,gift,play,loved,year,favorite,enjoy,fun,great,daughter,thank,book,playing,awesome,game,love,loves,grandson,enjoyed,best,christmas
grand,birthday,family,kids,friends,gift,play,loved,year,favorite,enjoy,fun,great,daughter,thank,book,playing,awesome,game,love,loves,grandson,enjoyed,best,christmas
grand,birthday,family,kids,friends,gift,play,loved,year,favorite,enjoy,fun,great,daughter,thank,book,playing,awesome,game,love,loves,grandson,enjoyed,best,christmas
grand,birthday,family,kids,friends,gift,play,loved,year,favorite,enjoy,fun,great,daughter,thank,book,playing,awesome,game,love,loves,grandson,enjoyed,best,christmas
grand,birthday,family,kids,friends,gift,play,loved,year,favorite,enjoy,fun,great,daughter,thank,book,playing,awesome,game,love,loves,grandson,enjoyed,best,christmas
grand,birthday,family,kids,friends,gift,play,loved,year,favorite,enjoy,fun,great,daughter,thank,book,playing,awesome,game,love,loves,grandson,enjoyed,best,christmas
grand,birthday,family,kids,friends,gift,play,loved,year,favorite,enjoy,fun,great,daughter,thank,book,playing,awesome,game,love,loves,grandson,enjoyed,best,christmas
grand,birthday,family,kids,friends,gift,play,loved,year,favorite,enjoy,fun,great,daughter,thank,book,playing,awesome,game,love,loves,grandson,enjoyed,best,christmas
grand,birthday,family,kids,friends,gift,play,loved,year,favorite,enjoy,fun,great,daughter,thank,book,playing,awesome,game,love,loves,grandson,enjoyed,best,christmas
grand,birthday,family,kids,friends,gift,play,loved,year,favorite,enjoy,fun,great,daughter,thank,book,playing,awesome,game,love,loves,grandson,enjoyed,best,christmas
grand,birthday,family,kids,friends,gift,play,loved,year,favorite,enjoy,fun,great,daughter,thank,book,playing,awesome,game,love,loves,grandson,enjoyed,best,christmas
grand,birthday,family,kids,friends,gift,play,loved,year,favorite,enjoy,fun,great,daughter,thank,book,playing,awesome,game,love,loves,grandson,enjoyed,best,christmas
grand,birthday,family,kids,friends,gift,play,loved,year,favorite,enjoy,fun,great,daughter,thank,book,playing,awesome,game,love,loves,grandson,enjoyed,best,christmas
grand,birthday,family,kids,friends,gift,play,loved,year,favorite,enjoy,fun,great,daughter,thank,book,playing,awesome,game,love,loves,grandson,enjoyed,best,christmas
grand,birthday,family,kids,friends,gift,play,loved,year,favorite,enjoy,fun,great,daughter,thank,book,playing,awesome,game,love,loves,grandson,enjoyed,best,christmas
grand,birthday,family,kids,friends,gift,play,loved,year,favorite,enjoy,fun,great,daughter,thank,book,playing,awesome,game,love,loves,grandson,enjoyed,best,christmas
grand,birthday,family,kids,friends,gift,play,loved,year,favorite,enjoy,fun,great,daughter,thank,book,playing,awesome,game,love,loves,grandson,enjoyed,best,christmas
grand,birthday,family,kids,friends,gift,play,loved,year,favorite,enjoy,fun,great,daughter,thank,book,playing,awesome,game,love,loves,grandson,enjoyed,best,christmas
grand,birthday,family,kids,friends,gift,play,loved,year,favorite,enjoy,fun,great,daughter,thank,book,playing,awesome,game,love,loves,grandson,enjoyed,best,christmas
grand,birthday,family,kids,friends,gift,play,loved,year,favorite,enjoy,fun,great,daughter,thank,book,playing,awesome,game,love,loves,grandson,enjoyed,best,christmas
grand,birthday,family,kids,friends,gift,play,loved,year,favorite,enjoy,fun,great,daughter,thank,book,playing,awesome,game,love,loves,grandson,enjoyed,best,christmas
grand,birthday,family,kids,friends,gift,play,loved,year,favorite,enjoy,fun,great,daughter,thank,book,playing,awesome,game,love,loves,grandson,enjoyed,best,christmas
grand,birthday,family,kids,friends,gift,play,loved,year,favorite,enjoy,fun,great,daughter,thank,book,playing,awesome,game,love,loves,grandson,enjoyed,best,christmas
grand,birthday,family,kids,friends,gift,play,loved,year,favorite,enjoy,fun,great,daughter,thank,book,playing,awesome,game,love,loves,grandson,enjoyed,best,christmas
grand,birthday,family,kids,friends,gift,play,loved,year,favorite,enjoy,fun,great,daughter,thank,book,playing,awesome,game,love,loves,grandson,enjoyed,best,christmas
grand,birthday,family,kids,friends,gift,play,loved,year,favorite,enjoy,fun,great,daughter,thank,book,playing,awesome,game,love,loves,grandson,enjoyed,best,christmas
grand,birthday,family,kids,friends,gift,play,loved,year,favorite,enjoy,fun,great,daughter,thank,book,playing,awesome,game,love,loves,grandson,enjoyed,best,christmas
grand,birthday,family,kids,friends,gift,play,loved,year,favorite,enjoy,fun,great,daughter,thank,book,playing,awesome,game,love,loves,grandson,enjoyed,best,christmas
grand,birthday,family,kids,friends,gift,play,loved,year,favorite,enjoy,fun,great,daughter,thank,book,playing,awesome,game,love,loves,grandson,enjoyed,best,christmas
grand,birthday,family,kids,friends,gift,play,loved,year,favorite,enjoy,fun,great,daughter,thank,book,playing,awesome,game,love,loves,grandson,enjoyed,best,christmas
grand,birthday,family,kids,friends,gift,play,loved,year,favorite,enjoy,fun,great,daughter,thank,book,playing,awesome,game,love,loves,grandson,enjoyed,best,christmas
grand,birthday,family,kids,friends,gift,play,loved,year,favorite,enjoy,fun,great,daughter,thank,book,playing,awesome,game,love,loves,grandson,enjoyed,best,christmas
grand,birthday,family,kids,friends,gift,play,loved,year,favorite,enjoy,fun,great,daughter,thank,book,playing,awesome,game,love,loves,grandson,enjoyed,best,christmas
grand,birthday,family,kids,friends,gift,play,loved,year,favorite,enjoy,fun,great,daughter,thank,book,playing,awesome,game,love,loves,grandson,enjoyed,best,christmas
grand,birthday,family,kids,friends,gift,play,loved,year,favorite,enjoy,fun,great,daughter,thank,book,playing,awesome,game,love,loves,grandson,enjoyed,best,christmas
grand,birthday,family,kids,friends,gift,play,loved,year,favorite,enjoy,fun,great,daughter,thank,book,playing,awesome,game,love,loves,grandson,enjoyed,best,christmas
grand,birthday,family,kids,friends,gift,play,loved,year,favorite,enjoy,fun,great,daughter,thank,book,playing,awesome,game,love,loves,grandson,enjoyed,best,christmas
grand,birthday,family,kids,friends,gift,play,loved,year,favorite,enjoy,fun,great,daughter,thank,book,playing,awesome,game,love,loves,grandson,enjoyed,best,christmas
grand,birthday,family,kids,friends,gift,play,loved,year,favorite,enjoy,fun,great,daughter,thank,book,playing,awesome,game,love,loves,grandson,enjoyed,best,christmas
grand,birthday,family,kids,friends,gift,play,loved,year,favorite,enjoy,fun,great,daughter,thank,book,playing,awesome,game,love,loves,grandson,enjoyed,best,christmas
grand,birthday,family,kids,friends,gift,play,loved,year,favorite,enjoy,fun,great,daughter,thank,book,playing,awesome,game,love,loves,grandson,enjoyed,best,christmas
grand,birthday,family,kids,friends,gift,play,loved,year,favorite,enjoy,fun,great,daughter,thank,book,playing,awesome,game,love,loves,grandson,enjoyed,best,christmas
grand,birthday,family,kids,friends,gift,play,loved,year,favorite,enjoy,fun,great,daughter,thank,book,playing,awesome,game,love,loves,grandson,enjoyed,best,christmas
grand,birthday,family,kids,friends,gift,play,loved,year,favorite,enjoy,fun,great,daughter,thank,book,playing,awesome,game,love,loves,grandson,enjoyed,best,christmas
grand,birthday,family,kids,friends,gift,play,loved,year,favorite,enjoy,fun,great,daughter,thank,book,playing,awesome,game,love,loves,grandson,enjoyed,best,christmas
grand,birthday,family,kids,friends,gift,play,loved,year,favorite,enjoy,fun,great,daughter,thank,book,playing,awesome,game,love,loves,grandson,enjoyed,best,christmas
grand,birthday,family,kids,friends,gift,play,loved,year,favorite,enjoy,fun,great,daughter,thank,book,playing,awesome,game,love,loves,grandson,enjoyed,best,christmas
grand,birthday,family,kids,friends,gift,play,loved,year,favorite,enjoy,fun,great,daughter,thank,book,playing,awesome,game,love,loves,grandson,enjoyed,best,christmas
grand,birthday,family,kids,friends,gift,play,loved,year,favorite,enjoy,fun,great,daughter,thank,book,playing,awesome,game,love,loves,grandson,enjoyed,best,christmas
grand,birthday,family,kids,friends,gift,play,loved,year,favorite,enjoy,fun,great,daughter,thank,book,playing,awesome,game,love,loves,grandson,enjoyed,best,christmas
grand,birthday,family,kids,friends,gift,play,loved,year,favorite,enjoy,fun,great,daughter,thank,book,playing,awesome,game,love,loves,grandson,enjoyed,best,christmas
grand,birthday,family,kids,friends,gift,play,loved,year,favorite,enjoy,fun,great,daughter,thank,book,playing,awesome,game,love,loves,grandson,enjoyed,best,christmas
grand,birthday,family,kids,friends,gift,play,loved,year,favorite,enjoy,fun,great,daughter,thank,book,playing,awesome,game,love,loves,grandson,enjoyed,best,christmas
grand,birthday,family,kids,friends,gift,play,loved,year,favorite,enjoy,fun,great,daughter,thank,book,playing,awesome,game,love,loves,grandson,enjoyed,best,christmas
grand,birthday,family,kids,friends,gift,play,loved,year,favorite,enjoy,fun,great,daughter,thank,book,playing,awesome,game,love,loves,grandson,enjoyed,best,christmas
grand,birthday,family,kids,friends,gift,play,loved,year,favorite,enjoy,fun,great,daughter,thank,book,playing,awesome,game,love,loves,grandson,enjoyed,best,christmas
grand,birthday,family,kids,friends,gift,play,loved,year,favorite,enjoy,fun,great,daughter,thank,book,playing,awesome,game,love,loves,grandson,enjoyed,best,christmas
grand,birthday,family,kids,friends,gift,play,loved,year,favorite,enjoy,fun,great,daughter,thank,book,playing,awesome,game,love,loves,grandson,enjoyed,best,christmas
grand,birthday,family,kids,friends,gift,play,loved,year,favorite,enjoy,fun,great,daughter,thank,book,playing,awesome,game,love,loves,grandson,enjoyed,best,christmas
grand,birthday,family,kids,friends,gift,play,loved,year,favorite,enjoy,fun,great,daughter,thank,book,playing,awesome,game,love,loves,grandson,enjoyed,best,christmas
grand,birthday,family,kids,friends,gift,play,loved,year,favorite,enjoy,fun,great,daughter,thank,book,playing,awesome,game,love,loves,grandson,enjoyed,best,christmas
grand,birthday,family,kids,friends,gift,play,loved,year,favorite,enjoy,fun,great,daughter,thank,book,playing,awesome,game,love,loves,grandson,enjoyed,best,christmas
grand,birthday,family,kids,friends,gift,play,loved,year,favorite,enjoy,fun,great,daughter,thank,book,playing,awesome,game,love,loves,grandson,enjoyed,best,christmas
grand,birthday,family,kids,friends,gift,play,loved,year,favorite,enjoy,fun,great,daughter,thank,book,playing,awesome,game,love,loves,grandson,enjoyed,best,christmas
grand,birthday,family,kids,friends,gift,play,loved,year,favorite,enjoy,fun,great,daughter,thank,book,playing,awesome,game,love,loves,grandson,enjoyed,best,christmas
grand,birthday,family,kids,friends,gift,play,loved,year,favorite,enjoy,fun,great,daughter,thank,book,playing,awesome,game,love,loves,grandson,enjoyed,best,christmas
grand,birthday,family,kids,friends,gift,play,loved,year,favorite,enjoy,fun,great,daughter,thank,book,playing,awesome,game,love,loves,grandson,enjoyed,best,christmas
grand,birthday,family,kids,friends,gift,play,loved,year,favorite,enjoy,fun,great,daughter,thank,book,playing,awesome,game,love,loves,grandson,enjoyed,best,christmas
grand,birthday,family,kids,friends,gift,play,loved,year,favorite,enjoy,fun,great,daughter,thank,book,playing,awesome,game,love,loves,grandson,enjoyed,best,christmas
grand,birthday,family,kids,friends,gift,play,loved,year,favorite,enjoy,fun,great,daughter,thank,book,playing,awesome,game,love,loves,grandson,enjoyed,best,christmas
grand,birthday,family,kids,friends,gift,play,loved,year,favorite,enjoy,fun,great,daughter,thank,book,playing,awesome,game,love,loves,grandson,enjoyed,best,christmas
grand,birthday,family,kids,friends,gift,play,loved,year,favorite,enjoy,fun,great,daughter,thank,book,playing,awesome,game,love,loves,grandson,enjoyed,best,christmas
grand,birthday,family,kids,friends,gift,play,loved,year,favorite,enjoy,fun,great,daughter,thank,book,playing,awesome,game,love,loves,grandson,enjoyed,best,christmas
grand,birthday,family,kids,friends,gift,play,loved,year,favorite,enjoy,fun,great,daughter,thank,book,playing,awesome,game,love,loves,grandson,enjoyed,best,christmas
grand,birthday,family,kids,friends,gift,play,loved,year,favorite,enjoy,fun,great,daughter,thank,book,playing,awesome,game,love,loves,grandson,enjoyed,best,christmas
grand,birthday,family,kids,friends,gift,play,loved,year,favorite,enjoy,fun,great,daughter,thank,book,playing,awesome,game,love,loves,grandson,enjoyed,best,christmas
grand,birthday,family,kids,friends,gift,play,loved,year,favorite,enjoy,fun,great,daughter,thank,book,playing,awesome,game,love,loves,grandson,enjoyed,best,christmas
grand,birthday,family,kids,friends,gift,play,loved,year,favorite,enjoy,fun,great,daughter,thank,book,playing,awesome,game,love,loves,grandson,enjoyed,best,christmas
grand,birthday,family,kids,friends,gift,play,loved,year,favorite,enjoy,fun,great,daughter,thank,book,playing,awesome,game,love,loves,grandson,enjoyed,best,christmas
grand,birthday,family,kids,friends,gift,play,loved,year,favorite,enjoy,fun,great,daughter,thank,book,playing,awesome,game,love,loves,grandson,enjoyed,best,christmas
grand,birthday,family,kids,friends,gift,play,loved,year,favorite,enjoy,fun,great,daughter,thank,book,playing,awesome,game,love,loves,grandson,enjoyed,best,christmas
grand,birthday,family,kids,friends,gift,play,loved,year,favorite,enjoy,fun,great,daughter,thank,book,playing,awesome,game,love,loves,grandson,enjoyed,best,christmas
grand,birthday,family,kids,friends,gift,play,loved,year,favorite,enjoy,fun,great,daughter,thank,book,playing,awesome,game,love,loves,grandson,enjoyed,best,christmas
grand,birthday,family,kids,friends,gift,play,loved,year,favorite,enjoy,fun,great,daughter,thank,book,playing,awesome,game,love,loves,grandson,enjoyed,best,christmas
grand,birthday,family,kids,friends,gift,play,loved,year,favorite,enjoy,fun,great,daughter,thank,book,playing,awesome,game,love,loves,grandson,enjoyed,best,christmas
grand,birthday,family,kids,friends,gift,play,loved,year,favorite,enjoy,fun,great,daughter,thank,book,playing,awesome,game,love,loves,grandson,enjoyed,best,christmas
grand,birthday,family,kids,friends,gift,play,loved,year,favorite,enjoy,fun,great,daughter,thank,book,playing,awesome,game,love,loves,grandson,enjoyed,best,christmas
grand,birthday,family,kids,friends,gift,play,loved,year,favorite,enjoy,fun,great,daughter,thank,book,playing,awesome,game,love,loves,grandson,enjoyed,best,christmas
grand,birthday,family,kids,friends,gift,play,loved,year,favorite,enjoy,fun,great,daughter,thank,book,playing,awesome,game,love,loves,grandson,enjoyed,best,christmas
grand,birthday,family,kids,friends,gift,play,loved,year,favorite,enjoy,fun,great,daughter,thank,book,playing,awesome,game,love,loves,grandson,enjoyed,best,christmas
grand,birthday,family,kids,friends,gift,play,loved,year,favorite,enjoy,fun,great,daughter,thank,book,playing,awesome,game,love,loves,grandson,enjoyed,best,christmas
grand,birthday,family,kids,friends,gift,play,loved,year,favorite,enjoy,fun,great,daughter,thank,book,playing,awesome,game,love,loves,grandson,enjoyed,best,christmas
grand,birthday,family,kids,friends,gift,play,loved,year,favorite,enjoy,fun,great,daughter,thank,book,playing,awesome,game,love,loves,grandson,enjoyed,best,christmas
grand,birthday,family,kids,friends,gift,play,loved,year,favorite,enjoy,fun,great,daughter,thank,book,playing,awesome,game,love,loves,grandson,enjoyed,best,christmas
grand,birthday,family,kids,friends,gift,play,loved,year,favorite,enjoy,fun,great,daughter,thank,book,playing,awesome,game,love,loves,grandson,enjoyed,best,christmas
grand,birthday,family,kids,friends,gift,play,loved,year,favorite,enjoy,fun,great,daughter,thank,book,playing,awesome,game,love,loves,grandson,enjoyed,best,christmas
grand,birthday,family,kids,friends,gift,play,loved,year,favorite,enjoy,fun,great,daughter,thank,book,playing,awesome,game,love,loves,grandson,enjoyed,best,christmas
grand,birthday,family,kids,friends,gift,play,loved,year,favorite,enjoy,fun,great,daughter,thank,book,playing,awesome,game,love,loves,grandson,enjoyed,best,christmas
grand,birthday,family,kids,friends,gift,play,loved,year,favorite,enjoy,fun,great,daughter,thank,book,playing,awesome,game,love,loves,grandson,enjoyed,best,christmas
grand,birthday,family,kids,friends,gift,play,loved,year,favorite,enjoy,fun,great,daughter,thank,book,playing,awesome,game,love,loves,grandson,enjoyed,best,christmas
grand,birthday,family,kids,friends,gift,play,loved,year,favorite,enjoy,fun,great,daughter,thank,book,playing,awesome,game,love,loves,grandson,enjoyed,best,christmas
grand,birthday,family,kids,friends,gift,play,loved,year,favorite,enjoy,fun,great,daughter,thank,book,playing,awesome,game,love,loves,grandson,enjoyed,best,christmas
grand,birthday,family,kids,friends,gift,play,loved,year,favorite,enjoy,fun,great,daughter,thank,book,playing,awesome,game,love,loves,grandson,enjoyed,best,christmas
grand,birthday,family,kids,friends,gift,play,loved,year,favorite,enjoy,fun,great,daughter,thank,book,playing,awesome,game,love,loves,grandson,enjoyed,best,christmas
grand,birthday,family,kids,friends,gift,play,loved,year,favorite,enjoy,fun,great,daughter,thank,book,playing,awesome,game,love,loves,grandson,enjoyed,best,christmas
grand,birthday,family,kids,friends,gift,play,loved,year,favorite,enjoy,fun,great,daughter,thank,book,playing,awesome,game,love,loves,grandson,enjoyed,best,christmas
grand,birthday,family,kids,friends,gift,play,loved,year,favorite,enjoy,fun,great,daughter,thank,book,playing,awesome,game,love,loves,grandson,enjoyed,best,christmas
grand,birthday,family,kids,friends,gift,play,loved,year,favorite,enjoy,fun,great,daughter,thank,book,playing,awesome,game,love,loves,grandson,enjoyed,best,christmas
grand,birthday,family,kids,friends,gift,play,loved,year,favorite,enjoy,fun,great,daughter,thank,book,playing,awesome,game,love,loves,grandson,enjoyed,best,christmas
grand,birthday,family,kids,friends,gift,play,loved,year,favorite,enjoy,fun,great,daughter,thank,book,playing,awesome,game,love,loves,grandson,enjoyed,best,christmas
grand,birthday,family,kids,friends,gift,play,loved,year,favorite,enjoy,fun,great,daughter,thank,book,playing,awesome,game,love,loves,grandson,enjoyed,best,christmas
grand,birthday,family,kids,friends,gift,play,loved,year,favorite,enjoy,fun,great,daughter,thank,book,playing,awesome,game,love,loves,grandson,enjoyed,best,christmas
grand,birthday,family,kids,friends,gift,play,loved,year,favorite,enjoy,fun,great,daughter,thank,book,playing,awesome,game,love,loves,grandson,enjoyed,best,christmas
grand,birthday,family,kids,friends,gift,play,loved,year,favorite,enjoy,fun,great,daughter,thank,book,playing,awesome,game,love,loves,grandson,enjoyed,best,christmas
grand,birthday,family,kids,friends,gift,play,loved,year,favorite,enjoy,fun,great,daughter,thank,book,playing,awesome,game,love,loves,grandson,enjoyed,best,christmas
grand,birthday,family,kids,friends,gift,play,loved,year,favorite,enjoy,fun,great,daughter,thank,book,playing,awesome,game,love,loves,grandson,enjoyed,best,christmas
grand,birthday,family,kids,friends,gift,play,loved,year,favorite,enjoy,fun,great,daughter,thank,book,playing,awesome,game,love,loves,grandson,enjoyed,best,christmas
grand,birthday,family,kids,friends,gift,play,loved,year,favorite,enjoy,fun,great,daughter,thank,book,playing,awesome,game,love,loves,grandson,enjoyed,best,christmas
grand,birthday,family,kids,friends,gift,play,loved,year,favorite,enjoy,fun,great,daughter,thank,book,playing,awesome,game,love,loves,grandson,enjoyed,best,christmas
grand,birthday,family,kids,friends,gift,play,loved,year,favorite,enjoy,fun,great,daughter,thank,book,playing,awesome,game,love,loves,grandson,enjoyed,best,christmas
grand,birthday,family,kids,friends,gift,play,loved,year,favorite,enjoy,fun,great,daughter,thank,book,playing,awesome,game,love,loves,grandson,enjoyed,best,christmas
grand,birthday,family,kids,friends,gift,play,loved,year,favorite,enjoy,fun,great,daughter,thank,book,playing,awesome,game,love,loves,grandson,enjoyed,best,christmas
grand,birthday,family,kids,friends,gift,play,loved,year,favorite,enjoy,fun,great,daughter,thank,book,playing,awesome,game,love,loves,grandson,enjoyed,best,christmas
grand,birthday,family,kids,friends,gift,play,loved,year,favorite,enjoy,fun,great,daughter,thank,book,playing,awesome,game,love,loves,grandson,enjoyed,best,christmas
grand,birthday,family,kids,friends,gift,play,loved,year,favorite,enjoy,fun,great,daughter,thank,book,playing,awesome,game,love,loves,grandson,enjoyed,best,christmas
grand,birthday,family,kids,friends,gift,play,loved,year,favorite,enjoy,fun,great,daughter,thank,book,playing,awesome,game,love,loves,grandson,enjoyed,best,christmas
grand,birthday,family,kids,friends,gift,play,loved,year,favorite,enjoy,fun,great,daughter,thank,book,playing,awesome,game,love,loves,grandson,enjoyed,best,christmas
grand,birthday,family,kids,friends,gift,play,loved,year,favorite,enjoy,fun,great,daughter,thank,book,playing,awesome,game,love,loves,grandson,enjoyed,best,christmas
grand,birthday,family,kids,friends,gift,play,loved,year,favorite,enjoy,fun,great,daughter,thank,book,playing,awesome,game,love,loves,grandson,enjoyed,best,christmas
grand,birthday,family,kids,friends,gift,play,loved,year,favorite,enjoy,fun,great,daughter,thank,book,playing,awesome,game,love,loves,grandson,enjoyed,best,christmas
grand,birthday,family,kids,friends,gift,play,loved,year,favorite,enjoy,fun,great,daughter,thank,book,playing,awesome,game,love,loves,grandson,enjoyed,best,christmas
grand,birthday,family,kids,friends,gift,play,loved,year,favorite,enjoy,fun,great,daughter,thank,book,playing,awesome,game,love,loves,grandson,enjoyed,best,christmas
grand,birthday,family,kids,friends,gift,play,loved,year,favorite,enjoy,fun,great,daughter,thank,book,playing,awesome,game,love,loves,grandson,enjoyed,best,christmas
grand,birthday,family,kids,friends,gift,play,loved,year,favorite,enjoy,fun,great,daughter,thank,book,playing,awesome,game,love,loves,grandson,enjoyed,best,christmas
grand,birthday,family,kids,friends,gift,play,loved,year,wonderful,favorite,enjoy,fun,great,daughter,thank,playing,awesome,game,love,loves,grandson,enjoyed,best,christmas
grand,birthday,family,kids,friends,gift,play,loved,year,wonderful,favorite,enjoy,fun,great,daughter,thank,playing,awesome,game,love,loves,grandson,enjoyed,best,christmas
grand,birthday,family,kids,friends,gift,play,loved,year,wonderful,favorite,enjoy,fun,great,daughter,thank,playing,awesome,game,love,loves,grandson,enjoyed,best,christmas
grand,birthday,family,kids,friends,gift,play,loved,year,wonderful,favorite,enjoy,fun,great,daughter,thank,playing,awesome,game,love,loves,grandson,enjoyed,best,christmas
grand,birthday,family,kids,friends,gift,play,loved,year,wonderful,favorite,enjoy,fun,great,daughter,thank,playing,awesome,game,love,loves,grandson,enjoyed,best,christmas
grand,birthday,family,kids,friends,gift,play,loved,year,wonderful,favorite,enjoy,fun,great,daughter,thank,playing,awesome,game,love,loves,grandson,enjoyed,best,christmas
grand,birthday,family,kids,friends,gift,play,loved,year,wonderful,favorite,enjoy,fun,great,daughter,thank,playing,awesome,game,love,loves,grandson,enjoyed,best,christmas
grand,birthday,family,kids,friends,gift,play,loved,year,wonderful,favorite,enjoy,fun,great,daughter,thank,playing,awesome,game,love,loves,grandson,enjoyed,best,christmas
grand,birthday,family,kids,friends,gift,play,loved,year,wonderful,favorite,enjoy,fun,great,daughter,thank,playing,awesome,game,love,loves,grandson,enjoyed,best,christmas
grand,birthday,family,kids,friends,gift,play,loved,year,wonderful,favorite,enjoy,fun,great,daughter,thank,playing,awesome,game,love,loves,grandson,enjoyed,best,christmas
grand,birthday,family,kids,friends,gift,play,loved,year,wonderful,favorite,enjoy,fun,great,daughter,thank,playing,awesome,game,love,loves,grandson,enjoyed,best,christmas
grand,birthday,family,kids,friends,gift,play,loved,year,wonderful,favorite,enjoy,fun,great,daughter,thank,playing,awesome,game,love,loves,grandson,enjoyed,best,christmas
grand,birthday,family,kids,friends,gift,play,loved,year,wonderful,favorite,enjoy,fun,great,daughter,thank,playing,awesome,game,love,loves,grandson,enjoyed,best,christmas
grand,birthday,family,kids,friends,gift,play,loved,year,wonderful,favorite,enjoy,fun,great,daughter,thank,playing,awesome,game,love,loves,grandson,enjoyed,best,christmas
grand,birthday,family,kids,friends,gift,play,loved,year,wonderful,favorite,enjoy,fun,great,daughter,thank,playing,awesome,game,love,loves,grandson,enjoyed,best,christmas
grand,birthday,family,kids,friends,gift,play,loved,year,wonderful,favorite,enjoy,fun,great,daughter,thank,playing,awesome,game,love,loves,grandson,enjoyed,best,christmas
grand,birthday,family,kids,friends,gift,play,loved,year,wonderful,favorite,enjoy,fun,great,daughter,thank,playing,awesome,game,love,loves,grandson,enjoyed,best,christmas
grand,birthday,family,kids,friends,gift,play,loved,year,wonderful,favorite,enjoy,fun,great,daughter,thank,playing,awesome,game,love,loves,grandson,enjoyed,best,christmas
grand,birthday,family,kids,friends,gift,play,loved,year,favorite,enjoy,fun,great,daughter,thank,book,playing,awesome,game,love,loves,grandson,enjoyed,best,christmas
grand,birthday,family,kids,friends,gift,play,loved,year,favorite,enjoy,fun,great,daughter,thank,book,playing,awesome,game,love,loves,grandson,enjoyed,best,christmas
grand,birthday,family,kids,friends,gift,play,loved,year,favorite,enjoy,fun,great,daughter,thank,book,playing,awesome,game,love,loves,grandson,enjoyed,best,christmas
grand,birthday,family,kids,friends,gift,play,loved,year,favorite,enjoy,fun,great,daughter,thank,book,playing,awesome,game,love,loves,grandson,enjoyed,best,christmas
grand,birthday,family,kids,friends,gift,play,loved,year,favorite,enjoy,fun,great,daughter,thank,book,playing,awesome,game,love,loves,grandson,enjoyed,best,christmas
grand,birthday,family,kids,friends,gift,play,loved,year,favorite,enjoy,fun,great,daughter,thank,book,playing,awesome,game,love,loves,grandson,enjoyed,best,christmas
grand,birthday,family,kids,friends,gift,play,loved,year,favorite,enjoy,fun,great,daughter,thank,book,playing,awesome,game,love,loves,grandson,enjoyed,best,christmas
grand,birthday,family,kids,friends,gift,play,loved,year,favorite,enjoy,fun,great,daughter,thank,book,playing,awesome,game,love,loves,grandson,enjoyed,best,christmas
grand,birthday,family,kids,friends,gift,play,loved,year,favorite,enjoy,fun,great,daughter,thank,book,playing,awesome,game,love,loves,grandson,enjoyed,best,christmas
grand,birthday,family,kids,friends,gift,play,loved,year,favorite,enjoy,fun,great,daughter,thank,book,playing,awesome,game,love,loves,grandson,enjoyed,best,christmas
grand,birthday,family,kids,friends,gift,play,loved,year,favorite,enjoy,fun,great,daughter,thank,book,playing,awesome,game,love,loves,grandson,enjoyed,best,christmas
grand,birthday,family,kids,friends,gift,play,loved,year,favorite,enjoy,fun,great,daughter,thank,book,playing,awesome,game,love,loves,grandson,enjoyed,best,christmas
grand,birthday,family,kids,friends,gift,play,loved,year,favorite,enjoy,fun,great,daughter,thank,book,playing,awesome,game,love,loves,grandson,enjoyed,best,christmas
grand,birthday,family,kids,friends,gift,play,loved,year,favorite,enjoy,fun,great,daughter,thank,book,playing,awesome,game,love,loves,grandson,enjoyed,best,christmas
grand,birthday,family,kids,friends,gift,play,loved,year,favorite,enjoy,fun,great,daughter,thank,book,playing,awesome,game,love,loves,grandson,enjoyed,best,christmas
grand,birthday,family,kids,friends,gift,play,loved,year,favorite,enjoy,fun,great,daughter,thank,book,playing,awesome,game,love,loves,grandson,enjoyed,best,christmas
grand,birthday,family,kids,friends,gift,play,loved,year,favorite,enjoy,fun,great,daughter,thank,book,playing,awesome,game,love,loves,grandson,enjoyed,best,christmas
grand,birthday,family,kids,friends,gift,play,loved,year,favorite,enjoy,fun,great,daughter,thank,book,playing,awesome,game,love,loves,grandson,enjoyed,best,christmas
grand,birthday,family,kids,friends,gift,play,loved,year,favorite,enjoy,fun,great,daughter,thank,book,playing,awesome,game,love,loves,grandson,enjoyed,best,christmas
grand,birthday,family,kids,friends,gift,play,loved,year,favorite,enjoy,fun,great,daughter,thank,book,playing,awesome,game,love,loves,grandson,enjoyed,best,christmas
grand,birthday,family,kids,friends,gift,play,loved,year,favorite,enjoy,fun,great,daughter,thank,book,playing,awesome,game,love,loves,grandson,enjoyed,best,christmas
grand,birthday,family,kids,friends,gift,play,loved,year,wonderful,favorite,enjoy,fun,great,daughter,thank,playing,awesome,game,love,loves,grandson,enjoyed,best,christmas
grand,birthday,family,kids,friends,gift,play,loved,year,wonderful,favorite,enjoy,fun,great,daughter,thank,playing,awesome,game,love,loves,grandson,enjoyed,best,christmas
grand,birthday,family,kids,friends,gift,play,loved,year,wonderful,favorite,enjoy,fun,great,daughter,thank,playing,awesome,game,love,loves,grandson,enjoyed,best,christmas
grand,birthday,family,kids,friends,gift,play,loved,year,wonderful,favorite,enjoy,fun,great,daughter,thank,playing,awesome,game,love,loves,grandson,enjoyed,best,christmas
grand,birthday,family,kids,friends,gift,play,loved,year,wonderful,favorite,enjoy,fun,great,daughter,thank,playing,awesome,game,love,loves,grandson,enjoyed,best,christmas
grand,birthday,family,kids,friends,gift,play,loved,year,wonderful,favorite,enjoy,fun,great,daughter,thank,playing,awesome,game,love,loves,grandson,enjoyed,best,christmas
grand,birthday,family,kids,friends,gift,play,loved,year,wonderful,favorite,enjoy,fun,great,daughter,thank,playing,awesome,game,love,loves,grandson,enjoyed,best,christmas
grand,birthday,family,kids,friends,gift,play,loved,year,wonderful,favorite,enjoy,fun,great,daughter,thank,playing,awesome,game,love,loves,grandson,enjoyed,best,christmas
grand,birthday,family,kids,friends,gift,play,loved,year,favorite,enjoy,fun,great,daughter,thank,book,playing,awesome,game,love,loves,grandson,enjoyed,best,christmas
grand,birthday,family,kids,friends,gift,play,loved,year,favorite,enjoy,fun,great,daughter,thank,book,playing,awesome,game,love,loves,grandson,enjoyed,best,christmas
grand,birthday,family,kids,friends,gift,play,loved,year,favorite,enjoy,fun,great,daughter,thank,book,playing,awesome,game,love,loves,grandson,enjoyed,best,christmas
grand,birthday,family,kids,friends,gift,play,loved,year,favorite,enjoy,fun,great,daughter,thank,book,playing,awesome,game,love,loves,grandson,enjoyed,best,christmas
grand,birthday,family,kids,friends,gift,play,loved,year,favorite,enjoy,fun,great,daughter,thank,book,playing,awesome,game,love,loves,grandson,enjoyed,best,christmas
grand,birthday,family,kids,friends,gift,play,loved,year,favorite,enjoy,fun,great,daughter,thank,book,playing,awesome,game,love,loves,grandson,enjoyed,best,christmas
grand,birthday,family,kids,friends,gift,play,loved,year,favorite,enjoy,fun,great,daughter,thank,book,playing,awesome,game,love,loves,grandson,enjoyed,best,christmas
grand,birthday,family,kids,friends,gift,play,loved,year,favorite,enjoy,fun,great,daughter,thank,book,playing,awesome,game,love,loves,grandson,enjoyed,best,christmas
grand,birthday,family,kids,friends,gift,play,loved,year,favorite,enjoy,fun,great,daughter,thank,book,playing,awesome,game,love,loves,grandson,enjoyed,best,christmas
grand,birthday,family,kids,friends,gift,play,loved,year,favorite,enjoy,fun,great,daughter,thank,book,playing,awesome,game,love,loves,grandson,enjoyed,best,christmas
grand,birthday,family,kids,friends,gift,play,loved,year,favorite,enjoy,fun,great,daughter,thank,book,playing,awesome,game,love,loves,grandson,enjoyed,best,christmas
grand,birthday,family,kids,friends,gift,play,loved,year,favorite,enjoy,fun,great,daughter,thank,book,playing,awesome,game,love,loves,grandson,enjoyed,best,christmas
grand,birthday,family,kids,friends,gift,play,loved,year,favorite,enjoy,fun,great,daughter,thank,book,playing,awesome,game,love,loves,grandson,enjoyed,best,christmas
grand,birthday,family,kids,friends,gift,play,loved,year,favorite,enjoy,fun,great,daughter,thank,book,playing,awesome,game,love,loves,grandson,enjoyed,best,christmas
grand,birthday,family,kids,friends,gift,play,loved,year,favorite,enjoy,fun,great,daughter,thank,book,playing,awesome,game,love,loves,grandson,enjoyed,best,christmas
grand,birthday,family,kids,friends,gift,play,loved,year,favorite,enjoy,fun,great,daughter,thank,book,playing,awesome,game,love,loves,grandson,enjoyed,best,christmas
grand,birthday,family,kids,friends,gift,play,loved,year,favorite,enjoy,fun,great,daughter,thank,book,playing,awesome,game,love,loves,grandson,enjoyed,best,christmas
grand,birthday,family,kids,friends,gift,play,loved,year,favorite,enjoy,fun,great,daughter,thank,book,playing,awesome,game,love,loves,grandson,enjoyed,best,christmas
grand,birthday,family,kids,friends,gift,play,loved,year,favorite,enjoy,fun,great,daughter,thank,book,playing,awesome,game,love,loves,grandson,enjoyed,best,christmas
grand,birthday,family,kids,friends,gift,play,loved,year,favorite,enjoy,fun,great,daughter,thank,book,playing,awesome,game,love,loves,grandson,enjoyed,best,christmas
grand,birthday,family,kids,friends,gift,play,loved,year,favorite,enjoy,fun,great,daughter,thank,book,playing,awesome,game,love,loves,grandson,enjoyed,best,christmas
grand,birthday,family,kids,friends,gift,play,loved,year,favorite,enjoy,fun,great,daughter,thank,book,playing,awesome,game,love,loves,grandson,enjoyed,best,christmas
grand,birthday,family,kids,friends,gift,play,loved,year,favorite,enjoy,fun,great,daughter,thank,book,playing,awesome,game,love,loves,grandson,enjoyed,best,christmas
grand,birthday,family,kids,friends,gift,play,loved,year,favorite,enjoy,fun,great,daughter,thank,book,playing,awesome,game,love,loves,grandson,enjoyed,best,christmas
grand,birthday,family,kids,friends,gift,play,loved,year,favorite,enjoy,fun,great,daughter,thank,book,playing,awesome,game,love,loves,grandson,enjoyed,best,christmas
grand,birthday,family,kids,friends,gift,play,loved,year,favorite,enjoy,fun,great,daughter,thank,book,playing,awesome,game,love,loves,grandson,enjoyed,best,christmas
grand,birthday,family,kids,friends,gift,play,loved,year,favorite,enjoy,fun,great,daughter,thank,book,playing,awesome,game,love,loves,grandson,enjoyed,best,christmas
grand,birthday,family,kids,friends,gift,play,loved,year,favorite,enjoy,fun,great,daughter,thank,book,playing,awesome,game,love,loves,grandson,enjoyed,best,christmas
grand,birthday,family,kids,friends,gift,play,loved,year,favorite,enjoy,fun,great,daughter,thank,book,playing,awesome,game,love,loves,grandson,enjoyed,best,christmas
grand,birthday,family,kids,friends,gift,play,loved,year,favorite,enjoy,fun,great,daughter,thank,book,playing,awesome,game,love,loves,grandson,enjoyed,best,christmas
grand,birthday,family,kids,friends,gift,play,loved,year,favorite,enjoy,fun,great,daughter,thank,book,playing,awesome,game,love,loves,grandson,enjoyed,best,christmas
grand,birthday,family,kids,friends,gift,play,loved,year,favorite,enjoy,fun,great,daughter,thank,book,playing,awesome,game,love,loves,grandson,enjoyed,best,christmas
grand,birthday,family,kids,friends,gift,play,loved,year,favorite,enjoy,fun,great,daughter,thank,book,playing,awesome,game,love,loves,grandson,enjoyed,best,christmas
grand,birthday,family,kids,friends,gift,play,loved,year,favorite,enjoy,fun,great,daughter,thank,book,playing,awesome,game,love,loves,grandson,enjoyed,best,christmas
grand,birthday,family,kids,friends,gift,play,loved,year,favorite,enjoy,fun,great,daughter,thank,book,playing,awesome,game,love,loves,grandson,enjoyed,best,christmas
grand,birthday,family,kids,friends,gift,play,loved,year,favorite,enjoy,fun,great,daughter,thank,book,playing,awesome,game,love,loves,grandson,enjoyed,best,christmas
grand,birthday,family,kids,friends,gift,play,loved,year,favorite,enjoy,fun,great,daughter,thank,book,playing,awesome,game,love,loves,grandson,enjoyed,best,christmas
grand,birthday,family,kids,friends,gift,play,loved,year,favorite,enjoy,fun,great,daughter,thank,book,playing,awesome,game,love,loves,grandson,enjoyed,best,christmas
grand,birthday,family,kids,friends,gift,play,loved,year,favorite,enjoy,fun,great,daughter,thank,book,playing,awesome,game,love,loves,grandson,enjoyed,best,christmas
grand,birthday,family,kids,friends,gift,play,loved,year,favorite,enjoy,fun,great,daughter,thank,book,playing,awesome,game,love,loves,grandson,enjoyed,best,christmas
grand,birthday,family,kids,friends,gift,play,loved,year,favorite,enjoy,fun,great,daughter,thank,book,playing,awesome,game,love,loves,grandson,enjoyed,best,christmas
grand,birthday,family,kids,friends,gift,play,loved,year,favorite,enjoy,fun,great,daughter,thank,book,playing,awesome,game,love,loves,grandson,enjoyed,best,christmas
grand,birthday,family,kids,friends,gift,play,loved,year,favorite,enjoy,fun,great,daughter,thank,book,playing,awesome,game,love,loves,grandson,enjoyed,best,christmas
grand,birthday,family,kids,friends,gift,play,loved,year,favorite,enjoy,fun,great,daughter,thank,book,playing,awesome,game,love,loves,grandson,enjoyed,best,christmas
grand,birthday,family,kids,friends,gift,play,loved,year,favorite,enjoy,fun,great,daughter,thank,book,playing,awesome,game,love,loves,grandson,enjoyed,best,christmas
grand,birthday,family,kids,friends,gift,play,loved,year,favorite,enjoy,fun,great,daughter,thank,book,playing,awesome,game,love,loves,grandson,enjoyed,best,christmas
grand,birthday,family,kids,friends,gift,play,loved,year,favorite,enjoy,fun,great,daughter,thank,book,playing,awesome,game,love,loves,grandson,enjoyed,best,christmas
grand,birthday,family,kids,friends,gift,play,loved,year,favorite,enjoy,fun,great,daughter,thank,book,playing,awesome,game,love,loves,grandson,enjoyed,best,christmas
grand,birthday,family,kids,friends,gift,play,loved,year,favorite,enjoy,fun,great,daughter,thank,book,playing,awesome,game,love,loves,grandson,enjoyed,best,christmas
grand,birthday,family,kids,friends,gift,play,loved,year,favorite,enjoy,fun,great,daughter,thank,book,playing,awesome,game,love,loves,grandson,enjoyed,best,christmas
grand,birthday,family,kids,friends,gift,play,loved,year,favorite,enjoy,fun,great,daughter,thank,book,playing,awesome,game,love,loves,grandson,enjoyed,best,christmas
grand,birthday,family,kids,friends,gift,play,loved,year,favorite,enjoy,fun,great,daughter,thank,book,playing,awesome,game,love,loves,grandson,enjoyed,best,christmas
grand,birthday,family,kids,friends,gift,play,loved,year,favorite,enjoy,fun,great,daughter,thank,book,playing,awesome,game,love,loves,grandson,enjoyed,best,christmas
grand,birthday,family,kids,friends,gift,play,loved,year,favorite,enjoy,fun,great,daughter,thank,book,playing,awesome,game,love,loves,grandson,enjoyed,best,christmas
grand,birthday,family,kids,friends,gift,play,loved,year,favorite,enjoy,fun,great,daughter,thank,book,playing,awesome,game,love,loves,grandson,enjoyed,best,christmas
grand,birthday,family,kids,friends,gift,play,loved,year,favorite,enjoy,fun,great,daughter,thank,book,playing,awesome,game,love,loves,grandson,enjoyed,best,christmas
grand,birthday,family,kids,friends,gift,play,loved,year,favorite,enjoy,fun,great,daughter,thank,book,playing,awesome,game,love,loves,grandson,enjoyed,best,christmas
grand,birthday,family,kids,friends,gift,play,loved,year,favorite,enjoy,fun,great,daughter,thank,book,playing,awesome,game,love,loves,grandson,enjoyed,best,christmas
grand,birthday,family,kids,friends,gift,play,loved,year,favorite,enjoy,fun,great,daughter,thank,book,playing,awesome,game,love,loves,grandson,enjoyed,best,christmas
grand,birthday,family,kids,friends,gift,play,loved,year,favorite,enjoy,fun,great,daughter,thank,book,playing,awesome,game,love,loves,grandson,enjoyed,best,christmas
grand,birthday,family,kids,friends,gift,play,loved,year,favorite,enjoy,fun,great,daughter,thank,book,playing,awesome,game,love,loves,grandson,enjoyed,best,christmas
grand,birthday,family,kids,friends,gift,play,loved,year,favorite,enjoy,fun,great,daughter,thank,book,playing,awesome,game,love,loves,grandson,enjoyed,best,christmas
grand,birthday,family,kids,friends,gift,play,loved,year,favorite,enjoy,fun,great,daughter,thank,book,playing,awesome,game,love,loves,grandson,enjoyed,best,christmas
grand,birthday,family,kids,friends,gift,play,loved,year,favorite,enjoy,fun,great,daughter,thank,book,playing,awesome,game,love,loves,grandson,enjoyed,best,christmas
grand,birthday,family,kids,friends,gift,play,loved,year,favorite,enjoy,fun,great,daughter,thank,book,playing,awesome,game,love,loves,grandson,enjoyed,best,christmas
grand,birthday,family,kids,friends,gift,play,loved,year,favorite,enjoy,fun,great,daughter,thank,book,playing,awesome,game,love,loves,grandson,enjoyed,best,christmas
grand,birthday,family,kids,friends,gift,play,loved,year,favorite,enjoy,fun,great,daughter,thank,book,playing,awesome,game,love,loves,grandson,enjoyed,best,christmas
grand,family,kids,friends,gift,play,loved,year,wonderful,favorite,enjoy,fun,great,daughter,thank,book,playing,awesome,game,love,loves,grandson,enjoyed,best,christmas
grand,family,kids,friends,gift,play,loved,year,wonderful,favorite,enjoy,fun,great,daughter,thank,book,playing,awesome,game,love,loves,grandson,enjoyed,best,christmas
grand,family,kids,friends,gift,play,loved,year,wonderful,favorite,enjoy,fun,great,daughter,thank,book,playing,awesome,game,love,loves,grandson,enjoyed,best,christmas
grand,family,kids,friends,gift,play,loved,year,wonderful,favorite,enjoy,fun,great,daughter,thank,book,playing,awesome,game,love,loves,grandson,enjoyed,best,christmas
grand,family,kids,friends,gift,play,loved,year,wonderful,favorite,enjoy,fun,great,daughter,thank,book,playing,awesome,game,love,loves,grandson,enjoyed,best,christmas
grand,family,kids,friends,gift,play,loved,year,wonderful,favorite,enjoy,fun,great,daughter,thank,book,playing,awesome,game,love,loves,grandson,enjoyed,best,christmas
grand,family,kids,friends,gift,play,loved,year,wonderful,favorite,enjoy,fun,great,daughter,thank,book,playing,awesome,game,love,loves,grandson,enjoyed,best,christmas
grand,family,kids,friends,gift,play,loved,year,wonderful,favorite,enjoy,fun,great,daughter,thank,book,playing,awesome,game,love,loves,grandson,enjoyed,best,christmas
grand,family,kids,friends,gift,play,loved,year,wonderful,favorite,enjoy,fun,great,daughter,thank,book,playing,awesome,game,love,loves,grandson,enjoyed,best,christmas
grand,family,kids,friends,gift,play,loved,year,wonderful,favorite,enjoy,fun,great,daughter,thank,book,playing,awesome,game,love,loves,grandson,enjoyed,best,christmas
grand,family,kids,friends,gift,play,loved,year,wonderful,favorite,enjoy,fun,great,daughter,thank,book,playing,awesome,game,love,loves,grandson,enjoyed,best,christmas
grand,family,kids,friends,gift,play,loved,year,wonderful,favorite,enjoy,fun,great,daughter,thank,book,playing,awesome,game,love,loves,grandson,enjoyed,best,christmas
grand,family,kids,friends,gift,play,loved,year,wonderful,favorite,enjoy,fun,great,daughter,thank,book,playing,awesome,game,love,loves,grandson,enjoyed,best,christmas
grand,family,kids,friends,gift,play,loved,year,wonderful,favorite,enjoy,fun,great,daughter,thank,book,playing,awesome,game,love,loves,grandson,enjoyed,best,christmas
grand,family,kids,friends,gift,play,loved,year,wonderful,favorite,enjoy,fun,great,daughter,thank,book,playing,awesome,game,love,loves,grandson,enjoyed,best,christmas
grand,family,kids,friends,gift,play,loved,year,wonderful,favorite,enjoy,fun,great,daughter,thank,book,playing,awesome,game,love,loves,grandson,enjoyed,best,christmas
grand,family,kids,friends,gift,play,loved,year,wonderful,favorite,enjoy,fun,great,daughter,thank,book,playing,awesome,game,love,loves,grandson,enjoyed,best,christmas
grand,family,kids,friends,gift,play,loved,year,wonderful,favorite,enjoy,fun,great,daughter,thank,book,playing,awesome,game,love,loves,grandson,enjoyed,best,christmas
grand,family,kids,friends,gift,play,loved,year,wonderful,favorite,enjoy,fun,great,daughter,thank,book,playing,awesome,game,love,loves,grandson,enjoyed,best,christmas
grand,family,kids,friends,gift,play,loved,year,wonderful,favorite,enjoy,fun,great,daughter,thank,book,playing,awesome,game,love,loves,grandson,enjoyed,best,christmas
grand,family,kids,friends,gift,play,loved,year,wonderful,favorite,enjoy,fun,great,daughter,thank,book,playing,awesome,game,love,loves,grandson,enjoyed,best,christmas
grand,family,kids,friends,gift,play,loved,year,wonderful,favorite,enjoy,fun,great,daughter,thank,book,playing,awesome,game,love,loves,grandson,enjoyed,best,christmas
grand,family,kids,friends,gift,play,loved,year,wonderful,favorite,enjoy,fun,great,daughter,thank,book,playing,awesome,game,love,loves,grandson,enjoyed,best,christmas
grand,family,kids,friends,gift,play,loved,year,wonderful,favorite,enjoy,fun,great,daughter,thank,book,playing,awesome,game,love,loves,grandson,enjoyed,best,christmas
grand,family,kids,friends,gift,play,loved,year,wonderful,favorite,enjoy,fun,great,daughter,thank,book,playing,awesome,game,love,loves,grandson,enjoyed,best,christmas
grand,family,kids,friends,gift,play,loved,year,wonderful,favorite,enjoy,fun,great,daughter,thank,book,playing,awesome,game,love,loves,grandson,enjoyed,best,christmas
grand,family,kids,friends,gift,play,loved,year,wonderful,favorite,enjoy,fun,great,daughter,thank,book,playing,awesome,game,love,loves,grandson,enjoyed,best,christmas
grand,family,kids,friends,gift,play,loved,year,wonderful,favorite,enjoy,fun,great,daughter,thank,book,playing,awesome,game,love,loves,grandson,enjoyed,best,christmas
grand,family,kids,friends,gift,play,loved,year,wonderful,favorite,enjoy,fun,great,daughter,thank,book,playing,awesome,game,love,loves,grandson,enjoyed,best,christmas
grand,family,kids,friends,gift,play,loved,year,wonderful,favorite,enjoy,fun,great,daughter,thank,book,playing,awesome,game,love,loves,grandson,enjoyed,best,christmas
grand,family,kids,friends,gift,play,loved,year,wonderful,favorite,enjoy,fun,great,daughter,thank,book,playing,awesome,game,love,loves,grandson,enjoyed,best,christmas
grand,family,kids,friends,gift,play,loved,year,wonderful,favorite,enjoy,fun,great,daughter,thank,book,playing,awesome,game,love,loves,grandson,enjoyed,best,christmas
grand,family,kids,friends,gift,play,loved,year,wonderful,favorite,enjoy,fun,great,daughter,thank,book,playing,awesome,game,love,loves,grandson,enjoyed,best,christmas
grand,family,kids,friends,gift,play,loved,year,wonderful,favorite,enjoy,fun,great,daughter,thank,book,playing,awesome,game,love,loves,grandson,enjoyed,best,christmas
grand,family,kids,friends,gift,play,loved,year,wonderful,favorite,enjoy,fun,great,daughter,thank,book,playing,awesome,game,love,loves,grandson,enjoyed,best,christmas
grand,family,kids,friends,gift,play,loved,year,wonderful,favorite,enjoy,fun,great,daughter,thank,book,playing,awesome,game,love,loves,grandson,enjoyed,best,christmas
grand,family,kids,friends,gift,play,loved,year,wonderful,favorite,enjoy,fun,great,daughter,thank,book,playing,awesome,game,love,loves,grandson,enjoyed,best,christmas
grand,family,kids,friends,gift,play,loved,year,wonderful,favorite,enjoy,fun,great,daughter,thank,book,playing,awesome,game,love,loves,grandson,enjoyed,best,christmas
grand,family,kids,friends,gift,play,loved,year,wonderful,favorite,enjoy,fun,great,daughter,thank,book,playing,awesome,game,love,loves,grandson,enjoyed,best,christmas
grand,family,kids,friends,gift,play,loved,year,wonderful,favorite,enjoy,fun,great,daughter,thank,book,playing,awesome,game,love,loves,grandson,enjoyed,best,christmas
grand,family,kids,friends,gift,play,loved,year,wonderful,favorite,enjoy,fun,great,daughter,thank,book,playing,awesome,game,love,loves,grandson,enjoyed,best,christmas
grand,family,kids,friends,gift,play,loved,year,wonderful,favorite,enjoy,fun,great,daughter,thank,book,playing,awesome,game,love,loves,grandson,enjoyed,best,christmas
grand,family,kids,friends,gift,play,loved,year,wonderful,favorite,enjoy,fun,great,daughter,thank,book,playing,awesome,game,love,loves,grandson,enjoyed,best,christmas
grand,family,kids,friends,gift,play,loved,year,wonderful,favorite,enjoy,fun,great,daughter,thank,book,playing,awesome,game,love,loves,grandson,enjoyed,best,christmas
grand,family,kids,friends,gift,play,loved,year,wonderful,favorite,enjoy,fun,great,daughter,thank,book,playing,awesome,game,love,loves,grandson,enjoyed,best,christmas
grand,family,kids,friends,gift,play,loved,year,wonderful,favorite,enjoy,fun,great,daughter,thank,book,playing,awesome,game,love,loves,grandson,enjoyed,best,christmas
grand,family,kids,friends,gift,play,loved,year,wonderful,favorite,enjoy,fun,great,daughter,thank,book,playing,awesome,game,love,loves,grandson,enjoyed,best,christmas
grand,family,kids,friends,gift,play,loved,year,wonderful,favorite,enjoy,fun,great,daughter,thank,book,playing,awesome,game,love,loves,grandson,enjoyed,best,christmas
grand,family,kids,friends,gift,play,loved,year,wonderful,favorite,enjoy,fun,great,daughter,thank,book,playing,awesome,game,love,loves,grandson,enjoyed,best,christmas
grand,family,kids,friends,gift,play,loved,year,wonderful,favorite,enjoy,fun,great,daughter,thank,book,playing,awesome,game,love,loves,grandson,enjoyed,best,christmas
grand,family,kids,friends,gift,play,loved,year,wonderful,favorite,enjoy,fun,great,daughter,thank,book,playing,awesome,game,love,loves,grandson,enjoyed,best,christmas
grand,family,kids,friends,gift,play,loved,year,wonderful,favorite,enjoy,fun,great,daughter,thank,book,playing,awesome,game,love,loves,grandson,enjoyed,best,christmas
grand,family,kids,friends,gift,play,loved,year,wonderful,favorite,enjoy,fun,great,daughter,thank,book,playing,awesome,game,love,loves,grandson,enjoyed,best,christmas
grand,family,kids,friends,gift,play,loved,year,wonderful,favorite,enjoy,fun,great,daughter,thank,book,playing,awesome,game,love,loves,grandson,enjoyed,best,christmas
grand,family,kids,friends,gift,play,loved,year,wonderful,favorite,enjoy,fun,great,daughter,thank,book,playing,awesome,game,love,loves,grandson,enjoyed,best,christmas
grand,family,kids,friends,gift,play,loved,year,wonderful,favorite,enjoy,fun,great,daughter,thank,book,playing,awesome,game,love,loves,grandson,enjoyed,best,christmas
grand,family,kids,friends,gift,play,loved,year,wonderful,favorite,enjoy,fun,great,daughter,thank,book,playing,awesome,game,love,loves,grandson,enjoyed,best,christmas
grand,family,kids,friends,gift,play,loved,year,wonderful,favorite,enjoy,fun,great,daughter,thank,book,playing,awesome,game,love,loves,grandson,enjoyed,best,christmas
grand,birthday,family,kids,friends,gift,play,loved,year,wonderful,favorite,enjoy,fun,great,daughter,thank,playing,awesome,game,love,loves,grandson,enjoyed,best,christmas
grand,birthday,family,kids,friends,gift,play,loved,year,wonderful,favorite,enjoy,fun,great,daughter,thank,playing,awesome,game,love,loves,grandson,enjoyed,best,christmas
grand,birthday,family,kids,friends,gift,play,loved,year,wonderful,favorite,enjoy,fun,great,daughter,thank,playing,awesome,game,love,loves,grandson,enjoyed,best,christmas
grand,birthday,family,kids,friends,gift,play,loved,year,wonderful,favorite,enjoy,fun,great,daughter,thank,playing,awesome,game,love,loves,grandson,enjoyed,best,christmas
grand,birthday,family,kids,friends,gift,play,loved,year,wonderful,favorite,enjoy,fun,great,daughter,thank,playing,awesome,game,love,loves,grandson,enjoyed,best,christmas
grand,birthday,family,kids,friends,gift,play,loved,year,wonderful,favorite,enjoy,fun,great,daughter,thank,playing,awesome,game,love,loves,grandson,enjoyed,best,christmas
grand,birthday,family,kids,friends,gift,play,loved,year,wonderful,favorite,enjoy,fun,great,daughter,thank,playing,awesome,game,love,loves,grandson,enjoyed,best,christmas
grand,birthday,family,kids,friends,gift,play,loved,year,wonderful,favorite,enjoy,fun,great,daughter,thank,playing,awesome,game,love,loves,grandson,enjoyed,best,christmas
grand,birthday,family,kids,friends,gift,play,loved,year,wonderful,favorite,enjoy,fun,great,daughter,thank,playing,awesome,game,love,loves,grandson,enjoyed,best,christmas
grand,birthday,family,kids,friends,gift,play,loved,year,wonderful,favorite,enjoy,fun,great,daughter,thank,playing,awesome,game,love,loves,grandson,enjoyed,best,christmas
grand,birthday,family,kids,friends,gift,play,loved,year,wonderful,favorite,enjoy,fun,great,daughter,thank,playing,awesome,game,love,loves,grandson,enjoyed,best,christmas
grand,birthday,family,kids,friends,gift,play,loved,year,wonderful,favorite,enjoy,fun,great,daughter,thank,playing,awesome,game,love,loves,grandson,enjoyed,best,christmas
grand,birthday,family,kids,friends,gift,play,loved,year,wonderful,favorite,enjoy,fun,great,daughter,thank,playing,awesome,game,love,loves,grandson,enjoyed,best,christmas
grand,birthday,family,kids,friends,gift,play,loved,year,wonderful,favorite,enjoy,fun,great,daughter,thank,playing,awesome,game,love,loves,grandson,enjoyed,best,christmas
grand,birthday,family,kids,friends,gift,play,loved,year,wonderful,favorite,enjoy,fun,great,daughter,thank,playing,awesome,game,love,loves,grandson,enjoyed,best,christmas
grand,birthday,family,kids,friends,gift,play,loved,year,wonderful,favorite,enjoy,fun,great,daughter,thank,playing,awesome,game,love,loves,grandson,enjoyed,best,christmas
grand,birthday,family,kids,friends,gift,play,loved,year,wonderful,favorite,enjoy,fun,great,daughter,thank,playing,awesome,game,love,loves,grandson,enjoyed,best,christmas
birthday,family,kids,friends,gift,play,loved,year,wonderful,favorite,enjoy,fun,great,daughter,thank,book,playing,awesome,game,love,loves,grandson,enjoyed,best,christmas
birthday,family,kids,friends,gift,play,loved,year,wonderful,favorite,enjoy,fun,great,daughter,thank,book,playing,awesome,game,love,loves,grandson,enjoyed,best,christmas
birthday,family,kids,friends,gift,play,loved,year,wonderful,favorite,enjoy,fun,great,daughter,thank,book,playing,awesome,game,love,loves,grandson,enjoyed,best,christmas
birthday,family,kids,friends,gift,play,loved,year,wonderful,favorite,enjoy,fun,great,daughter,thank,book,playing,awesome,game,love,loves,grandson,enjoyed,best,christmas
birthday,family,kids,friends,gift,play,loved,year,wonderful,favorite,enjoy,fun,great,daughter,thank,book,playing,awesome,game,love,loves,grandson,enjoyed,best,christmas
birthday,family,kids,friends,gift,play,loved,year,wonderful,favorite,enjoy,fun,great,daughter,thank,book,playing,awesome,game,love,loves,grandson,enjoyed,best,christmas
birthday,family,kids,friends,gift,play,loved,year,wonderful,favorite,enjoy,fun,great,daughter,thank,book,playing,awesome,game,love,loves,grandson,enjoyed,best,christmas
birthday,family,kids,friends,gift,play,loved,year,wonderful,favorite,enjoy,fun,great,daughter,thank,book,playing,awesome,game,love,loves,grandson,enjoyed,best,christmas
birthday,family,kids,friends,gift,play,loved,year,wonderful,favorite,enjoy,fun,great,daughter,thank,book,playing,awesome,game,love,loves,grandson,enjoyed,best,christmas
birthday,family,kids,friends,gift,play,loved,year,wonderful,favorite,enjoy,fun,great,daughter,thank,book,playing,awesome,game,love,loves,grandson,enjoyed,best,christmas
birthday,family,kids,friends,gift,play,loved,year,wonderful,favorite,enjoy,fun,great,daughter,thank,book,playing,awesome,game,love,loves,grandson,enjoyed,best,christmas
birthday,family,kids,friends,gift,play,loved,year,wonderful,favorite,enjoy,fun,great,daughter,thank,book,playing,awesome,game,love,loves,grandson,enjoyed,best,christmas
birthday,family,kids,friends,gift,play,loved,year,wonderful,favorite,enjoy,fun,great,daughter,thank,book,playing,awesome,game,love,loves,grandson,enjoyed,best,christmas
birthday,family,kids,friends,gift,play,loved,year,wonderful,favorite,enjoy,fun,great,daughter,thank,book,playing,awesome,game,love,loves,grandson,enjoyed,best,christmas
birthday,family,kids,friends,gift,play,loved,year,wonderful,favorite,enjoy,fun,great,daughter,thank,book,playing,awesome,game,love,loves,grandson,enjoyed,best,christmas
birthday,family,kids,friends,gift,play,loved,year,wonderful,favorite,enjoy,fun,great,daughter,thank,book,playing,awesome,game,love,loves,grandson,enjoyed,best,christmas
birthday,family,kids,friends,gift,play,loved,year,wonderful,favorite,enjoy,fun,great,daughter,thank,book,playing,awesome,game,love,loves,grandson,enjoyed,best,christmas
birthday,family,kids,friends,gift,play,loved,year,wonderful,favorite,enjoy,fun,great,daughter,thank,book,playing,awesome,game,love,loves,grandson,enjoyed,best,christmas
birthday,family,kids,friends,gift,play,loved,year,wonderful,favorite,enjoy,fun,great,daughter,thank,book,playing,awesome,game,love,loves,grandson,enjoyed,best,christmas
birthday,family,kids,friends,gift,play,loved,year,wonderful,favorite,enjoy,fun,great,daughter,thank,book,playing,awesome,game,love,loves,grandson,enjoyed,best,christmas
birthday,family,kids,friends,gift,play,loved,year,wonderful,favorite,enjoy,fun,great,daughter,thank,book,playing,awesome,game,love,loves,grandson,enjoyed,best,christmas
birthday,family,kids,friends,gift,play,loved,year,wonderful,favorite,enjoy,fun,great,daughter,thank,book,playing,awesome,game,love,loves,grandson,enjoyed,best,christmas
birthday,family,kids,friends,gift,play,loved,year,wonderful,favorite,enjoy,fun,great,daughter,thank,book,playing,awesome,game,love,loves,grandson,enjoyed,best,christmas
birthday,family,kids,friends,gift,play,loved,year,wonderful,favorite,enjoy,fun,great,daughter,thank,book,playing,awesome,game,love,loves,grandson,enjoyed,best,christmas
birthday,family,kids,friends,gift,play,loved,year,wonderful,favorite,enjoy,fun,great,daughter,thank,book,playing,awesome,game,love,loves,grandson,enjoyed,best,christmas
birthday,family,kids,friends,gift,play,loved,year,wonderful,favorite,enjoy,fun,great,daughter,thank,book,playing,awesome,game,love,loves,grandson,enjoyed,best,christmas
birthday,family,kids,friends,gift,play,loved,year,wonderful,favorite,enjoy,fun,great,daughter,thank,book,playing,awesome,game,love,loves,grandson,enjoyed,best,christmas
birthday,family,kids,friends,gift,play,loved,year,wonderful,favorite,enjoy,fun,great,daughter,thank,book,playing,awesome,game,love,loves,grandson,enjoyed,best,christmas
birthday,family,kids,friends,gift,play,loved,year,wonderful,favorite,enjoy,fun,great,daughter,thank,book,playing,awesome,game,love,loves,grandson,enjoyed,best,christmas
birthday,family,kids,friends,gift,play,loved,year,wonderful,favorite,enjoy,fun,great,daughter,thank,book,playing,awesome,game,love,loves,grandson,enjoyed,best,christmas
birthday,family,kids,friends,gift,play,loved,year,wonderful,favorite,enjoy,fun,great,daughter,thank,book,playing,awesome,game,love,loves,grandson,enjoyed,best,christmas
birthday,family,kids,friends,gift,play,loved,year,wonderful,favorite,enjoy,fun,great,daughter,thank,book,playing,awesome,game,love,loves,grandson,enjoyed,best,christmas
birthday,family,kids,friends,gift,play,loved,year,wonderful,favorite,enjoy,fun,great,daughter,thank,book,playing,awesome,game,love,loves,grandson,enjoyed,best,christmas
birthday,family,kids,friends,gift,play,loved,year,wonderful,favorite,enjoy,fun,great,daughter,thank,book,playing,awesome,game,love,loves,grandson,enjoyed,best,christmas
birthday,family,kids,friends,gift,play,loved,year,wonderful,favorite,enjoy,fun,great,daughter,thank,book,playing,awesome,game,love,loves,grandson,enjoyed,best,christmas
birthday,family,kids,friends,gift,play,loved,year,wonderful,favorite,enjoy,fun,great,daughter,thank,book,playing,awesome,game,love,loves,grandson,enjoyed,best,christmas
birthday,family,kids,friends,gift,play,loved,year,wonderful,favorite,enjoy,fun,great,daughter,thank,book,playing,awesome,game,love,loves,grandson,enjoyed,best,christmas
birthday,family,kids,friends,gift,play,loved,year,wonderful,favorite,enjoy,fun,great,daughter,thank,book,playing,awesome,game,love,loves,grandson,enjoyed,best,christmas
birthday,family,kids,friends,gift,play,loved,year,wonderful,favorite,enjoy,fun,great,daughter,thank,book,playing,awesome,game,love,loves,grandson,enjoyed,best,christmas
birthday,family,kids,friends,gift,play,loved,year,wonderful,favorite,enjoy,fun,great,daughter,thank,book,playing,awesome,game,love,loves,grandson,enjoyed,best,christmas
birthday,family,kids,friends,gift,play,loved,year,wonderful,favorite,enjoy,fun,great,daughter,thank,book,playing,awesome,game,love,loves,grandson,enjoyed,best,christmas
birthday,family,kids,friends,gift,play,loved,year,wonderful,favorite,enjoy,fun,great,daughter,thank,book,playing,awesome,game,love,loves,grandson,enjoyed,best,christmas
birthday,family,kids,friends,gift,play,loved,year,wonderful,favorite,enjoy,fun,great,daughter,thank,book,playing,awesome,game,love,loves,grandson,enjoyed,best,christmas
birthday,family,kids,friends,gift,play,loved,year,wonderful,favorite,enjoy,fun,great,daughter,thank,book,playing,awesome,game,love,loves,grandson,enjoyed,best,christmas
birthday,family,kids,friends,gift,play,loved,year,wonderful,favorite,enjoy,fun,great,daughter,thank,book,playing,awesome,game,love,loves,grandson,enjoyed,best,christmas
birthday,family,kids,friends,gift,play,loved,year,wonderful,favorite,enjoy,fun,great,daughter,thank,book,playing,awesome,game,love,loves,grandson,enjoyed,best,christmas
birthday,family,kids,friends,gift,play,loved,year,wonderful,favorite,enjoy,fun,great,daughter,thank,book,playing,awesome,game,love,loves,grandson,enjoyed,best,christmas
birthday,family,kids,friends,gift,play,loved,year,wonderful,favorite,enjoy,fun,great,daughter,thank,book,playing,awesome,game,love,loves,grandson,enjoyed,best,christmas
birthday,family,kids,friends,gift,play,loved,year,wonderful,favorite,enjoy,fun,great,daughter,thank,book,playing,awesome,game,love,loves,grandson,enjoyed,best,christmas
birthday,family,kids,friends,gift,play,loved,year,wonderful,favorite,enjoy,fun,great,daughter,thank,book,playing,awesome,game,love,loves,grandson,enjoyed,best,christmas
birthday,family,kids,friends,gift,play,loved,year,wonderful,favorite,enjoy,fun,great,daughter,thank,book,playing,awesome,game,love,loves,grandson,enjoyed,best,christmas
birthday,family,kids,friends,gift,play,loved,year,wonderful,favorite,enjoy,fun,great,daughter,thank,book,playing,awesome,game,love,loves,grandson,enjoyed,best,christmas
birthday,family,kids,friends,gift,play,loved,year,wonderful,favorite,enjoy,fun,great,daughter,thank,book,playing,awesome,game,love,loves,grandson,enjoyed,best,christmas
birthday,family,kids,friends,gift,play,loved,year,wonderful,favorite,enjoy,fun,great,daughter,thank,book,playing,awesome,game,love,loves,grandson,enjoyed,best,christmas
birthday,family,kids,friends,gift,play,loved,year,wonderful,favorite,enjoy,fun,great,daughter,thank,book,playing,awesome,game,love,loves,grandson,enjoyed,best,christmas
birthday,family,kids,friends,gift,play,loved,year,wonderful,favorite,enjoy,fun,great,daughter,thank,book,playing,awesome,game,love,loves,grandson,enjoyed,best,christmas
birthday,family,kids,friends,gift,play,loved,year,wonderful,favorite,enjoy,fun,great,daughter,thank,book,playing,awesome,game,love,loves,grandson,enjoyed,best,christmas
birthday,family,kids,friends,gift,play,loved,year,wonderful,favorite,enjoy,fun,great,daughter,thank,book,playing,awesome,game,love,loves,grandson,enjoyed,best,christmas
birthday,family,kids,friends,gift,play,loved,year,wonderful,favorite,enjoy,fun,great,daughter,thank,book,playing,awesome,game,love,loves,grandson,enjoyed,best,christmas
birthday,family,kids,friends,gift,play,loved,year,wonderful,favorite,enjoy,fun,great,daughter,thank,book,playing,awesome,game,love,loves,grandson,enjoyed,best,christmas
birthday,family,kids,friends,gift,play,loved,year,wonderful,favorite,enjoy,fun,great,daughter,thank,book,playing,awesome,game,love,loves,grandson,enjoyed,best,christmas
birthday,family,kids,friends,gift,play,loved,year,wonderful,favorite,enjoy,fun,great,daughter,thank,book,playing,awesome,game,love,loves,grandson,enjoyed,best,christmas
birthday,family,kids,friends,gift,play,loved,year,wonderful,favorite,enjoy,fun,great,daughter,thank,book,playing,awesome,game,love,loves,grandson,enjoyed,best,christmas
birthday,family,kids,friends,gift,play,loved,year,wonderful,favorite,enjoy,fun,great,daughter,thank,book,playing,awesome,game,love,loves,grandson,enjoyed,best,christmas
birthday,family,kids,friends,gift,play,loved,year,wonderful,favorite,enjoy,fun,great,daughter,thank,book,playing,awesome,game,love,loves,grandson,enjoyed,best,christmas
birthday,family,kids,friends,gift,play,loved,year,wonderful,favorite,enjoy,fun,great,daughter,thank,book,playing,awesome,game,love,loves,grandson,enjoyed,best,christmas
birthday,family,kids,friends,gift,play,loved,year,wonderful,favorite,enjoy,fun,great,daughter,thank,book,playing,awesome,game,love,loves,grandson,enjoyed,best,christmas
birthday,family,kids,friends,gift,play,loved,year,wonderful,favorite,enjoy,fun,great,daughter,thank,book,playing,awesome,game,love,loves,grandson,enjoyed,best,christmas
birthday,family,kids,friends,gift,play,loved,year,wonderful,favorite,enjoy,fun,great,daughter,thank,book,playing,awesome,game,love,loves,grandson,enjoyed,best,christmas
birthday,family,kids,friends,gift,play,loved,year,wonderful,favorite,enjoy,fun,great,daughter,thank,book,playing,awesome,game,love,loves,grandson,enjoyed,best,christmas
birthday,family,kids,friends,gift,play,loved,year,wonderful,favorite,enjoy,fun,great,daughter,thank,book,playing,awesome,game,love,loves,grandson,enjoyed,best,christmas
birthday,family,kids,friends,gift,play,loved,year,wonderful,favorite,enjoy,fun,great,daughter,thank,book,playing,awesome,game,love,loves,grandson,enjoyed,best,christmas
birthday,family,kids,friends,gift,play,loved,year,wonderful,favorite,enjoy,fun,great,daughter,thank,book,playing,awesome,game,love,loves,grandson,enjoyed,best,christmas
birthday,family,kids,friends,gift,play,loved,year,wonderful,favorite,enjoy,fun,great,daughter,thank,book,playing,awesome,game,love,loves,grandson,enjoyed,best,christmas
birthday,family,kids,friends,gift,play,loved,year,wonderful,favorite,enjoy,fun,great,daughter,thank,book,playing,awesome,game,love,loves,grandson,enjoyed,best,christmas
birthday,family,kids,friends,gift,play,loved,year,wonderful,favorite,enjoy,fun,great,daughter,thank,book,playing,awesome,game,love,loves,grandson,enjoyed,best,christmas
birthday,family,kids,friends,gift,play,loved,year,wonderful,favorite,enjoy,fun,great,daughter,thank,book,playing,awesome,game,love,loves,grandson,enjoyed,best,christmas
birthday,family,kids,friends,gift,play,loved,year,wonderful,favorite,enjoy,fun,great,daughter,thank,book,playing,awesome,game,love,loves,grandson,enjoyed,best,christmas
birthday,family,kids,friends,gift,play,loved,year,wonderful,favorite,enjoy,fun,great,daughter,thank,book,playing,awesome,game,love,loves,grandson,enjoyed,best,christmas
birthday,family,kids,friends,gift,play,loved,year,wonderful,favorite,enjoy,fun,great,daughter,thank,book,playing,awesome,game,love,loves,grandson,enjoyed,best,christmas
birthday,family,kids,friends,gift,play,loved,year,wonderful,favorite,enjoy,fun,great,daughter,thank,book,playing,awesome,game,love,loves,grandson,enjoyed,best,christmas
birthday,family,kids,friends,gift,play,loved,year,wonderful,favorite,enjoy,fun,great,daughter,thank,book,playing,awesome,game,love,loves,grandson,enjoyed,best,christmas
birthday,family,kids,friends,gift,play,loved,year,wonderful,favorite,enjoy,fun,great,daughter,thank,book,playing,awesome,game,love,loves,grandson,enjoyed,best,christmas
birthday,family,kids,friends,gift,play,loved,year,wonderful,favorite,enjoy,fun,great,daughter,thank,book,playing,awesome,game,love,loves,grandson,enjoyed,best,christmas
birthday,family,kids,friends,gift,play,loved,year,wonderful,favorite,enjoy,fun,great,daughter,thank,book,playing,awesome,game,love,loves,grandson,enjoyed,best,christmas
birthday,family,kids,friends,gift,play,loved,year,wonderful,favorite,enjoy,fun,great,daughter,thank,book,playing,awesome,game,love,loves,grandson,enjoyed,best,christmas
birthday,family,kids,friends,gift,play,loved,year,wonderful,favorite,enjoy,fun,great,daughter,thank,book,playing,awesome,game,love,loves,grandson,enjoyed,best,christmas
birthday,family,kids,friends,gift,play,loved,year,wonderful,favorite,enjoy,fun,great,daughter,thank,book,playing,awesome,game,love,loves,grandson,enjoyed,best,christmas
birthday,family,kids,friends,gift,play,loved,year,wonderful,favorite,enjoy,fun,great,daughter,thank,book,playing,awesome,game,love,loves,grandson,enjoyed,best,christmas
birthday,family,kids,friends,gift,play,loved,year,wonderful,favorite,enjoy,fun,great,daughter,thank,book,playing,awesome,game,love,loves,grandson,enjoyed,best,christmas
birthday,family,kids,friends,gift,play,loved,year,wonderful,favorite,enjoy,fun,great,daughter,thank,book,playing,awesome,game,love,loves,grandson,enjoyed,best,christmas
birthday,family,kids,friends,gift,play,loved,year,wonderful,favorite,enjoy,fun,great,daughter,thank,book,playing,awesome,game,love,loves,grandson,enjoyed,best,christmas
birthday,family,kids,friends,gift,play,loved,year,wonderful,favorite,enjoy,fun,great,daughter,thank,book,playing,awesome,game,love,loves,grandson,enjoyed,best,christmas
birthday,family,kids,friends,gift,play,loved,year,wonderful,favorite,enjoy,fun,great,daughter,thank,book,playing,awesome,game,love,loves,grandson,enjoyed,best,christmas
birthday,family,kids,friends,gift,play,loved,year,wonderful,favorite,enjoy,fun,great,daughter,thank,book,playing,awesome,game,love,loves,grandson,enjoyed,best,christmas
birthday,family,kids,friends,gift,play,loved,year,wonderful,favorite,enjoy,fun,great,daughter,thank,book,playing,awesome,game,love,loves,grandson,enjoyed,best,christmas
birthday,family,kids,friends,gift,play,loved,year,wonderful,favorite,enjoy,fun,great,daughter,thank,book,playing,awesome,game,love,loves,grandson,enjoyed,best,christmas
birthday,family,kids,friends,gift,play,loved,year,wonderful,favorite,enjoy,fun,great,daughter,thank,book,playing,awesome,game,love,loves,grandson,enjoyed,best,christmas
birthday,family,kids,friends,gift,play,loved,year,wonderful,favorite,enjoy,fun,great,daughter,thank,book,playing,awesome,game,love,loves,grandson,enjoyed,best,christmas
birthday,family,kids,friends,gift,play,loved,year,wonderful,favorite,enjoy,fun,great,daughter,thank,book,playing,awesome,game,love,loves,grandson,enjoyed,best,christmas
birthday,family,kids,friends,gift,play,loved,year,wonderful,favorite,enjoy,fun,great,daughter,thank,book,playing,awesome,game,love,loves,grandson,enjoyed,best,christmas
birthday,family,kids,friends,gift,play,loved,year,wonderful,favorite,enjoy,fun,great,daughter,thank,book,playing,awesome,game,love,loves,grandson,enjoyed,best,christmas
birthday,family,kids,friends,gift,play,loved,year,wonderful,favorite,enjoy,fun,great,daughter,thank,book,playing,awesome,game,love,loves,grandson,enjoyed,best,christmas
birthday,family,kids,friends,gift,play,loved,year,wonderful,favorite,enjoy,fun,great,daughter,thank,book,playing,awesome,game,love,loves,grandson,enjoyed,best,christmas
birthday,family,kids,friends,gift,play,loved,year,wonderful,favorite,enjoy,fun,great,daughter,thank,book,playing,awesome,game,love,loves,grandson,enjoyed,best,christmas
birthday,family,kids,friends,gift,play,loved,year,wonderful,favorite,enjoy,fun,great,daughter,thank,book,playing,awesome,game,love,loves,grandson,enjoyed,best,christmas
birthday,family,kids,friends,gift,play,loved,year,wonderful,favorite,enjoy,fun,great,daughter,thank,book,playing,awesome,game,love,loves,grandson,enjoyed,best,christmas
birthday,family,kids,friends,gift,play,loved,year,wonderful,favorite,enjoy,fun,great,daughter,thank,book,playing,awesome,game,love,loves,grandson,enjoyed,best,christmas
birthday,family,kids,friends,gift,play,loved,year,wonderful,favorite,enjoy,fun,great,daughter,thank,book,playing,awesome,game,love,loves,grandson,enjoyed,best,christmas
birthday,family,kids,friends,gift,play,loved,year,wonderful,favorite,enjoy,fun,great,daughter,thank,book,playing,awesome,game,love,loves,grandson,enjoyed,best,christmas
birthday,family,kids,friends,gift,play,loved,year,wonderful,favorite,enjoy,fun,great,daughter,thank,book,playing,awesome,game,love,loves,grandson,enjoyed,best,christmas
birthday,family,kids,friends,gift,play,loved,year,wonderful,favorite,enjoy,fun,great,daughter,thank,book,playing,awesome,game,love,loves,grandson,enjoyed,best,christmas
birthday,family,kids,friends,gift,play,loved,year,wonderful,favorite,enjoy,fun,great,daughter,thank,book,playing,awesome,game,love,loves,grandson,enjoyed,best,christmas
birthday,family,kids,friends,gift,play,loved,year,wonderful,favorite,enjoy,fun,great,daughter,thank,book,playing,awesome,game,love,loves,grandson,enjoyed,best,christmas
birthday,family,kids,friends,gift,play,loved,year,wonderful,favorite,enjoy,fun,great,daughter,thank,book,playing,awesome,game,love,loves,grandson,enjoyed,best,christmas
birthday,family,kids,friends,gift,play,loved,year,wonderful,favorite,enjoy,fun,great,daughter,thank,book,playing,awesome,game,love,loves,grandson,enjoyed,best,christmas
birthday,family,kids,friends,gift,play,loved,year,wonderful,favorite,enjoy,fun,great,daughter,thank,book,playing,awesome,game,love,loves,grandson,enjoyed,best,christmas
birthday,family,kids,friends,gift,play,loved,year,wonderful,favorite,enjoy,fun,great,daughter,thank,book,playing,awesome,game,love,loves,grandson,enjoyed,best,christmas
birthday,family,kids,friends,gift,play,loved,year,wonderful,favorite,enjoy,fun,great,daughter,thank,book,playing,awesome,game,love,loves,grandson,enjoyed,best,christmas
birthday,family,kids,friends,gift,play,loved,year,wonderful,favorite,enjoy,fun,great,daughter,thank,book,playing,awesome,game,love,loves,grandson,enjoyed,best,christmas
birthday,family,kids,friends,gift,play,loved,year,wonderful,favorite,enjoy,fun,great,daughter,thank,book,playing,awesome,game,love,loves,grandson,enjoyed,best,christmas
birthday,family,kids,friends,gift,play,loved,year,wonderful,favorite,enjoy,fun,great,daughter,thank,book,playing,awesome,game,love,loves,grandson,enjoyed,best,christmas
birthday,family,kids,friends,gift,play,loved,year,wonderful,favorite,enjoy,fun,great,daughter,thank,book,playing,awesome,game,love,loves,grandson,enjoyed,best,christmas
birthday,family,kids,friends,gift,play,loved,year,wonderful,favorite,enjoy,fun,great,daughter,thank,book,playing,awesome,game,love,loves,grandson,enjoyed,best,christmas
birthday,family,kids,friends,gift,play,loved,year,wonderful,favorite,enjoy,fun,great,daughter,thank,book,playing,awesome,game,love,loves,grandson,enjoyed,best,christmas
birthday,family,kids,friends,gift,play,loved,year,wonderful,favorite,enjoy,fun,great,daughter,thank,book,playing,awesome,game,love,loves,grandson,enjoyed,best,christmas
birthday,family,kids,friends,gift,play,loved,year,wonderful,favorite,enjoy,fun,great,daughter,thank,book,playing,awesome,game,love,loves,grandson,enjoyed,best,christmas
birthday,family,kids,friends,gift,play,loved,year,wonderful,favorite,enjoy,fun,great,daughter,thank,book,playing,awesome,game,love,loves,grandson,enjoyed,best,christmas
birthday,family,kids,friends,gift,play,loved,year,wonderful,favorite,enjoy,fun,great,daughter,thank,book,playing,awesome,game,love,loves,grandson,enjoyed,best,christmas
birthday,family,kids,friends,gift,play,loved,year,wonderful,favorite,enjoy,fun,great,daughter,thank,book,playing,awesome,game,love,loves,grandson,enjoyed,best,christmas
birthday,family,kids,friends,gift,play,loved,year,wonderful,favorite,enjoy,fun,great,daughter,thank,book,playing,awesome,game,love,loves,grandson,enjoyed,best,christmas
birthday,family,kids,friends,gift,play,loved,year,wonderful,favorite,enjoy,fun,great,daughter,thank,book,playing,awesome,game,love,loves,grandson,enjoyed,best,christmas
birthday,family,kids,friends,gift,play,loved,year,wonderful,favorite,enjoy,fun,great,daughter,thank,book,playing,awesome,game,love,loves,grandson,enjoyed,best,christmas
birthday,family,kids,friends,gift,play,loved,year,wonderful,favorite,enjoy,fun,great,daughter,thank,book,playing,awesome,game,love,loves,grandson,enjoyed,best,christmas
birthday,family,kids,friends,gift,play,loved,year,wonderful,favorite,enjoy,fun,great,daughter,thank,book,playing,awesome,game,love,loves,grandson,enjoyed,best,christmas
birthday,family,kids,friends,gift,play,loved,year,wonderful,favorite,enjoy,fun,great,daughter,thank,book,playing,awesome,game,love,loves,grandson,enjoyed,best,christmas
birthday,family,kids,friends,gift,play,loved,year,wonderful,favorite,enjoy,fun,great,daughter,thank,book,playing,awesome,game,love,loves,grandson,enjoyed,best,christmas
birthday,family,kids,friends,gift,play,loved,year,wonderful,favorite,enjoy,fun,great,daughter,thank,book,playing,awesome,game,love,loves,grandson,enjoyed,best,christmas
birthday,family,kids,friends,gift,play,loved,year,wonderful,favorite,enjoy,fun,great,daughter,thank,book,playing,awesome,game,love,loves,grandson,enjoyed,best,christmas
birthday,family,kids,friends,gift,play,loved,year,wonderful,favorite,enjoy,fun,great,daughter,thank,book,playing,awesome,game,love,loves,grandson,enjoyed,best,christmas
birthday,family,kids,friends,gift,play,loved,year,wonderful,favorite,enjoy,fun,great,daughter,thank,book,playing,awesome,game,love,loves,grandson,enjoyed,best,christmas
birthday,family,kids,friends,gift,play,loved,year,wonderful,favorite,enjoy,fun,great,daughter,thank,book,playing,awesome,game,love,loves,grandson,enjoyed,best,christmas
birthday,family,kids,friends,gift,play,loved,year,wonderful,favorite,enjoy,fun,great,daughter,thank,book,playing,awesome,game,love,loves,grandson,enjoyed,best,christmas
birthday,family,kids,friends,gift,play,loved,year,wonderful,favorite,enjoy,fun,great,daughter,thank,book,playing,awesome,game,love,loves,grandson,enjoyed,best,christmas
birthday,family,kids,friends,gift,play,loved,year,wonderful,favorite,enjoy,fun,great,daughter,thank,book,playing,awesome,game,love,loves,grandson,enjoyed,best,christmas
birthday,family,kids,friends,gift,play,loved,year,wonderful,favorite,enjoy,fun,great,daughter,thank,book,playing,awesome,game,love,loves,grandson,enjoyed,best,christmas
birthday,family,kids,friends,gift,play,loved,year,wonderful,favorite,enjoy,fun,great,daughter,thank,book,playing,awesome,game,love,loves,grandson,enjoyed,best,christmas
birthday,family,kids,friends,gift,play,loved,year,wonderful,favorite,enjoy,fun,great,daughter,thank,book,playing,awesome,game,love,loves,grandson,enjoyed,best,christmas
birthday,family,kids,friends,gift,play,loved,year,wonderful,favorite,enjoy,fun,great,daughter,thank,book,playing,awesome,game,love,loves,grandson,enjoyed,best,christmas
birthday,family,kids,friends,gift,play,loved,year,wonderful,favorite,enjoy,fun,great,daughter,thank,book,playing,awesome,game,love,loves,grandson,enjoyed,best,christmas
birthday,family,kids,friends,gift,play,loved,year,wonderful,favorite,enjoy,fun,great,daughter,thank,book,playing,awesome,game,love,loves,grandson,enjoyed,best,christmas
birthday,family,kids,friends,gift,play,loved,year,wonderful,favorite,enjoy,fun,great,daughter,thank,book,playing,awesome,game,love,loves,grandson,enjoyed,best,christmas
birthday,family,kids,friends,gift,play,loved,year,wonderful,favorite,enjoy,fun,great,daughter,thank,book,playing,awesome,game,love,loves,grandson,enjoyed,best,christmas
birthday,family,kids,friends,gift,play,loved,year,wonderful,favorite,enjoy,fun,great,daughter,thank,book,playing,awesome,game,love,loves,grandson,enjoyed,best,christmas
birthday,family,kids,friends,gift,play,loved,year,wonderful,favorite,enjoy,fun,great,daughter,thank,book,playing,awesome,game,love,loves,grandson,enjoyed,best,christmas
birthday,family,kids,friends,gift,play,loved,year,wonderful,favorite,enjoy,fun,great,daughter,thank,book,playing,awesome,game,love,loves,grandson,enjoyed,best,christmas
birthday,family,kids,friends,gift,play,loved,year,wonderful,favorite,enjoy,fun,great,daughter,thank,book,playing,awesome,game,love,loves,grandson,enjoyed,best,christmas
birthday,family,kids,friends,gift,play,loved,year,wonderful,favorite,enjoy,fun,great,daughter,thank,book,playing,awesome,game,love,loves,grandson,enjoyed,best,christmas
birthday,family,kids,friends,gift,play,loved,year,wonderful,favorite,enjoy,fun,great,daughter,thank,book,playing,awesome,game,love,loves,grandson,enjoyed,best,christmas
birthday,family,kids,friends,gift,play,loved,year,wonderful,favorite,enjoy,fun,great,daughter,thank,book,playing,awesome,game,love,loves,grandson,enjoyed,best,christmas
birthday,family,kids,friends,gift,play,loved,year,wonderful,favorite,enjoy,fun,great,daughter,thank,book,playing,awesome,game,love,loves,grandson,enjoyed,best,christmas
birthday,family,kids,friends,gift,play,loved,year,wonderful,favorite,enjoy,fun,great,daughter,thank,book,playing,awesome,game,love,loves,grandson,enjoyed,best,christmas
birthday,family,kids,friends,gift,play,loved,year,wonderful,favorite,enjoy,fun,great,daughter,thank,book,playing,awesome,game,love,loves,grandson,enjoyed,best,christmas
family,kids,friends,gift,play,loved,year,wonderful,favorite,enjoy,fun,great,daughter,thank,book,playing,awesome,game,love,games,loves,grandson,enjoyed,best,christmas
family,kids,friends,gift,play,loved,year,wonderful,favorite,enjoy,fun,great,daughter,thank,book,playing,awesome,game,love,games,loves,grandson,enjoyed,best,christmas
family,kids,friends,gift,play,loved,year,wonderful,favorite,enjoy,fun,great,daughter,thank,book,playing,awesome,game,love,games,loves,grandson,enjoyed,best,christmas
family,kids,friends,gift,play,loved,year,wonderful,favorite,enjoy,fun,great,daughter,thank,book,playing,awesome,game,love,games,loves,grandson,enjoyed,best,christmas
family,kids,friends,gift,play,loved,year,wonderful,favorite,enjoy,fun,great,daughter,thank,book,playing,awesome,game,love,games,loves,grandson,enjoyed,best,christmas
family,kids,friends,gift,play,loved,year,wonderful,favorite,enjoy,fun,great,daughter,thank,book,playing,awesome,game,love,games,loves,grandson,enjoyed,best,christmas
family,kids,friends,gift,play,loved,year,wonderful,favorite,enjoy,fun,great,daughter,thank,book,playing,awesome,game,love,games,loves,grandson,enjoyed,best,christmas
family,kids,friends,gift,play,loved,year,wonderful,favorite,enjoy,fun,great,daughter,thank,book,playing,awesome,game,love,games,loves,grandson,enjoyed,best,christmas
family,kids,friends,gift,play,loved,year,wonderful,favorite,enjoy,fun,great,daughter,thank,book,playing,awesome,game,love,games,loves,grandson,enjoyed,best,christmas
family,kids,friends,gift,play,loved,year,wonderful,favorite,enjoy,fun,great,daughter,thank,book,playing,awesome,game,love,games,loves,grandson,enjoyed,best,christmas
family,kids,friends,gift,play,loved,year,wonderful,favorite,enjoy,fun,great,daughter,thank,book,playing,awesome,game,love,games,loves,grandson,enjoyed,best,christmas
family,kids,friends,gift,play,loved,year,wonderful,favorite,enjoy,fun,great,daughter,thank,book,playing,awesome,game,love,games,loves,grandson,enjoyed,best,christmas
family,kids,friends,gift,play,loved,year,wonderful,favorite,enjoy,fun,great,daughter,thank,book,playing,awesome,game,love,games,loves,grandson,enjoyed,best,christmas
birthday,family,kids,friends,gift,play,loved,year,wonderful,favorite,enjoy,fun,great,daughter,thank,book,playing,awesome,game,love,loves,grandson,enjoyed,best,christmas
birthday,family,kids,friends,gift,play,loved,year,wonderful,favorite,enjoy,fun,great,daughter,thank,book,playing,awesome,game,love,loves,grandson,enjoyed,best,christmas
birthday,family,kids,friends,gift,play,loved,year,wonderful,favorite,enjoy,fun,great,daughter,thank,book,playing,awesome,game,love,loves,grandson,enjoyed,best,christmas
birthday,family,kids,friends,gift,play,loved,year,wonderful,favorite,enjoy,fun,great,daughter,thank,book,playing,awesome,game,love,loves,grandson,enjoyed,best,christmas
birthday,family,kids,friends,gift,play,loved,year,wonderful,favorite,enjoy,fun,great,daughter,thank,book,playing,awesome,game,love,loves,grandson,enjoyed,best,christmas
birthday,family,kids,friends,gift,play,loved,year,wonderful,favorite,enjoy,fun,great,daughter,thank,book,playing,awesome,game,love,loves,grandson,enjoyed,best,christmas
birthday,family,kids,friends,gift,play,loved,year,wonderful,favorite,enjoy,fun,great,daughter,thank,book,playing,awesome,game,love,loves,grandson,enjoyed,best,christmas
birthday,family,kids,friends,gift,play,loved,year,wonderful,favorite,enjoy,fun,great,daughter,thank,book,playing,awesome,game,love,loves,grandson,enjoyed,best,christmas
birthday,family,kids,friends,gift,play,loved,year,wonderful,favorite,enjoy,fun,great,daughter,thank,book,playing,awesome,game,love,loves,grandson,enjoyed,best,christmas
birthday,family,kids,friends,gift,play,loved,year,wonderful,favorite,enjoy,fun,great,daughter,thank,book,playing,awesome,game,love,loves,grandson,enjoyed,best,christmas
birthday,family,kids,friends,gift,play,loved,year,wonderful,favorite,enjoy,fun,great,daughter,thank,book,playing,awesome,game,love,loves,grandson,enjoyed,best,christmas
birthday,family,kids,friends,gift,play,loved,year,wonderful,favorite,enjoy,fun,great,daughter,thank,book,playing,awesome,game,love,loves,grandson,enjoyed,best,christmas
birthday,family,kids,friends,gift,play,loved,year,wonderful,favorite,enjoy,fun,great,daughter,thank,book,playing,awesome,game,love,loves,grandson,enjoyed,best,christmas
birthday,family,kids,friends,gift,play,loved,year,wonderful,favorite,enjoy,fun,great,daughter,thank,book,playing,awesome,game,love,loves,grandson,enjoyed,best,christmas
birthday,family,kids,friends,gift,play,loved,year,wonderful,favorite,enjoy,fun,great,daughter,thank,book,playing,awesome,game,love,loves,grandson,enjoyed,best,christmas
birthday,family,kids,friends,gift,play,loved,year,wonderful,favorite,enjoy,fun,great,daughter,thank,book,playing,awesome,game,love,loves,grandson,enjoyed,best,christmas
birthday,family,kids,friends,gift,play,loved,year,wonderful,favorite,enjoy,fun,great,daughter,thank,book,playing,awesome,game,love,loves,grandson,enjoyed,best,christmas
birthday,family,kids,friends,gift,play,loved,year,wonderful,favorite,enjoy,fun,great,daughter,thank,book,playing,awesome,game,love,loves,grandson,enjoyed,best,christmas
birthday,family,kids,friends,gift,play,loved,year,wonderful,favorite,enjoy,fun,great,daughter,thank,book,playing,awesome,game,love,loves,grandson,enjoyed,best,christmas
birthday,family,kids,friends,gift,play,loved,year,wonderful,favorite,enjoy,fun,great,daughter,thank,book,playing,awesome,game,love,loves,grandson,enjoyed,best,christmas
birthday,family,kids,friends,gift,play,loved,year,wonderful,favorite,enjoy,fun,great,daughter,thank,book,playing,awesome,game,love,loves,grandson,enjoyed,best,christmas
birthday,family,kids,friends,gift,play,loved,year,wonderful,favorite,enjoy,fun,great,daughter,thank,book,playing,awesome,game,love,loves,grandson,enjoyed,best,christmas
birthday,family,kids,friends,gift,play,loved,year,wonderful,favorite,enjoy,fun,great,daughter,thank,book,playing,awesome,game,love,loves,grandson,enjoyed,best,christmas
birthday,family,kids,friends,gift,play,loved,year,wonderful,favorite,enjoy,fun,great,daughter,thank,book,playing,awesome,game,love,loves,grandson,enjoyed,best,christmas
birthday,family,kids,friends,gift,play,loved,year,wonderful,favorite,enjoy,fun,great,daughter,thank,book,playing,awesome,game,love,loves,grandson,enjoyed,best,christmas
birthday,family,kids,friends,gift,play,loved,year,wonderful,favorite,enjoy,fun,great,daughter,thank,book,playing,awesome,game,love,loves,grandson,enjoyed,best,christmas
birthday,family,kids,friends,gift,play,loved,year,wonderful,favorite,enjoy,fun,great,daughter,thank,book,playing,awesome,game,love,loves,grandson,enjoyed,best,christmas
birthday,family,kids,friends,gift,play,loved,year,wonderful,favorite,enjoy,fun,great,daughter,thank,book,playing,awesome,game,love,loves,grandson,enjoyed,best,christmas
birthday,family,kids,friends,gift,play,loved,year,wonderful,favorite,enjoy,fun,great,daughter,thank,book,playing,awesome,game,love,loves,grandson,enjoyed,best,christmas
birthday,family,kids,friends,gift,play,loved,year,wonderful,favorite,enjoy,fun,great,daughter,thank,book,playing,awesome,game,love,loves,grandson,enjoyed,best,christmas
birthday,family,kids,friends,gift,play,loved,year,wonderful,favorite,enjoy,fun,great,daughter,thank,book,playing,awesome,game,love,loves,grandson,enjoyed,best,christmas
birthday,family,kids,friends,gift,play,loved,year,wonderful,favorite,enjoy,fun,great,daughter,thank,book,playing,awesome,game,love,loves,grandson,enjoyed,best,christmas
birthday,family,kids,friends,gift,play,loved,year,wonderful,favorite,enjoy,fun,great,daughter,thank,book,playing,awesome,game,love,loves,grandson,enjoyed,best,christmas
birthday,family,kids,friends,gift,play,loved,year,wonderful,favorite,enjoy,fun,great,daughter,thank,book,playing,awesome,game,love,loves,grandson,enjoyed,best,christmas
birthday,family,kids,friends,gift,play,loved,year,wonderful,favorite,enjoy,fun,great,daughter,thank,book,playing,awesome,game,love,loves,grandson,enjoyed,best,christmas
birthday,family,kids,friends,gift,play,loved,year,wonderful,favorite,enjoy,fun,great,daughter,thank,book,playing,awesome,game,love,loves,grandson,enjoyed,best,christmas
birthday,family,kids,friends,gift,play,loved,year,wonderful,favorite,enjoy,fun,great,daughter,thank,book,playing,awesome,game,love,loves,grandson,enjoyed,best,christmas
birthday,family,kids,friends,gift,play,loved,year,wonderful,favorite,enjoy,fun,great,daughter,thank,book,playing,awesome,game,love,loves,grandson,enjoyed,best,christmas
birthday,family,kids,friends,gift,play,loved,year,wonderful,favorite,enjoy,fun,great,daughter,thank,book,playing,awesome,game,love,loves,grandson,enjoyed,best,christmas
birthday,family,kids,friends,gift,play,loved,year,wonderful,favorite,enjoy,fun,great,daughter,thank,book,playing,awesome,game,love,loves,grandson,enjoyed,best,christmas
birthday,family,kids,friends,gift,play,loved,year,wonderful,favorite,enjoy,fun,great,daughter,thank,book,playing,awesome,game,love,loves,grandson,enjoyed,best,christmas
birthday,family,kids,friends,gift,play,loved,year,wonderful,favorite,enjoy,fun,great,daughter,thank,book,playing,awesome,game,love,loves,grandson,enjoyed,best,christmas
birthday,family,kids,friends,gift,play,loved,year,wonderful,favorite,enjoy,fun,great,daughter,thank,book,playing,awesome,game,love,loves,grandson,enjoyed,best,christmas
birthday,family,kids,friends,gift,play,loved,year,wonderful,favorite,enjoy,fun,great,daughter,thank,book,playing,awesome,game,love,loves,grandson,enjoyed,best,christmas
birthday,family,kids,friends,gift,play,loved,year,wonderful,favorite,enjoy,fun,great,daughter,thank,book,playing,awesome,game,love,loves,grandson,enjoyed,best,christmas
birthday,family,kids,friends,gift,play,loved,year,wonderful,favorite,enjoy,fun,great,daughter,thank,book,playing,awesome,game,love,loves,grandson,enjoyed,best,christmas
birthday,family,kids,friends,gift,play,loved,year,wonderful,favorite,enjoy,fun,great,daughter,thank,book,playing,awesome,game,love,loves,grandson,enjoyed,best,christmas
birthday,family,kids,friends,gift,play,loved,year,wonderful,favorite,enjoy,fun,great,daughter,thank,book,playing,awesome,game,love,loves,grandson,enjoyed,best,christmas
birthday,family,kids,friends,gift,play,loved,year,wonderful,favorite,enjoy,fun,great,daughter,thank,book,playing,awesome,game,love,loves,grandson,enjoyed,best,christmas
birthday,family,kids,friends,gift,play,loved,year,wonderful,favorite,enjoy,fun,great,daughter,thank,book,playing,awesome,game,love,loves,grandson,enjoyed,best,christmas
birthday,family,kids,friends,gift,play,loved,year,wonderful,favorite,enjoy,fun,great,daughter,thank,book,playing,awesome,game,love,loves,grandson,enjoyed,best,christmas
birthday,family,kids,friends,gift,play,loved,year,wonderful,favorite,enjoy,fun,great,daughter,thank,book,playing,awesome,game,love,loves,grandson,enjoyed,best,christmas
birthday,family,kids,friends,gift,play,loved,year,wonderful,favorite,enjoy,fun,great,daughter,thank,book,playing,awesome,game,love,loves,grandson,enjoyed,best,christmas
birthday,family,kids,friends,gift,play,loved,year,wonderful,favorite,enjoy,fun,great,daughter,thank,book,playing,awesome,game,love,loves,grandson,enjoyed,best,christmas
birthday,family,kids,friends,gift,play,loved,year,wonderful,favorite,enjoy,fun,great,daughter,thank,book,playing,awesome,game,love,loves,grandson,enjoyed,best,christmas
birthday,family,kids,friends,gift,play,loved,year,wonderful,favorite,enjoy,fun,great,daughter,thank,book,playing,awesome,game,love,loves,grandson,enjoyed,best,christmas
birthday,family,kids,friends,gift,play,loved,year,wonderful,favorite,enjoy,fun,great,daughter,thank,book,playing,awesome,game,love,loves,grandson,enjoyed,best,christmas
birthday,family,kids,friends,gift,play,loved,year,wonderful,favorite,enjoy,fun,great,daughter,thank,book,playing,awesome,game,love,loves,grandson,enjoyed,best,christmas
birthday,family,kids,friends,gift,play,loved,year,wonderful,favorite,enjoy,fun,great,daughter,thank,book,playing,awesome,game,love,loves,grandson,enjoyed,best,christmas
birthday,family,kids,friends,gift,play,loved,year,wonderful,favorite,enjoy,fun,great,daughter,thank,book,playing,awesome,game,love,loves,grandson,enjoyed,best,christmas
birthday,family,kids,friends,gift,play,loved,year,wonderful,favorite,enjoy,fun,great,daughter,thank,book,playing,awesome,game,love,loves,grandson,enjoyed,best,christmas
birthday,family,kids,friends,gift,play,loved,year,wonderful,favorite,enjoy,fun,great,daughter,thank,book,playing,awesome,game,love,loves,grandson,enjoyed,best,christmas
birthday,family,kids,friends,gift,play,loved,year,wonderful,favorite,enjoy,fun,great,daughter,thank,book,playing,awesome,game,love,loves,grandson,enjoyed,best,christmas
birthday,family,kids,friends,gift,play,loved,year,wonderful,favorite,enjoy,fun,great,daughter,thank,book,playing,awesome,game,love,loves,grandson,enjoyed,best,christmas
birthday,family,kids,friends,gift,play,loved,year,wonderful,favorite,enjoy,fun,great,daughter,thank,book,playing,awesome,game,love,loves,grandson,enjoyed,best,christmas
birthday,family,kids,friends,gift,play,loved,year,wonderful,favorite,enjoy,fun,great,daughter,thank,book,playing,awesome,game,love,loves,grandson,enjoyed,best,christmas
birthday,family,kids,friends,gift,play,loved,year,wonderful,favorite,enjoy,fun,great,daughter,thank,book,playing,awesome,game,love,loves,grandson,enjoyed,best,christmas
birthday,family,kids,friends,gift,play,loved,year,wonderful,favorite,enjoy,fun,great,daughter,thank,book,playing,awesome,game,love,loves,grandson,enjoyed,best,christmas
birthday,family,kids,friends,gift,play,loved,year,wonderful,favorite,enjoy,fun,great,daughter,thank,book,playing,awesome,game,love,loves,grandson,enjoyed,best,christmas
birthday,family,kids,friends,gift,play,loved,year,wonderful,favorite,enjoy,fun,great,daughter,thank,book,playing,awesome,game,love,loves,grandson,enjoyed,best,christmas
birthday,family,kids,friends,gift,play,loved,year,wonderful,favorite,enjoy,fun,great,daughter,thank,book,playing,awesome,game,love,loves,grandson,enjoyed,best,christmas
birthday,family,kids,friends,gift,play,loved,year,wonderful,favorite,enjoy,fun,great,daughter,thank,book,playing,awesome,game,love,loves,grandson,enjoyed,best,christmas
birthday,family,kids,friends,gift,play,loved,year,wonderful,favorite,enjoy,fun,great,daughter,thank,book,playing,awesome,game,love,loves,grandson,enjoyed,best,christmas
birthday,family,kids,friends,gift,play,loved,year,wonderful,favorite,enjoy,fun,great,daughter,thank,book,playing,awesome,game,love,loves,grandson,enjoyed,best,christmas
birthday,family,kids,friends,gift,play,loved,year,wonderful,favorite,enjoy,fun,great,daughter,thank,book,playing,awesome,game,love,loves,grandson,enjoyed,best,christmas
birthday,family,kids,friends,gift,play,loved,year,wonderful,favorite,enjoy,fun,great,daughter,thank,book,playing,awesome,game,love,loves,grandson,enjoyed,best,christmas
birthday,family,kids,friends,gift,play,loved,year,wonderful,favorite,enjoy,fun,great,daughter,thank,book,playing,awesome,game,love,loves,grandson,enjoyed,best,christmas
birthday,family,kids,friends,gift,play,loved,year,wonderful,favorite,enjoy,fun,great,daughter,thank,book,playing,awesome,game,love,loves,grandson,enjoyed,best,christmas
birthday,family,kids,friends,gift,play,loved,year,wonderful,favorite,enjoy,fun,great,daughter,thank,book,playing,awesome,game,love,loves,grandson,enjoyed,best,christmas
birthday,family,kids,friends,gift,play,loved,year,wonderful,favorite,enjoy,fun,great,daughter,thank,book,playing,awesome,game,love,loves,grandson,enjoyed,best,christmas
birthday,family,kids,friends,gift,play,loved,year,wonderful,favorite,enjoy,fun,great,daughter,thank,book,playing,awesome,game,love,loves,grandson,enjoyed,best,christmas
birthday,family,kids,friends,gift,play,loved,year,wonderful,favorite,enjoy,fun,great,daughter,thank,book,playing,awesome,game,love,loves,grandson,enjoyed,best,christmas
birthday,family,kids,friends,gift,play,loved,year,wonderful,favorite,enjoy,fun,great,daughter,thank,book,playing,awesome,game,love,loves,grandson,enjoyed,best,christmas
birthday,family,kids,friends,gift,play,loved,year,wonderful,favorite,enjoy,fun,great,daughter,thank,book,playing,awesome,game,love,loves,grandson,enjoyed,best,christmas
birthday,family,kids,friends,gift,play,loved,year,wonderful,favorite,enjoy,fun,great,daughter,thank,book,playing,awesome,game,love,loves,grandson,enjoyed,best,christmas
birthday,family,kids,friends,gift,play,loved,year,wonderful,favorite,enjoy,fun,great,daughter,thank,book,playing,awesome,game,love,loves,grandson,enjoyed,best,christmas
birthday,family,kids,friends,gift,play,loved,year,wonderful,favorite,enjoy,fun,great,daughter,thank,book,playing,awesome,game,love,loves,grandson,enjoyed,best,christmas
birthday,family,kids,friends,gift,play,loved,year,wonderful,favorite,enjoy,fun,great,daughter,thank,book,playing,awesome,game,love,loves,grandson,enjoyed,best,christmas
birthday,family,kids,friends,gift,play,loved,year,wonderful,favorite,enjoy,fun,great,daughter,thank,book,playing,awesome,game,love,loves,grandson,enjoyed,best,christmas
birthday,family,kids,friends,gift,play,loved,year,wonderful,favorite,enjoy,fun,great,daughter,thank,book,playing,awesome,game,love,loves,grandson,enjoyed,best,christmas
birthday,family,kids,friends,gift,play,loved,year,wonderful,favorite,enjoy,fun,great,daughter,thank,book,playing,awesome,game,love,loves,grandson,enjoyed,best,christmas
birthday,family,kids,friends,gift,play,loved,year,wonderful,favorite,enjoy,fun,great,daughter,thank,book,playing,awesome,game,love,loves,grandson,enjoyed,best,christmas
birthday,family,kids,friends,gift,play,loved,year,wonderful,favorite,enjoy,fun,great,daughter,thank,book,playing,awesome,game,love,loves,grandson,enjoyed,best,christmas
birthday,family,kids,friends,gift,play,loved,year,wonderful,favorite,enjoy,fun,great,daughter,thank,book,playing,awesome,game,love,loves,grandson,enjoyed,best,christmas
birthday,family,kids,friends,gift,play,loved,year,wonderful,favorite,enjoy,fun,great,daughter,thank,book,playing,awesome,game,love,loves,grandson,enjoyed,best,christmas
birthday,family,kids,friends,gift,play,loved,year,wonderful,favorite,enjoy,fun,great,daughter,thank,book,playing,awesome,game,love,loves,grandson,enjoyed,best,christmas
birthday,family,kids,friends,gift,play,loved,year,wonderful,favorite,enjoy,fun,great,daughter,thank,book,playing,awesome,game,love,loves,grandson,enjoyed,best,christmas
birthday,family,kids,friends,gift,play,loved,year,wonderful,favorite,enjoy,fun,great,daughter,thank,book,playing,awesome,game,love,loves,grandson,enjoyed,best,christmas
birthday,family,kids,friends,gift,play,loved,year,wonderful,favorite,enjoy,fun,great,daughter,thank,book,playing,awesome,game,love,loves,grandson,enjoyed,best,christmas
birthday,family,kids,friends,gift,play,loved,year,wonderful,favorite,enjoy,fun,great,daughter,thank,book,playing,awesome,game,love,loves,grandson,enjoyed,best,christmas
birthday,family,kids,friends,gift,play,loved,year,wonderful,favorite,enjoy,fun,great,daughter,thank,book,playing,awesome,game,love,loves,grandson,enjoyed,best,christmas
birthday,family,kids,friends,gift,play,loved,year,wonderful,favorite,enjoy,fun,great,daughter,thank,book,playing,awesome,game,love,loves,grandson,enjoyed,best,christmas
birthday,family,kids,friends,gift,play,loved,year,wonderful,favorite,enjoy,fun,great,daughter,thank,book,playing,awesome,game,love,loves,grandson,enjoyed,best,christmas
birthday,family,kids,friends,gift,play,loved,year,wonderful,favorite,enjoy,fun,great,daughter,thank,book,playing,awesome,game,love,loves,grandson,enjoyed,best,christmas
birthday,family,kids,friends,gift,play,loved,year,wonderful,favorite,enjoy,fun,great,daughter,thank,book,playing,awesome,game,love,loves,grandson,enjoyed,best,christmas
birthday,family,kids,friends,gift,play,loved,year,wonderful,favorite,enjoy,fun,great,daughter,thank,book,playing,awesome,game,love,loves,grandson,enjoyed,best,christmas
birthday,family,kids,friends,gift,play,loved,year,wonderful,favorite,enjoy,fun,great,daughter,thank,book,playing,awesome,game,love,loves,grandson,enjoyed,best,christmas
birthday,family,kids,friends,gift,play,loved,year,wonderful,favorite,enjoy,fun,great,daughter,thank,book,playing,awesome,game,love,loves,grandson,enjoyed,best,christmas
birthday,family,kids,friends,gift,play,loved,year,wonderful,favorite,enjoy,fun,great,daughter,thank,book,playing,awesome,game,love,loves,grandson,enjoyed,best,christmas
birthday,family,kids,friends,gift,play,loved,year,wonderful,favorite,enjoy,fun,great,daughter,thank,book,playing,awesome,game,love,loves,grandson,enjoyed,best,christmas
birthday,family,kids,friends,gift,play,loved,year,wonderful,favorite,enjoy,fun,great,daughter,thank,book,playing,awesome,game,love,loves,grandson,enjoyed,best,christmas
birthday,family,kids,friends,gift,play,loved,year,wonderful,favorite,enjoy,fun,great,daughter,thank,book,playing,awesome,game,love,loves,grandson,enjoyed,best,christmas
birthday,family,kids,friends,gift,play,loved,year,wonderful,favorite,enjoy,fun,great,daughter,thank,book,playing,awesome,game,love,loves,grandson,enjoyed,best,christmas
birthday,family,kids,friends,gift,play,loved,year,wonderful,favorite,enjoy,fun,great,daughter,thank,book,playing,awesome,game,love,loves,grandson,enjoyed,best,christmas
birthday,family,kids,friends,gift,play,loved,year,wonderful,favorite,enjoy,fun,great,daughter,thank,book,playing,awesome,game,love,loves,grandson,enjoyed,best,christmas
birthday,family,kids,friends,gift,play,loved,year,wonderful,favorite,enjoy,fun,great,daughter,thank,book,playing,awesome,game,love,loves,grandson,enjoyed,best,christmas
birthday,family,kids,friends,gift,play,loved,year,wonderful,favorite,enjoy,fun,great,daughter,thank,book,playing,awesome,game,love,loves,grandson,enjoyed,best,christmas
birthday,family,kids,friends,gift,play,loved,year,wonderful,favorite,enjoy,fun,great,daughter,thank,book,playing,awesome,game,love,loves,grandson,enjoyed,best,christmas
birthday,family,kids,friends,gift,play,loved,year,wonderful,favorite,enjoy,fun,great,daughter,thank,book,playing,awesome,game,love,loves,grandson,enjoyed,best,christmas
birthday,family,kids,friends,gift,play,loved,year,wonderful,favorite,enjoy,fun,great,daughter,thank,book,playing,awesome,game,love,loves,grandson,enjoyed,best,christmas
birthday,family,kids,friends,gift,play,loved,year,wonderful,favorite,enjoy,fun,great,daughter,thank,book,playing,awesome,game,love,loves,grandson,enjoyed,best,christmas
birthday,family,kids,friends,gift,play,loved,year,wonderful,favorite,enjoy,fun,great,daughter,thank,book,playing,awesome,game,love,loves,grandson,enjoyed,best,christmas
birthday,family,kids,friends,gift,play,loved,year,wonderful,favorite,enjoy,fun,great,daughter,thank,book,playing,awesome,game,love,loves,grandson,enjoyed,best,christmas
birthday,family,kids,friends,gift,play,loved,year,wonderful,favorite,enjoy,fun,great,daughter,thank,book,playing,awesome,game,love,loves,grandson,enjoyed,best,christmas
birthday,family,kids,friends,gift,play,loved,year,wonderful,favorite,enjoy,fun,great,daughter,thank,book,playing,awesome,game,love,loves,grandson,enjoyed,best,christmas
birthday,family,kids,friends,gift,play,loved,year,wonderful,favorite,enjoy,fun,great,daughter,thank,book,playing,awesome,game,love,loves,grandson,enjoyed,best,christmas
birthday,family,kids,friends,gift,play,loved,year,wonderful,favorite,enjoy,fun,great,daughter,thank,book,playing,awesome,game,love,loves,grandson,enjoyed,best,christmas
birthday,family,kids,friends,gift,play,loved,year,wonderful,favorite,enjoy,fun,great,daughter,thank,book,playing,awesome,game,love,loves,grandson,enjoyed,best,christmas
birthday,family,kids,friends,gift,play,loved,year,wonderful,favorite,enjoy,fun,great,daughter,thank,book,playing,awesome,game,love,loves,grandson,enjoyed,best,christmas
birthday,family,kids,friends,gift,play,loved,year,wonderful,favorite,enjoy,fun,great,daughter,thank,book,playing,awesome,game,love,loves,grandson,enjoyed,best,christmas
birthday,family,kids,friends,gift,play,loved,year,wonderful,favorite,enjoy,fun,great,daughter,thank,book,playing,awesome,game,love,loves,grandson,enjoyed,best,christmas
birthday,family,kids,friends,gift,play,loved,year,wonderful,favorite,enjoy,fun,great,daughter,thank,book,playing,awesome,game,love,loves,grandson,enjoyed,best,christmas
birthday,family,kids,friends,gift,play,loved,year,wonderful,favorite,enjoy,fun,great,daughter,thank,book,playing,awesome,game,love,loves,grandson,enjoyed,best,christmas
birthday,family,kids,friends,gift,play,loved,year,wonderful,favorite,enjoy,fun,great,daughter,thank,book,playing,awesome,game,love,loves,grandson,enjoyed,best,christmas
birthday,family,kids,friends,gift,play,loved,year,wonderful,favorite,enjoy,fun,great,daughter,thank,book,playing,awesome,game,love,loves,grandson,enjoyed,best,christmas
birthday,family,kids,friends,gift,play,loved,year,wonderful,favorite,enjoy,fun,great,daughter,thank,book,playing,awesome,game,love,loves,grandson,enjoyed,best,christmas
birthday,family,kids,friends,gift,play,loved,year,wonderful,favorite,enjoy,fun,great,daughter,thank,book,playing,awesome,game,love,loves,grandson,enjoyed,best,christmas
birthday,family,kids,friends,gift,play,loved,year,wonderful,favorite,enjoy,fun,great,daughter,thank,book,playing,awesome,game,love,loves,grandson,enjoyed,best,christmas
birthday,family,kids,friends,gift,play,loved,year,wonderful,favorite,enjoy,fun,great,daughter,thank,book,playing,awesome,game,love,loves,grandson,enjoyed,best,christmas
birthday,family,kids,friends,gift,play,loved,year,wonderful,favorite,enjoy,fun,great,daughter,thank,book,playing,awesome,game,love,loves,grandson,enjoyed,best,christmas
birthday,family,kids,friends,gift,play,loved,year,wonderful,favorite,enjoy,fun,great,daughter,thank,book,playing,awesome,game,love,loves,grandson,enjoyed,best,christmas
birthday,family,kids,friends,gift,play,loved,year,wonderful,favorite,enjoy,fun,great,daughter,thank,book,playing,awesome,game,love,loves,grandson,enjoyed,best,christmas
birthday,family,kids,friends,gift,play,loved,year,wonderful,favorite,enjoy,fun,great,daughter,thank,book,playing,awesome,game,love,loves,grandson,enjoyed,best,christmas
birthday,family,kids,friends,gift,play,loved,year,wonderful,favorite,enjoy,fun,great,daughter,thank,book,playing,awesome,game,love,loves,grandson,enjoyed,best,christmas
birthday,family,kids,friends,gift,play,loved,year,wonderful,favorite,enjoy,fun,great,daughter,thank,book,playing,awesome,game,love,loves,grandson,enjoyed,best,christmas
birthday,family,kids,friends,gift,play,loved,year,wonderful,favorite,enjoy,fun,great,daughter,thank,book,playing,awesome,game,love,loves,grandson,enjoyed,best,christmas
birthday,family,kids,friends,gift,play,loved,year,wonderful,favorite,enjoy,fun,great,daughter,thank,book,playing,awesome,game,love,loves,grandson,enjoyed,best,christmas
birthday,family,kids,friends,gift,play,loved,year,wonderful,favorite,enjoy,fun,great,daughter,thank,book,playing,awesome,game,love,loves,grandson,enjoyed,best,christmas
birthday,family,kids,friends,gift,play,loved,year,wonderful,favorite,enjoy,fun,great,daughter,thank,book,playing,awesome,game,love,loves,grandson,enjoyed,best,christmas
birthday,family,kids,friends,gift,play,loved,year,wonderful,favorite,enjoy,fun,great,daughter,thank,book,playing,awesome,game,love,loves,grandson,enjoyed,best,christmas
birthday,family,kids,friends,gift,play,loved,year,wonderful,favorite,enjoy,fun,great,daughter,thank,book,playing,awesome,game,love,loves,grandson,enjoyed,best,christmas
birthday,family,kids,friends,gift,play,loved,year,wonderful,favorite,enjoy,fun,great,daughter,thank,book,playing,awesome,game,love,loves,grandson,enjoyed,best,christmas
birthday,family,kids,friends,gift,play,loved,year,wonderful,favorite,enjoy,fun,great,daughter,thank,book,playing,awesome,game,love,loves,grandson,enjoyed,best,christmas
birthday,family,kids,friends,gift,play,loved,year,wonderful,favorite,enjoy,fun,great,daughter,thank,book,playing,awesome,game,love,loves,grandson,enjoyed,best,christmas
birthday,family,kids,friends,gift,play,loved,year,wonderful,favorite,enjoy,fun,great,daughter,thank,book,playing,awesome,game,love,loves,grandson,enjoyed,best,christmas
birthday,family,kids,friends,gift,play,loved,year,wonderful,favorite,enjoy,fun,great,daughter,thank,book,playing,awesome,game,love,loves,grandson,enjoyed,best,christmas
birthday,family,kids,friends,gift,play,loved,year,wonderful,favorite,enjoy,fun,great,daughter,thank,book,playing,awesome,game,love,loves,grandson,enjoyed,best,christmas
birthday,family,kids,friends,gift,play,loved,year,wonderful,favorite,enjoy,fun,great,daughter,thank,book,awesome,game,love,games,loves,grandson,enjoyed,best,christmas
birthday,family,kids,friends,gift,play,loved,year,wonderful,favorite,enjoy,fun,great,daughter,thank,book,awesome,game,love,games,loves,grandson,enjoyed,best,christmas
birthday,family,kids,friends,gift,play,loved,year,wonderful,favorite,enjoy,fun,great,daughter,thank,book,awesome,game,love,games,loves,grandson,enjoyed,best,christmas
birthday,family,kids,friends,gift,play,loved,year,wonderful,favorite,enjoy,fun,great,daughter,thank,book,awesome,game,love,games,loves,grandson,enjoyed,best,christmas
birthday,family,kids,friends,gift,play,loved,year,wonderful,favorite,enjoy,fun,great,daughter,thank,book,awesome,game,love,games,loves,grandson,enjoyed,best,christmas
birthday,family,kids,friends,gift,play,loved,year,wonderful,favorite,enjoy,fun,great,daughter,thank,book,awesome,game,love,games,loves,grandson,enjoyed,best,christmas
birthday,family,kids,friends,gift,play,loved,year,wonderful,favorite,enjoy,fun,great,daughter,thank,book,awesome,game,love,games,loves,grandson,enjoyed,best,christmas
birthday,family,kids,friends,gift,play,loved,year,wonderful,favorite,enjoy,fun,great,daughter,thank,book,awesome,game,love,games,loves,grandson,enjoyed,best,christmas
birthday,family,kids,friends,gift,play,loved,year,wonderful,favorite,enjoy,fun,great,daughter,thank,book,awesome,game,love,games,loves,grandson,enjoyed,best,christmas
birthday,family,kids,friends,gift,play,loved,year,wonderful,favorite,enjoy,fun,great,daughter,thank,book,awesome,game,love,games,loves,grandson,enjoyed,best,christmas
birthday,family,kids,friends,gift,play,loved,year,wonderful,favorite,enjoy,fun,great,daughter,thank,playing,awesome,game,love,games,loves,grandson,enjoyed,best,christmas
birthday,family,kids,friends,gift,play,loved,year,wonderful,favorite,enjoy,fun,great,daughter,thank,playing,awesome,game,love,games,loves,grandson,enjoyed,best,christmas
birthday,family,kids,friends,gift,play,loved,year,wonderful,favorite,enjoy,fun,great,daughter,thank,playing,awesome,game,love,games,loves,grandson,enjoyed,best,christmas
birthday,family,kids,friends,gift,play,loved,year,wonderful,favorite,enjoy,fun,great,daughter,thank,playing,awesome,game,love,games,loves,grandson,enjoyed,best,christmas
birthday,family,kids,friends,gift,play,loved,year,wonderful,favorite,enjoy,fun,great,daughter,thank,playing,awesome,game,love,games,loves,grandson,enjoyed,best,christmas
birthday,family,kids,friends,gift,play,loved,year,wonderful,favorite,enjoy,fun,great,daughter,thank,playing,awesome,game,love,games,loves,grandson,enjoyed,best,christmas
birthday,family,kids,friends,gift,play,loved,year,wonderful,favorite,enjoy,fun,great,daughter,thank,playing,awesome,game,love,games,loves,grandson,enjoyed,best,christmas
birthday,family,kids,friends,gift,play,loved,year,wonderful,favorite,enjoy,fun,great,daughter,thank,playing,awesome,game,love,games,loves,grandson,enjoyed,best,christmas
birthday,family,kids,friends,gift,play,loved,year,wonderful,favorite,enjoy,fun,great,daughter,thank,playing,awesome,game,love,games,loves,grandson,enjoyed,best,christmas
birthday,family,kids,friends,gift,play,loved,year,wonderful,favorite,enjoy,fun,great,daughter,thank,playing,awesome,game,love,games,loves,grandson,enjoyed,best,christmas
birthday,family,kids,friends,gift,play,loved,year,wonderful,favorite,enjoy,fun,great,daughter,thank,playing,awesome,game,love,games,loves,grandson,enjoyed,best,christmas
birthday,family,kids,friends,gift,play,loved,year,wonderful,favorite,enjoy,fun,great,daughter,thank,playing,awesome,game,love,games,loves,grandson,enjoyed,best,christmas
birthday,family,kids,friends,gift,play,loved,year,wonderful,favorite,enjoy,fun,great,daughter,thank,playing,awesome,game,love,games,loves,grandson,enjoyed,best,christmas
birthday,family,kids,friends,gift,play,loved,year,wonderful,favorite,enjoy,fun,great,daughter,thank,playing,awesome,game,love,games,loves,grandson,enjoyed,best,christmas
birthday,family,kids,friends,gift,play,loved,year,wonderful,favorite,enjoy,fun,great,daughter,thank,playing,awesome,game,love,games,loves,grandson,enjoyed,best,christmas
birthday,family,kids,friends,gift,play,loved,year,wonderful,favorite,enjoy,fun,great,daughter,thank,playing,awesome,game,love,games,loves,grandson,enjoyed,best,christmas
birthday,family,kids,friends,gift,play,loved,year,wonderful,favorite,enjoy,fun,great,daughter,thank,playing,awesome,game,love,games,loves,grandson,enjoyed,best,christmas
birthday,family,kids,friends,gift,play,loved,year,wonderful,favorite,enjoy,fun,great,daughter,thank,playing,awesome,game,love,games,loves,grandson,enjoyed,best,christmas
birthday,family,kids,friends,gift,play,loved,year,wonderful,favorite,enjoy,fun,great,daughter,thank,playing,awesome,game,love,games,loves,grandson,enjoyed,best,christmas
birthday,family,kids,friends,gift,play,loved,year,wonderful,favorite,enjoy,fun,great,daughter,thank,playing,awesome,game,love,games,loves,grandson,enjoyed,best,christmas
birthday,family,kids,friends,gift,play,loved,year,wonderful,favorite,enjoy,fun,great,daughter,thank,playing,awesome,game,love,games,loves,grandson,enjoyed,best,christmas
birthday,family,kids,friends,gift,play,loved,year,wonderful,favorite,enjoy,fun,great,daughter,thank,playing,awesome,game,love,games,loves,grandson,enjoyed,best,christmas
birthday,family,kids,friends,gift,play,loved,year,wonderful,favorite,enjoy,fun,great,daughter,thank,playing,awesome,game,love,games,loves,grandson,enjoyed,best,christmas
birthday,family,kids,friends,gift,play,loved,year,wonderful,favorite,enjoy,fun,great,daughter,thank,playing,awesome,game,love,games,loves,grandson,enjoyed,best,christmas
birthday,family,kids,friends,gift,play,loved,year,wonderful,favorite,enjoy,fun,great,daughter,thank,playing,awesome,game,love,games,loves,grandson,enjoyed,best,christmas
birthday,family,kids,friends,gift,play,loved,year,wonderful,favorite,enjoy,fun,great,daughter,thank,playing,awesome,game,love,games,loves,grandson,enjoyed,best,christmas
birthday,family,kids,friends,gift,play,loved,year,wonderful,favorite,enjoy,fun,great,daughter,thank,playing,awesome,game,love,games,loves,grandson,enjoyed,best,christmas
birthday,family,kids,friends,gift,play,loved,year,wonderful,favorite,enjoy,fun,great,daughter,thank,playing,awesome,game,love,games,loves,grandson,enjoyed,best,christmas
birthday,family,kids,friends,gift,play,loved,year,wonderful,favorite,enjoy,fun,great,daughter,thank,playing,awesome,game,love,games,loves,grandson,enjoyed,best,christmas
birthday,family,kids,friends,gift,play,loved,year,wonderful,favorite,enjoy,fun,great,daughter,thank,playing,awesome,game,love,games,loves,grandson,enjoyed,best,christmas
birthday,family,kids,friends,gift,play,loved,year,wonderful,favorite,enjoy,fun,great,daughter,thank,playing,awesome,game,love,games,loves,grandson,enjoyed,best,christmas
birthday,family,kids,friends,gift,play,loved,year,wonderful,favorite,enjoy,fun,great,daughter,thank,playing,awesome,game,love,games,loves,grandson,enjoyed,best,christmas
birthday,family,kids,friends,gift,play,loved,year,wonderful,favorite,enjoy,fun,great,daughter,thank,playing,awesome,game,love,games,loves,grandson,enjoyed,best,christmas
birthday,family,kids,friends,gift,play,loved,year,wonderful,favorite,enjoy,fun,great,daughter,thank,playing,awesome,game,love,games,loves,grandson,enjoyed,best,christmas
birthday,family,kids,friends,gift,play,loved,year,wonderful,favorite,enjoy,fun,great,daughter,thank,playing,awesome,game,love,games,loves,grandson,enjoyed,best,christmas
birthday,family,kids,friends,gift,play,loved,year,wonderful,favorite,enjoy,fun,great,daughter,thank,playing,awesome,game,love,games,loves,grandson,enjoyed,best,christmas
birthday,family,kids,friends,gift,play,loved,year,wonderful,favorite,enjoy,fun,great,daughter,thank,playing,awesome,game,love,games,loves,grandson,enjoyed,best,christmas
birthday,family,kids,friends,gift,play,loved,year,wonderful,favorite,enjoy,fun,great,daughter,thank,playing,awesome,game,love,games,loves,grandson,enjoyed,best,christmas
birthday,family,kids,friends,gift,play,loved,year,wonderful,favorite,enjoy,fun,great,daughter,thank,playing,awesome,game,love,games,loves,grandson,enjoyed,best,christmas
birthday,family,kids,friends,gift,play,loved,year,wonderful,favorite,enjoy,fun,great,daughter,thank,playing,awesome,game,love,games,loves,grandson,enjoyed,best,christmas
birthday,family,kids,friends,gift,play,loved,year,wonderful,favorite,enjoy,fun,great,daughter,thank,playing,awesome,game,love,games,loves,grandson,enjoyed,best,christmas
birthday,family,kids,friends,gift,play,loved,year,wonderful,favorite,enjoy,fun,great,daughter,thank,playing,awesome,game,love,games,loves,grandson,enjoyed,best,christmas
birthday,family,kids,friends,gift,play,loved,year,wonderful,favorite,enjoy,fun,great,daughter,thank,playing,awesome,game,love,games,loves,grandson,enjoyed,best,christmas
birthday,family,kids,friends,gift,play,loved,year,wonderful,favorite,enjoy,fun,great,daughter,thank,playing,awesome,game,love,games,loves,grandson,enjoyed,best,christmas
birthday,family,kids,friends,gift,play,loved,year,wonderful,favorite,enjoy,fun,great,daughter,thank,playing,awesome,game,love,games,loves,grandson,enjoyed,best,christmas
birthday,family,kids,friends,gift,play,loved,year,wonderful,favorite,enjoy,fun,great,daughter,thank,playing,awesome,game,love,games,loves,grandson,enjoyed,best,christmas
birthday,family,kids,friends,gift,play,loved,year,wonderful,favorite,enjoy,fun,great,daughter,thank,playing,awesome,game,love,games,loves,grandson,enjoyed,best,christmas
birthday,family,kids,friends,gift,play,loved,year,wonderful,favorite,enjoy,fun,great,daughter,thank,playing,awesome,game,love,games,loves,grandson,enjoyed,best,christmas
birthday,family,kids,friends,gift,play,loved,year,wonderful,favorite,enjoy,fun,great,daughter,thank,playing,awesome,game,love,games,loves,grandson,enjoyed,best,christmas
birthday,family,kids,friends,gift,play,loved,year,wonderful,favorite,enjoy,fun,great,daughter,thank,playing,awesome,game,love,games,loves,grandson,enjoyed,best,christmas
birthday,family,kids,friends,gift,play,loved,year,wonderful,favorite,enjoy,fun,great,daughter,thank,playing,awesome,game,love,games,loves,grandson,enjoyed,best,christmas
birthday,family,kids,friends,gift,play,loved,year,wonderful,favorite,enjoy,fun,great,daughter,thank,playing,awesome,game,love,games,loves,grandson,enjoyed,best,christmas
birthday,family,kids,friends,gift,play,loved,year,wonderful,favorite,enjoy,fun,great,daughter,thank,playing,awesome,game,love,games,loves,grandson,enjoyed,best,christmas
family,kids,friends,gift,play,loved,year,wonderful,favorite,enjoy,fun,great,daughter,thank,book,playing,awesome,game,love,games,loves,grandson,enjoyed,best,christmas
family,kids,friends,gift,play,loved,year,wonderful,favorite,enjoy,fun,great,daughter,thank,book,playing,awesome,game,love,games,loves,grandson,enjoyed,best,christmas
family,kids,friends,gift,play,loved,year,wonderful,favorite,enjoy,fun,great,daughter,thank,book,playing,awesome,game,love,games,loves,grandson,enjoyed,best,christmas
family,kids,friends,gift,play,loved,year,wonderful,favorite,enjoy,fun,great,daughter,thank,book,playing,awesome,game,love,games,loves,grandson,enjoyed,best,christmas
family,kids,friends,gift,play,loved,year,wonderful,favorite,enjoy,fun,great,daughter,thank,book,playing,awesome,game,love,games,loves,grandson,enjoyed,best,christmas
family,kids,friends,gift,play,loved,year,wonderful,favorite,enjoy,fun,great,daughter,thank,book,playing,awesome,game,love,games,loves,grandson,enjoyed,best,christmas
family,kids,friends,gift,play,loved,year,wonderful,favorite,enjoy,fun,great,daughter,thank,book,playing,awesome,game,love,games,loves,grandson,enjoyed,best,christmas
family,kids,friends,gift,play,loved,year,wonderful,favorite,enjoy,fun,great,daughter,thank,book,playing,awesome,game,love,games,loves,grandson,enjoyed,best,christmas
family,kids,friends,gift,play,loved,year,wonderful,favorite,enjoy,fun,great,daughter,thank,book,playing,awesome,game,love,games,loves,grandson,enjoyed,best,christmas
family,kids,friends,gift,play,loved,year,wonderful,favorite,enjoy,fun,great,daughter,thank,book,playing,awesome,game,love,games,loves,grandson,enjoyed,best,christmas
family,kids,friends,gift,play,loved,year,wonderful,favorite,enjoy,fun,great,daughter,thank,book,playing,awesome,game,love,games,loves,grandson,enjoyed,best,christmas
family,kids,friends,gift,play,loved,year,wonderful,favorite,enjoy,fun,great,daughter,thank,book,playing,awesome,game,love,games,loves,grandson,enjoyed,best,christmas
family,kids,friends,gift,play,loved,year,wonderful,favorite,enjoy,fun,great,daughter,thank,book,playing,awesome,game,love,games,loves,grandson,enjoyed,best,christmas
family,kids,friends,gift,play,loved,year,wonderful,favorite,enjoy,fun,great,daughter,thank,book,playing,awesome,game,love,games,loves,grandson,enjoyed,best,christmas
family,kids,friends,gift,play,loved,year,wonderful,favorite,enjoy,fun,great,daughter,thank,book,playing,awesome,game,love,games,loves,grandson,enjoyed,best,christmas
family,kids,friends,gift,play,loved,year,wonderful,favorite,enjoy,fun,great,daughter,thank,book,playing,awesome,game,love,games,loves,grandson,enjoyed,best,christmas
family,kids,friends,gift,play,loved,year,wonderful,favorite,enjoy,fun,great,daughter,thank,book,playing,awesome,game,love,games,loves,grandson,enjoyed,best,christmas
family,kids,friends,gift,play,loved,year,wonderful,favorite,enjoy,fun,great,daughter,thank,book,playing,awesome,game,love,games,loves,grandson,enjoyed,best,christmas
family,kids,friends,gift,play,loved,year,wonderful,favorite,enjoy,fun,great,daughter,thank,book,playing,awesome,game,love,games,loves,grandson,enjoyed,best,christmas
family,kids,friends,gift,play,loved,year,wonderful,favorite,enjoy,fun,great,daughter,thank,book,playing,awesome,game,love,games,loves,grandson,enjoyed,best,christmas
family,kids,friends,gift,play,loved,year,wonderful,favorite,enjoy,fun,great,daughter,thank,book,playing,awesome,game,love,games,loves,grandson,enjoyed,best,christmas
family,kids,friends,gift,play,loved,year,wonderful,favorite,enjoy,fun,great,daughter,thank,book,playing,awesome,game,love,games,loves,grandson,enjoyed,best,christmas
family,kids,friends,gift,play,loved,year,wonderful,favorite,enjoy,fun,great,daughter,thank,book,playing,awesome,game,love,games,loves,grandson,enjoyed,best,christmas
family,kids,friends,gift,play,loved,year,wonderful,favorite,enjoy,fun,great,daughter,thank,book,playing,awesome,game,love,games,loves,grandson,enjoyed,best,christmas
family,kids,friends,gift,play,loved,year,wonderful,favorite,enjoy,fun,great,daughter,thank,book,playing,awesome,game,love,games,loves,grandson,enjoyed,best,christmas
family,kids,friends,gift,play,loved,year,wonderful,favorite,enjoy,fun,great,daughter,thank,book,playing,awesome,game,love,games,loves,grandson,enjoyed,best,christmas
family,kids,friends,gift,play,loved,year,wonderful,favorite,enjoy,fun,great,daughter,thank,book,playing,awesome,game,love,games,loves,grandson,enjoyed,best,christmas
family,kids,friends,gift,play,loved,year,wonderful,favorite,enjoy,fun,great,daughter,thank,book,playing,awesome,game,love,games,loves,grandson,enjoyed,best,christmas
family,kids,friends,gift,play,loved,year,wonderful,favorite,enjoy,fun,great,daughter,thank,book,playing,awesome,game,love,games,loves,grandson,enjoyed,best,christmas
family,kids,friends,gift,play,loved,year,wonderful,favorite,enjoy,fun,great,daughter,thank,book,playing,awesome,game,love,games,loves,grandson,enjoyed,best,christmas
family,kids,friends,gift,play,loved,year,wonderful,favorite,enjoy,fun,great,daughter,thank,book,playing,awesome,game,love,games,loves,grandson,enjoyed,best,christmas
family,kids,friends,gift,play,loved,year,wonderful,favorite,enjoy,fun,great,daughter,thank,book,playing,awesome,game,love,games,loves,grandson,enjoyed,best,christmas
family,kids,friends,gift,play,loved,year,wonderful,favorite,enjoy,fun,great,daughter,thank,book,playing,awesome,game,love,games,loves,grandson,enjoyed,best,christmas
family,kids,friends,gift,play,loved,year,wonderful,favorite,enjoy,fun,great,daughter,thank,book,playing,awesome,game,love,games,loves,grandson,enjoyed,best,christmas
family,kids,friends,gift,play,loved,year,wonderful,favorite,enjoy,fun,great,daughter,thank,book,playing,awesome,game,love,games,loves,grandson,enjoyed,best,christmas
family,kids,friends,gift,play,loved,year,wonderful,favorite,enjoy,fun,great,daughter,thank,book,playing,awesome,game,love,games,loves,grandson,enjoyed,best,christmas
family,kids,friends,gift,play,loved,year,wonderful,favorite,enjoy,fun,great,daughter,thank,book,playing,awesome,game,love,games,loves,grandson,enjoyed,best,christmas
family,kids,friends,gift,play,loved,year,wonderful,favorite,enjoy,fun,great,daughter,thank,book,playing,awesome,game,love,games,loves,grandson,enjoyed,best,christmas
family,kids,friends,gift,play,loved,year,wonderful,favorite,enjoy,fun,great,daughter,thank,book,playing,awesome,game,love,games,loves,grandson,enjoyed,best,christmas
family,kids,friends,gift,play,loved,year,wonderful,favorite,enjoy,fun,great,daughter,thank,book,playing,awesome,game,love,games,loves,grandson,enjoyed,best,christmas
family,kids,friends,gift,play,loved,year,wonderful,favorite,enjoy,fun,great,daughter,thank,book,playing,awesome,game,love,games,loves,grandson,enjoyed,best,christmas
family,kids,friends,gift,play,loved,year,wonderful,favorite,enjoy,fun,great,daughter,thank,book,playing,awesome,game,love,games,loves,grandson,enjoyed,best,christmas
family,kids,friends,gift,play,loved,year,wonderful,favorite,enjoy,fun,great,daughter,thank,book,playing,awesome,game,love,games,loves,grandson,enjoyed,best,christmas
family,kids,friends,gift,play,loved,year,wonderful,favorite,enjoy,fun,great,daughter,thank,book,playing,awesome,game,love,games,loves,grandson,enjoyed,best,christmas
family,kids,friends,gift,play,loved,year,wonderful,favorite,enjoy,fun,great,daughter,thank,book,playing,awesome,game,love,games,loves,grandson,enjoyed,best,christmas
family,kids,friends,gift,play,loved,year,wonderful,favorite,enjoy,fun,great,daughter,thank,book,playing,awesome,game,love,games,loves,grandson,enjoyed,best,christmas
family,kids,friends,gift,play,loved,year,wonderful,favorite,enjoy,fun,great,daughter,thank,book,playing,awesome,game,love,games,loves,grandson,enjoyed,best,christmas
family,kids,friends,gift,play,loved,year,wonderful,favorite,enjoy,fun,great,daughter,thank,book,playing,awesome,game,love,games,loves,grandson,enjoyed,best,christmas
family,kids,friends,gift,play,loved,year,wonderful,favorite,enjoy,fun,great,daughter,thank,book,playing,awesome,game,love,games,loves,grandson,enjoyed,best,christmas
family,kids,friends,gift,play,loved,year,wonderful,favorite,enjoy,fun,great,daughter,thank,book,playing,awesome,game,love,games,loves,grandson,enjoyed,best,christmas
family,kids,friends,gift,play,loved,year,wonderful,favorite,enjoy,fun,great,daughter,thank,book,playing,awesome,game,love,games,loves,grandson,enjoyed,best,christmas
family,kids,friends,gift,play,loved,year,wonderful,favorite,enjoy,fun,great,daughter,thank,book,playing,awesome,game,love,games,loves,grandson,enjoyed,best,christmas
family,kids,friends,gift,play,loved,year,wonderful,favorite,enjoy,fun,great,daughter,thank,book,playing,awesome,game,love,games,loves,grandson,enjoyed,best,christmas
family,kids,friends,gift,play,loved,year,wonderful,favorite,enjoy,fun,great,daughter,thank,book,playing,awesome,game,love,games,loves,grandson,enjoyed,best,christmas
family,kids,friends,gift,play,loved,year,wonderful,favorite,enjoy,fun,great,daughter,thank,book,playing,awesome,game,love,games,loves,grandson,enjoyed,best,christmas
family,kids,friends,gift,play,loved,year,wonderful,favorite,enjoy,fun,great,daughter,thank,book,playing,awesome,game,love,games,loves,grandson,enjoyed,best,christmas
family,kids,friends,gift,play,loved,year,wonderful,favorite,enjoy,fun,great,daughter,thank,book,playing,awesome,game,love,games,loves,grandson,enjoyed,best,christmas
family,kids,friends,gift,play,loved,year,wonderful,favorite,enjoy,fun,great,daughter,thank,book,playing,awesome,game,love,games,loves,grandson,enjoyed,best,christmas
family,kids,friends,gift,play,loved,year,wonderful,favorite,enjoy,fun,great,daughter,thank,book,playing,awesome,game,love,games,loves,grandson,enjoyed,best,christmas
family,kids,friends,gift,play,loved,year,wonderful,favorite,enjoy,fun,great,daughter,thank,book,playing,awesome,game,love,games,loves,grandson,enjoyed,best,christmas
family,kids,friends,gift,play,loved,year,wonderful,favorite,enjoy,fun,great,daughter,thank,book,playing,awesome,game,love,games,loves,grandson,enjoyed,best,christmas
family,kids,friends,gift,play,loved,year,wonderful,favorite,enjoy,fun,great,daughter,thank,book,playing,awesome,game,love,games,loves,grandson,enjoyed,best,christmas
family,kids,friends,gift,play,loved,year,wonderful,favorite,enjoy,fun,great,daughter,thank,book,playing,awesome,game,love,games,loves,grandson,enjoyed,best,christmas
family,kids,friends,gift,play,loved,year,wonderful,favorite,enjoy,fun,great,daughter,thank,book,playing,awesome,game,love,games,loves,grandson,enjoyed,best,christmas
family,kids,friends,gift,play,loved,year,wonderful,favorite,enjoy,fun,great,daughter,thank,book,playing,awesome,game,love,games,loves,grandson,enjoyed,best,christmas
family,kids,friends,gift,play,loved,year,wonderful,favorite,enjoy,fun,great,daughter,thank,book,playing,awesome,game,love,games,loves,grandson,enjoyed,best,christmas
family,kids,friends,gift,play,loved,year,wonderful,favorite,enjoy,fun,great,daughter,thank,book,playing,awesome,game,love,games,loves,grandson,enjoyed,best,christmas
family,kids,friends,gift,play,loved,year,wonderful,favorite,enjoy,fun,great,daughter,thank,book,playing,awesome,game,love,games,loves,grandson,enjoyed,best,christmas
family,kids,friends,gift,play,loved,year,wonderful,favorite,enjoy,fun,great,daughter,thank,book,playing,awesome,game,love,games,loves,grandson,enjoyed,best,christmas
family,kids,friends,gift,play,loved,year,wonderful,favorite,enjoy,fun,great,daughter,thank,book,playing,awesome,game,love,games,loves,grandson,enjoyed,best,christmas
family,kids,friends,gift,play,loved,year,wonderful,favorite,enjoy,fun,great,daughter,thank,book,playing,awesome,game,love,games,loves,grandson,enjoyed,best,christmas
family,kids,friends,gift,play,loved,year,wonderful,favorite,enjoy,fun,great,daughter,thank,book,playing,awesome,game,love,games,loves,grandson,enjoyed,best,christmas
family,kids,friends,gift,play,loved,year,wonderful,favorite,enjoy,fun,great,daughter,thank,book,playing,awesome,game,love,games,loves,grandson,enjoyed,best,christmas
family,kids,friends,gift,play,loved,year,wonderful,favorite,enjoy,fun,great,daughter,thank,book,playing,awesome,game,love,games,loves,grandson,enjoyed,best,christmas
family,kids,friends,gift,play,loved,year,wonderful,favorite,enjoy,fun,great,daughter,thank,book,playing,awesome,game,love,games,loves,grandson,enjoyed,best,christmas
family,kids,friends,gift,play,loved,year,wonderful,favorite,enjoy,fun,great,daughter,thank,book,playing,awesome,game,love,games,loves,grandson,enjoyed,best,christmas
family,kids,friends,gift,play,loved,year,wonderful,favorite,enjoy,fun,great,daughter,thank,book,playing,awesome,game,love,games,loves,grandson,enjoyed,best,christmas
family,kids,friends,gift,play,loved,year,wonderful,favorite,enjoy,fun,great,daughter,thank,book,playing,awesome,game,love,games,loves,grandson,enjoyed,best,christmas
family,kids,friends,gift,play,loved,year,wonderful,favorite,enjoy,fun,great,daughter,thank,book,playing,awesome,game,love,games,loves,grandson,enjoyed,best,christmas
family,kids,friends,gift,play,loved,year,wonderful,favorite,enjoy,fun,great,daughter,thank,book,playing,awesome,game,love,games,loves,grandson,enjoyed,best,christmas
family,kids,friends,gift,play,loved,year,wonderful,favorite,enjoy,fun,great,daughter,thank,book,playing,awesome,game,love,games,loves,grandson,enjoyed,best,christmas
family,kids,friends,gift,play,loved,year,wonderful,favorite,enjoy,fun,great,daughter,thank,book,playing,awesome,game,love,games,loves,grandson,enjoyed,best,christmas
family,kids,friends,gift,play,loved,year,wonderful,favorite,enjoy,fun,great,daughter,thank,book,playing,awesome,game,love,games,loves,grandson,enjoyed,best,christmas
family,kids,friends,gift,play,loved,year,wonderful,favorite,enjoy,fun,great,daughter,thank,book,played,awesome,game,love,games,loves,grandson,enjoyed,best,christmas
family,kids,friends,gift,play,loved,year,wonderful,favorite,enjoy,fun,great,daughter,thank,book,played,awesome,game,love,games,loves,grandson,enjoyed,best,christmas
family,kids,friends,gift,play,loved,year,wonderful,favorite,enjoy,fun,great,daughter,thank,book,played,awesome,game,love,games,loves,grandson,enjoyed,best,christmas
family,kids,friends,gift,play,loved,year,wonderful,favorite,enjoy,fun,great,daughter,thank,book,played,awesome,game,love,games,loves,grandson,enjoyed,best,christmas
family,kids,friends,gift,play,loved,year,wonderful,favorite,enjoy,fun,great,daughter,thank,book,played,awesome,game,love,games,loves,grandson,enjoyed,best,christmas
family,kids,friends,gift,play,loved,year,wonderful,favorite,enjoy,fun,great,daughter,thank,book,played,awesome,game,love,games,loves,grandson,enjoyed,best,christmas
family,kids,friends,gift,play,loved,year,wonderful,favorite,enjoy,fun,great,daughter,thank,book,played,awesome,game,love,games,loves,grandson,enjoyed,best,christmas
family,kids,friends,gift,play,loved,year,wonderful,favorite,enjoy,fun,great,daughter,thank,book,played,awesome,game,love,games,loves,grandson,enjoyed,best,christmas
family,kids,friends,gift,play,loved,year,wonderful,favorite,enjoy,fun,great,daughter,thank,book,played,awesome,game,love,games,loves,grandson,enjoyed,best,christmas
family,kids,friends,gift,play,loved,year,wonderful,favorite,enjoy,fun,great,daughter,thank,book,played,awesome,game,love,games,loves,grandson,enjoyed,best,christmas
family,kids,friends,gift,play,loved,year,wonderful,favorite,enjoy,fun,great,daughter,thank,book,played,awesome,game,love,games,loves,grandson,enjoyed,best,christmas
family,kids,friends,gift,play,loved,year,wonderful,favorite,enjoy,fun,great,daughter,thank,book,played,awesome,game,love,games,loves,grandson,enjoyed,best,christmas
family,kids,friends,gift,play,loved,year,wonderful,favorite,enjoy,fun,great,daughter,thank,book,played,awesome,game,love,games,loves,grandson,enjoyed,best,christmas
family,kids,friends,gift,play,loved,year,wonderful,favorite,enjoy,fun,great,daughter,thank,book,played,awesome,game,love,games,loves,grandson,enjoyed,best,christmas
family,kids,friends,gift,play,loved,year,wonderful,favorite,enjoy,fun,great,daughter,thank,book,played,awesome,game,love,games,loves,grandson,enjoyed,best,christmas
family,kids,friends,gift,play,loved,year,wonderful,favorite,enjoy,fun,great,daughter,thank,book,played,awesome,game,love,games,loves,grandson,enjoyed,best,christmas
family,kids,friends,gift,play,loved,year,wonderful,favorite,enjoy,fun,great,daughter,thank,book,played,awesome,game,love,games,loves,grandson,enjoyed,best,christmas
family,kids,friends,gift,play,loved,year,wonderful,favorite,enjoy,fun,great,daughter,thank,book,played,awesome,game,love,games,loves,grandson,enjoyed,best,christmas
family,kids,friends,gift,play,loved,year,wonderful,favorite,enjoy,fun,great,daughter,thank,book,played,awesome,game,love,games,loves,grandson,enjoyed,best,christmas
family,kids,friends,gift,play,loved,year,wonderful,favorite,enjoy,fun,great,daughter,thank,book,played,awesome,game,love,games,loves,grandson,enjoyed,best,christmas
family,kids,friends,gift,play,loved,year,wonderful,favorite,enjoy,fun,great,daughter,thank,book,played,awesome,game,love,games,loves,grandson,enjoyed,best,christmas
family,kids,friends,gift,play,loved,year,wonderful,favorite,enjoy,fun,great,daughter,thank,book,played,awesome,game,love,games,loves,grandson,enjoyed,best,christmas
family,kids,friends,gift,play,loved,year,wonderful,favorite,enjoy,fun,great,daughter,thank,book,played,awesome,game,love,games,loves,grandson,enjoyed,best,christmas
family,kids,friends,gift,play,loved,year,wonderful,favorite,enjoy,fun,great,daughter,thank,book,played,awesome,game,love,games,loves,grandson,enjoyed,best,christmas
family,kids,friends,gift,play,loved,year,wonderful,favorite,enjoy,fun,great,daughter,thank,book,played,awesome,game,love,games,loves,grandson,enjoyed,best,christmas
family,kids,friends,gift,play,loved,year,wonderful,favorite,enjoy,fun,great,daughter,thank,book,played,awesome,game,love,games,loves,grandson,enjoyed,best,christmas
family,kids,friends,gift,play,loved,year,wonderful,favorite,enjoy,fun,great,daughter,thank,book,played,awesome,game,love,games,loves,grandson,enjoyed,best,christmas
family,kids,friends,gift,play,loved,year,wonderful,favorite,enjoy,fun,great,daughter,thank,book,played,awesome,game,love,games,loves,grandson,enjoyed,best,christmas
family,kids,friends,gift,play,loved,year,wonderful,favorite,enjoy,fun,great,daughter,thank,book,played,awesome,game,love,games,loves,grandson,enjoyed,best,christmas
family,kids,friends,gift,play,loved,year,wonderful,favorite,enjoy,fun,great,daughter,thank,book,played,awesome,game,love,games,loves,grandson,enjoyed,best,christmas
family,kids,friends,gift,play,loved,year,wonderful,favorite,enjoy,fun,great,daughter,thank,book,played,awesome,game,love,games,loves,grandson,enjoyed,best,christmas
family,kids,friends,gift,play,loved,year,wonderful,favorite,enjoy,fun,great,daughter,thank,book,played,awesome,game,love,games,loves,grandson,enjoyed,best,christmas
family,kids,friends,gift,play,loved,year,wonderful,favorite,enjoy,fun,great,daughter,thank,book,played,awesome,game,love,games,loves,grandson,enjoyed,best,christmas
family,kids,friends,gift,play,loved,year,wonderful,favorite,enjoy,fun,great,daughter,thank,book,played,awesome,game,love,games,loves,grandson,enjoyed,best,christmas
family,kids,friends,gift,play,loved,year,wonderful,favorite,enjoy,fun,great,daughter,thank,book,played,awesome,game,love,games,loves,grandson,enjoyed,best,christmas
family,kids,friends,gift,play,loved,year,wonderful,favorite,enjoy,fun,great,daughter,thank,book,played,awesome,game,love,games,loves,grandson,enjoyed,best,christmas
family,kids,friends,gift,play,loved,year,wonderful,favorite,enjoy,fun,great,daughter,thank,book,played,awesome,game,love,games,loves,grandson,enjoyed,best,christmas
family,kids,friends,gift,play,loved,year,wonderful,favorite,enjoy,fun,great,daughter,thank,book,played,awesome,game,love,games,loves,grandson,enjoyed,best,christmas
family,kids,friends,gift,play,loved,year,wonderful,favorite,enjoy,fun,great,daughter,thank,book,played,awesome,game,love,games,loves,grandson,enjoyed,best,christmas
family,kids,friends,gift,play,loved,year,wonderful,favorite,enjoy,fun,great,daughter,thank,book,played,awesome,game,love,games,loves,grandson,enjoyed,best,christmas
family,kids,friends,gift,play,loved,year,wonderful,favorite,enjoy,fun,great,daughter,thank,book,played,awesome,game,love,games,loves,grandson,enjoyed,best,christmas
family,kids,friends,gift,play,loved,year,wonderful,favorite,enjoy,fun,great,daughter,thank,book,played,awesome,game,love,games,loves,grandson,enjoyed,best,christmas
family,kids,friends,gift,play,loved,year,wonderful,favorite,enjoy,fun,great,daughter,thank,book,played,awesome,game,love,games,loves,grandson,enjoyed,best,christmas
family,kids,friends,gift,play,loved,year,wonderful,favorite,enjoy,fun,great,daughter,thank,book,played,awesome,game,love,games,loves,grandson,enjoyed,best,christmas
family,kids,friends,gift,play,loved,year,wonderful,favorite,enjoy,fun,great,daughter,thank,book,played,awesome,game,love,games,loves,grandson,enjoyed,best,christmas
family,kids,friends,gift,play,loved,year,wonderful,favorite,enjoy,fun,great,daughter,thank,book,played,awesome,game,love,games,loves,grandson,enjoyed,best,christmas
family,kids,friends,gift,play,loved,year,wonderful,favorite,enjoy,fun,great,daughter,thank,book,played,awesome,game,love,games,loves,grandson,enjoyed,best,christmas
family,kids,friends,gift,play,loved,year,wonderful,favorite,enjoy,fun,great,daughter,thank,book,played,awesome,game,love,games,loves,grandson,enjoyed,best,christmas
family,kids,friends,gift,play,loved,year,wonderful,favorite,enjoy,fun,great,daughter,thank,book,played,awesome,game,love,games,loves,grandson,enjoyed,best,christmas
family,kids,friends,gift,play,loved,year,wonderful,favorite,enjoy,fun,great,daughter,thank,book,played,awesome,game,love,games,loves,grandson,enjoyed,best,christmas
family,kids,friends,gift,play,loved,year,wonderful,favorite,enjoy,fun,great,daughter,thank,book,played,awesome,game,love,games,loves,grandson,enjoyed,best,christmas
family,kids,friends,gift,play,loved,year,wonderful,favorite,enjoy,fun,great,daughter,thank,book,played,awesome,game,love,games,loves,grandson,enjoyed,best,christmas
family,kids,friends,gift,play,loved,year,wonderful,favorite,enjoy,fun,great,daughter,thank,book,played,awesome,game,love,games,loves,grandson,enjoyed,best,christmas
family,kids,friends,gift,play,loved,year,wonderful,favorite,enjoy,fun,great,daughter,thank,book,played,awesome,game,love,games,loves,grandson,enjoyed,best,christmas
family,kids,friends,gift,play,loved,year,wonderful,favorite,enjoy,fun,great,daughter,thank,book,played,awesome,game,love,games,loves,grandson,enjoyed,best,christmas
family,kids,friends,gift,play,loved,year,wonderful,favorite,enjoy,fun,great,daughter,thank,book,played,awesome,game,love,games,loves,grandson,enjoyed,best,christmas
family,kids,friends,gift,play,loved,year,wonderful,favorite,enjoy,fun,great,daughter,thank,book,played,awesome,game,love,games,loves,grandson,enjoyed,best,christmas
family,kids,friends,gift,play,loved,year,wonderful,favorite,enjoy,fun,great,daughter,thank,book,played,awesome,game,love,games,loves,grandson,enjoyed,best,christmas
family,kids,friends,gift,play,loved,year,wonderful,favorite,enjoy,fun,great,daughter,thank,book,played,awesome,game,love,games,loves,grandson,enjoyed,best,christmas
family,kids,friends,gift,play,loved,year,wonderful,favorite,enjoy,fun,great,daughter,thank,book,played,awesome,game,love,games,loves,grandson,enjoyed,best,christmas
family,kids,friends,gift,play,loved,year,wonderful,favorite,enjoy,fun,great,daughter,thank,book,played,awesome,game,love,games,loves,grandson,enjoyed,best,christmas
family,kids,friends,gift,play,loved,year,wonderful,favorite,enjoy,fun,great,daughter,thank,book,played,awesome,game,love,games,loves,grandson,enjoyed,best,christmas
family,kids,friends,gift,play,loved,year,wonderful,favorite,enjoy,fun,great,daughter,thank,book,played,awesome,game,love,games,loves,grandson,enjoyed,best,christmas
family,kids,friends,gift,play,loved,year,wonderful,favorite,enjoy,fun,great,daughter,thank,book,played,awesome,game,love,games,loves,grandson,enjoyed,best,christmas
family,kids,friends,gift,play,loved,year,wonderful,favorite,enjoy,fun,great,daughter,thank,book,played,awesome,game,love,games,loves,grandson,enjoyed,best,christmas
family,kids,friends,gift,play,loved,year,wonderful,favorite,enjoy,fun,great,daughter,thank,book,played,awesome,game,love,games,loves,grandson,enjoyed,best,christmas
family,kids,friends,gift,play,loved,year,wonderful,favorite,enjoy,fun,great,daughter,thank,book,played,awesome,game,love,games,loves,grandson,enjoyed,best,christmas
family,kids,friends,gift,play,loved,year,wonderful,favorite,enjoy,fun,great,daughter,thank,book,played,awesome,game,love,games,loves,grandson,enjoyed,best,christmas
family,kids,friends,gift,play,loved,year,wonderful,favorite,enjoy,fun,great,daughter,thank,book,played,awesome,game,love,games,loves,grandson,enjoyed,best,christmas
family,kids,friends,gift,play,loved,year,wonderful,favorite,enjoy,fun,great,daughter,thank,book,played,awesome,game,love,games,loves,grandson,enjoyed,best,christmas
family,kids,friends,gift,play,loved,year,wonderful,favorite,enjoy,fun,great,daughter,thank,book,played,awesome,game,love,games,loves,grandson,enjoyed,best,christmas
family,kids,friends,gift,play,loved,year,wonderful,favorite,enjoy,fun,great,daughter,thank,book,played,awesome,game,love,games,loves,grandson,enjoyed,best,christmas
family,kids,friends,gift,play,loved,year,wonderful,favorite,enjoy,fun,great,daughter,thank,book,played,awesome,game,love,games,loves,grandson,enjoyed,best,christmas
family,kids,friends,gift,play,loved,year,wonderful,favorite,enjoy,fun,great,daughter,thank,book,played,awesome,game,love,games,loves,grandson,enjoyed,best,christmas
family,kids,friends,gift,play,loved,year,wonderful,favorite,enjoy,fun,great,daughter,thank,book,played,awesome,game,love,games,loves,grandson,enjoyed,best,christmas
family,kids,friends,gift,play,loved,year,wonderful,favorite,enjoy,fun,great,daughter,thank,book,played,awesome,game,love,games,loves,grandson,enjoyed,best,christmas
family,kids,friends,gift,play,loved,year,wonderful,favorite,enjoy,fun,great,daughter,thank,book,played,awesome,game,love,games,loves,grandson,enjoyed,best,christmas
family,kids,friends,gift,play,loved,year,wonderful,favorite,enjoy,fun,great,daughter,thank,book,played,awesome,game,love,games,loves,grandson,enjoyed,best,christmas
family,kids,friends,gift,play,loved,year,wonderful,favorite,enjoy,fun,great,daughter,thank,book,played,awesome,game,love,games,loves,grandson,enjoyed,best,christmas
family,kids,friends,gift,play,loved,year,wonderful,favorite,enjoy,fun,great,daughter,thank,book,played,awesome,game,love,games,loves,grandson,enjoyed,best,christmas
family,kids,friends,gift,play,loved,year,wonderful,favorite,enjoy,fun,great,daughter,thank,book,played,awesome,game,love,games,loves,grandson,enjoyed,best,christmas
family,kids,friends,gift,play,loved,year,wonderful,favorite,enjoy,fun,great,daughter,thank,book,played,awesome,game,love,games,loves,grandson,enjoyed,best,christmas
family,kids,friends,gift,play,loved,year,wonderful,favorite,enjoy,fun,great,daughter,thank,book,played,awesome,game,love,games,loves,grandson,enjoyed,best,christmas
family,kids,friends,gift,play,loved,year,wonderful,favorite,enjoy,fun,great,daughter,thank,book,played,awesome,game,love,games,loves,grandson,enjoyed,best,christmas
family,kids,friends,gift,play,loved,year,wonderful,favorite,enjoy,fun,great,daughter,thank,book,played,awesome,game,love,games,loves,grandson,enjoyed,best,christmas
family,kids,friends,gift,play,loved,year,wonderful,favorite,enjoy,fun,great,daughter,thank,book,played,awesome,game,love,games,loves,grandson,enjoyed,best,christmas
family,kids,friends,gift,play,loved,year,wonderful,favorite,enjoy,fun,great,daughter,thank,book,played,awesome,game,love,games,loves,grandson,enjoyed,best,christmas
family,kids,friends,gift,play,loved,year,wonderful,favorite,enjoy,fun,great,daughter,thank,book,played,awesome,game,love,games,loves,grandson,enjoyed,best,christmas
family,kids,friends,gift,play,loved,year,wonderful,favorite,enjoy,fun,great,daughter,thank,book,played,awesome,game,love,games,loves,grandson,enjoyed,best,christmas
family,kids,friends,gift,play,loved,year,wonderful,favorite,enjoy,fun,great,daughter,thank,book,played,awesome,game,love,games,loves,grandson,enjoyed,best,christmas
family,kids,friends,gift,play,loved,year,wonderful,favorite,enjoy,fun,great,daughter,thank,book,played,awesome,game,love,games,loves,grandson,enjoyed,best,christmas
family,kids,friends,gift,play,loved,year,wonderful,favorite,enjoy,fun,great,daughter,thank,book,played,awesome,game,love,games,loves,grandson,enjoyed,best,christmas
family,kids,friends,gift,play,loved,year,wonderful,favorite,enjoy,fun,great,daughter,thank,book,played,awesome,game,love,games,loves,grandson,enjoyed,best,christmas
family,kids,friends,gift,play,loved,year,wonderful,favorite,enjoy,fun,great,daughter,thank,book,played,awesome,game,love,games,loves,grandson,enjoyed,best,christmas
family,kids,friends,gift,play,loved,year,wonderful,favorite,enjoy,fun,great,daughter,thank,book,played,awesome,game,love,games,loves,grandson,enjoyed,best,christmas
family,kids,friends,gift,play,loved,year,wonderful,favorite,enjoy,fun,great,daughter,thank,book,played,awesome,game,love,games,loves,grandson,enjoyed,best,christmas
family,kids,friends,gift,play,loved,year,wonderful,favorite,enjoy,fun,great,daughter,thank,book,played,awesome,game,love,games,loves,grandson,enjoyed,best,christmas
family,kids,friends,gift,play,loved,year,wonderful,favorite,enjoy,fun,great,daughter,thank,book,played,awesome,game,love,games,loves,grandson,enjoyed,best,christmas
family,kids,friends,gift,play,loved,year,wonderful,favorite,enjoy,fun,great,daughter,thank,book,played,awesome,game,love,games,loves,grandson,enjoyed,best,christmas
family,kids,friends,gift,play,loved,year,wonderful,favorite,enjoy,fun,great,daughter,thank,book,played,awesome,game,love,games,loves,grandson,enjoyed,best,christmas
family,kids,friends,gift,play,loved,year,wonderful,favorite,enjoy,fun,great,daughter,thank,book,played,awesome,game,love,games,loves,grandson,enjoyed,best,christmas
family,kids,friends,gift,play,loved,year,wonderful,favorite,enjoy,fun,great,daughter,thank,book,played,awesome,game,love,games,loves,grandson,enjoyed,best,christmas
family,kids,friends,gift,play,loved,year,wonderful,favorite,enjoy,fun,great,daughter,thank,book,played,awesome,game,love,games,loves,grandson,enjoyed,best,christmas
family,kids,friends,gift,play,loved,year,wonderful,favorite,enjoy,fun,great,daughter,thank,book,played,awesome,game,love,games,loves,grandson,enjoyed,best,christmas
family,kids,friends,gift,play,loved,year,wonderful,favorite,enjoy,fun,great,daughter,thank,book,played,awesome,game,love,games,loves,grandson,enjoyed,best,christmas
family,kids,friends,gift,play,loved,year,wonderful,favorite,enjoy,fun,great,daughter,thank,book,played,awesome,game,love,games,loves,grandson,enjoyed,best,christmas
family,kids,friends,gift,play,loved,year,wonderful,favorite,enjoy,fun,great,daughter,thank,book,played,awesome,game,love,games,loves,grandson,enjoyed,best,christmas
family,kids,friends,gift,play,loved,year,wonderful,favorite,enjoy,fun,great,daughter,thank,book,played,awesome,game,love,games,loves,grandson,enjoyed,best,christmas
family,kids,friends,gift,play,loved,year,wonderful,favorite,enjoy,fun,great,daughter,thank,book,played,awesome,game,love,games,loves,grandson,enjoyed,best,christmas
family,kids,friends,gift,play,loved,year,wonderful,favorite,enjoy,fun,great,daughter,thank,book,played,awesome,game,love,games,loves,grandson,enjoyed,best,christmas
family,kids,friends,gift,play,loved,year,wonderful,favorite,enjoy,fun,great,daughter,thank,book,played,awesome,game,love,games,loves,grandson,enjoyed,best,christmas
family,kids,friends,gift,play,loved,year,wonderful,favorite,enjoy,fun,great,daughter,thank,book,played,awesome,game,love,games,loves,grandson,enjoyed,best,christmas
family,kids,friends,gift,play,loved,year,wonderful,favorite,enjoy,fun,great,daughter,thank,book,played,awesome,game,love,games,loves,grandson,enjoyed,best,christmas
family,kids,friends,gift,play,loved,year,wonderful,favorite,enjoy,fun,great,daughter,thank,book,played,awesome,game,love,games,loves,grandson,enjoyed,best,christmas
family,kids,friends,gift,play,loved,year,wonderful,favorite,enjoy,fun,great,daughter,thank,book,played,awesome,game,love,games,loves,grandson,enjoyed,best,christmas
family,kids,friends,gift,play,loved,year,wonderful,favorite,enjoy,fun,great,daughter,thank,book,played,awesome,game,love,games,loves,grandson,enjoyed,best,christmas
family,kids,friends,gift,play,loved,year,wonderful,favorite,enjoy,fun,great,daughter,thank,book,played,awesome,game,love,games,loves,grandson,enjoyed,best,christmas
family,kids,friends,gift,play,loved,year,wonderful,favorite,enjoy,fun,great,daughter,thank,book,played,awesome,game,love,games,loves,grandson,enjoyed,best,christmas
family,kids,friends,gift,play,loved,year,wonderful,favorite,enjoy,fun,great,daughter,thank,book,played,awesome,game,love,games,loves,grandson,enjoyed,best,christmas
family,kids,friends,gift,play,loved,year,wonderful,favorite,enjoy,fun,great,daughter,thank,book,played,awesome,game,love,games,loves,grandson,enjoyed,best,christmas
family,kids,friends,gift,play,loved,year,wonderful,favorite,enjoy,fun,great,daughter,thank,book,played,awesome,game,love,games,loves,grandson,enjoyed,best,christmas
family,kids,friends,gift,play,loved,year,wonderful,favorite,enjoy,fun,great,daughter,thank,book,played,awesome,game,love,games,loves,grandson,enjoyed,best,christmas
family,kids,friends,gift,play,loved,year,wonderful,favorite,enjoy,fun,great,daughter,thank,book,played,awesome,game,love,games,loves,grandson,enjoyed,best,christmas
family,kids,friends,gift,play,loved,year,wonderful,favorite,enjoy,fun,great,daughter,thank,book,played,awesome,game,love,games,loves,grandson,enjoyed,best,christmas
family,kids,friends,gift,play,loved,year,wonderful,favorite,enjoy,fun,great,daughter,thank,book,played,awesome,game,love,games,loves,grandson,enjoyed,best,christmas
family,kids,friends,gift,play,loved,year,wonderful,favorite,enjoy,fun,great,daughter,thank,book,played,awesome,game,love,games,loves,grandson,enjoyed,best,christmas
family,kids,friends,gift,play,loved,year,wonderful,favorite,enjoy,fun,great,daughter,thank,book,played,awesome,game,love,games,loves,grandson,enjoyed,best,christmas
family,kids,friends,gift,play,loved,year,wonderful,favorite,enjoy,fun,great,daughter,thank,book,played,awesome,game,love,games,loves,grandson,enjoyed,best,christmas
family,kids,friends,gift,play,loved,year,wonderful,favorite,enjoy,fun,great,daughter,thank,book,played,awesome,game,love,games,loves,grandson,enjoyed,best,christmas
family,kids,friends,gift,play,loved,year,wonderful,favorite,enjoy,fun,great,daughter,thank,book,played,awesome,game,love,games,loves,grandson,enjoyed,best,christmas
family,kids,friends,gift,play,loved,year,wonderful,favorite,enjoy,fun,great,daughter,thank,book,played,awesome,game,love,games,loves,grandson,enjoyed,best,christmas
family,kids,friends,gift,play,loved,year,wonderful,favorite,enjoy,fun,great,daughter,thank,book,played,awesome,game,love,games,loves,grandson,enjoyed,best,christmas
family,kids,friends,gift,play,loved,year,wonderful,favorite,enjoy,fun,great,daughter,thank,book,played,awesome,game,love,games,loves,grandson,enjoyed,best,christmas
family,kids,friends,gift,play,loved,year,wonderful,favorite,enjoy,fun,great,daughter,thank,book,played,awesome,game,love,games,loves,grandson,enjoyed,best,christmas
family,kids,friends,gift,play,loved,year,wonderful,favorite,enjoy,fun,great,daughter,thank,book,played,awesome,game,love,games,loves,grandson,enjoyed,best,christmas
family,kids,friends,gift,play,loved,year,wonderful,favorite,enjoy,fun,great,daughter,thank,book,played,awesome,game,love,games,loves,grandson,enjoyed,best,christmas
family,kids,friends,gift,play,loved,year,wonderful,favorite,enjoy,fun,great,daughter,thank,book,played,awesome,game,love,games,loves,grandson,enjoyed,best,christmas
family,kids,friends,gift,play,loved,year,wonderful,favorite,enjoy,fun,great,daughter,thank,book,played,awesome,game,love,games,loves,grandson,enjoyed,best,christmas
family,kids,friends,gift,play,loved,year,wonderful,favorite,enjoy,fun,great,daughter,thank,book,played,awesome,game,love,games,loves,grandson,enjoyed,best,christmas
family,kids,friends,gift,play,loved,year,wonderful,favorite,enjoy,fun,great,daughter,thank,book,played,awesome,game,love,games,loves,grandson,enjoyed,best,christmas
family,kids,friends,gift,play,loved,year,wonderful,favorite,enjoy,fun,great,daughter,thank,book,played,awesome,game,love,games,loves,grandson,enjoyed,best,christmas
family,kids,friends,gift,play,loved,year,wonderful,favorite,enjoy,fun,great,daughter,thank,book,played,awesome,game,love,games,loves,grandson,enjoyed,best,christmas
family,kids,friends,gift,play,loved,year,wonderful,favorite,enjoy,fun,great,daughter,thank,book,played,awesome,game,love,games,loves,grandson,enjoyed,best,christmas
family,kids,friends,gift,play,loved,year,wonderful,favorite,enjoy,fun,great,daughter,thank,book,played,awesome,game,love,games,loves,grandson,enjoyed,best,christmas
family,kids,friends,gift,play,loved,year,wonderful,favorite,enjoy,fun,great,daughter,thank,book,played,awesome,game,love,games,loves,grandson,enjoyed,best,christmas
family,kids,friends,gift,play,loved,year,wonderful,favorite,enjoy,fun,great,daughter,thank,book,played,awesome,game,love,games,loves,grandson,enjoyed,best,christmas
family,kids,friends,gift,play,loved,year,wonderful,favorite,enjoy,fun,great,daughter,thank,book,played,awesome,game,love,games,loves,grandson,enjoyed,best,christmas
family,kids,friends,gift,play,loved,year,wonderful,favorite,enjoy,fun,great,daughter,thank,book,played,awesome,game,love,games,loves,grandson,enjoyed,best,christmas
family,kids,friends,gift,play,loved,year,wonderful,favorite,enjoy,fun,great,daughter,thank,book,played,awesome,game,love,games,loves,grandson,enjoyed,best,christmas
family,kids,friends,gift,play,loved,year,wonderful,favorite,enjoy,fun,great,daughter,thank,book,played,awesome,game,love,games,loves,grandson,enjoyed,best,christmas
family,kids,friends,gift,play,loved,year,wonderful,favorite,enjoy,fun,great,daughter,thank,book,played,awesome,game,love,games,loves,grandson,enjoyed,best,christmas
grand,family,kids,friends,gift,play,loved,year,wonderful,favorite,enjoy,fun,great,daughter,thank,book,awesome,game,love,games,loves,grandson,enjoyed,best,christmas
grand,family,kids,friends,gift,play,loved,year,wonderful,favorite,enjoy,fun,great,daughter,thank,book,awesome,game,love,games,loves,grandson,enjoyed,best,christmas
grand,family,kids,friends,gift,play,loved,year,wonderful,favorite,enjoy,fun,great,daughter,thank,book,awesome,game,love,games,loves,grandson,enjoyed,best,christmas
grand,family,kids,friends,gift,play,loved,year,wonderful,favorite,enjoy,fun,great,daughter,thank,book,awesome,game,love,games,loves,grandson,enjoyed,best,christmas
grand,family,kids,friends,gift,play,loved,year,wonderful,favorite,enjoy,fun,great,daughter,thank,book,awesome,game,love,games,loves,grandson,enjoyed,best,christmas
grand,family,kids,friends,gift,play,loved,year,wonderful,favorite,enjoy,fun,great,daughter,thank,book,awesome,game,love,games,loves,grandson,enjoyed,best,christmas
grand,family,kids,friends,gift,play,loved,year,wonderful,favorite,enjoy,fun,great,daughter,thank,book,awesome,game,love,games,loves,grandson,enjoyed,best,christmas
grand,family,kids,friends,gift,play,loved,year,wonderful,favorite,enjoy,fun,great,daughter,thank,book,awesome,game,love,games,loves,grandson,enjoyed,best,christmas
grand,family,kids,friends,gift,play,loved,year,wonderful,favorite,enjoy,fun,great,daughter,thank,book,awesome,game,love,games,loves,grandson,enjoyed,best,christmas
grand,family,kids,friends,gift,play,loved,year,wonderful,favorite,enjoy,fun,great,daughter,thank,book,awesome,game,love,games,loves,grandson,enjoyed,best,christmas
grand,family,kids,friends,gift,play,loved,year,wonderful,favorite,enjoy,fun,great,daughter,thank,book,awesome,game,love,games,loves,grandson,enjoyed,best,christmas
grand,family,kids,friends,gift,play,loved,year,wonderful,favorite,enjoy,fun,great,daughter,thank,book,awesome,game,love,games,loves,grandson,enjoyed,best,christmas
grand,family,kids,friends,gift,play,loved,year,wonderful,favorite,enjoy,fun,great,daughter,thank,book,awesome,game,love,games,loves,grandson,enjoyed,best,christmas
grand,family,kids,friends,gift,play,loved,year,wonderful,favorite,enjoy,fun,great,daughter,thank,book,awesome,game,love,games,loves,grandson,enjoyed,best,christmas
grand,family,kids,friends,gift,play,loved,year,wonderful,favorite,enjoy,fun,great,daughter,thank,book,awesome,game,love,games,loves,grandson,enjoyed,best,christmas
grand,family,kids,friends,gift,play,loved,year,wonderful,favorite,enjoy,fun,great,daughter,thank,book,awesome,game,love,games,loves,grandson,enjoyed,best,christmas
grand,family,kids,friends,gift,play,loved,year,wonderful,favorite,enjoy,fun,great,daughter,thank,book,awesome,game,love,games,loves,grandson,enjoyed,best,christmas
grand,family,kids,friends,gift,play,loved,year,wonderful,favorite,enjoy,fun,great,daughter,thank,book,awesome,game,love,games,loves,grandson,enjoyed,best,christmas
grand,family,kids,friends,gift,play,loved,year,wonderful,favorite,enjoy,fun,great,daughter,thank,book,awesome,game,love,games,loves,grandson,enjoyed,best,christmas
grand,family,kids,friends,gift,play,loved,year,wonderful,favorite,enjoy,fun,great,daughter,thank,book,awesome,game,love,games,loves,grandson,enjoyed,best,christmas
grand,family,kids,friends,gift,play,loved,year,wonderful,favorite,enjoy,fun,great,daughter,thank,book,awesome,game,love,games,loves,grandson,enjoyed,best,christmas
grand,family,kids,friends,gift,play,loved,year,wonderful,favorite,enjoy,fun,great,daughter,thank,book,awesome,game,love,games,loves,grandson,enjoyed,best,christmas
grand,family,kids,friends,gift,play,loved,year,wonderful,favorite,enjoy,fun,great,daughter,thank,book,awesome,game,love,games,loves,grandson,enjoyed,best,christmas
grand,family,kids,friends,gift,play,loved,year,wonderful,favorite,enjoy,fun,great,daughter,thank,book,awesome,game,love,games,loves,grandson,enjoyed,best,christmas
grand,family,kids,friends,gift,play,loved,year,wonderful,favorite,enjoy,fun,great,daughter,thank,book,awesome,game,love,games,loves,grandson,enjoyed,best,christmas
grand,family,kids,friends,gift,play,loved,year,wonderful,favorite,enjoy,fun,great,daughter,thank,book,awesome,game,love,games,loves,grandson,enjoyed,best,christmas
grand,family,kids,friends,gift,play,loved,year,wonderful,favorite,enjoy,fun,great,daughter,thank,book,awesome,game,love,games,loves,grandson,enjoyed,best,christmas
grand,family,kids,friends,gift,play,loved,year,wonderful,favorite,enjoy,fun,great,daughter,thank,book,awesome,game,love,games,loves,grandson,enjoyed,best,christmas
grand,family,kids,friends,gift,play,loved,year,wonderful,favorite,enjoy,fun,great,daughter,thank,book,awesome,game,love,games,loves,grandson,enjoyed,best,christmas
grand,family,kids,friends,gift,play,loved,year,wonderful,favorite,enjoy,fun,great,daughter,thank,book,awesome,game,love,games,loves,grandson,enjoyed,best,christmas
grand,family,kids,friends,gift,play,loved,year,wonderful,favorite,enjoy,fun,great,daughter,thank,book,awesome,game,love,games,loves,grandson,enjoyed,best,christmas
grand,family,kids,friends,gift,play,loved,year,wonderful,favorite,enjoy,fun,great,daughter,thank,book,awesome,game,love,games,loves,grandson,enjoyed,best,christmas
grand,family,kids,friends,gift,play,loved,year,wonderful,favorite,enjoy,fun,great,daughter,thank,book,awesome,game,love,games,loves,grandson,enjoyed,best,christmas
grand,family,kids,friends,gift,play,loved,year,wonderful,favorite,enjoy,fun,great,daughter,thank,book,awesome,game,love,games,loves,grandson,enjoyed,best,christmas
grand,family,kids,friends,gift,play,loved,year,wonderful,favorite,enjoy,fun,great,daughter,thank,book,awesome,game,love,games,loves,grandson,enjoyed,best,christmas
grand,family,kids,friends,gift,play,loved,year,wonderful,favorite,enjoy,fun,great,daughter,thank,book,awesome,game,love,games,loves,grandson,enjoyed,best,christmas
grand,family,kids,friends,gift,play,loved,year,wonderful,favorite,enjoy,fun,great,daughter,thank,book,awesome,game,love,games,loves,grandson,enjoyed,best,christmas
grand,family,kids,friends,gift,play,loved,year,wonderful,favorite,enjoy,fun,great,daughter,thank,book,awesome,game,love,games,loves,grandson,enjoyed,best,christmas
grand,family,kids,friends,gift,play,loved,year,wonderful,favorite,enjoy,fun,great,daughter,thank,book,awesome,game,love,games,loves,grandson,enjoyed,best,christmas
grand,family,kids,friends,gift,play,loved,year,wonderful,favorite,enjoy,fun,great,daughter,thank,book,awesome,game,love,games,loves,grandson,enjoyed,best,christmas
grand,family,kids,friends,gift,play,loved,year,wonderful,favorite,enjoy,fun,great,daughter,thank,book,awesome,game,love,games,loves,grandson,enjoyed,best,christmas
grand,family,kids,friends,gift,play,loved,year,wonderful,favorite,enjoy,fun,great,daughter,thank,book,awesome,game,love,games,loves,grandson,enjoyed,best,christmas
grand,family,kids,friends,gift,play,loved,year,wonderful,favorite,enjoy,fun,great,daughter,thank,book,awesome,game,love,games,loves,grandson,enjoyed,best,christmas
grand,family,kids,friends,gift,play,loved,year,wonderful,favorite,enjoy,fun,great,daughter,thank,book,awesome,game,love,games,loves,grandson,enjoyed,best,christmas
grand,family,kids,friends,gift,play,loved,year,wonderful,favorite,enjoy,fun,great,daughter,thank,book,awesome,game,love,games,loves,grandson,enjoyed,best,christmas
grand,family,kids,friends,gift,play,loved,year,wonderful,favorite,enjoy,fun,great,daughter,thank,book,awesome,game,love,games,loves,grandson,enjoyed,best,christmas
grand,family,kids,friends,gift,play,loved,year,wonderful,favorite,enjoy,fun,great,daughter,thank,book,awesome,game,love,games,loves,grandson,enjoyed,best,christmas
grand,family,kids,friends,gift,play,loved,year,wonderful,favorite,enjoy,fun,great,daughter,thank,book,awesome,game,love,games,loves,grandson,enjoyed,best,christmas
grand,family,kids,friends,gift,play,loved,year,wonderful,favorite,enjoy,fun,great,daughter,thank,book,awesome,game,love,games,loves,grandson,enjoyed,best,christmas
grand,family,kids,friends,gift,play,loved,year,wonderful,favorite,enjoy,fun,great,daughter,thank,book,awesome,game,love,games,loves,grandson,enjoyed,best,christmas
grand,family,kids,friends,gift,play,loved,year,wonderful,favorite,enjoy,fun,great,daughter,thank,book,awesome,game,love,games,loves,grandson,enjoyed,best,christmas
grand,family,kids,friends,gift,play,loved,year,wonderful,favorite,enjoy,fun,great,daughter,thank,book,awesome,game,love,games,loves,grandson,enjoyed,best,christmas
grand,family,kids,friends,gift,play,loved,year,wonderful,favorite,enjoy,fun,great,daughter,thank,book,awesome,game,love,games,loves,grandson,enjoyed,best,christmas
grand,family,kids,friends,gift,play,loved,year,wonderful,favorite,enjoy,fun,great,daughter,thank,book,awesome,game,love,games,loves,grandson,enjoyed,best,christmas
grand,family,kids,friends,gift,play,loved,year,wonderful,favorite,enjoy,fun,great,daughter,thank,book,awesome,game,love,games,loves,grandson,enjoyed,best,christmas
grand,family,kids,friends,gift,play,loved,year,wonderful,favorite,enjoy,fun,great,daughter,thank,book,awesome,game,love,games,loves,grandson,enjoyed,best,christmas
grand,family,kids,friends,gift,play,loved,year,wonderful,favorite,enjoy,fun,great,daughter,thank,book,awesome,game,love,games,loves,grandson,enjoyed,best,christmas
grand,family,kids,friends,gift,play,loved,year,wonderful,favorite,enjoy,fun,great,daughter,thank,book,awesome,game,love,games,loves,grandson,enjoyed,best,christmas
grand,family,kids,friends,gift,play,loved,year,wonderful,favorite,enjoy,fun,great,daughter,thank,book,awesome,game,love,games,loves,grandson,enjoyed,best,christmas
grand,family,kids,friends,gift,play,loved,year,wonderful,favorite,enjoy,fun,great,daughter,thank,book,awesome,game,love,games,loves,grandson,enjoyed,best,christmas
grand,family,kids,friends,gift,play,loved,year,wonderful,favorite,enjoy,fun,great,daughter,thank,book,awesome,game,love,games,loves,grandson,enjoyed,best,christmas
grand,family,kids,friends,gift,play,loved,year,wonderful,favorite,enjoy,fun,great,daughter,thank,book,awesome,game,love,games,loves,grandson,enjoyed,best,christmas
grand,family,kids,friends,gift,play,loved,year,wonderful,favorite,enjoy,fun,great,daughter,thank,book,awesome,game,love,games,loves,grandson,enjoyed,best,christmas
grand,family,kids,friends,gift,play,loved,year,wonderful,favorite,enjoy,fun,great,daughter,thank,book,awesome,game,love,games,loves,grandson,enjoyed,best,christmas
grand,family,kids,friends,gift,play,loved,year,wonderful,favorite,enjoy,fun,great,daughter,thank,book,awesome,game,love,games,loves,grandson,enjoyed,best,christmas
grand,family,kids,friends,gift,play,loved,year,wonderful,favorite,enjoy,fun,great,daughter,thank,book,awesome,game,love,games,loves,grandson,enjoyed,best,christmas
grand,family,kids,friends,gift,play,loved,year,wonderful,favorite,enjoy,fun,great,daughter,thank,book,awesome,game,love,games,loves,grandson,enjoyed,best,christmas
grand,family,kids,friends,gift,play,loved,year,wonderful,favorite,enjoy,fun,great,daughter,thank,book,awesome,game,love,games,loves,grandson,enjoyed,best,christmas
grand,family,kids,friends,gift,play,loved,year,wonderful,favorite,enjoy,fun,great,daughter,thank,book,awesome,game,love,games,loves,grandson,enjoyed,best,christmas
grand,family,kids,friends,gift,play,loved,year,wonderful,favorite,enjoy,fun,great,daughter,thank,book,awesome,game,love,games,loves,grandson,enjoyed,best,christmas
grand,family,kids,friends,gift,play,loved,year,wonderful,favorite,enjoy,fun,great,daughter,thank,book,awesome,game,love,games,loves,grandson,enjoyed,best,christmas
grand,family,kids,friends,gift,play,loved,year,wonderful,favorite,enjoy,fun,great,daughter,thank,book,awesome,game,love,games,loves,grandson,enjoyed,best,christmas
grand,family,kids,friends,gift,play,loved,year,wonderful,favorite,enjoy,fun,great,daughter,thank,book,awesome,game,love,games,loves,grandson,enjoyed,best,christmas
grand,family,kids,friends,gift,play,loved,year,wonderful,favorite,enjoy,fun,great,daughter,thank,book,awesome,game,love,games,loves,grandson,enjoyed,best,christmas
grand,family,kids,friends,gift,play,loved,year,wonderful,favorite,enjoy,fun,great,daughter,thank,book,awesome,game,love,games,loves,grandson,enjoyed,best,christmas
grand,family,kids,friends,gift,play,loved,year,wonderful,favorite,enjoy,fun,great,daughter,thank,book,awesome,game,love,games,loves,grandson,enjoyed,best,christmas
grand,family,kids,friends,gift,play,loved,year,wonderful,favorite,enjoy,fun,great,daughter,thank,book,awesome,game,love,games,loves,grandson,enjoyed,best,christmas
grand,family,kids,friends,gift,play,loved,year,wonderful,favorite,enjoy,fun,great,daughter,thank,book,awesome,game,love,games,loves,grandson,enjoyed,best,christmas
grand,family,kids,friends,gift,play,loved,year,wonderful,favorite,enjoy,fun,great,daughter,thank,book,awesome,game,love,games,loves,grandson,enjoyed,best,christmas
grand,family,kids,friends,gift,play,loved,year,wonderful,favorite,enjoy,fun,great,daughter,thank,book,awesome,game,love,games,loves,grandson,enjoyed,best,christmas
grand,family,kids,friends,gift,play,loved,year,wonderful,favorite,enjoy,fun,great,daughter,thank,book,awesome,game,love,games,loves,grandson,enjoyed,best,christmas
grand,family,kids,friends,gift,play,loved,year,wonderful,favorite,enjoy,fun,great,daughter,thank,book,awesome,game,love,games,loves,grandson,enjoyed,best,christmas
grand,family,kids,friends,gift,play,loved,year,wonderful,favorite,enjoy,fun,great,daughter,thank,book,awesome,game,love,games,loves,grandson,enjoyed,best,christmas
grand,family,kids,friends,gift,play,loved,year,wonderful,favorite,enjoy,fun,great,daughter,thank,book,awesome,game,love,games,loves,grandson,enjoyed,best,christmas
grand,family,kids,friends,gift,play,loved,year,wonderful,favorite,enjoy,fun,great,daughter,thank,book,awesome,game,love,games,loves,grandson,enjoyed,best,christmas
grand,family,kids,friends,gift,play,loved,year,wonderful,favorite,enjoy,fun,great,daughter,thank,book,awesome,game,love,games,loves,grandson,enjoyed,best,christmas
grand,family,kids,friends,gift,play,loved,year,wonderful,favorite,enjoy,fun,great,daughter,thank,book,awesome,game,love,games,loves,grandson,enjoyed,best,christmas
grand,family,kids,friends,gift,play,loved,year,wonderful,favorite,enjoy,fun,great,daughter,thank,book,awesome,game,love,games,loves,grandson,enjoyed,best,christmas
grand,family,kids,friends,gift,play,loved,year,wonderful,favorite,enjoy,fun,great,daughter,thank,book,awesome,game,love,games,loves,grandson,enjoyed,best,christmas
grand,family,kids,friends,gift,play,loved,year,wonderful,favorite,enjoy,fun,great,daughter,thank,book,awesome,game,love,games,loves,grandson,enjoyed,best,christmas
grand,family,kids,friends,gift,play,loved,year,wonderful,favorite,enjoy,fun,great,daughter,thank,book,awesome,game,love,games,loves,grandson,enjoyed,best,christmas
grand,family,kids,friends,gift,play,loved,year,wonderful,favorite,enjoy,fun,great,daughter,thank,book,awesome,game,love,games,loves,grandson,enjoyed,best,christmas
grand,family,kids,friends,gift,play,loved,year,wonderful,favorite,enjoy,fun,great,daughter,thank,book,awesome,game,love,games,loves,grandson,enjoyed,best,christmas
grand,family,kids,friends,gift,play,loved,year,wonderful,favorite,enjoy,fun,great,daughter,thank,book,awesome,game,love,games,loves,grandson,enjoyed,best,christmas
grand,family,kids,friends,gift,play,loved,year,wonderful,favorite,enjoy,fun,great,daughter,thank,book,awesome,game,love,games,loves,grandson,enjoyed,best,christmas
grand,family,kids,friends,gift,play,loved,year,wonderful,favorite,enjoy,fun,great,daughter,thank,book,awesome,game,love,games,loves,grandson,enjoyed,best,christmas
grand,family,kids,friends,gift,play,loved,year,wonderful,favorite,enjoy,fun,great,daughter,thank,book,awesome,game,love,games,loves,grandson,enjoyed,best,christmas
grand,family,kids,friends,gift,play,loved,year,wonderful,favorite,enjoy,fun,great,daughter,thank,book,awesome,game,love,games,loves,grandson,enjoyed,best,christmas
grand,family,kids,friends,gift,play,loved,year,wonderful,favorite,enjoy,fun,great,daughter,thank,book,awesome,game,love,games,loves,grandson,enjoyed,best,christmas
grand,family,kids,friends,gift,play,loved,year,wonderful,favorite,enjoy,fun,great,daughter,thank,book,awesome,game,love,games,loves,grandson,enjoyed,best,christmas
grand,family,kids,friends,gift,play,loved,year,wonderful,favorite,enjoy,fun,great,daughter,thank,book,awesome,game,love,games,loves,grandson,enjoyed,best,christmas
grand,family,kids,friends,gift,play,loved,year,wonderful,favorite,enjoy,fun,great,daughter,thank,book,awesome,game,love,games,loves,grandson,enjoyed,best,christmas
grand,family,kids,friends,gift,play,loved,year,wonderful,favorite,enjoy,fun,great,daughter,thank,book,awesome,game,love,games,loves,grandson,enjoyed,best,christmas
birthday,family,kids,friends,gift,play,loved,year,wonderful,favorite,enjoy,fun,great,daughter,thank,book,awesome,game,love,games,loves,grandson,enjoyed,best,christmas
birthday,family,kids,friends,gift,play,loved,year,wonderful,favorite,enjoy,fun,great,daughter,thank,book,awesome,game,love,games,loves,grandson,enjoyed,best,christmas
birthday,family,kids,friends,gift,play,loved,year,wonderful,favorite,enjoy,fun,great,daughter,thank,book,awesome,game,love,games,loves,grandson,enjoyed,best,christmas
birthday,family,kids,friends,gift,play,loved,year,wonderful,favorite,enjoy,fun,great,daughter,thank,book,awesome,game,love,games,loves,grandson,enjoyed,best,christmas
birthday,family,kids,friends,gift,play,loved,year,wonderful,favorite,enjoy,fun,great,daughter,thank,book,awesome,game,love,games,loves,grandson,enjoyed,best,christmas
birthday,family,kids,friends,gift,play,loved,year,wonderful,favorite,enjoy,fun,great,daughter,thank,book,awesome,game,love,games,loves,grandson,enjoyed,best,christmas
birthday,family,kids,friends,gift,play,loved,year,wonderful,favorite,enjoy,fun,great,daughter,thank,book,awesome,game,love,games,loves,grandson,enjoyed,best,christmas
birthday,family,kids,friends,gift,play,loved,year,wonderful,favorite,enjoy,fun,great,daughter,thank,book,awesome,game,love,games,loves,grandson,enjoyed,best,christmas
birthday,family,kids,friends,gift,play,loved,year,wonderful,favorite,enjoy,fun,great,daughter,thank,book,awesome,game,love,games,loves,grandson,enjoyed,best,christmas
birthday,family,kids,friends,gift,play,loved,year,wonderful,favorite,enjoy,fun,great,daughter,thank,book,awesome,game,love,games,loves,grandson,enjoyed,best,christmas
birthday,family,kids,friends,gift,play,loved,year,wonderful,favorite,enjoy,fun,great,daughter,thank,book,awesome,game,love,games,loves,grandson,enjoyed,best,christmas
birthday,family,kids,friends,gift,play,loved,year,wonderful,favorite,enjoy,fun,great,daughter,thank,book,awesome,game,love,games,loves,grandson,enjoyed,best,christmas
birthday,family,kids,friends,gift,play,loved,year,wonderful,favorite,enjoy,fun,great,daughter,thank,book,awesome,game,love,games,loves,grandson,enjoyed,best,christmas
birthday,family,kids,friends,gift,play,loved,year,wonderful,favorite,enjoy,fun,great,daughter,thank,book,awesome,game,love,games,loves,grandson,enjoyed,best,christmas
birthday,family,kids,friends,gift,play,loved,year,wonderful,favorite,enjoy,fun,great,daughter,thank,book,awesome,game,love,games,loves,grandson,enjoyed,best,christmas
birthday,family,kids,friends,gift,play,loved,year,wonderful,favorite,enjoy,fun,great,daughter,thank,book,awesome,game,love,games,loves,grandson,enjoyed,best,christmas
birthday,family,kids,friends,gift,play,loved,year,wonderful,favorite,enjoy,fun,great,daughter,thank,book,awesome,game,love,games,loves,grandson,enjoyed,best,christmas
birthday,family,kids,friends,gift,play,loved,year,wonderful,favorite,enjoy,fun,great,daughter,thank,book,awesome,game,love,games,loves,grandson,enjoyed,best,christmas
birthday,family,kids,friends,gift,play,loved,year,wonderful,favorite,enjoy,fun,great,daughter,thank,book,awesome,game,love,games,loves,grandson,enjoyed,best,christmas
birthday,family,kids,friends,gift,play,loved,year,wonderful,favorite,enjoy,fun,great,daughter,thank,book,awesome,game,love,games,loves,grandson,enjoyed,best,christmas
birthday,family,kids,friends,gift,play,loved,year,wonderful,favorite,enjoy,fun,great,daughter,thank,book,awesome,game,love,games,loves,grandson,enjoyed,best,christmas
birthday,family,kids,friends,gift,play,loved,year,wonderful,favorite,enjoy,fun,great,daughter,thank,book,awesome,game,love,games,loves,grandson,enjoyed,best,christmas
birthday,family,kids,friends,gift,play,loved,year,wonderful,favorite,enjoy,fun,great,daughter,thank,book,awesome,game,love,games,loves,grandson,enjoyed,best,christmas
birthday,family,kids,friends,gift,play,loved,year,wonderful,favorite,enjoy,fun,great,daughter,thank,book,awesome,game,love,games,loves,grandson,enjoyed,best,christmas
birthday,family,kids,friends,gift,play,loved,year,wonderful,favorite,enjoy,fun,great,daughter,thank,book,awesome,game,love,games,loves,grandson,enjoyed,best,christmas
birthday,family,kids,friends,gift,play,loved,year,wonderful,favorite,enjoy,fun,great,daughter,thank,book,awesome,game,love,games,loves,grandson,enjoyed,best,christmas
birthday,family,kids,friends,gift,play,loved,year,wonderful,favorite,enjoy,fun,great,daughter,thank,book,awesome,game,love,games,loves,grandson,enjoyed,best,christmas
birthday,family,kids,friends,gift,play,loved,year,wonderful,favorite,enjoy,fun,great,daughter,thank,book,awesome,game,love,games,loves,grandson,enjoyed,best,christmas
birthday,family,kids,friends,gift,play,loved,year,wonderful,favorite,enjoy,fun,great,daughter,thank,book,awesome,game,love,games,loves,grandson,enjoyed,best,christmas
birthday,family,kids,friends,gift,play,loved,year,wonderful,favorite,enjoy,fun,great,daughter,thank,book,awesome,game,love,games,loves,grandson,enjoyed,best,christmas
birthday,family,kids,friends,gift,play,loved,year,wonderful,favorite,enjoy,fun,great,daughter,thank,book,awesome,game,love,games,loves,grandson,enjoyed,best,christmas
birthday,family,kids,friends,gift,play,loved,year,wonderful,favorite,enjoy,fun,great,daughter,thank,book,awesome,game,love,games,loves,grandson,enjoyed,best,christmas
birthday,family,kids,friends,gift,play,loved,year,wonderful,favorite,enjoy,fun,great,daughter,thank,book,awesome,game,love,games,loves,grandson,enjoyed,best,christmas
birthday,family,kids,friends,gift,play,loved,year,wonderful,favorite,enjoy,fun,great,daughter,thank,book,awesome,game,love,games,loves,grandson,enjoyed,best,christmas
birthday,family,kids,friends,gift,play,loved,year,wonderful,favorite,enjoy,fun,great,daughter,thank,book,awesome,game,love,games,loves,grandson,enjoyed,best,christmas
birthday,family,kids,friends,gift,play,loved,year,wonderful,favorite,enjoy,fun,great,daughter,thank,book,awesome,game,love,games,loves,grandson,enjoyed,best,christmas
birthday,family,kids,friends,gift,play,loved,year,wonderful,favorite,enjoy,fun,great,daughter,thank,book,awesome,game,love,games,loves,grandson,enjoyed,best,christmas
birthday,family,kids,friends,gift,play,loved,year,wonderful,favorite,enjoy,fun,great,daughter,thank,book,awesome,game,love,games,loves,grandson,enjoyed,best,christmas
birthday,family,kids,friends,gift,play,loved,year,wonderful,favorite,enjoy,fun,great,daughter,thank,book,awesome,game,love,games,loves,grandson,enjoyed,best,christmas
birthday,family,kids,friends,gift,play,loved,year,wonderful,favorite,enjoy,fun,great,daughter,thank,book,awesome,game,love,games,loves,grandson,enjoyed,best,christmas
birthday,family,kids,friends,gift,play,loved,year,wonderful,favorite,enjoy,fun,great,daughter,thank,book,awesome,game,love,games,loves,grandson,enjoyed,best,christmas
birthday,family,kids,friends,gift,play,loved,year,wonderful,favorite,enjoy,fun,great,daughter,thank,book,awesome,game,love,games,loves,grandson,enjoyed,best,christmas
birthday,family,kids,friends,gift,play,loved,year,wonderful,favorite,enjoy,fun,great,daughter,thank,book,awesome,game,love,games,loves,grandson,enjoyed,best,christmas
birthday,family,kids,friends,gift,play,loved,year,wonderful,favorite,enjoy,fun,great,daughter,thank,book,awesome,game,love,games,loves,grandson,enjoyed,best,christmas
birthday,family,kids,friends,gift,play,loved,year,wonderful,favorite,enjoy,fun,great,daughter,thank,book,awesome,game,love,games,loves,grandson,enjoyed,best,christmas
birthday,family,kids,friends,gift,play,loved,year,wonderful,favorite,enjoy,fun,great,daughter,thank,book,awesome,game,love,games,loves,grandson,enjoyed,best,christmas
birthday,family,kids,friends,gift,play,loved,year,wonderful,favorite,enjoy,fun,great,daughter,thank,book,awesome,game,love,games,loves,grandson,enjoyed,best,christmas
birthday,family,kids,friends,gift,play,loved,year,wonderful,favorite,enjoy,fun,great,daughter,thank,book,awesome,game,love,games,loves,grandson,enjoyed,best,christmas
birthday,family,kids,friends,gift,play,loved,year,wonderful,favorite,enjoy,fun,great,daughter,thank,book,awesome,game,love,games,loves,grandson,enjoyed,best,christmas
birthday,family,kids,friends,gift,play,loved,year,wonderful,favorite,enjoy,fun,great,daughter,thank,book,awesome,game,love,games,loves,grandson,enjoyed,best,christmas
birthday,family,kids,friends,gift,play,loved,year,wonderful,favorite,enjoy,fun,great,daughter,thank,book,awesome,game,love,games,loves,grandson,enjoyed,best,christmas
birthday,family,kids,friends,gift,play,loved,year,wonderful,favorite,enjoy,fun,great,daughter,thank,book,awesome,game,love,games,loves,grandson,enjoyed,best,christmas
birthday,family,kids,friends,gift,play,loved,year,wonderful,favorite,enjoy,fun,great,daughter,thank,book,awesome,game,love,games,loves,grandson,enjoyed,best,christmas
birthday,family,kids,friends,gift,play,loved,year,wonderful,favorite,enjoy,fun,great,daughter,thank,book,awesome,game,love,games,loves,grandson,enjoyed,best,christmas
birthday,family,kids,friends,gift,play,loved,year,wonderful,favorite,enjoy,fun,great,daughter,thank,book,awesome,game,love,games,loves,grandson,enjoyed,best,christmas
birthday,family,kids,friends,gift,play,loved,year,wonderful,favorite,enjoy,fun,great,daughter,thank,book,awesome,game,love,games,loves,grandson,enjoyed,best,christmas
birthday,family,kids,friends,gift,play,loved,year,wonderful,favorite,enjoy,fun,great,daughter,thank,book,awesome,game,love,games,loves,grandson,enjoyed,best,christmas
birthday,family,kids,friends,gift,play,loved,year,wonderful,favorite,enjoy,fun,great,daughter,thank,book,awesome,game,love,games,loves,grandson,enjoyed,best,christmas
birthday,family,kids,friends,gift,play,loved,year,wonderful,favorite,enjoy,fun,great,daughter,thank,book,awesome,game,love,games,loves,grandson,enjoyed,best,christmas
birthday,family,kids,friends,gift,play,loved,year,wonderful,favorite,enjoy,fun,great,daughter,thank,book,awesome,game,love,games,loves,grandson,enjoyed,best,christmas
birthday,family,kids,friends,gift,play,loved,year,wonderful,favorite,enjoy,fun,great,daughter,thank,playing,awesome,game,love,games,loves,grandson,enjoyed,best,christmas
birthday,family,kids,friends,gift,play,loved,year,wonderful,favorite,enjoy,fun,great,daughter,thank,playing,awesome,game,love,games,loves,grandson,enjoyed,best,christmas
birthday,family,kids,friends,gift,play,loved,year,wonderful,favorite,enjoy,fun,great,daughter,thank,playing,awesome,game,love,games,loves,grandson,enjoyed,best,christmas
birthday,family,kids,friends,gift,play,loved,year,wonderful,favorite,enjoy,fun,great,daughter,thank,playing,awesome,game,love,games,loves,grandson,enjoyed,best,christmas
birthday,family,kids,friends,gift,play,loved,year,wonderful,favorite,enjoy,fun,great,daughter,thank,playing,awesome,game,love,games,loves,grandson,enjoyed,best,christmas
birthday,family,kids,friends,gift,play,loved,year,wonderful,favorite,enjoy,fun,great,daughter,thank,playing,awesome,game,love,games,loves,grandson,enjoyed,best,christmas
birthday,family,kids,friends,gift,play,loved,year,wonderful,favorite,enjoy,fun,great,daughter,thank,playing,awesome,game,love,games,loves,grandson,enjoyed,best,christmas
birthday,family,kids,friends,gift,play,loved,year,wonderful,favorite,enjoy,fun,great,daughter,thank,playing,awesome,game,love,games,loves,grandson,enjoyed,best,christmas
birthday,family,kids,friends,gift,play,loved,year,wonderful,favorite,enjoy,fun,great,daughter,thank,playing,awesome,game,love,games,loves,grandson,enjoyed,best,christmas
birthday,family,kids,friends,gift,play,loved,year,wonderful,favorite,enjoy,fun,great,daughter,thank,playing,awesome,game,love,games,loves,grandson,enjoyed,best,christmas
birthday,family,kids,friends,gift,play,loved,year,wonderful,favorite,enjoy,fun,great,daughter,thank,playing,awesome,game,love,games,loves,grandson,enjoyed,best,christmas
birthday,family,kids,friends,gift,play,loved,year,wonderful,favorite,enjoy,fun,great,daughter,thank,playing,awesome,game,love,games,loves,grandson,enjoyed,best,christmas
birthday,family,kids,friends,gift,play,loved,year,wonderful,favorite,enjoy,fun,great,daughter,thank,playing,awesome,game,love,games,loves,grandson,enjoyed,best,christmas
birthday,family,kids,friends,gift,play,loved,year,wonderful,favorite,enjoy,fun,great,daughter,thank,playing,awesome,game,love,games,loves,grandson,enjoyed,best,christmas
birthday,family,kids,friends,gift,play,loved,year,wonderful,favorite,enjoy,fun,great,daughter,thank,playing,awesome,game,love,games,loves,grandson,enjoyed,best,christmas
birthday,family,kids,friends,gift,play,loved,year,wonderful,favorite,enjoy,fun,great,daughter,thank,playing,awesome,game,love,games,loves,grandson,enjoyed,best,christmas
birthday,family,kids,friends,gift,play,loved,year,wonderful,favorite,enjoy,fun,great,daughter,thank,playing,awesome,game,love,games,loves,grandson,enjoyed,best,christmas
birthday,family,kids,friends,gift,play,loved,year,wonderful,favorite,enjoy,fun,great,daughter,thank,playing,awesome,game,love,games,loves,grandson,enjoyed,best,christmas
birthday,family,kids,friends,gift,play,loved,year,wonderful,favorite,enjoy,fun,great,daughter,thank,playing,awesome,game,love,games,loves,grandson,enjoyed,best,christmas
birthday,family,kids,friends,gift,play,loved,year,wonderful,favorite,enjoy,fun,great,daughter,thank,playing,awesome,game,love,games,loves,grandson,enjoyed,best,christmas
birthday,family,kids,friends,gift,play,loved,year,wonderful,favorite,enjoy,fun,great,daughter,thank,playing,awesome,game,love,games,loves,grandson,enjoyed,best,christmas
birthday,family,kids,friends,gift,play,loved,year,wonderful,favorite,enjoy,fun,great,daughter,thank,playing,awesome,game,love,games,loves,grandson,enjoyed,best,christmas
birthday,family,kids,friends,gift,play,loved,year,wonderful,favorite,enjoy,fun,great,daughter,thank,playing,awesome,game,love,games,loves,grandson,enjoyed,best,christmas
birthday,family,kids,friends,gift,play,loved,year,wonderful,favorite,enjoy,fun,great,daughter,thank,playing,awesome,game,love,games,loves,grandson,enjoyed,best,christmas
birthday,family,kids,friends,gift,play,loved,year,wonderful,favorite,enjoy,fun,great,daughter,thank,playing,awesome,game,love,games,loves,grandson,enjoyed,best,christmas
birthday,family,kids,friends,gift,play,loved,year,wonderful,favorite,enjoy,fun,great,daughter,thank,playing,awesome,game,love,games,loves,grandson,enjoyed,best,christmas
birthday,family,kids,friends,gift,play,loved,year,wonderful,favorite,enjoy,fun,great,daughter,thank,playing,awesome,game,love,games,loves,grandson,enjoyed,best,christmas
birthday,family,kids,friends,gift,play,loved,year,wonderful,favorite,enjoy,fun,great,daughter,thank,playing,awesome,game,love,games,loves,grandson,enjoyed,best,christmas
birthday,family,kids,friends,gift,play,loved,year,wonderful,favorite,enjoy,fun,great,daughter,thank,playing,awesome,game,love,games,loves,grandson,enjoyed,best,christmas
birthday,family,kids,friends,gift,play,loved,year,wonderful,favorite,enjoy,fun,great,daughter,thank,playing,awesome,game,love,games,loves,grandson,enjoyed,best,christmas
birthday,family,kids,friends,gift,play,loved,year,wonderful,favorite,enjoy,fun,great,daughter,thank,playing,awesome,game,love,games,loves,grandson,enjoyed,best,christmas
birthday,family,kids,friends,gift,play,loved,year,wonderful,favorite,enjoy,fun,great,daughter,thank,playing,awesome,game,love,games,loves,grandson,enjoyed,best,christmas
birthday,family,kids,friends,gift,play,loved,year,wonderful,favorite,enjoy,fun,great,daughter,thank,playing,awesome,game,love,games,loves,grandson,enjoyed,best,christmas
birthday,family,kids,friends,gift,play,loved,year,wonderful,favorite,enjoy,fun,great,daughter,thank,playing,awesome,game,love,games,loves,grandson,enjoyed,best,christmas
birthday,family,kids,friends,gift,play,loved,year,wonderful,favorite,enjoy,fun,great,daughter,thank,playing,awesome,game,love,games,loves,grandson,enjoyed,best,christmas
birthday,family,kids,friends,gift,play,loved,year,wonderful,favorite,enjoy,fun,great,daughter,thank,playing,awesome,game,love,games,loves,grandson,enjoyed,best,christmas
birthday,family,kids,friends,gift,play,loved,year,wonderful,favorite,enjoy,fun,great,daughter,thank,playing,awesome,game,love,games,loves,grandson,enjoyed,best,christmas
birthday,family,kids,friends,gift,play,loved,year,wonderful,favorite,enjoy,fun,great,daughter,thank,playing,awesome,game,love,games,loves,grandson,enjoyed,best,christmas
birthday,family,kids,friends,gift,play,loved,year,wonderful,favorite,enjoy,fun,great,daughter,thank,playing,awesome,game,love,games,loves,grandson,enjoyed,best,christmas
birthday,family,kids,friends,gift,play,loved,year,wonderful,favorite,enjoy,fun,great,daughter,thank,playing,awesome,game,love,games,loves,grandson,enjoyed,best,christmas
birthday,family,kids,friends,gift,play,loved,year,wonderful,favorite,enjoy,fun,great,daughter,thank,playing,awesome,game,love,games,loves,grandson,enjoyed,best,christmas
birthday,family,kids,friends,gift,play,loved,year,wonderful,favorite,enjoy,fun,great,daughter,thank,playing,awesome,game,love,games,loves,grandson,enjoyed,best,christmas
birthday,family,kids,friends,gift,play,loved,year,wonderful,favorite,enjoy,fun,great,daughter,thank,playing,awesome,game,love,games,loves,grandson,enjoyed,best,christmas
birthday,family,kids,friends,gift,play,loved,year,wonderful,favorite,enjoy,fun,great,daughter,thank,playing,awesome,game,love,games,loves,grandson,enjoyed,best,christmas
birthday,family,kids,friends,gift,play,loved,year,wonderful,favorite,enjoy,fun,great,daughter,thank,playing,awesome,game,love,games,loves,grandson,enjoyed,best,christmas
birthday,family,kids,friends,gift,play,loved,year,wonderful,favorite,enjoy,fun,great,daughter,thank,playing,awesome,game,love,games,loves,grandson,enjoyed,best,christmas
birthday,family,kids,friends,gift,play,loved,year,wonderful,favorite,enjoy,fun,great,daughter,thank,playing,awesome,game,love,games,loves,grandson,enjoyed,best,christmas
birthday,family,kids,friends,gift,play,loved,year,wonderful,favorite,enjoy,fun,great,daughter,thank,playing,awesome,game,love,games,loves,grandson,enjoyed,best,christmas
birthday,family,kids,friends,gift,play,loved,year,wonderful,favorite,enjoy,fun,great,daughter,thank,playing,awesome,game,love,games,loves,grandson,enjoyed,best,christmas
birthday,family,kids,friends,gift,play,loved,year,wonderful,favorite,enjoy,fun,great,daughter,thank,playing,awesome,game,love,games,loves,grandson,enjoyed,best,christmas
birthday,family,kids,friends,gift,play,loved,year,wonderful,favorite,enjoy,fun,great,daughter,thank,playing,awesome,game,love,games,loves,grandson,enjoyed,best,christmas
birthday,family,kids,friends,gift,play,loved,year,wonderful,favorite,enjoy,fun,great,daughter,thank,playing,awesome,game,love,games,loves,grandson,enjoyed,best,christmas
birthday,family,kids,friends,gift,play,loved,year,wonderful,favorite,enjoy,fun,great,daughter,thank,playing,awesome,game,love,games,loves,grandson,enjoyed,best,christmas
birthday,family,kids,friends,gift,play,loved,year,wonderful,favorite,enjoy,fun,great,daughter,thank,playing,awesome,game,love,games,loves,grandson,enjoyed,best,christmas
birthday,family,kids,friends,gift,play,loved,year,wonderful,favorite,enjoy,fun,great,daughter,thank,playing,awesome,game,love,games,loves,grandson,enjoyed,best,christmas
birthday,family,kids,friends,gift,play,loved,year,wonderful,favorite,enjoy,fun,great,daughter,thank,playing,awesome,game,love,games,loves,grandson,enjoyed,best,christmas
birthday,family,kids,friends,gift,play,loved,year,wonderful,favorite,enjoy,fun,great,daughter,thank,playing,awesome,game,love,games,loves,grandson,enjoyed,best,christmas
birthday,family,kids,friends,gift,play,loved,year,wonderful,favorite,enjoy,fun,great,daughter,thank,playing,awesome,game,love,games,loves,grandson,enjoyed,best,christmas
birthday,family,kids,friends,gift,play,loved,year,wonderful,favorite,enjoy,fun,great,daughter,thank,playing,awesome,game,love,games,loves,grandson,enjoyed,best,christmas
birthday,family,kids,friends,gift,play,loved,year,wonderful,favorite,enjoy,fun,great,daughter,thank,playing,awesome,game,love,games,loves,grandson,enjoyed,best,christmas
birthday,family,kids,friends,gift,play,loved,year,wonderful,favorite,enjoy,fun,great,daughter,thank,playing,awesome,game,love,games,loves,grandson,enjoyed,best,christmas
birthday,family,kids,friends,gift,play,loved,year,wonderful,favorite,enjoy,fun,great,daughter,thank,playing,awesome,game,love,games,loves,grandson,enjoyed,best,christmas
birthday,family,kids,friends,gift,play,loved,year,wonderful,favorite,enjoy,fun,great,daughter,thank,playing,awesome,game,love,games,loves,grandson,enjoyed,best,christmas
birthday,family,kids,friends,gift,play,loved,year,wonderful,favorite,enjoy,fun,great,daughter,thank,playing,awesome,game,love,games,loves,grandson,enjoyed,best,christmas
birthday,family,kids,friends,gift,play,loved,year,wonderful,favorite,enjoy,fun,great,daughter,thank,playing,awesome,game,love,games,loves,grandson,enjoyed,best,christmas
birthday,family,kids,friends,gift,play,loved,year,wonderful,favorite,enjoy,fun,great,daughter,thank,playing,awesome,game,love,games,loves,grandson,enjoyed,best,christmas
birthday,family,kids,friends,gift,play,loved,year,wonderful,favorite,enjoy,fun,great,daughter,thank,playing,awesome,game,love,games,loves,grandson,enjoyed,best,christmas
birthday,family,kids,friends,gift,play,loved,year,wonderful,favorite,enjoy,fun,great,daughter,thank,playing,awesome,game,love,games,loves,grandson,enjoyed,best,christmas
birthday,family,kids,friends,gift,play,loved,year,wonderful,favorite,enjoy,fun,great,daughter,thank,playing,awesome,game,love,games,loves,grandson,enjoyed,best,christmas
birthday,family,kids,friends,gift,play,loved,year,wonderful,favorite,enjoy,fun,great,daughter,thank,playing,awesome,game,love,games,loves,grandson,enjoyed,best,christmas
birthday,family,kids,friends,gift,play,loved,year,wonderful,favorite,enjoy,fun,great,daughter,thank,playing,awesome,game,love,games,loves,grandson,enjoyed,best,christmas
birthday,family,kids,friends,gift,play,loved,year,wonderful,favorite,enjoy,fun,great,daughter,thank,playing,awesome,game,love,games,loves,grandson,enjoyed,best,christmas
birthday,family,kids,friends,gift,play,loved,year,wonderful,favorite,enjoy,fun,great,daughter,thank,playing,awesome,game,love,games,loves,grandson,enjoyed,best,christmas
birthday,family,kids,friends,gift,play,loved,year,wonderful,favorite,enjoy,fun,great,daughter,thank,playing,awesome,game,love,games,loves,grandson,enjoyed,best,christmas
birthday,family,kids,friends,gift,play,loved,year,wonderful,favorite,enjoy,fun,great,daughter,thank,playing,awesome,game,love,games,loves,grandson,enjoyed,best,christmas
birthday,family,kids,friends,gift,play,loved,year,wonderful,favorite,enjoy,fun,great,daughter,thank,playing,awesome,game,love,games,loves,grandson,enjoyed,best,christmas
birthday,family,kids,friends,gift,play,loved,year,wonderful,favorite,enjoy,fun,great,daughter,thank,playing,awesome,game,love,games,loves,grandson,enjoyed,best,christmas
birthday,family,kids,friends,gift,play,loved,year,wonderful,favorite,enjoy,fun,great,daughter,thank,playing,awesome,game,love,games,loves,grandson,enjoyed,best,christmas
birthday,family,kids,friends,gift,play,loved,year,wonderful,favorite,enjoy,fun,great,daughter,thank,playing,awesome,game,love,games,loves,grandson,enjoyed,best,christmas
birthday,family,kids,friends,gift,play,loved,year,wonderful,favorite,enjoy,fun,great,daughter,thank,playing,awesome,game,love,games,loves,grandson,enjoyed,best,christmas
birthday,family,kids,friends,gift,play,loved,year,wonderful,favorite,enjoy,fun,great,daughter,thank,playing,awesome,game,love,games,loves,grandson,enjoyed,best,christmas
birthday,family,kids,friends,gift,play,loved,year,wonderful,favorite,enjoy,fun,great,daughter,thank,playing,awesome,game,love,games,loves,grandson,enjoyed,best,christmas
birthday,family,kids,friends,gift,play,loved,year,wonderful,favorite,enjoy,fun,great,daughter,thank,playing,awesome,game,love,games,loves,grandson,enjoyed,best,christmas
birthday,family,kids,friends,gift,play,loved,year,wonderful,favorite,enjoy,fun,great,daughter,thank,playing,awesome,game,love,games,loves,grandson,enjoyed,best,christmas
birthday,family,kids,friends,gift,play,loved,year,wonderful,favorite,enjoy,fun,great,daughter,thank,playing,awesome,game,love,games,loves,grandson,enjoyed,best,christmas
birthday,family,kids,friends,gift,play,loved,year,wonderful,favorite,enjoy,fun,great,daughter,thank,playing,awesome,game,love,games,loves,grandson,enjoyed,best,christmas
birthday,family,kids,friends,gift,play,loved,year,wonderful,favorite,enjoy,fun,great,daughter,thank,playing,awesome,game,love,games,loves,grandson,enjoyed,best,christmas
birthday,family,kids,friends,gift,play,loved,year,wonderful,favorite,enjoy,fun,great,daughter,thank,playing,awesome,game,love,games,loves,grandson,enjoyed,best,christmas
birthday,family,kids,friends,gift,play,loved,year,wonderful,favorite,enjoy,fun,great,daughter,thank,playing,awesome,game,love,games,loves,grandson,enjoyed,best,christmas
birthday,family,kids,friends,gift,play,loved,year,wonderful,favorite,enjoy,fun,great,daughter,thank,playing,awesome,game,love,games,loves,grandson,enjoyed,best,christmas
birthday,family,kids,friends,gift,play,loved,year,wonderful,favorite,enjoy,fun,great,daughter,thank,playing,awesome,game,love,games,loves,grandson,enjoyed,best,christmas
birthday,family,kids,friends,gift,play,loved,year,wonderful,favorite,enjoy,fun,great,daughter,thank,playing,awesome,game,love,games,loves,grandson,enjoyed,best,christmas
birthday,family,kids,friends,gift,play,loved,year,wonderful,favorite,enjoy,fun,great,daughter,thank,playing,awesome,game,love,games,loves,grandson,enjoyed,best,christmas
birthday,family,kids,friends,gift,play,loved,year,wonderful,favorite,enjoy,fun,great,daughter,thank,playing,awesome,game,love,games,loves,grandson,enjoyed,best,christmas
birthday,family,kids,friends,gift,play,loved,year,wonderful,favorite,enjoy,fun,great,daughter,thank,playing,awesome,game,love,games,loves,grandson,enjoyed,best,christmas
birthday,family,kids,friends,gift,play,loved,year,wonderful,favorite,enjoy,fun,great,daughter,thank,playing,awesome,game,love,games,loves,grandson,enjoyed,best,christmas
birthday,family,kids,friends,gift,play,loved,year,wonderful,favorite,enjoy,fun,great,daughter,thank,playing,awesome,game,love,games,loves,grandson,enjoyed,best,christmas
birthday,family,kids,friends,gift,play,loved,year,wonderful,favorite,enjoy,fun,great,daughter,thank,playing,awesome,game,love,games,loves,grandson,enjoyed,best,christmas
birthday,family,kids,friends,gift,play,loved,year,wonderful,favorite,enjoy,fun,great,daughter,thank,playing,awesome,game,love,games,loves,grandson,enjoyed,best,christmas
birthday,family,kids,friends,gift,play,loved,year,wonderful,favorite,enjoy,fun,great,daughter,thank,playing,awesome,game,love,games,loves,grandson,enjoyed,best,christmas
birthday,family,kids,friends,gift,play,loved,year,wonderful,favorite,enjoy,fun,great,daughter,thank,playing,awesome,game,love,games,loves,grandson,enjoyed,best,christmas
birthday,family,kids,friends,gift,play,loved,year,wonderful,favorite,enjoy,fun,great,daughter,thank,playing,awesome,game,love,games,loves,grandson,enjoyed,best,christmas
birthday,family,kids,friends,gift,play,loved,year,wonderful,favorite,enjoy,fun,great,daughter,thank,playing,awesome,game,love,games,loves,grandson,enjoyed,best,christmas
birthday,family,kids,friends,gift,play,loved,year,wonderful,favorite,enjoy,fun,great,daughter,thank,playing,awesome,game,love,games,loves,grandson,enjoyed,best,christmas
birthday,family,kids,friends,gift,play,loved,year,wonderful,favorite,enjoy,fun,great,daughter,thank,playing,awesome,game,love,games,loves,grandson,enjoyed,best,christmas
birthday,family,kids,friends,gift,play,loved,year,wonderful,favorite,enjoy,fun,great,daughter,thank,playing,awesome,game,love,games,loves,grandson,enjoyed,best,christmas
birthday,family,kids,friends,gift,play,loved,year,wonderful,favorite,enjoy,fun,great,daughter,thank,playing,awesome,game,love,games,loves,grandson,enjoyed,best,christmas
birthday,family,kids,friends,gift,play,loved,year,wonderful,favorite,enjoy,fun,great,daughter,thank,playing,awesome,game,love,games,loves,grandson,enjoyed,best,christmas
birthday,family,kids,friends,gift,play,loved,year,wonderful,favorite,enjoy,fun,great,daughter,thank,playing,awesome,game,love,games,loves,grandson,enjoyed,best,christmas
birthday,family,kids,friends,gift,play,loved,year,wonderful,favorite,enjoy,fun,great,daughter,thank,playing,awesome,game,love,games,loves,grandson,enjoyed,best,christmas
birthday,family,kids,friends,gift,play,loved,year,wonderful,favorite,enjoy,fun,great,daughter,thank,playing,awesome,game,love,games,loves,grandson,enjoyed,best,christmas
birthday,family,kids,friends,gift,play,loved,year,wonderful,favorite,enjoy,fun,great,daughter,thank,playing,awesome,game,love,games,loves,grandson,enjoyed,best,christmas
birthday,family,kids,friends,gift,play,loved,year,wonderful,favorite,enjoy,fun,great,daughter,thank,playing,awesome,game,love,games,loves,grandson,enjoyed,best,christmas
birthday,family,kids,friends,gift,play,loved,year,wonderful,favorite,enjoy,fun,great,daughter,thank,playing,awesome,game,love,games,loves,grandson,enjoyed,best,christmas
birthday,family,kids,friends,gift,play,loved,year,wonderful,favorite,enjoy,fun,great,daughter,thank,playing,awesome,game,love,games,loves,grandson,enjoyed,best,christmas
birthday,family,kids,friends,gift,play,loved,year,wonderful,favorite,enjoy,fun,great,daughter,thank,playing,awesome,game,love,games,loves,grandson,enjoyed,best,christmas
birthday,family,kids,friends,gift,play,loved,year,wonderful,favorite,enjoy,fun,great,daughter,thank,playing,awesome,game,love,games,loves,grandson,enjoyed,best,christmas
birthday,family,kids,friends,gift,play,loved,year,wonderful,favorite,enjoy,fun,great,daughter,thank,playing,awesome,game,love,games,loves,grandson,enjoyed,best,christmas
birthday,family,kids,friends,gift,play,loved,year,wonderful,favorite,enjoy,fun,great,daughter,thank,playing,awesome,game,love,games,loves,grandson,enjoyed,best,christmas
birthday,family,kids,friends,gift,play,loved,year,wonderful,favorite,enjoy,fun,great,daughter,thank,playing,awesome,game,love,games,loves,grandson,enjoyed,best,christmas
birthday,family,kids,friends,gift,play,loved,year,wonderful,favorite,enjoy,fun,great,daughter,thank,playing,awesome,game,love,games,loves,grandson,enjoyed,best,christmas
birthday,family,kids,friends,gift,play,loved,year,wonderful,favorite,enjoy,fun,great,daughter,thank,playing,awesome,game,love,games,loves,grandson,enjoyed,best,christmas
birthday,family,kids,friends,gift,play,loved,year,wonderful,favorite,enjoy,fun,great,daughter,thank,playing,awesome,game,love,games,loves,grandson,enjoyed,best,christmas
birthday,family,kids,friends,gift,play,loved,year,wonderful,favorite,enjoy,fun,great,daughter,thank,playing,awesome,game,love,games,loves,grandson,enjoyed,best,christmas
birthday,family,kids,friends,gift,play,loved,year,wonderful,favorite,enjoy,fun,great,daughter,thank,playing,awesome,game,love,games,loves,grandson,enjoyed,best,christmas
birthday,family,kids,friends,gift,play,loved,year,wonderful,favorite,enjoy,fun,great,daughter,thank,playing,awesome,game,love,games,loves,grandson,enjoyed,best,christmas
birthday,family,kids,friends,gift,play,loved,year,wonderful,favorite,enjoy,fun,great,daughter,thank,playing,awesome,game,love,games,loves,grandson,enjoyed,best,christmas
birthday,family,kids,friends,gift,play,loved,year,wonderful,favorite,enjoy,fun,great,daughter,thank,playing,awesome,game,love,games,loves,grandson,enjoyed,best,christmas
birthday,family,kids,friends,gift,play,loved,year,wonderful,favorite,enjoy,fun,great,daughter,thank,playing,awesome,game,love,games,loves,grandson,enjoyed,best,christmas
birthday,family,kids,friends,gift,play,loved,year,wonderful,favorite,enjoy,fun,great,daughter,thank,playing,awesome,game,love,games,loves,grandson,enjoyed,best,christmas
birthday,family,kids,friends,gift,play,loved,year,wonderful,favorite,enjoy,fun,great,daughter,thank,playing,awesome,game,love,games,loves,grandson,enjoyed,best,christmas
birthday,family,kids,friends,gift,play,loved,year,wonderful,favorite,enjoy,fun,great,daughter,thank,playing,awesome,game,love,games,loves,grandson,enjoyed,best,christmas
birthday,family,kids,friends,gift,play,loved,year,wonderful,favorite,enjoy,fun,great,daughter,thank,playing,awesome,game,love,games,loves,grandson,enjoyed,best,christmas
birthday,family,kids,friends,gift,play,loved,year,wonderful,favorite,enjoy,fun,great,daughter,thank,playing,awesome,game,love,games,loves,grandson,enjoyed,best,christmas
birthday,family,kids,friends,gift,play,loved,year,wonderful,favorite,enjoy,fun,great,daughter,thank,playing,awesome,game,love,games,loves,grandson,enjoyed,best,christmas
birthday,family,kids,friends,gift,play,loved,year,wonderful,favorite,enjoy,fun,great,daughter,thank,playing,awesome,game,love,games,loves,grandson,enjoyed,best,christmas
birthday,family,kids,friends,gift,play,loved,year,wonderful,favorite,enjoy,fun,great,daughter,thank,playing,awesome,game,love,games,loves,grandson,enjoyed,best,christmas
birthday,family,kids,friends,gift,play,loved,year,wonderful,favorite,enjoy,fun,great,daughter,thank,playing,awesome,game,love,games,loves,grandson,enjoyed,best,christmas
birthday,family,kids,friends,gift,play,loved,year,wonderful,favorite,enjoy,fun,great,daughter,thank,playing,awesome,game,love,games,loves,grandson,enjoyed,best,christmas
birthday,family,kids,friends,gift,play,loved,year,wonderful,favorite,enjoy,fun,great,daughter,thank,playing,awesome,game,love,games,loves,grandson,enjoyed,best,christmas
birthday,family,kids,friends,gift,play,loved,year,wonderful,favorite,enjoy,fun,great,daughter,thank,playing,awesome,game,love,games,loves,grandson,enjoyed,best,christmas
birthday,family,kids,friends,gift,play,loved,year,wonderful,favorite,enjoy,fun,great,daughter,thank,playing,awesome,game,love,games,loves,grandson,enjoyed,best,christmas
birthday,family,kids,friends,gift,play,loved,year,wonderful,favorite,enjoy,fun,great,daughter,thank,playing,awesome,game,love,games,loves,grandson,enjoyed,best,christmas
birthday,family,kids,friends,gift,play,loved,year,wonderful,favorite,enjoy,fun,great,daughter,thank,playing,awesome,game,love,games,loves,grandson,enjoyed,best,christmas
birthday,family,kids,friends,gift,play,loved,year,wonderful,favorite,enjoy,fun,great,daughter,thank,playing,awesome,game,love,games,loves,grandson,enjoyed,best,christmas
birthday,family,kids,friends,gift,play,loved,year,wonderful,favorite,enjoy,fun,great,daughter,thank,playing,awesome,game,love,games,loves,grandson,enjoyed,best,christmas
birthday,family,kids,friends,gift,play,loved,year,wonderful,favorite,enjoy,fun,great,daughter,thank,playing,awesome,game,love,games,loves,grandson,enjoyed,best,christmas
birthday,family,kids,friends,gift,play,loved,year,wonderful,favorite,enjoy,fun,great,daughter,thank,playing,awesome,game,love,games,loves,grandson,enjoyed,best,christmas
birthday,family,kids,friends,gift,play,loved,year,wonderful,favorite,enjoy,fun,great,daughter,thank,playing,awesome,game,love,games,loves,grandson,enjoyed,best,christmas
birthday,family,kids,friends,gift,play,loved,year,wonderful,favorite,enjoy,fun,great,daughter,thank,playing,awesome,game,love,games,loves,grandson,enjoyed,best,christmas
birthday,family,kids,friends,gift,play,loved,year,wonderful,favorite,enjoy,fun,great,daughter,thank,playing,awesome,game,love,games,loves,grandson,enjoyed,best,christmas
birthday,family,kids,friends,gift,play,loved,year,wonderful,favorite,enjoy,fun,great,daughter,thank,playing,awesome,game,love,games,loves,grandson,enjoyed,best,christmas
birthday,family,kids,friends,gift,play,loved,year,wonderful,favorite,enjoy,fun,great,daughter,thank,playing,awesome,game,love,games,loves,grandson,enjoyed,best,christmas
birthday,family,kids,friends,gift,play,loved,year,wonderful,favorite,enjoy,fun,great,daughter,thank,playing,awesome,game,love,games,loves,grandson,enjoyed,best,christmas
birthday,family,kids,friends,gift,play,loved,year,wonderful,favorite,enjoy,fun,great,daughter,thank,playing,awesome,game,love,games,loves,grandson,enjoyed,best,christmas
birthday,family,kids,friends,gift,play,loved,year,wonderful,favorite,enjoy,fun,great,daughter,thank,playing,awesome,game,love,games,loves,grandson,enjoyed,best,christmas
birthday,family,kids,friends,gift,play,loved,year,wonderful,favorite,enjoy,fun,great,daughter,thank,playing,awesome,game,love,games,loves,grandson,enjoyed,best,christmas
birthday,family,kids,friends,gift,play,loved,year,wonderful,favorite,enjoy,fun,great,daughter,thank,playing,awesome,game,love,games,loves,grandson,enjoyed,best,christmas
birthday,family,kids,friends,gift,play,loved,year,wonderful,favorite,enjoy,fun,great,daughter,thank,playing,awesome,game,love,games,loves,grandson,enjoyed,best,christmas
birthday,family,kids,friends,gift,play,loved,year,wonderful,favorite,enjoy,fun,great,daughter,thank,playing,awesome,game,love,games,loves,grandson,enjoyed,best,christmas
birthday,family,kids,friends,gift,play,loved,year,wonderful,favorite,enjoy,fun,great,daughter,thank,playing,awesome,game,love,games,loves,grandson,enjoyed,best,christmas
birthday,family,kids,friends,gift,play,loved,year,wonderful,favorite,enjoy,fun,great,daughter,thank,playing,awesome,game,love,games,loves,grandson,enjoyed,best,christmas
birthday,family,kids,friends,gift,play,loved,year,wonderful,favorite,enjoy,fun,great,daughter,thank,playing,awesome,game,love,games,loves,grandson,enjoyed,best,christmas
birthday,family,kids,friends,gift,play,loved,year,wonderful,favorite,enjoy,fun,great,daughter,thank,playing,awesome,game,love,games,loves,grandson,enjoyed,best,christmas
birthday,family,kids,friends,gift,play,loved,year,wonderful,favorite,enjoy,fun,great,daughter,thank,playing,awesome,game,love,games,loves,grandson,enjoyed,best,christmas
birthday,family,kids,friends,gift,play,loved,year,wonderful,favorite,enjoy,fun,great,daughter,thank,playing,awesome,game,love,games,loves,grandson,enjoyed,best,christmas
birthday,family,kids,friends,gift,play,loved,year,wonderful,favorite,enjoy,fun,great,daughter,thank,playing,awesome,game,love,games,loves,grandson,enjoyed,best,christmas
birthday,family,kids,friends,gift,play,loved,year,wonderful,favorite,enjoy,fun,great,daughter,thank,playing,awesome,game,love,games,loves,grandson,enjoyed,best,christmas
birthday,family,kids,friends,gift,play,loved,year,wonderful,favorite,enjoy,fun,great,daughter,thank,playing,awesome,game,love,games,loves,grandson,enjoyed,best,christmas
birthday,family,kids,friends,gift,play,loved,year,wonderful,favorite,enjoy,fun,great,daughter,thank,playing,awesome,game,love,games,loves,grandson,enjoyed,best,christmas
birthday,family,kids,friends,gift,play,loved,year,wonderful,favorite,enjoy,fun,great,daughter,thank,playing,awesome,game,love,games,loves,grandson,enjoyed,best,christmas
birthday,family,kids,friends,gift,play,loved,year,wonderful,favorite,enjoy,fun,great,daughter,thank,playing,awesome,game,love,games,loves,grandson,enjoyed,best,christmas
birthday,family,kids,friends,gift,play,loved,year,wonderful,favorite,enjoy,fun,great,daughter,thank,playing,awesome,game,love,games,loves,grandson,enjoyed,best,christmas
birthday,family,kids,friends,gift,play,loved,year,wonderful,favorite,enjoy,fun,great,daughter,thank,playing,awesome,game,love,games,loves,grandson,enjoyed,best,christmas
birthday,family,kids,friends,gift,play,loved,year,wonderful,favorite,enjoy,fun,great,daughter,thank,playing,awesome,game,love,games,loves,grandson,enjoyed,best,christmas
birthday,family,kids,friends,gift,play,loved,year,wonderful,favorite,enjoy,fun,great,daughter,thank,playing,awesome,game,love,games,loves,grandson,enjoyed,best,christmas
birthday,family,kids,friends,gift,play,loved,year,wonderful,favorite,enjoy,fun,great,daughter,thank,playing,awesome,game,love,games,loves,grandson,enjoyed,best,christmas
birthday,family,kids,friends,gift,play,loved,year,wonderful,favorite,enjoy,fun,great,daughter,thank,playing,awesome,game,love,games,loves,grandson,enjoyed,best,christmas
birthday,family,kids,friends,gift,play,loved,year,wonderful,favorite,enjoy,fun,great,daughter,thank,playing,awesome,game,love,games,loves,grandson,enjoyed,best,christmas
birthday,family,kids,friends,gift,play,loved,year,wonderful,favorite,enjoy,fun,great,daughter,thank,playing,awesome,game,love,games,loves,grandson,enjoyed,best,christmas
birthday,family,kids,friends,gift,play,loved,year,wonderful,favorite,enjoy,fun,great,daughter,thank,playing,awesome,game,love,games,loves,grandson,enjoyed,best,christmas
birthday,family,kids,friends,gift,play,loved,year,wonderful,favorite,enjoy,fun,great,daughter,thank,playing,awesome,game,love,games,loves,grandson,enjoyed,best,christmas
birthday,family,kids,friends,gift,play,loved,year,wonderful,favorite,enjoy,fun,great,daughter,thank,playing,awesome,game,love,games,loves,grandson,enjoyed,best,christmas
birthday,family,kids,friends,gift,play,loved,year,wonderful,favorite,enjoy,fun,great,daughter,thank,playing,awesome,game,love,games,loves,grandson,enjoyed,best,christmas
birthday,family,kids,friends,gift,play,loved,year,wonderful,favorite,enjoy,fun,great,daughter,thank,playing,awesome,game,love,games,loves,grandson,enjoyed,best,christmas
birthday,family,kids,friends,gift,play,loved,year,wonderful,favorite,enjoy,fun,great,daughter,thank,playing,awesome,game,love,games,loves,grandson,enjoyed,best,christmas
birthday,family,kids,friends,gift,play,loved,year,wonderful,favorite,enjoy,fun,great,daughter,thank,playing,awesome,game,love,games,loves,grandson,enjoyed,best,christmas
birthday,family,kids,friends,gift,play,loved,year,wonderful,favorite,enjoy,fun,great,daughter,thank,playing,awesome,game,love,games,loves,grandson,enjoyed,best,christmas
birthday,family,kids,friends,gift,play,loved,year,wonderful,favorite,enjoy,fun,great,daughter,thank,playing,awesome,game,love,games,loves,grandson,enjoyed,best,christmas
birthday,family,kids,friends,gift,play,loved,year,wonderful,favorite,enjoy,fun,great,daughter,thank,playing,awesome,game,love,games,loves,grandson,enjoyed,best,christmas
birthday,family,kids,friends,gift,play,loved,year,wonderful,favorite,enjoy,fun,great,daughter,thank,playing,awesome,game,love,games,loves,grandson,enjoyed,best,christmas
birthday,family,kids,friends,gift,play,loved,year,favorite,enjoy,fun,great,daughter,thank,book,playing,awesome,game,love,games,loves,grandson,enjoyed,best,christmas
birthday,family,kids,friends,gift,play,loved,year,favorite,enjoy,fun,great,daughter,thank,book,playing,awesome,game,love,games,loves,grandson,enjoyed,best,christmas
birthday,family,kids,friends,gift,play,loved,year,favorite,enjoy,fun,great,daughter,thank,book,playing,awesome,game,love,games,loves,grandson,enjoyed,best,christmas
birthday,family,kids,friends,gift,play,loved,year,favorite,enjoy,fun,great,daughter,thank,book,playing,awesome,game,love,games,loves,grandson,enjoyed,best,christmas
birthday,family,kids,friends,gift,play,loved,year,favorite,enjoy,fun,great,daughter,thank,book,playing,awesome,game,love,games,loves,grandson,enjoyed,best,christmas
birthday,family,kids,friends,gift,play,loved,year,favorite,enjoy,fun,great,daughter,thank,book,playing,awesome,game,love,games,loves,grandson,enjoyed,best,christmas
birthday,family,kids,friends,gift,play,loved,year,favorite,enjoy,fun,great,daughter,thank,book,playing,awesome,game,love,games,loves,grandson,enjoyed,best,christmas
birthday,family,kids,friends,gift,play,loved,year,favorite,enjoy,fun,great,daughter,thank,book,playing,awesome,game,love,games,loves,grandson,enjoyed,best,christmas
birthday,family,kids,friends,gift,play,loved,year,favorite,enjoy,fun,great,daughter,thank,book,playing,awesome,game,love,games,loves,grandson,enjoyed,best,christmas
birthday,family,kids,friends,gift,play,loved,year,favorite,enjoy,fun,great,daughter,thank,book,playing,awesome,game,love,games,loves,grandson,enjoyed,best,christmas
birthday,family,kids,friends,gift,play,loved,year,favorite,enjoy,fun,great,daughter,thank,book,playing,awesome,game,love,games,loves,grandson,enjoyed,best,christmas
birthday,family,kids,friends,gift,play,loved,year,favorite,enjoy,fun,great,daughter,thank,book,playing,awesome,game,love,games,loves,grandson,enjoyed,best,christmas
birthday,family,kids,friends,gift,play,loved,year,favorite,enjoy,fun,great,daughter,thank,book,playing,awesome,game,love,games,loves,grandson,enjoyed,best,christmas
birthday,family,kids,friends,gift,play,loved,year,favorite,enjoy,fun,great,daughter,thank,book,playing,awesome,game,love,games,loves,grandson,enjoyed,best,christmas
birthday,family,kids,friends,gift,play,loved,year,favorite,enjoy,fun,great,daughter,thank,book,playing,awesome,game,love,games,loves,grandson,enjoyed,best,christmas
birthday,family,kids,friends,gift,play,loved,year,favorite,enjoy,fun,great,daughter,thank,book,playing,awesome,game,love,games,loves,grandson,enjoyed,best,christmas
birthday,family,kids,friends,gift,play,loved,year,favorite,enjoy,fun,great,daughter,thank,book,playing,awesome,game,love,games,loves,grandson,enjoyed,best,christmas
birthday,family,kids,friends,gift,play,loved,year,favorite,enjoy,fun,great,daughter,thank,book,playing,awesome,game,love,games,loves,grandson,enjoyed,best,christmas
birthday,family,kids,friends,gift,play,loved,year,favorite,enjoy,fun,great,daughter,thank,book,playing,awesome,game,love,games,loves,grandson,enjoyed,best,christmas
birthday,family,kids,friends,gift,play,loved,year,favorite,enjoy,fun,great,daughter,thank,book,playing,awesome,game,love,games,loves,grandson,enjoyed,best,christmas
birthday,family,kids,friends,gift,play,loved,year,favorite,enjoy,fun,great,daughter,thank,book,playing,awesome,game,love,games,loves,grandson,enjoyed,best,christmas
birthday,family,kids,friends,gift,play,loved,year,favorite,enjoy,fun,great,daughter,thank,book,playing,awesome,game,love,games,loves,grandson,enjoyed,best,christmas
birthday,family,kids,friends,gift,play,loved,year,favorite,enjoy,fun,great,daughter,thank,book,playing,awesome,game,love,games,loves,grandson,enjoyed,best,christmas
birthday,family,kids,friends,gift,play,loved,year,favorite,enjoy,fun,great,daughter,thank,book,playing,awesome,game,love,games,loves,grandson,enjoyed,best,christmas
birthday,family,kids,friends,gift,play,loved,year,favorite,enjoy,fun,great,daughter,thank,book,playing,awesome,game,love,games,loves,grandson,enjoyed,best,christmas
birthday,family,kids,friends,gift,play,loved,year,favorite,enjoy,fun,great,daughter,thank,book,playing,awesome,game,love,games,loves,grandson,enjoyed,best,christmas
birthday,family,kids,friends,gift,play,loved,year,favorite,enjoy,fun,great,daughter,thank,book,playing,awesome,game,love,games,loves,grandson,enjoyed,best,christmas
birthday,family,kids,friends,gift,play,loved,year,favorite,enjoy,fun,great,daughter,thank,book,playing,awesome,game,love,games,loves,grandson,enjoyed,best,christmas
birthday,family,kids,friends,gift,play,loved,year,favorite,enjoy,fun,great,daughter,thank,book,playing,awesome,game,love,games,loves,grandson,enjoyed,best,christmas
birthday,family,kids,friends,gift,play,loved,year,favorite,enjoy,fun,great,daughter,thank,book,playing,awesome,game,love,games,loves,grandson,enjoyed,best,christmas
birthday,family,kids,friends,gift,play,loved,year,favorite,enjoy,fun,great,daughter,thank,book,playing,awesome,game,love,games,loves,grandson,enjoyed,best,christmas
birthday,family,kids,friends,gift,play,loved,year,favorite,enjoy,fun,great,daughter,thank,book,playing,awesome,game,love,games,loves,grandson,enjoyed,best,christmas
birthday,family,kids,friends,gift,play,loved,year,favorite,enjoy,fun,great,daughter,thank,book,playing,awesome,game,love,games,loves,grandson,enjoyed,best,christmas
birthday,family,kids,friends,gift,play,loved,year,favorite,enjoy,fun,great,daughter,thank,book,playing,awesome,game,love,games,loves,grandson,enjoyed,best,christmas
birthday,family,kids,friends,gift,play,loved,year,favorite,enjoy,fun,great,daughter,thank,book,playing,awesome,game,love,games,loves,grandson,enjoyed,best,christmas
birthday,family,kids,friends,gift,play,loved,year,favorite,enjoy,fun,great,daughter,thank,book,playing,awesome,game,love,games,loves,grandson,enjoyed,best,christmas
birthday,family,kids,friends,gift,play,loved,year,favorite,enjoy,fun,great,daughter,thank,book,playing,awesome,game,love,games,loves,grandson,enjoyed,best,christmas
birthday,family,kids,friends,gift,play,loved,year,favorite,enjoy,fun,great,daughter,thank,book,playing,awesome,game,love,games,loves,grandson,enjoyed,best,christmas
birthday,family,kids,friends,gift,play,loved,year,favorite,enjoy,fun,great,daughter,thank,book,playing,awesome,game,love,games,loves,grandson,enjoyed,best,christmas
birthday,family,kids,friends,gift,play,loved,year,favorite,enjoy,fun,great,daughter,thank,book,playing,awesome,game,love,games,loves,grandson,enjoyed,best,christmas
birthday,family,kids,friends,gift,play,loved,year,favorite,enjoy,fun,great,daughter,thank,book,playing,awesome,game,love,games,loves,grandson,enjoyed,best,christmas
birthday,family,kids,friends,gift,play,loved,year,favorite,enjoy,fun,great,daughter,thank,book,playing,awesome,game,love,games,loves,grandson,enjoyed,best,christmas
birthday,family,kids,friends,gift,play,loved,year,favorite,enjoy,fun,great,daughter,thank,book,playing,awesome,game,love,games,loves,grandson,enjoyed,best,christmas
birthday,family,kids,friends,gift,play,loved,year,favorite,enjoy,fun,great,daughter,thank,book,playing,awesome,game,love,games,loves,grandson,enjoyed,best,christmas
birthday,family,kids,friends,gift,play,loved,year,favorite,enjoy,fun,great,daughter,thank,book,playing,awesome,game,love,games,loves,grandson,enjoyed,best,christmas
birthday,family,kids,friends,gift,play,loved,year,favorite,enjoy,fun,great,daughter,thank,book,playing,awesome,game,love,games,loves,grandson,enjoyed,best,christmas
birthday,family,kids,friends,gift,play,loved,year,favorite,enjoy,fun,great,daughter,thank,book,playing,awesome,game,love,games,loves,grandson,enjoyed,best,christmas
birthday,family,kids,friends,gift,play,loved,year,favorite,enjoy,fun,great,daughter,thank,book,playing,awesome,game,love,games,loves,grandson,enjoyed,best,christmas
birthday,family,kids,friends,gift,play,loved,year,favorite,enjoy,fun,great,daughter,thank,book,playing,awesome,game,love,games,loves,grandson,enjoyed,best,christmas
birthday,family,kids,friends,gift,play,loved,year,favorite,enjoy,fun,great,daughter,thank,book,playing,awesome,game,love,games,loves,grandson,enjoyed,best,christmas
birthday,family,kids,friends,gift,play,loved,year,favorite,enjoy,fun,great,daughter,thank,book,playing,awesome,game,love,games,loves,grandson,enjoyed,best,christmas
birthday,family,kids,friends,gift,play,loved,year,favorite,enjoy,fun,great,daughter,thank,book,playing,awesome,game,love,games,loves,grandson,enjoyed,best,christmas
birthday,family,kids,friends,gift,play,loved,year,favorite,enjoy,fun,great,daughter,thank,book,playing,awesome,game,love,games,loves,grandson,enjoyed,best,christmas
birthday,family,kids,friends,gift,play,loved,year,favorite,enjoy,fun,great,daughter,thank,book,playing,awesome,game,love,games,loves,grandson,enjoyed,best,christmas
birthday,family,kids,friends,gift,play,loved,year,favorite,enjoy,fun,great,daughter,thank,book,playing,awesome,game,love,games,loves,grandson,enjoyed,best,christmas
birthday,family,kids,friends,gift,play,loved,year,favorite,enjoy,fun,great,daughter,thank,book,playing,awesome,game,love,games,loves,grandson,enjoyed,best,christmas
birthday,family,kids,friends,gift,play,loved,year,favorite,enjoy,fun,great,daughter,thank,book,playing,awesome,game,love,games,loves,grandson,enjoyed,best,christmas
birthday,family,kids,friends,gift,play,loved,year,favorite,enjoy,fun,great,daughter,thank,book,playing,awesome,game,love,games,loves,grandson,enjoyed,best,christmas
birthday,family,kids,friends,gift,play,loved,year,favorite,enjoy,fun,great,daughter,thank,book,playing,awesome,game,love,games,loves,grandson,enjoyed,best,christmas
birthday,family,kids,friends,gift,play,loved,year,favorite,enjoy,fun,great,daughter,thank,book,playing,awesome,game,love,games,loves,grandson,enjoyed,best,christmas
birthday,family,kids,friends,gift,play,loved,year,favorite,enjoy,fun,great,daughter,thank,book,playing,awesome,game,love,games,loves,grandson,enjoyed,best,christmas
birthday,family,kids,friends,gift,play,loved,year,favorite,enjoy,fun,great,daughter,thank,book,playing,awesome,game,love,games,loves,grandson,enjoyed,best,christmas
birthday,family,kids,friends,gift,play,loved,year,favorite,enjoy,fun,great,daughter,thank,book,playing,awesome,game,love,games,loves,grandson,enjoyed,best,christmas
birthday,family,kids,friends,gift,play,loved,year,favorite,enjoy,fun,great,daughter,thank,book,playing,awesome,game,love,games,loves,grandson,enjoyed,best,christmas
birthday,family,kids,friends,gift,play,loved,year,favorite,enjoy,fun,great,daughter,thank,book,playing,awesome,game,love,games,loves,grandson,enjoyed,best,christmas
birthday,family,kids,friends,gift,play,loved,year,favorite,enjoy,fun,great,daughter,thank,book,playing,awesome,game,love,games,loves,grandson,enjoyed,best,christmas
birthday,family,kids,friends,gift,play,loved,year,favorite,enjoy,fun,great,daughter,thank,book,playing,awesome,game,love,games,loves,grandson,enjoyed,best,christmas
birthday,family,kids,friends,gift,play,loved,year,favorite,enjoy,fun,great,daughter,thank,book,playing,awesome,game,love,games,loves,grandson,enjoyed,best,christmas
birthday,family,kids,friends,gift,play,loved,year,favorite,enjoy,fun,great,daughter,thank,book,playing,awesome,game,love,games,loves,grandson,enjoyed,best,christmas
birthday,family,kids,friends,gift,play,loved,year,favorite,enjoy,fun,great,daughter,thank,book,playing,awesome,game,love,games,loves,grandson,enjoyed,best,christmas
birthday,family,kids,friends,gift,play,loved,year,favorite,enjoy,fun,great,daughter,thank,book,playing,awesome,game,love,games,loves,grandson,enjoyed,best,christmas
birthday,family,kids,friends,gift,play,loved,year,favorite,enjoy,fun,great,daughter,thank,book,playing,awesome,game,love,games,loves,grandson,enjoyed,best,christmas
birthday,family,kids,friends,gift,play,loved,year,favorite,enjoy,fun,great,daughter,thank,book,playing,awesome,game,love,games,loves,grandson,enjoyed,best,christmas
birthday,family,kids,friends,gift,play,loved,year,favorite,enjoy,fun,great,daughter,thank,book,playing,awesome,game,love,games,loves,grandson,enjoyed,best,christmas
birthday,family,kids,friends,gift,play,loved,year,favorite,enjoy,fun,great,daughter,thank,book,playing,awesome,game,love,games,loves,grandson,enjoyed,best,christmas
birthday,family,kids,friends,gift,play,loved,year,favorite,enjoy,fun,great,daughter,thank,book,playing,awesome,game,love,games,loves,grandson,enjoyed,best,christmas
birthday,family,kids,friends,gift,play,loved,year,favorite,enjoy,fun,great,daughter,thank,book,playing,awesome,game,love,games,loves,grandson,enjoyed,best,christmas
birthday,family,kids,friends,gift,play,loved,year,favorite,enjoy,fun,great,daughter,thank,book,playing,awesome,game,love,games,loves,grandson,enjoyed,best,christmas
birthday,family,kids,friends,gift,play,loved,year,favorite,enjoy,fun,great,daughter,thank,book,playing,awesome,game,love,games,loves,grandson,enjoyed,best,christmas
birthday,family,kids,friends,gift,play,loved,year,favorite,enjoy,fun,great,daughter,thank,book,playing,awesome,game,love,games,loves,grandson,enjoyed,best,christmas
birthday,family,kids,friends,gift,play,loved,year,favorite,enjoy,fun,great,daughter,thank,book,playing,awesome,game,love,games,loves,grandson,enjoyed,best,christmas
birthday,family,kids,friends,gift,play,loved,year,favorite,enjoy,fun,great,daughter,thank,book,playing,awesome,game,love,games,loves,grandson,enjoyed,best,christmas
birthday,family,kids,friends,gift,play,loved,year,favorite,enjoy,fun,great,daughter,thank,book,playing,awesome,game,love,games,loves,grandson,enjoyed,best,christmas
birthday,family,kids,friends,gift,play,loved,year,favorite,enjoy,fun,great,daughter,thank,book,playing,awesome,game,love,games,loves,grandson,enjoyed,best,christmas
birthday,family,kids,friends,gift,play,loved,year,favorite,enjoy,fun,great,daughter,thank,book,playing,awesome,game,love,games,loves,grandson,enjoyed,best,christmas
birthday,family,kids,friends,gift,play,loved,year,favorite,enjoy,fun,great,daughter,thank,book,playing,awesome,game,love,games,loves,grandson,enjoyed,best,christmas
birthday,family,kids,friends,gift,play,loved,year,favorite,enjoy,fun,great,daughter,thank,book,playing,awesome,game,love,games,loves,grandson,enjoyed,best,christmas
birthday,family,kids,friends,gift,play,loved,year,favorite,enjoy,fun,great,daughter,thank,book,playing,awesome,game,love,games,loves,grandson,enjoyed,best,christmas
birthday,family,kids,friends,gift,play,loved,year,favorite,enjoy,fun,great,daughter,thank,book,playing,awesome,game,love,games,loves,grandson,enjoyed,best,christmas
birthday,family,kids,friends,gift,play,loved,year,favorite,enjoy,fun,great,daughter,thank,book,playing,awesome,game,love,games,loves,grandson,enjoyed,best,christmas
birthday,family,kids,friends,gift,play,loved,year,favorite,enjoy,fun,great,daughter,thank,book,playing,awesome,game,love,games,loves,grandson,enjoyed,best,christmas
birthday,family,kids,friends,gift,play,loved,year,favorite,enjoy,fun,great,daughter,thank,book,playing,awesome,game,love,games,loves,grandson,enjoyed,best,christmas
birthday,family,kids,friends,gift,play,loved,year,favorite,enjoy,fun,great,daughter,thank,book,playing,awesome,game,love,games,loves,grandson,enjoyed,best,christmas
birthday,family,kids,friends,gift,play,loved,year,favorite,enjoy,fun,great,daughter,thank,book,playing,awesome,game,love,games,loves,grandson,enjoyed,best,christmas
birthday,family,kids,friends,gift,play,loved,year,favorite,enjoy,fun,great,daughter,thank,book,playing,awesome,game,love,games,loves,grandson,enjoyed,best,christmas
birthday,family,kids,friends,gift,play,loved,year,favorite,enjoy,fun,great,daughter,thank,book,playing,awesome,game,love,games,loves,grandson,enjoyed,best,christmas
birthday,family,kids,friends,gift,play,loved,year,favorite,enjoy,fun,great,daughter,thank,book,playing,awesome,game,love,games,loves,grandson,enjoyed,best,christmas
birthday,family,kids,friends,gift,play,loved,year,favorite,enjoy,fun,great,daughter,thank,book,playing,awesome,game,love,games,loves,grandson,enjoyed,best,christmas
birthday,family,kids,friends,gift,play,loved,year,favorite,enjoy,fun,great,daughter,thank,book,playing,awesome,game,love,games,loves,grandson,enjoyed,best,christmas
birthday,family,kids,friends,gift,play,loved,year,favorite,enjoy,fun,great,daughter,thank,book,playing,awesome,game,love,games,loves,grandson,enjoyed,best,christmas
birthday,family,kids,friends,gift,play,loved,year,favorite,enjoy,fun,great,daughter,thank,book,playing,awesome,game,love,games,loves,grandson,enjoyed,best,christmas
birthday,family,kids,friends,gift,play,loved,year,favorite,enjoy,fun,great,daughter,thank,book,playing,awesome,game,love,games,loves,grandson,enjoyed,best,christmas
birthday,family,kids,friends,gift,play,loved,year,favorite,enjoy,fun,great,daughter,thank,book,playing,awesome,game,love,games,loves,grandson,enjoyed,best,christmas
birthday,family,kids,friends,gift,play,loved,year,favorite,enjoy,fun,great,daughter,thank,book,playing,awesome,game,love,games,loves,grandson,enjoyed,best,christmas
birthday,family,kids,friends,gift,play,loved,year,favorite,enjoy,fun,great,daughter,thank,book,playing,awesome,game,love,games,loves,grandson,enjoyed,best,christmas
birthday,family,kids,friends,gift,play,loved,year,favorite,enjoy,fun,great,daughter,thank,book,playing,awesome,game,love,games,loves,grandson,enjoyed,best,christmas
birthday,family,kids,friends,gift,play,loved,year,favorite,enjoy,fun,great,daughter,thank,book,playing,awesome,game,love,games,loves,grandson,enjoyed,best,christmas
birthday,family,kids,friends,gift,play,loved,year,favorite,enjoy,fun,great,daughter,thank,book,playing,awesome,game,love,games,loves,grandson,enjoyed,best,christmas
birthday,family,kids,friends,gift,play,loved,year,favorite,enjoy,fun,great,daughter,thank,book,playing,awesome,game,love,games,loves,grandson,enjoyed,best,christmas
birthday,family,kids,friends,gift,play,loved,year,favorite,enjoy,fun,great,daughter,thank,book,playing,awesome,game,love,games,loves,grandson,enjoyed,best,christmas
birthday,family,kids,friends,gift,play,loved,year,favorite,enjoy,fun,great,daughter,thank,book,playing,awesome,game,love,games,loves,grandson,enjoyed,best,christmas
birthday,family,kids,friends,gift,play,loved,year,favorite,enjoy,fun,great,daughter,thank,book,playing,awesome,game,love,games,loves,grandson,enjoyed,best,christmas
birthday,family,kids,friends,gift,play,loved,year,favorite,enjoy,fun,great,daughter,thank,book,playing,awesome,game,love,games,loves,grandson,enjoyed,best,christmas
birthday,family,kids,friends,gift,play,loved,year,favorite,enjoy,fun,great,daughter,thank,book,playing,awesome,game,love,games,loves,grandson,enjoyed,best,christmas
birthday,family,kids,friends,gift,play,loved,year,favorite,enjoy,fun,great,daughter,thank,book,playing,awesome,game,love,games,loves,grandson,enjoyed,best,christmas
birthday,family,kids,friends,gift,play,loved,year,favorite,enjoy,fun,great,daughter,thank,book,playing,awesome,game,love,games,loves,grandson,enjoyed,best,christmas
birthday,family,kids,friends,gift,play,loved,year,favorite,enjoy,fun,great,daughter,thank,book,playing,awesome,game,love,games,loves,grandson,enjoyed,best,christmas
birthday,family,kids,friends,gift,play,loved,year,favorite,enjoy,fun,great,daughter,thank,book,playing,awesome,game,love,games,loves,grandson,enjoyed,best,christmas
birthday,family,kids,friends,gift,play,loved,year,favorite,enjoy,fun,great,daughter,thank,book,playing,awesome,game,love,games,loves,grandson,enjoyed,best,christmas
birthday,family,kids,friends,gift,play,loved,year,favorite,enjoy,fun,great,daughter,thank,book,playing,awesome,game,love,games,loves,grandson,enjoyed,best,christmas
birthday,family,kids,friends,gift,play,loved,year,favorite,enjoy,fun,great,daughter,thank,book,playing,awesome,game,love,games,loves,grandson,enjoyed,best,christmas
birthday,family,kids,friends,gift,play,loved,year,favorite,enjoy,fun,great,daughter,thank,book,playing,awesome,game,love,games,loves,grandson,enjoyed,best,christmas
birthday,family,kids,friends,gift,play,loved,year,favorite,enjoy,fun,great,daughter,thank,book,playing,awesome,game,love,games,loves,grandson,enjoyed,best,christmas
birthday,family,kids,friends,gift,play,loved,year,favorite,enjoy,fun,great,daughter,thank,book,playing,awesome,game,love,games,loves,grandson,enjoyed,best,christmas
birthday,family,kids,friends,gift,play,loved,year,favorite,enjoy,fun,great,daughter,thank,book,playing,awesome,game,love,games,loves,grandson,enjoyed,best,christmas
birthday,family,kids,friends,gift,play,loved,year,favorite,enjoy,fun,great,daughter,thank,book,playing,awesome,game,love,games,loves,grandson,enjoyed,best,christmas
birthday,family,kids,friends,gift,play,loved,year,favorite,enjoy,fun,great,daughter,thank,book,playing,awesome,game,love,games,loves,grandson,enjoyed,best,christmas
birthday,family,kids,friends,gift,play,loved,year,favorite,enjoy,fun,great,daughter,thank,book,playing,awesome,game,love,games,loves,grandson,enjoyed,best,christmas
birthday,family,kids,friends,gift,play,loved,year,favorite,enjoy,fun,great,daughter,thank,book,playing,awesome,game,love,games,loves,grandson,enjoyed,best,christmas
birthday,family,kids,friends,gift,play,loved,year,favorite,enjoy,fun,great,daughter,thank,book,playing,awesome,game,love,games,loves,grandson,enjoyed,best,christmas
birthday,family,kids,friends,gift,play,loved,year,favorite,enjoy,fun,great,daughter,thank,book,playing,awesome,game,love,games,loves,grandson,enjoyed,best,christmas
birthday,family,kids,friends,gift,play,loved,year,favorite,enjoy,fun,great,daughter,thank,book,playing,awesome,game,love,games,loves,grandson,enjoyed,best,christmas
birthday,family,kids,friends,gift,play,loved,year,favorite,enjoy,fun,great,daughter,thank,book,playing,awesome,game,love,games,loves,grandson,enjoyed,best,christmas
birthday,family,kids,friends,gift,play,loved,year,favorite,enjoy,fun,great,daughter,thank,book,playing,awesome,game,love,games,loves,grandson,enjoyed,best,christmas
birthday,family,kids,friends,gift,play,loved,year,favorite,enjoy,fun,great,daughter,thank,book,playing,awesome,game,love,games,loves,grandson,enjoyed,best,christmas
birthday,family,kids,friends,gift,play,loved,year,favorite,enjoy,fun,great,daughter,thank,book,playing,awesome,game,love,games,loves,grandson,enjoyed,best,christmas
birthday,family,kids,friends,gift,play,loved,year,favorite,enjoy,fun,great,daughter,thank,book,playing,awesome,game,love,games,loves,grandson,enjoyed,best,christmas
birthday,family,kids,friends,gift,play,loved,year,favorite,enjoy,fun,great,daughter,thank,book,playing,awesome,game,love,games,loves,grandson,enjoyed,best,christmas
birthday,family,kids,friends,gift,play,loved,year,favorite,enjoy,fun,great,daughter,thank,book,playing,awesome,game,love,games,loves,grandson,enjoyed,best,christmas
birthday,family,kids,friends,gift,play,loved,year,favorite,enjoy,fun,great,daughter,thank,book,playing,awesome,game,love,games,loves,grandson,enjoyed,best,christmas
birthday,family,kids,friends,gift,play,loved,year,favorite,enjoy,fun,great,daughter,thank,book,playing,awesome,game,love,games,loves,grandson,enjoyed,best,christmas
birthday,family,kids,friends,gift,play,loved,year,favorite,enjoy,fun,great,daughter,thank,book,playing,awesome,game,love,games,loves,grandson,enjoyed,best,christmas
birthday,family,kids,friends,gift,play,loved,year,favorite,enjoy,fun,great,daughter,thank,book,playing,awesome,game,love,games,loves,grandson,enjoyed,best,christmas
birthday,family,kids,friends,gift,play,loved,year,favorite,enjoy,fun,great,daughter,thank,book,playing,awesome,game,love,games,loves,grandson,enjoyed,best,christmas
birthday,family,kids,friends,gift,play,loved,year,favorite,enjoy,fun,great,daughter,thank,book,playing,awesome,game,love,games,loves,grandson,enjoyed,best,christmas
birthday,family,kids,friends,gift,play,loved,year,favorite,enjoy,fun,great,daughter,thank,book,playing,awesome,game,love,games,loves,grandson,enjoyed,best,christmas
birthday,family,kids,friends,gift,play,loved,year,favorite,enjoy,fun,great,daughter,thank,book,playing,awesome,game,love,games,loves,grandson,enjoyed,best,christmas
birthday,family,kids,friends,gift,play,loved,year,favorite,enjoy,fun,great,daughter,thank,book,playing,awesome,game,love,games,loves,grandson,enjoyed,best,christmas
birthday,family,kids,friends,gift,play,loved,year,favorite,enjoy,fun,great,daughter,thank,book,playing,awesome,game,love,games,loves,grandson,enjoyed,best,christmas
birthday,family,kids,friends,gift,play,loved,year,favorite,enjoy,fun,great,daughter,thank,book,playing,awesome,game,love,games,loves,grandson,enjoyed,best,christmas
birthday,family,kids,friends,gift,play,loved,year,favorite,enjoy,fun,great,daughter,thank,book,playing,awesome,game,love,games,loves,grandson,enjoyed,best,christmas
birthday,family,kids,friends,gift,play,loved,year,favorite,enjoy,fun,great,daughter,thank,book,playing,awesome,game,love,games,loves,grandson,enjoyed,best,christmas
birthday,family,kids,friends,gift,play,loved,year,favorite,enjoy,fun,great,daughter,thank,book,playing,awesome,game,love,games,loves,grandson,enjoyed,best,christmas
birthday,family,kids,friends,gift,play,loved,year,favorite,enjoy,fun,great,daughter,thank,book,playing,awesome,game,love,games,loves,grandson,enjoyed,best,christmas
birthday,family,kids,friends,gift,play,loved,year,favorite,enjoy,fun,great,daughter,thank,played,playing,awesome,game,love,games,loves,grandson,enjoyed,best,christmas
birthday,family,kids,friends,gift,play,loved,year,favorite,enjoy,fun,great,daughter,thank,played,playing,awesome,game,love,games,loves,grandson,enjoyed,best,christmas
birthday,family,kids,friends,gift,play,loved,year,favorite,enjoy,fun,great,daughter,thank,played,playing,awesome,game,love,games,loves,grandson,enjoyed,best,christmas
birthday,family,kids,friends,gift,play,loved,year,favorite,enjoy,fun,great,daughter,thank,played,playing,awesome,game,love,games,loves,grandson,enjoyed,best,christmas
birthday,family,kids,friends,gift,play,loved,year,favorite,enjoy,fun,great,daughter,thank,played,playing,awesome,game,love,games,loves,grandson,enjoyed,best,christmas
birthday,family,kids,friends,gift,play,loved,year,favorite,enjoy,fun,great,daughter,thank,played,playing,awesome,game,love,games,loves,grandson,enjoyed,best,christmas
birthday,family,kids,friends,gift,play,loved,year,favorite,enjoy,fun,great,daughter,thank,played,playing,awesome,game,love,games,loves,grandson,enjoyed,best,christmas
birthday,family,kids,friends,gift,play,loved,year,favorite,enjoy,fun,great,daughter,thank,played,playing,awesome,game,love,games,loves,grandson,enjoyed,best,christmas
birthday,family,kids,friends,gift,play,loved,year,favorite,enjoy,fun,great,daughter,thank,played,playing,awesome,game,love,games,loves,grandson,enjoyed,best,christmas
birthday,family,kids,friends,gift,play,loved,year,favorite,enjoy,fun,great,daughter,thank,played,playing,awesome,game,love,games,loves,grandson,enjoyed,best,christmas
birthday,family,kids,friends,gift,play,loved,year,favorite,enjoy,fun,great,daughter,thank,played,playing,awesome,game,love,games,loves,grandson,enjoyed,best,christmas
birthday,family,kids,friends,gift,play,loved,year,favorite,enjoy,fun,great,daughter,thank,played,playing,awesome,game,love,games,loves,grandson,enjoyed,best,christmas
birthday,family,kids,friends,gift,play,loved,year,favorite,enjoy,fun,great,daughter,thank,played,playing,awesome,game,love,games,loves,grandson,enjoyed,best,christmas
birthday,family,kids,friends,gift,play,loved,year,favorite,enjoy,fun,great,daughter,thank,played,playing,awesome,game,love,games,loves,grandson,enjoyed,best,christmas
birthday,family,kids,friends,gift,play,loved,year,favorite,enjoy,fun,great,daughter,thank,played,playing,awesome,game,love,games,loves,grandson,enjoyed,best,christmas
birthday,family,kids,friends,gift,play,loved,year,favorite,enjoy,fun,great,daughter,thank,played,playing,awesome,game,love,games,loves,grandson,enjoyed,best,christmas
birthday,family,kids,friends,gift,play,loved,year,favorite,enjoy,fun,great,daughter,thank,played,playing,awesome,game,love,games,loves,grandson,enjoyed,best,christmas
birthday,family,kids,friends,gift,play,loved,year,favorite,enjoy,fun,great,daughter,thank,played,playing,awesome,game,love,games,loves,grandson,enjoyed,best,christmas
birthday,family,kids,friends,gift,play,loved,year,favorite,enjoy,fun,great,daughter,thank,played,playing,awesome,game,love,games,loves,grandson,enjoyed,best,christmas
birthday,family,kids,friends,gift,play,loved,year,favorite,enjoy,fun,great,daughter,thank,played,playing,awesome,game,love,games,loves,grandson,enjoyed,best,christmas
birthday,family,kids,friends,gift,play,loved,year,favorite,enjoy,fun,great,daughter,thank,played,playing,awesome,game,love,games,loves,grandson,enjoyed,best,christmas
birthday,family,kids,friends,gift,play,loved,year,favorite,enjoy,fun,great,daughter,thank,played,playing,awesome,game,love,games,loves,grandson,enjoyed,best,christmas
birthday,family,kids,friends,gift,play,loved,year,favorite,enjoy,fun,great,daughter,thank,played,playing,awesome,game,love,games,loves,grandson,enjoyed,best,christmas
birthday,family,kids,friends,gift,play,loved,year,favorite,enjoy,fun,great,daughter,thank,played,playing,awesome,game,love,games,loves,grandson,enjoyed,best,christmas
birthday,family,kids,friends,gift,play,loved,year,favorite,enjoy,fun,great,daughter,thank,played,playing,awesome,game,love,games,loves,grandson,enjoyed,best,christmas
birthday,family,kids,friends,gift,play,loved,year,favorite,enjoy,fun,great,daughter,thank,played,playing,awesome,game,love,games,loves,grandson,enjoyed,best,christmas
birthday,family,kids,friends,gift,play,loved,year,favorite,enjoy,fun,great,daughter,thank,played,playing,awesome,game,love,games,loves,grandson,enjoyed,best,christmas
birthday,family,kids,friends,gift,play,loved,year,favorite,enjoy,fun,great,daughter,thank,played,playing,awesome,game,love,games,loves,grandson,enjoyed,best,christmas
birthday,family,kids,friends,gift,play,loved,year,favorite,enjoy,fun,great,daughter,thank,played,playing,awesome,game,love,games,loves,grandson,enjoyed,best,christmas
birthday,family,kids,friends,gift,play,loved,year,favorite,enjoy,fun,great,daughter,thank,played,playing,awesome,game,love,games,loves,grandson,enjoyed,best,christmas
birthday,family,kids,friends,gift,play,loved,year,favorite,enjoy,fun,great,daughter,thank,played,playing,awesome,game,love,games,loves,grandson,enjoyed,best,christmas
birthday,family,kids,friends,gift,play,loved,year,favorite,enjoy,fun,great,daughter,thank,played,playing,awesome,game,love,games,loves,grandson,enjoyed,best,christmas
birthday,family,kids,friends,gift,play,loved,year,favorite,enjoy,fun,great,daughter,thank,played,playing,awesome,game,love,games,loves,grandson,enjoyed,best,christmas
birthday,family,kids,friends,gift,play,loved,year,favorite,enjoy,fun,great,daughter,thank,played,playing,awesome,game,love,games,loves,grandson,enjoyed,best,christmas
birthday,family,kids,friends,gift,play,loved,year,favorite,enjoy,fun,great,daughter,thank,played,playing,awesome,game,love,games,loves,grandson,enjoyed,best,christmas
birthday,family,kids,friends,gift,play,loved,year,favorite,enjoy,fun,great,daughter,thank,played,playing,awesome,game,love,games,loves,grandson,enjoyed,best,christmas
birthday,family,kids,friends,gift,play,loved,year,favorite,enjoy,fun,great,daughter,thank,played,playing,awesome,game,love,games,loves,grandson,enjoyed,best,christmas
birthday,family,kids,friends,gift,play,loved,year,favorite,enjoy,fun,great,daughter,thank,played,playing,awesome,game,love,games,loves,grandson,enjoyed,best,christmas
birthday,family,kids,friends,gift,play,loved,year,favorite,enjoy,fun,great,daughter,thank,played,playing,awesome,game,love,games,loves,grandson,enjoyed,best,christmas
birthday,family,kids,friends,gift,play,loved,year,favorite,enjoy,fun,great,daughter,thank,played,playing,awesome,game,love,games,loves,grandson,enjoyed,best,christmas
birthday,family,kids,friends,gift,play,loved,year,favorite,enjoy,fun,great,daughter,thank,played,playing,awesome,game,love,games,loves,grandson,enjoyed,best,christmas
birthday,family,kids,friends,gift,play,loved,year,favorite,enjoy,fun,great,daughter,thank,played,playing,awesome,game,love,games,loves,grandson,enjoyed,best,christmas
birthday,family,kids,friends,gift,play,loved,year,favorite,enjoy,fun,great,daughter,thank,played,playing,awesome,game,love,games,loves,grandson,enjoyed,best,christmas
birthday,family,kids,friends,gift,play,loved,year,favorite,enjoy,fun,great,daughter,thank,played,playing,awesome,game,love,games,loves,grandson,enjoyed,best,christmas
birthday,family,kids,friends,gift,play,loved,year,favorite,enjoy,fun,great,daughter,thank,played,playing,awesome,game,love,games,loves,grandson,enjoyed,best,christmas
birthday,family,kids,friends,gift,play,loved,year,favorite,enjoy,fun,great,daughter,thank,played,playing,awesome,game,love,games,loves,grandson,enjoyed,best,christmas
birthday,family,kids,friends,gift,play,loved,year,favorite,enjoy,fun,great,daughter,thank,played,playing,awesome,game,love,games,loves,grandson,enjoyed,best,christmas
birthday,family,kids,friends,gift,play,loved,year,favorite,enjoy,fun,great,daughter,thank,played,playing,awesome,game,love,games,loves,grandson,enjoyed,best,christmas
birthday,family,kids,friends,gift,play,loved,year,favorite,enjoy,fun,great,daughter,thank,played,playing,awesome,game,love,games,loves,grandson,enjoyed,best,christmas
birthday,family,kids,friends,gift,play,loved,year,favorite,enjoy,fun,great,daughter,thank,played,playing,awesome,game,love,games,loves,grandson,enjoyed,best,christmas
birthday,family,kids,friends,gift,play,loved,year,favorite,enjoy,fun,great,daughter,thank,book,playing,awesome,game,love,games,loves,grandson,enjoyed,best,christmas
birthday,family,kids,friends,gift,play,loved,year,favorite,enjoy,fun,great,daughter,thank,book,playing,awesome,game,love,games,loves,grandson,enjoyed,best,christmas
birthday,family,kids,friends,gift,play,loved,year,favorite,enjoy,fun,great,daughter,thank,book,playing,awesome,game,love,games,loves,grandson,enjoyed,best,christmas
birthday,family,kids,friends,gift,play,loved,year,favorite,enjoy,fun,great,daughter,thank,book,playing,awesome,game,love,games,loves,grandson,enjoyed,best,christmas
birthday,family,kids,friends,gift,play,loved,year,favorite,enjoy,fun,great,daughter,thank,book,playing,awesome,game,love,games,loves,grandson,enjoyed,best,christmas
birthday,family,kids,friends,gift,play,loved,year,favorite,enjoy,fun,great,daughter,thank,book,playing,awesome,game,love,games,loves,grandson,enjoyed,best,christmas
birthday,family,kids,friends,gift,play,loved,year,favorite,enjoy,fun,great,daughter,thank,played,playing,awesome,game,love,games,loves,grandson,enjoyed,best,christmas
birthday,family,kids,friends,gift,play,loved,year,favorite,enjoy,fun,great,daughter,thank,played,playing,awesome,game,love,games,loves,grandson,enjoyed,best,christmas
birthday,family,kids,friends,gift,play,loved,year,favorite,enjoy,fun,great,daughter,thank,played,playing,awesome,game,love,games,loves,grandson,enjoyed,best,christmas
birthday,family,kids,friends,gift,play,loved,year,favorite,enjoy,fun,great,daughter,thank,played,playing,awesome,game,love,games,loves,grandson,enjoyed,best,christmas
birthday,family,kids,friends,gift,play,loved,year,favorite,enjoy,fun,great,daughter,thank,played,playing,awesome,game,love,games,loves,grandson,enjoyed,best,christmas
birthday,family,kids,friends,gift,play,loved,year,favorite,enjoy,fun,great,daughter,thank,played,playing,awesome,game,love,games,loves,grandson,enjoyed,best,christmas
birthday,family,kids,friends,gift,play,loved,year,favorite,enjoy,fun,great,daughter,thank,played,playing,awesome,game,love,games,loves,grandson,enjoyed,best,christmas
birthday,family,kids,friends,gift,play,loved,year,favorite,enjoy,fun,great,daughter,thank,played,playing,awesome,game,love,games,loves,grandson,enjoyed,best,christmas
birthday,family,kids,friends,gift,play,loved,year,favorite,enjoy,fun,great,daughter,thank,played,playing,awesome,game,love,games,loves,grandson,enjoyed,best,christmas
birthday,family,kids,friends,gift,play,loved,year,favorite,enjoy,fun,great,daughter,thank,played,playing,awesome,game,love,games,loves,grandson,enjoyed,best,christmas
birthday,family,kids,friends,gift,play,loved,year,favorite,enjoy,fun,great,daughter,thank,played,playing,awesome,game,love,games,loves,grandson,enjoyed,best,christmas
birthday,family,kids,friends,gift,play,loved,year,favorite,enjoy,fun,great,daughter,thank,played,playing,awesome,game,love,games,loves,grandson,enjoyed,best,christmas
birthday,family,kids,friends,gift,play,loved,year,favorite,enjoy,fun,great,daughter,thank,played,playing,awesome,game,love,games,loves,grandson,enjoyed,best,christmas
birthday,family,kids,friends,gift,play,loved,year,favorite,enjoy,fun,great,daughter,thank,played,playing,awesome,game,love,games,loves,grandson,enjoyed,best,christmas
birthday,family,kids,friends,gift,play,loved,year,favorite,enjoy,fun,great,daughter,thank,played,playing,awesome,game,love,games,loves,grandson,enjoyed,best,christmas
birthday,family,kids,friends,gift,play,loved,year,favorite,enjoy,fun,great,daughter,thank,played,playing,awesome,game,love,games,loves,grandson,enjoyed,best,christmas
birthday,family,kids,friends,gift,play,loved,year,favorite,enjoy,fun,great,daughter,thank,played,playing,awesome,game,love,games,loves,grandson,enjoyed,best,christmas
birthday,family,kids,friends,gift,play,loved,year,favorite,enjoy,fun,great,daughter,thank,played,playing,awesome,game,love,games,loves,grandson,enjoyed,best,christmas
birthday,family,kids,friends,gift,play,loved,year,favorite,enjoy,fun,great,daughter,thank,played,playing,awesome,game,love,games,loves,grandson,enjoyed,best,christmas
birthday,family,kids,friends,gift,play,loved,year,favorite,enjoy,fun,great,daughter,thank,played,playing,awesome,game,love,games,loves,grandson,enjoyed,best,christmas
birthday,family,kids,friends,gift,play,loved,year,favorite,enjoy,fun,great,daughter,thank,played,playing,awesome,game,love,games,loves,grandson,enjoyed,best,christmas
birthday,family,kids,friends,gift,play,loved,year,favorite,enjoy,fun,great,daughter,thank,played,playing,awesome,game,love,games,loves,grandson,enjoyed,best,christmas
birthday,family,kids,friends,gift,play,loved,year,favorite,enjoy,fun,great,daughter,thank,played,playing,awesome,game,love,games,loves,grandson,enjoyed,best,christmas
birthday,family,kids,friends,gift,play,loved,year,favorite,enjoy,fun,great,daughter,thank,played,playing,awesome,game,love,games,loves,grandson,enjoyed,best,christmas
birthday,family,kids,friends,gift,play,loved,year,favorite,enjoy,fun,great,daughter,thank,played,playing,awesome,game,love,games,loves,grandson,enjoyed,best,christmas
birthday,family,kids,friends,gift,play,loved,year,favorite,enjoy,fun,great,daughter,thank,played,playing,awesome,game,love,games,loves,grandson,enjoyed,best,christmas
birthday,family,kids,friends,gift,play,loved,year,favorite,enjoy,fun,great,daughter,thank,played,playing,awesome,game,love,games,loves,grandson,enjoyed,best,christmas
birthday,family,kids,friends,gift,play,loved,year,favorite,enjoy,fun,great,daughter,thank,played,playing,awesome,game,love,games,loves,grandson,enjoyed,best,christmas
birthday,family,kids,friends,gift,play,loved,year,favorite,enjoy,fun,great,daughter,thank,played,playing,awesome,game,love,games,loves,grandson,enjoyed,best,christmas
birthday,family,kids,friends,gift,play,loved,year,favorite,enjoy,fun,great,daughter,thank,played,playing,awesome,game,love,games,loves,grandson,enjoyed,best,christmas
birthday,family,kids,friends,gift,play,loved,year,favorite,enjoy,fun,great,daughter,thank,played,playing,awesome,game,love,games,loves,grandson,enjoyed,best,christmas
birthday,family,kids,friends,gift,play,loved,year,favorite,enjoy,fun,great,daughter,thank,played,playing,awesome,game,love,games,loves,grandson,enjoyed,best,christmas
birthday,family,kids,friends,gift,play,loved,year,favorite,enjoy,fun,great,daughter,thank,played,playing,awesome,game,love,games,loves,grandson,enjoyed,best,christmas
birthday,family,kids,friends,gift,play,loved,year,favorite,enjoy,fun,great,daughter,thank,played,playing,awesome,game,love,games,loves,grandson,enjoyed,best,christmas
birthday,family,kids,friends,gift,play,loved,year,favorite,enjoy,fun,great,daughter,thank,played,playing,awesome,game,love,games,loves,grandson,enjoyed,best,christmas
birthday,family,kids,friends,gift,play,loved,year,favorite,enjoy,fun,great,daughter,thank,played,playing,awesome,game,love,games,loves,grandson,enjoyed,best,christmas
birthday,family,kids,friends,gift,play,loved,year,favorite,enjoy,fun,great,daughter,thank,played,playing,awesome,game,love,games,loves,grandson,enjoyed,best,christmas
birthday,family,kids,friends,gift,play,loved,year,favorite,enjoy,fun,great,daughter,thank,played,playing,awesome,game,love,games,loves,grandson,enjoyed,best,christmas
birthday,family,kids,friends,gift,play,loved,year,favorite,enjoy,fun,great,daughter,thank,played,playing,awesome,game,love,games,loves,grandson,enjoyed,best,christmas
birthday,family,kids,friends,gift,play,loved,year,favorite,enjoy,fun,great,daughter,thank,played,playing,awesome,game,love,games,loves,grandson,enjoyed,best,christmas
birthday,family,kids,friends,gift,play,loved,year,favorite,enjoy,fun,great,daughter,thank,played,playing,awesome,game,love,games,loves,grandson,enjoyed,best,christmas
birthday,family,kids,friends,gift,play,loved,year,favorite,enjoy,fun,great,daughter,thank,played,playing,awesome,game,love,games,loves,grandson,enjoyed,best,christmas
birthday,family,kids,friends,gift,play,loved,year,favorite,enjoy,fun,great,daughter,thank,played,playing,awesome,game,love,games,loves,grandson,enjoyed,best,christmas
birthday,family,kids,friends,gift,play,loved,year,favorite,enjoy,fun,great,daughter,thank,played,playing,awesome,game,love,games,loves,grandson,enjoyed,best,christmas
birthday,family,kids,friends,gift,play,loved,year,favorite,enjoy,fun,great,daughter,thank,played,playing,awesome,game,love,games,loves,grandson,enjoyed,best,christmas
birthday,family,kids,friends,gift,play,loved,year,favorite,enjoy,fun,great,daughter,thank,played,playing,awesome,game,love,games,loves,grandson,enjoyed,best,christmas
birthday,family,kids,friends,gift,play,loved,year,favorite,enjoy,fun,great,daughter,thank,played,playing,awesome,game,love,games,loves,grandson,enjoyed,best,christmas
birthday,family,kids,friends,gift,play,loved,year,favorite,enjoy,fun,great,daughter,thank,played,playing,awesome,game,love,games,loves,grandson,enjoyed,best,christmas
birthday,family,kids,friends,gift,play,loved,year,favorite,enjoy,fun,great,daughter,thank,played,playing,awesome,game,love,games,loves,grandson,enjoyed,best,christmas
birthday,family,kids,friends,gift,play,loved,year,favorite,enjoy,fun,great,daughter,thank,played,playing,awesome,game,love,games,loves,grandson,enjoyed,best,christmas
birthday,family,kids,friends,gift,play,loved,year,favorite,enjoy,fun,great,daughter,thank,played,playing,awesome,game,love,games,loves,grandson,enjoyed,best,christmas
birthday,family,kids,friends,gift,play,loved,year,favorite,enjoy,fun,great,daughter,thank,played,playing,awesome,game,love,games,loves,grandson,enjoyed,best,christmas
birthday,family,kids,friends,gift,play,loved,year,favorite,enjoy,fun,great,daughter,thank,played,playing,awesome,game,love,games,loves,grandson,enjoyed,best,christmas
birthday,family,kids,friends,gift,play,loved,year,favorite,enjoy,fun,great,daughter,thank,played,playing,awesome,game,love,games,loves,grandson,enjoyed,best,christmas
birthday,family,kids,friends,gift,play,loved,year,favorite,enjoy,fun,great,daughter,thank,played,playing,awesome,game,love,games,loves,grandson,enjoyed,best,christmas
birthday,family,kids,friends,gift,play,loved,year,favorite,enjoy,fun,great,daughter,thank,played,playing,awesome,game,love,games,loves,grandson,enjoyed,best,christmas
birthday,family,kids,friends,gift,play,loved,year,favorite,enjoy,fun,great,daughter,thank,played,playing,awesome,game,love,games,loves,grandson,enjoyed,best,christmas
birthday,family,kids,friends,gift,play,loved,year,favorite,enjoy,fun,great,daughter,thank,played,playing,awesome,game,love,games,loves,grandson,enjoyed,best,christmas
birthday,family,kids,friends,gift,play,loved,year,favorite,enjoy,fun,great,daughter,thank,played,playing,awesome,game,love,games,loves,grandson,enjoyed,best,christmas
birthday,family,kids,friends,gift,play,loved,year,favorite,enjoy,fun,great,daughter,thank,played,playing,awesome,game,love,games,loves,grandson,enjoyed,best,christmas
birthday,family,kids,friends,gift,play,loved,year,favorite,enjoy,fun,great,daughter,thank,played,playing,awesome,game,love,games,loves,grandson,enjoyed,best,christmas
birthday,family,kids,friends,gift,play,loved,year,favorite,enjoy,fun,great,daughter,thank,played,playing,awesome,game,love,games,loves,grandson,enjoyed,best,christmas
birthday,family,kids,friends,gift,play,loved,year,favorite,enjoy,fun,great,daughter,thank,played,playing,awesome,game,love,games,loves,grandson,enjoyed,best,christmas
birthday,family,kids,friends,gift,play,loved,year,favorite,enjoy,fun,great,daughter,thank,played,playing,awesome,game,love,games,loves,grandson,enjoyed,best,christmas
birthday,family,kids,friends,gift,play,loved,year,favorite,enjoy,fun,great,daughter,thank,played,playing,awesome,game,love,games,loves,grandson,enjoyed,best,christmas
birthday,family,kids,friends,gift,play,loved,year,favorite,enjoy,fun,great,daughter,thank,played,playing,awesome,game,love,games,loves,grandson,enjoyed,best,christmas
birthday,family,kids,friends,gift,play,loved,year,favorite,enjoy,fun,great,daughter,thank,played,playing,awesome,game,love,games,loves,grandson,enjoyed,best,christmas
birthday,family,kids,friends,gift,play,loved,year,favorite,enjoy,fun,great,daughter,thank,played,playing,awesome,game,love,games,loves,grandson,enjoyed,best,christmas
birthday,family,kids,friends,gift,play,loved,year,favorite,enjoy,fun,great,daughter,thank,played,playing,awesome,game,love,games,loves,grandson,enjoyed,best,christmas
birthday,family,kids,friends,gift,play,loved,year,favorite,enjoy,fun,great,daughter,thank,played,playing,awesome,game,love,games,loves,grandson,enjoyed,best,christmas
birthday,family,kids,friends,gift,play,loved,year,favorite,enjoy,fun,great,daughter,thank,played,playing,awesome,game,love,games,loves,grandson,enjoyed,best,christmas
birthday,family,kids,friends,gift,play,loved,year,favorite,enjoy,fun,great,daughter,thank,played,playing,awesome,game,love,games,loves,grandson,enjoyed,best,christmas
birthday,family,kids,friends,gift,play,loved,year,favorite,enjoy,fun,great,daughter,thank,played,playing,awesome,game,love,games,loves,grandson,enjoyed,best,christmas
birthday,family,kids,friends,gift,play,loved,year,favorite,enjoy,fun,great,daughter,thank,played,playing,awesome,game,love,games,loves,grandson,enjoyed,best,christmas
birthday,family,kids,friends,gift,play,loved,year,favorite,enjoy,fun,great,daughter,thank,played,playing,awesome,game,love,games,loves,grandson,enjoyed,best,christmas
birthday,family,kids,friends,gift,play,loved,year,favorite,enjoy,fun,great,daughter,thank,played,playing,awesome,game,love,games,loves,grandson,enjoyed,best,christmas
birthday,family,kids,friends,gift,play,loved,year,favorite,enjoy,fun,great,daughter,thank,played,playing,awesome,game,love,games,loves,grandson,enjoyed,best,christmas
birthday,family,kids,friends,gift,play,loved,year,favorite,enjoy,fun,great,daughter,thank,played,playing,awesome,game,love,games,loves,grandson,enjoyed,best,christmas
birthday,family,kids,friends,gift,play,loved,year,favorite,enjoy,fun,great,daughter,thank,played,playing,awesome,game,love,games,loves,grandson,enjoyed,best,christmas
birthday,family,kids,friends,gift,play,loved,year,favorite,enjoy,fun,great,daughter,thank,played,playing,awesome,game,love,games,loves,grandson,enjoyed,best,christmas
birthday,family,kids,friends,gift,play,loved,year,favorite,enjoy,fun,great,daughter,thank,played,playing,awesome,game,love,games,loves,grandson,enjoyed,best,christmas
birthday,family,kids,friends,gift,play,loved,year,favorite,enjoy,fun,great,daughter,thank,played,playing,awesome,game,love,games,loves,grandson,enjoyed,best,christmas
birthday,family,kids,friends,gift,play,loved,year,favorite,enjoy,fun,great,daughter,thank,played,playing,awesome,game,love,games,loves,grandson,enjoyed,best,christmas
birthday,family,kids,friends,gift,play,loved,year,favorite,enjoy,fun,great,daughter,thank,played,playing,awesome,game,love,games,loves,grandson,enjoyed,best,christmas
birthday,family,kids,friends,gift,play,loved,year,favorite,enjoy,fun,great,daughter,thank,played,playing,awesome,game,love,games,loves,grandson,enjoyed,best,christmas
birthday,family,kids,friends,gift,play,loved,year,favorite,enjoy,fun,great,daughter,thank,played,playing,awesome,game,love,games,loves,grandson,enjoyed,best,christmas
birthday,family,kids,friends,gift,play,loved,year,favorite,enjoy,fun,great,daughter,thank,played,playing,awesome,game,love,games,loves,grandson,enjoyed,best,christmas
birthday,family,kids,friends,gift,play,loved,year,favorite,enjoy,fun,great,daughter,thank,played,playing,awesome,game,love,games,loves,grandson,enjoyed,best,christmas
birthday,family,kids,friends,gift,play,loved,year,favorite,enjoy,fun,great,daughter,thank,played,playing,awesome,game,love,games,loves,grandson,enjoyed,best,christmas
birthday,family,kids,friends,gift,play,loved,year,favorite,enjoy,fun,great,daughter,thank,played,playing,awesome,game,love,games,loves,grandson,enjoyed,best,christmas
birthday,family,kids,friends,gift,play,loved,year,favorite,enjoy,fun,great,daughter,thank,played,playing,awesome,game,love,games,loves,grandson,enjoyed,best,christmas
birthday,family,kids,friends,gift,play,loved,year,favorite,enjoy,fun,great,daughter,thank,played,playing,awesome,game,love,games,loves,grandson,enjoyed,best,christmas
birthday,family,kids,friends,gift,play,loved,year,favorite,enjoy,fun,great,daughter,thank,played,playing,awesome,game,love,games,loves,grandson,enjoyed,best,christmas
birthday,family,kids,friends,gift,play,loved,year,favorite,enjoy,fun,great,daughter,thank,played,playing,awesome,game,love,games,loves,grandson,enjoyed,best,christmas
birthday,family,kids,friends,gift,play,loved,year,favorite,enjoy,fun,great,daughter,thank,played,playing,awesome,game,love,games,loves,grandson,enjoyed,best,christmas
birthday,family,kids,friends,gift,play,loved,year,favorite,enjoy,fun,great,daughter,thank,played,playing,awesome,game,love,games,loves,grandson,enjoyed,best,christmas
birthday,family,kids,friends,gift,play,loved,year,favorite,enjoy,fun,great,daughter,thank,played,playing,awesome,game,love,games,loves,grandson,enjoyed,best,christmas
birthday,family,kids,friends,gift,play,loved,year,favorite,enjoy,fun,great,daughter,thank,played,playing,awesome,game,love,games,loves,grandson,enjoyed,best,christmas
birthday,family,kids,friends,gift,play,loved,year,favorite,enjoy,fun,great,daughter,thank,played,playing,awesome,game,love,games,loves,grandson,enjoyed,best,christmas
birthday,family,kids,friends,gift,play,loved,year,favorite,enjoy,fun,great,daughter,thank,played,playing,awesome,game,love,games,loves,grandson,enjoyed,best,christmas
birthday,family,kids,friends,gift,play,loved,year,favorite,enjoy,fun,great,daughter,thank,played,playing,awesome,game,love,games,loves,grandson,enjoyed,best,christmas
birthday,family,kids,friends,gift,play,loved,year,favorite,enjoy,fun,great,daughter,thank,played,playing,awesome,game,love,games,loves,grandson,enjoyed,best,christmas
birthday,family,kids,friends,gift,play,loved,year,favorite,enjoy,fun,great,daughter,thank,played,playing,awesome,game,love,games,loves,grandson,enjoyed,best,christmas
birthday,family,kids,friends,gift,play,loved,year,favorite,enjoy,fun,great,daughter,thank,played,playing,awesome,game,love,games,loves,grandson,enjoyed,best,christmas
birthday,family,kids,friends,gift,play,loved,year,favorite,enjoy,fun,great,daughter,thank,played,playing,awesome,game,love,games,loves,grandson,enjoyed,best,christmas
birthday,family,kids,friends,gift,play,loved,year,favorite,enjoy,fun,great,daughter,thank,played,playing,awesome,game,love,games,loves,grandson,enjoyed,best,christmas
birthday,family,kids,friends,gift,play,loved,year,favorite,enjoy,fun,great,daughter,thank,played,playing,awesome,game,love,games,loves,grandson,enjoyed,best,christmas
birthday,family,kids,friends,gift,play,loved,year,favorite,enjoy,fun,great,daughter,thank,played,playing,awesome,game,love,games,loves,grandson,enjoyed,best,christmas
birthday,family,kids,friends,gift,play,loved,year,favorite,enjoy,fun,great,daughter,thank,played,playing,awesome,game,love,games,loves,grandson,enjoyed,best,christmas
birthday,family,kids,friends,gift,play,loved,year,favorite,enjoy,fun,great,daughter,thank,played,playing,awesome,game,love,games,loves,grandson,enjoyed,best,christmas
birthday,family,kids,friends,gift,play,loved,year,favorite,enjoy,fun,great,daughter,thank,played,playing,awesome,game,love,games,loves,grandson,enjoyed,best,christmas
birthday,family,kids,friends,gift,play,loved,year,favorite,enjoy,fun,great,daughter,thank,played,playing,awesome,game,love,games,loves,grandson,enjoyed,best,christmas
birthday,family,kids,friends,gift,play,loved,year,favorite,enjoy,fun,great,daughter,thank,played,playing,awesome,game,love,games,loves,grandson,enjoyed,best,christmas
birthday,family,kids,friends,gift,play,loved,year,favorite,enjoy,fun,great,daughter,thank,played,playing,awesome,game,love,games,loves,grandson,enjoyed,best,christmas
birthday,family,kids,friends,gift,play,loved,year,favorite,enjoy,fun,great,daughter,thank,played,playing,awesome,game,love,games,loves,grandson,enjoyed,best,christmas
birthday,family,kids,friends,gift,play,loved,year,favorite,enjoy,fun,great,daughter,thank,played,playing,awesome,game,love,games,loves,grandson,enjoyed,best,christmas
birthday,family,kids,friends,gift,play,loved,year,favorite,enjoy,fun,great,daughter,thank,played,playing,awesome,game,love,games,loves,grandson,enjoyed,best,christmas
birthday,family,kids,friends,gift,play,loved,year,favorite,enjoy,fun,great,daughter,thank,played,playing,awesome,game,love,games,loves,grandson,enjoyed,best,christmas
birthday,family,kids,friends,gift,play,loved,year,favorite,enjoy,fun,great,daughter,thank,played,playing,awesome,game,love,games,loves,grandson,enjoyed,best,christmas
birthday,family,kids,friends,gift,play,loved,year,favorite,enjoy,fun,great,daughter,thank,played,playing,awesome,game,love,games,loves,grandson,enjoyed,best,christmas
birthday,family,kids,friends,gift,play,loved,year,favorite,enjoy,fun,great,daughter,thank,played,playing,awesome,game,love,games,loves,grandson,enjoyed,best,christmas
birthday,family,kids,friends,gift,play,loved,year,favorite,enjoy,fun,great,daughter,thank,played,playing,awesome,game,love,games,loves,grandson,enjoyed,best,christmas
birthday,family,kids,friends,gift,play,loved,year,favorite,enjoy,fun,great,daughter,thank,played,playing,awesome,game,love,games,loves,grandson,enjoyed,best,christmas
birthday,family,kids,friends,gift,play,loved,year,favorite,enjoy,fun,great,daughter,thank,played,playing,awesome,game,love,games,loves,grandson,enjoyed,best,christmas
birthday,family,kids,friends,gift,play,loved,year,favorite,enjoy,fun,great,daughter,thank,played,playing,awesome,game,love,games,loves,grandson,enjoyed,best,christmas
birthday,family,kids,friends,gift,play,loved,year,favorite,enjoy,fun,great,daughter,thank,played,playing,awesome,game,love,games,loves,grandson,enjoyed,best,christmas
birthday,family,kids,friends,gift,play,loved,year,favorite,enjoy,fun,great,daughter,thank,played,playing,awesome,game,love,games,loves,grandson,enjoyed,best,christmas
birthday,family,kids,friends,gift,play,loved,year,favorite,enjoy,fun,great,daughter,thank,played,playing,awesome,game,love,games,loves,grandson,enjoyed,best,christmas
birthday,family,kids,friends,gift,play,loved,year,favorite,enjoy,fun,great,daughter,thank,played,playing,awesome,game,love,games,loves,grandson,enjoyed,best,christmas
birthday,family,kids,friends,gift,play,loved,year,favorite,enjoy,fun,great,daughter,thank,played,playing,awesome,game,love,games,loves,grandson,enjoyed,best,christmas
birthday,family,kids,friends,gift,play,loved,year,favorite,enjoy,fun,great,daughter,thank,played,playing,awesome,game,love,games,loves,grandson,enjoyed,best,christmas
birthday,family,kids,friends,gift,play,loved,year,favorite,enjoy,fun,great,daughter,thank,played,playing,awesome,game,love,games,loves,grandson,enjoyed,best,christmas
birthday,family,kids,friends,gift,play,loved,year,favorite,enjoy,fun,great,daughter,thank,played,playing,awesome,game,love,games,loves,grandson,enjoyed,best,christmas
birthday,family,kids,friends,gift,play,loved,year,favorite,enjoy,fun,great,daughter,thank,played,playing,awesome,game,love,games,loves,grandson,enjoyed,best,christmas
birthday,family,kids,friends,gift,play,loved,year,favorite,enjoy,fun,great,daughter,thank,played,playing,awesome,game,love,games,loves,grandson,enjoyed,best,christmas
birthday,family,kids,friends,gift,play,loved,year,favorite,enjoy,fun,great,daughter,thank,played,playing,awesome,game,love,games,loves,grandson,enjoyed,best,christmas
birthday,family,kids,friends,gift,play,loved,year,favorite,enjoy,fun,great,daughter,thank,played,playing,awesome,game,love,games,loves,grandson,enjoyed,best,christmas
birthday,family,kids,friends,gift,play,loved,year,favorite,enjoy,fun,great,daughter,thank,played,playing,awesome,game,love,games,loves,grandson,enjoyed,best,christmas
birthday,family,kids,friends,gift,play,loved,year,favorite,enjoy,fun,great,daughter,thank,played,playing,awesome,game,love,games,loves,grandson,enjoyed,best,christmas
birthday,family,kids,friends,gift,play,loved,year,favorite,enjoy,fun,great,daughter,thank,played,playing,awesome,game,love,games,loves,grandson,enjoyed,best,christmas
birthday,family,kids,friends,gift,play,loved,year,favorite,enjoy,fun,great,daughter,thank,played,playing,awesome,game,love,games,loves,grandson,enjoyed,best,christmas
birthday,family,kids,friends,gift,play,loved,year,favorite,enjoy,fun,great,daughter,thank,played,playing,awesome,game,love,games,loves,grandson,enjoyed,best,christmas
birthday,family,kids,friends,gift,play,loved,year,favorite,enjoy,fun,great,daughter,thank,played,playing,awesome,game,love,games,loves,grandson,enjoyed,best,christmas
birthday,family,kids,friends,gift,play,loved,year,favorite,enjoy,fun,great,daughter,thank,played,playing,awesome,game,love,games,loves,grandson,enjoyed,best,christmas
birthday,family,kids,friends,gift,play,loved,year,favorite,enjoy,fun,great,daughter,thank,played,playing,awesome,game,love,games,loves,grandson,enjoyed,best,christmas
birthday,family,kids,friends,gift,play,loved,year,favorite,enjoy,fun,great,daughter,thank,played,playing,awesome,game,love,games,loves,grandson,enjoyed,best,christmas
birthday,family,kids,friends,gift,play,loved,year,favorite,enjoy,fun,great,daughter,thank,played,playing,awesome,game,love,games,loves,grandson,enjoyed,best,christmas
birthday,family,kids,friends,gift,play,loved,year,favorite,enjoy,fun,great,daughter,thank,played,playing,awesome,game,love,games,loves,grandson,enjoyed,best,christmas
birthday,family,kids,friends,gift,play,loved,year,favorite,enjoy,fun,great,daughter,thank,played,playing,awesome,game,love,games,loves,grandson,enjoyed,best,christmas
birthday,family,kids,friends,gift,play,loved,year,favorite,enjoy,fun,great,daughter,thank,played,playing,awesome,game,love,games,loves,grandson,enjoyed,best,christmas
birthday,family,kids,friends,gift,play,loved,year,favorite,enjoy,fun,great,daughter,thank,played,playing,awesome,game,love,games,loves,grandson,enjoyed,best,christmas
birthday,family,kids,friends,gift,play,loved,year,favorite,enjoy,fun,great,daughter,thank,played,playing,awesome,game,love,games,loves,grandson,enjoyed,best,christmas
birthday,family,kids,friends,gift,play,loved,year,favorite,enjoy,fun,great,daughter,thank,played,playing,awesome,game,love,games,loves,grandson,enjoyed,best,christmas
birthday,family,kids,friends,gift,play,loved,year,favorite,enjoy,fun,great,daughter,thank,played,playing,awesome,game,love,games,loves,grandson,enjoyed,best,christmas
birthday,family,kids,friends,gift,play,loved,year,favorite,enjoy,fun,great,daughter,thank,played,playing,awesome,game,love,games,loves,grandson,enjoyed,best,christmas
birthday,family,kids,friends,gift,play,loved,year,favorite,enjoy,fun,great,daughter,thank,played,playing,awesome,game,love,games,loves,grandson,enjoyed,best,christmas
birthday,family,kids,friends,gift,play,loved,year,favorite,enjoy,fun,great,daughter,thank,played,playing,awesome,game,love,games,loves,grandson,enjoyed,best,christmas
birthday,family,kids,friends,gift,play,loved,year,favorite,enjoy,fun,great,daughter,thank,played,playing,awesome,game,love,games,loves,grandson,enjoyed,best,christmas
birthday,family,kids,friends,gift,play,loved,year,favorite,enjoy,fun,great,daughter,thank,played,playing,awesome,game,love,games,loves,grandson,enjoyed,best,christmas
birthday,family,kids,friends,gift,play,loved,year,favorite,enjoy,fun,great,daughter,thank,played,playing,awesome,game,love,games,loves,grandson,enjoyed,best,christmas
birthday,family,kids,friends,gift,play,loved,year,favorite,enjoy,fun,great,daughter,thank,played,playing,awesome,game,love,games,loves,grandson,enjoyed,best,christmas
birthday,family,kids,friends,gift,play,loved,year,favorite,enjoy,fun,great,daughter,thank,played,playing,awesome,game,love,games,loves,grandson,enjoyed,best,christmas
birthday,family,kids,friends,gift,play,loved,year,favorite,enjoy,fun,great,daughter,thank,played,playing,awesome,game,love,games,loves,grandson,enjoyed,best,christmas
birthday,family,kids,friends,gift,play,loved,year,favorite,enjoy,fun,great,daughter,thank,played,playing,awesome,game,love,games,loves,grandson,enjoyed,best,christmas
birthday,family,kids,friends,gift,play,loved,year,favorite,enjoy,fun,great,daughter,thank,played,playing,awesome,game,love,games,loves,grandson,enjoyed,best,christmas
birthday,family,kids,friends,gift,play,loved,year,favorite,enjoy,fun,great,daughter,thank,played,playing,awesome,game,love,games,loves,grandson,enjoyed,best,christmas
birthday,family,kids,friends,gift,play,loved,year,favorite,enjoy,fun,great,daughter,thank,played,playing,awesome,game,love,games,loves,grandson,enjoyed,best,christmas
birthday,family,kids,friends,gift,play,loved,year,favorite,enjoy,fun,great,daughter,thank,played,playing,awesome,game,love,games,loves,grandson,enjoyed,best,christmas
birthday,family,kids,friends,gift,play,loved,year,favorite,enjoy,fun,great,daughter,thank,played,playing,awesome,game,love,games,loves,grandson,enjoyed,best,christmas
birthday,family,kids,friends,gift,play,loved,year,favorite,enjoy,fun,great,daughter,thank,played,playing,awesome,game,love,games,loves,grandson,enjoyed,best,christmas
birthday,family,kids,friends,gift,play,loved,year,favorite,enjoy,fun,great,daughter,thank,played,playing,awesome,game,love,games,loves,grandson,enjoyed,best,christmas
birthday,family,kids,friends,gift,play,loved,year,favorite,enjoy,fun,great,daughter,thank,played,playing,awesome,game,love,games,loves,grandson,enjoyed,best,christmas
birthday,family,kids,friends,gift,play,loved,year,favorite,enjoy,fun,great,daughter,thank,played,playing,awesome,game,love,games,loves,grandson,enjoyed,best,christmas
birthday,family,kids,friends,gift,play,loved,year,favorite,enjoy,fun,great,daughter,thank,played,playing,awesome,game,love,games,loves,grandson,enjoyed,best,christmas
birthday,family,kids,friends,gift,play,loved,year,favorite,enjoy,fun,great,daughter,thank,played,playing,awesome,game,love,games,loves,grandson,enjoyed,best,christmas
birthday,family,kids,friends,gift,play,loved,year,favorite,enjoy,fun,great,daughter,thank,played,playing,awesome,game,love,games,loves,grandson,enjoyed,best,christmas
birthday,family,kids,friends,gift,play,loved,year,favorite,enjoy,fun,great,daughter,thank,played,playing,awesome,game,love,games,loves,grandson,enjoyed,best,christmas
birthday,family,kids,friends,gift,play,loved,year,favorite,enjoy,fun,great,daughter,thank,played,playing,awesome,game,love,games,loves,grandson,enjoyed,best,christmas
birthday,family,kids,friends,gift,play,loved,year,favorite,enjoy,fun,great,daughter,thank,played,playing,awesome,game,love,games,loves,grandson,enjoyed,best,christmas
birthday,family,kids,friends,gift,play,loved,year,favorite,enjoy,fun,great,daughter,thank,played,playing,awesome,game,love,games,loves,grandson,enjoyed,best,christmas
birthday,family,kids,friends,gift,play,loved,year,favorite,enjoy,fun,great,daughter,thank,played,playing,awesome,game,love,games,loves,grandson,enjoyed,best,christmas
birthday,family,kids,friends,gift,play,loved,year,favorite,enjoy,fun,great,daughter,thank,played,playing,awesome,game,love,games,loves,grandson,enjoyed,best,christmas
birthday,family,kids,friends,gift,play,loved,year,favorite,enjoy,fun,great,daughter,thank,played,playing,awesome,game,love,games,loves,grandson,enjoyed,best,christmas
birthday,family,kids,friends,gift,play,loved,year,favorite,enjoy,fun,great,daughter,thank,played,playing,awesome,game,love,games,loves,grandson,enjoyed,best,christmas
birthday,family,kids,friends,gift,play,loved,year,favorite,enjoy,fun,great,daughter,thank,played,playing,awesome,game,love,games,loves,grandson,enjoyed,best,christmas
birthday,family,kids,friends,gift,play,loved,year,favorite,enjoy,fun,great,daughter,thank,played,playing,awesome,game,love,games,loves,grandson,enjoyed,best,christmas
birthday,family,kids,friends,gift,play,loved,year,favorite,enjoy,fun,great,daughter,thank,played,playing,awesome,game,love,games,loves,grandson,enjoyed,best,christmas
birthday,family,kids,friends,gift,play,loved,year,favorite,enjoy,fun,great,daughter,thank,played,playing,awesome,game,love,games,loves,grandson,enjoyed,best,christmas
birthday,family,kids,friends,gift,play,loved,year,favorite,enjoy,fun,great,daughter,thank,played,playing,awesome,game,love,games,loves,grandson,enjoyed,best,christmas
birthday,family,kids,friends,gift,play,loved,year,favorite,enjoy,fun,great,daughter,thank,played,playing,awesome,game,love,games,loves,grandson,enjoyed,best,christmas
birthday,family,kids,friends,gift,play,loved,year,favorite,enjoy,fun,great,daughter,thank,played,playing,awesome,game,love,games,loves,grandson,enjoyed,best,christmas
birthday,family,kids,friends,gift,play,loved,year,favorite,enjoy,fun,great,daughter,thank,played,playing,awesome,game,love,games,loves,grandson,enjoyed,best,christmas
birthday,family,kids,friends,gift,play,loved,year,favorite,enjoy,fun,great,daughter,thank,played,playing,awesome,game,love,games,loves,grandson,enjoyed,best,christmas
birthday,family,kids,friends,gift,play,loved,year,favorite,enjoy,fun,great,daughter,thank,played,playing,awesome,game,love,games,loves,grandson,enjoyed,best,christmas
birthday,family,kids,friends,gift,play,loved,year,favorite,enjoy,fun,great,daughter,thank,played,playing,awesome,game,love,games,loves,grandson,enjoyed,best,christmas
birthday,family,kids,friends,gift,play,loved,year,favorite,enjoy,fun,great,daughter,thank,played,playing,awesome,game,love,games,loves,grandson,enjoyed,best,christmas
birthday,family,kids,friends,gift,play,loved,year,favorite,enjoy,fun,great,daughter,thank,played,playing,awesome,game,love,games,loves,grandson,enjoyed,best,christmas
birthday,family,kids,friends,gift,play,loved,year,favorite,enjoy,fun,great,daughter,thank,played,playing,awesome,game,love,games,loves,grandson,enjoyed,best,christmas
birthday,family,kids,friends,gift,play,loved,year,favorite,enjoy,fun,great,daughter,thank,played,playing,awesome,game,love,games,loves,grandson,enjoyed,best,christmas
birthday,family,kids,friends,gift,play,loved,year,favorite,enjoy,fun,great,daughter,thank,played,playing,awesome,game,love,games,loves,grandson,enjoyed,best,christmas
birthday,family,kids,friends,gift,play,loved,year,favorite,enjoy,fun,great,daughter,thank,played,playing,awesome,game,love,games,loves,grandson,enjoyed,best,christmas
birthday,family,kids,friends,gift,play,loved,year,favorite,enjoy,fun,great,daughter,thank,played,playing,awesome,game,love,games,loves,grandson,enjoyed,best,christmas
birthday,family,kids,friends,gift,play,loved,year,favorite,enjoy,fun,great,daughter,thank,played,playing,awesome,game,love,games,loves,grandson,enjoyed,best,christmas
birthday,family,kids,friends,gift,play,loved,year,favorite,enjoy,fun,great,daughter,thank,played,playing,awesome,game,love,games,loves,grandson,enjoyed,best,christmas
birthday,family,kids,friends,gift,play,loved,year,favorite,enjoy,fun,great,daughter,thank,played,playing,awesome,game,love,games,loves,grandson,enjoyed,best,christmas
birthday,family,kids,friends,gift,play,loved,year,favorite,enjoy,fun,great,daughter,thank,played,playing,awesome,game,love,games,loves,grandson,enjoyed,best,christmas
birthday,family,kids,friends,gift,play,loved,year,favorite,enjoy,fun,great,daughter,thank,played,playing,awesome,game,love,games,loves,grandson,enjoyed,best,christmas
birthday,family,kids,friends,gift,play,loved,year,favorite,enjoy,fun,great,daughter,thank,played,playing,awesome,game,love,games,loves,grandson,enjoyed,best,christmas
birthday,family,kids,friends,gift,play,loved,year,favorite,enjoy,fun,great,daughter,thank,played,playing,awesome,game,love,games,loves,grandson,enjoyed,best,christmas
birthday,family,kids,friends,gift,play,loved,year,favorite,enjoy,fun,great,daughter,thank,played,playing,awesome,game,love,games,loves,grandson,enjoyed,best,christmas
birthday,family,kids,friends,gift,play,loved,year,favorite,enjoy,fun,great,daughter,thank,played,playing,awesome,game,love,games,loves,grandson,enjoyed,best,christmas
birthday,family,kids,friends,gift,play,loved,year,favorite,enjoy,fun,great,daughter,thank,played,playing,awesome,game,love,games,loves,grandson,enjoyed,best,christmas
birthday,family,kids,friends,gift,play,loved,year,favorite,enjoy,fun,great,daughter,thank,played,playing,awesome,game,love,games,loves,grandson,enjoyed,best,christmas
birthday,family,kids,friends,gift,play,loved,year,favorite,enjoy,fun,great,daughter,thank,played,playing,awesome,game,love,games,loves,grandson,enjoyed,best,christmas
birthday,family,kids,friends,gift,play,loved,year,favorite,enjoy,fun,great,daughter,thank,played,playing,awesome,game,love,games,loves,grandson,enjoyed,best,christmas
birthday,family,kids,friends,gift,play,loved,year,favorite,enjoy,fun,great,daughter,thank,played,playing,awesome,game,love,games,loves,grandson,enjoyed,best,christmas
ht,missing,impossible,junk,small,smaller
less,however,disappointing,broken,unfortunately,0,poorly,difficult,broke,disappointed,sound,waste,cheap,trash,would,poor,uselebirthday,family,kids,friends,gift,play,loved,year,favorite,enjoy,fun,great,daughter,thank,played,playing,awesome,game,love,games,loves,grandson,enjoyed,best,christmas
birthday,family,kids,friends,gift,play,loved,year,favorite,enjoy,fun,great,daughter,thank,played,playing,awesome,game,love,games,loves,grandson,enjoyed,best,christmas
birthday,family,kids,friends,gift,play,loved,year,favorite,enjoy,fun,great,daughter,thank,played,playing,awesome,game,love,games,loves,grandson,enjoyed,best,christmas
birthday,family,kids,friends,gift,play,loved,year,favorite,enjoy,fun,great,daughter,thank,played,playing,awesome,game,love,games,loves,grandson,enjoyed,best,christmas
birthday,family,kids,friends,gift,play,loved,year,favorite,enjoy,fun,great,daughter,thank,played,playing,awesome,game,love,games,loves,grandson,enjoyed,best,christmas
birthday,family,kids,friends,gift,play,loved,year,favorite,enjoy,fun,great,daughter,thank,played,playing,awesome,game,love,games,loves,grandson,enjoyed,best,christmas
birthday,family,kids,friends,gift,play,loved,year,favorite,enjoy,fun,great,daughter,thank,played,playing,awesome,game,love,games,loves,grandson,enjoyed,best,christmas
birthday,family,kids,friends,gift,play,loved,year,favorite,enjoy,fun,great,daughter,thank,played,playing,awesome,game,love,games,loves,grandson,enjoyed,best,christmas
birthday,family,kids,friends,gift,play,loved,year,favorite,enjoy,fun,great,daughter,thank,played,playing,awesome,game,love,games,loves,grandson,enjoyed,best,christmas
birthday,family,kids,friends,gift,play,loved,year,favorite,enjoy,fun,great,daughter,thank,played,playing,awesome,game,love,games,loves,grandson,enjoyed,best,christmas
birthday,family,kids,friends,gift,play,loved,year,favorite,enjoy,fun,great,daughter,thank,played,playing,awesome,game,love,games,loves,grandson,enjoyed,best,christmas
birthday,family,kids,friends,gift,play,loved,year,favorite,enjoy,fun,great,daughter,thank,played,playing,awesome,game,love,games,loves,grandson,enjoyed,best,christmas
birthday,family,kids,friends,gift,play,loved,year,favorite,enjoy,fun,great,daughter,thank,played,playing,awesome,game,love,games,loves,grandson,enjoyed,best,christmas
birthday,family,kids,friends,gift,play,loved,year,favorite,enjoy,fun,great,daughter,thank,played,playing,awesome,game,love,games,loves,grandson,enjoyed,best,christmas
birthday,family,kids,friends,gift,play,loved,year,favorite,enjoy,fun,great,daughter,thank,played,playing,awesome,game,love,games,loves,grandson,enjoyed,best,christmas
birthday,family,kids,friends,gift,play,loved,year,favorite,enjoy,fun,great,daughter,thank,played,playing,awesome,game,love,games,loves,grandson,enjoyed,best,christmas
birthday,family,kids,friends,gift,play,loved,year,favorite,enjoy,fun,great,daughter,thank,played,playing,awesome,game,love,games,loves,grandson,enjoyed,best,christmas
birthday,family,kids,friends,gift,play,loved,year,favorite,enjoy,fun,great,daughter,thank,played,playing,awesome,game,love,games,loves,grandson,enjoyed,best,christmas
birthday,family,kids,friends,gift,play,loved,year,favorite,enjoy,fun,great,daughter,thank,played,playing,awesome,game,love,games,loves,grandson,enjoyed,best,christmas
birthday,family,kids,friends,gift,play,loved,year,favorite,enjoy,fun,great,daughter,thank,played,playing,awesome,game,love,games,loves,grandson,enjoyed,best,christmas
birthday,family,kids,friends,gift,play,loved,year,favorite,enjoy,fun,great,daughter,thank,played,playing,awesome,game,love,games,loves,grandson,enjoyed,best,christmas
birthday,family,kids,friends,gift,play,loved,year,favorite,enjoy,fun,great,daughter,thank,played,playing,awesome,game,love,games,loves,grandson,enjoyed,best,christmas
birthday,family,kids,friends,gift,play,loved,year,favorite,enjoy,fun,great,daughter,thank,played,playing,awesome,game,love,games,loves,grandson,enjoyed,best,christmas
birthday,family,kids,friends,gift,play,loved,year,favorite,enjoy,fun,great,daughter,thank,played,playing,awesome,game,love,games,loves,grandson,enjoyed,best,christmas
birthday,family,kids,friends,gift,play,loved,year,favorite,enjoy,fun,great,daughter,thank,played,playing,awesome,game,love,games,loves,grandson,enjoyed,best,christmas
birthday,family,kids,friends,gift,play,loved,year,favorite,enjoy,fun,great,daughter,thank,played,playing,awesome,game,love,games,loves,grandson,enjoyed,best,christmas
birthday,family,kids,friends,gift,play,loved,year,favorite,enjoy,fun,great,daughter,thank,played,playing,awesome,game,love,games,loves,grandson,enjoyed,best,christmas
birthday,family,kids,friends,gift,play,loved,year,favorite,enjoy,fun,great,daughter,thank,played,playing,awesome,game,love,games,loves,grandson,enjoyed,best,christmas
birthday,family,kids,friends,gift,play,loved,year,favorite,enjoy,fun,great,daughter,thank,played,playing,awesome,game,love,games,loves,grandson,enjoyed,best,christmas
birthday,family,kids,friends,gift,play,loved,year,favorite,enjoy,fun,great,daughter,thank,played,playing,awesome,game,love,games,loves,grandson,enjoyed,best,christmas
birthday,family,kids,friends,gift,play,loved,year,favorite,enjoy,fun,great,daughter,thank,played,playing,awesome,game,love,games,loves,grandson,enjoyed,best,christmas
birthday,family,kids,friends,gift,play,loved,year,favorite,enjoy,fun,great,daughter,thank,played,playing,awesome,game,love,games,loves,grandson,enjoyed,best,christmas
birthday,family,kids,friends,gift,play,loved,year,favorite,enjoy,fun,great,daughter,thank,played,playing,awesome,game,love,games,loves,grandson,enjoyed,best,christmas
birthday,family,kids,friends,gift,play,loved,year,favorite,enjoy,fun,great,daughter,thank,played,playing,awesome,game,love,games,loves,grandson,enjoyed,best,christmas
birthday,family,kids,friends,gift,play,loved,year,favorite,enjoy,fun,great,daughter,thank,played,playing,awesome,game,love,games,loves,grandson,enjoyed,best,christmas
birthday,family,kids,friends,gift,play,loved,year,favorite,enjoy,fun,great,daughter,thank,played,playing,awesome,game,love,games,loves,grandson,enjoyed,best,christmas
birthday,family,kids,friends,gift,play,loved,year,favorite,enjoy,fun,great,daughter,thank,played,playing,awesome,game,love,games,loves,grandson,enjoyed,best,christmas
birthday,family,kids,friends,gift,play,loved,year,favorite,enjoy,fun,great,daughter,thank,played,playing,awesome,game,love,games,loves,grandson,enjoyed,best,christmas
birthday,family,kids,friends,gift,play,loved,year,favorite,enjoy,fun,great,daughter,thank,played,playing,awesome,game,love,games,loves,grandson,enjoyed,best,christmas
birthday,family,kids,friends,gift,play,loved,year,favorite,enjoy,fun,great,daughter,thank,played,playing,awesome,game,love,games,loves,grandson,enjoyed,best,christmas
birthday,family,kids,friends,gift,play,loved,year,favorite,enjoy,fun,great,daughter,thank,played,playing,awesome,game,love,games,loves,grandson,enjoyed,best,christmas
birthday,family,kids,friends,gift,play,loved,year,favorite,enjoy,fun,great,daughter,thank,played,playing,awesome,game,love,games,loves,grandson,enjoyed,best,christmas
birthday,family,kids,friends,gift,play,loved,year,favorite,enjoy,fun,great,daughter,thank,played,playing,awesome,game,love,games,loves,grandson,enjoyed,best,christmas
birthday,family,kids,friends,gift,play,loved,year,favorite,enjoy,fun,great,daughter,thank,played,playing,awesome,game,love,games,loves,grandson,enjoyed,best,christmas
birthday,family,kids,friends,gift,play,loved,year,favorite,enjoy,fun,great,daughter,thank,played,playing,awesome,game,love,games,loves,grandson,enjoyed,best,christmas
birthday,family,kids,friends,gift,play,loved,year,favorite,enjoy,fun,great,daughter,thank,played,playing,awesome,game,love,games,loves,grandson,enjoyed,best,christmas
birthday,family,kids,friends,gift,play,loved,year,favorite,enjoy,fun,great,daughter,thank,played,playing,awesome,game,love,games,loves,grandson,enjoyed,best,christmas
birthday,family,kids,friends,gift,play,loved,year,favorite,enjoy,fun,great,daughter,thank,played,playing,awesome,game,love,games,loves,grandson,enjoyed,best,christmas
birthday,family,kids,friends,gift,play,loved,year,favorite,enjoy,fun,great,daughter,thank,played,playing,awesome,game,love,games,loves,grandson,enjoyed,best,christmas
birthday,family,kids,friends,gift,play,loved,year,favorite,enjoy,fun,great,daughter,thank,played,playing,awesome,game,love,games,loves,grandson,enjoyed,best,christmas
birthday,family,kids,friends,gift,play,loved,year,favorite,enjoy,fun,great,daughter,thank,played,playing,awesome,game,love,games,loves,grandson,enjoyed,best,christmas
birthday,family,kids,friends,gift,play,loved,year,favorite,enjoy,fun,great,daughter,thank,played,playing,awesome,game,love,games,loves,grandson,enjoyed,best,christmas
birthday,family,kids,friends,gift,play,loved,year,favorite,enjoy,fun,great,daughter,thank,played,playing,awesome,game,love,games,loves,grandson,enjoyed,best,christmas
birthday,family,kids,friends,gift,play,loved,year,favorite,enjoy,fun,great,daughter,thank,played,playing,awesome,game,love,games,loves,grandson,enjoyed,best,christmas
birthday,family,kids,friends,gift,play,loved,year,favorite,enjoy,fun,great,daughter,thank,played,playing,awesome,game,love,games,loves,grandson,enjoyed,best,christmas
birthday,family,kids,friends,gift,play,loved,year,favorite,enjoy,fun,great,daughter,thank,played,playing,awesome,game,love,games,loves,grandson,enjoyed,best,christmas
birthday,family,kids,friends,gift,play,loved,year,favorite,enjoy,fun,great,daughter,thank,played,playing,awesome,game,love,games,loves,grandson,enjoyed,best,christmas
birthday,family,kids,friends,gift,play,loved,year,favorite,enjoy,fun,great,daughter,thank,played,playing,awesome,game,love,games,loves,grandson,enjoyed,best,christmas
birthday,family,kids,friends,gift,play,loved,year,favorite,enjoy,fun,great,daughter,thank,played,playing,awesome,game,love,games,loves,grandson,enjoyed,best,christmas
birthday,family,kids,friends,gift,play,loved,year,favorite,enjoy,fun,great,daughter,thank,played,playing,awesome,game,love,games,loves,grandson,enjoyed,best,christmas
birthday,family,kids,friends,gift,play,loved,year,favorite,enjoy,fun,great,daughter,thank,played,playing,awesome,game,love,games,loves,grandson,enjoyed,best,christmas
birthday,family,kids,friends,gift,play,loved,year,favorite,enjoy,fun,great,daughter,thank,played,playing,awesome,game,love,games,loves,grandson,enjoyed,best,christmas
birthday,family,kids,friends,gift,play,loved,year,favorite,enjoy,fun,great,daughter,thank,played,playing,awesome,game,love,games,loves,grandson,enjoyed,best,christmas
birthday,family,kids,friends,gift,play,loved,year,favorite,enjoy,fun,great,daughter,thank,played,playing,awesome,game,love,games,loves,grandson,enjoyed,best,christmas
birthday,family,kids,friends,gift,play,loved,year,favorite,enjoy,fun,great,daughter,thank,played,playing,awesome,game,love,games,loves,grandson,enjoyed,best,christmas
birthday,family,kids,friends,gift,play,loved,year,favorite,enjoy,fun,great,daughter,thank,played,playing,awesome,game,love,games,loves,grandson,enjoyed,best,christmas
birthday,family,kids,friends,gift,play,loved,year,favorite,enjoy,fun,great,daughter,thank,played,playing,awesome,game,love,games,loves,grandson,enjoyed,best,christmas
birthday,family,kids,friends,gift,play,loved,year,favorite,enjoy,fun,great,daughter,thank,played,playing,awesome,game,love,games,loves,grandson,enjoyed,best,christmas
birthday,family,kids,friends,gift,play,loved,year,favorite,enjoy,fun,great,daughter,thank,played,playing,awesome,game,love,games,loves,grandson,enjoyed,best,christmas
birthday,family,kids,friends,gift,play,loved,year,favorite,enjoy,fun,great,daughter,thank,played,playing,awesome,game,love,games,loves,grandson,enjoyed,best,christmas
birthday,family,kids,friends,gift,play,loved,year,favorite,enjoy,fun,great,daughter,thank,played,playing,awesome,game,love,games,loves,grandson,enjoyed,best,christmas
birthday,family,kids,friends,gift,play,loved,year,favorite,enjoy,fun,great,daughter,thank,played,playing,awesome,game,love,games,loves,grandson,enjoyed,best,christmas
birthday,family,kids,friends,gift,play,loved,year,favorite,enjoy,fun,great,daughter,thank,played,playing,awesome,game,love,games,loves,grandson,enjoyed,best,christmas
birthday,family,kids,friends,gift,play,loved,year,favorite,enjoy,fun,great,daughter,thank,played,playing,awesome,game,love,games,loves,grandson,enjoyed,best,christmas
birthday,family,kids,friends,gift,play,loved,year,favorite,enjoy,fun,great,daughter,thank,played,playing,awesome,game,love,games,loves,grandson,enjoyed,best,christmas
birthday,family,kids,friends,gift,play,loved,year,favorite,enjoy,fun,great,daughter,thank,played,playing,awesome,game,love,games,loves,grandson,enjoyed,best,christmas
birthday,family,kids,friends,gift,play,loved,year,favorite,enjoy,fun,great,daughter,thank,played,playing,awesome,game,love,games,loves,grandson,enjoyed,best,christmas
birthday,family,kids,friends,gift,play,loved,year,favorite,enjoy,fun,great,daughter,thank,played,playing,awesome,game,love,games,loves,grandson,enjoyed,best,christmas
birthday,family,kids,friends,gift,play,loved,year,favorite,enjoy,fun,great,daughter,thank,played,playing,awesome,game,love,games,loves,grandson,enjoyed,best,christmas
birthday,family,kids,friends,gift,play,loved,year,favorite,enjoy,fun,great,daughter,thank,played,playing,awesome,game,love,games,loves,grandson,enjoyed,best,christmas
birthday,family,kids,friends,gift,play,loved,year,favorite,enjoy,fun,great,daughter,thank,played,playing,awesome,game,love,games,loves,grandson,enjoyed,best,christmas
birthday,family,kids,friends,gift,play,loved,year,favorite,enjoy,fun,great,daughter,thank,played,playing,awesome,game,love,games,loves,grandson,enjoyed,best,christmas
birthday,family,kids,friends,gift,play,loved,year,favorite,enjoy,fun,great,daughter,thank,played,playing,awesome,game,love,games,loves,grandson,enjoyed,best,christmas
birthday,family,kids,friends,gift,play,loved,year,favorite,enjoy,fun,great,daughter,thank,played,playing,awesome,game,love,games,loves,grandson,enjoyed,best,christmas
birthday,family,kids,friends,gift,play,loved,year,favorite,enjoy,fun,great,daughter,thank,played,playing,awesome,game,love,games,loves,grandson,enjoyed,best,christmas
birthday,family,kids,friends,gift,play,loved,year,favorite,enjoy,fun,great,daughter,thank,played,playing,awesome,game,love,games,loves,grandson,enjoyed,best,christmas
birthday,family,kids,friends,gift,play,loved,year,favorite,enjoy,fun,great,daughter,thank,played,playing,awesome,game,love,games,loves,grandson,enjoyed,best,christmas
birthday,family,kids,friends,gift,play,loved,year,favorite,enjoy,fun,great,daughter,thank,played,playing,awesome,game,love,games,loves,grandson,enjoyed,best,christmas
birthday,family,kids,friends,gift,play,loved,year,favorite,enjoy,fun,great,daughter,thank,played,playing,awesome,game,love,games,loves,grandson,enjoyed,best,christmas
birthday,family,kids,friends,gift,play,loved,year,favorite,enjoy,fun,great,daughter,thank,played,playing,awesome,game,love,games,loves,grandson,enjoyed,best,christmas
birthday,family,kids,friends,gift,play,loved,year,favorite,enjoy,fun,great,daughter,thank,played,playing,awesome,game,love,games,loves,grandson,enjoyed,best,christmas
birthday,family,kids,friends,gift,play,loved,year,favorite,enjoy,fun,great,daughter,thank,played,playing,awesome,game,love,games,loves,grandson,enjoyed,best,christmas
birthday,family,kids,friends,gift,play,loved,year,favorite,enjoy,fun,great,daughter,thank,played,playing,awesome,game,love,games,loves,grandson,enjoyed,best,christmas
birthday,family,kids,friends,gift,play,loved,year,favorite,enjoy,fun,great,daughter,thank,played,playing,awesome,game,love,games,loves,grandson,enjoyed,best,christmas
birthday,family,kids,friends,gift,play,loved,year,favorite,enjoy,fun,great,daughter,thank,played,playing,awesome,game,love,games,loves,grandson,enjoyed,best,christmas
birthday,family,kids,friends,gift,play,loved,year,favorite,enjoy,fun,great,daughter,thank,played,playing,awesome,game,love,games,loves,grandson,enjoyed,best,christmas
birthday,family,kids,friends,gift,play,loved,year,favorite,enjoy,fun,great,daughter,thank,played,playing,awesome,game,love,games,loves,grandson,enjoyed,best,christmas
birthday,family,kids,friends,gift,play,loved,year,favorite,enjoy,fun,great,daughter,thank,played,playing,awesome,game,love,games,loves,grandson,enjoyed,best,christmas
birthday,family,kids,friends,gift,play,loved,year,favorite,enjoy,fun,great,daughter,thank,played,playing,awesome,game,love,games,loves,grandson,enjoyed,best,christmas
birthday,family,kids,friends,gift,play,loved,year,favorite,enjoy,fun,great,daughter,thank,played,playing,awesome,game,love,games,loves,grandson,enjoyed,best,christmas
birthday,family,kids,friends,gift,play,loved,year,favorite,enjoy,fun,great,daughter,thank,played,playing,awesome,game,love,games,loves,grandson,enjoyed,best,christmas
birthday,family,kids,friends,gift,play,loved,year,favorite,enjoy,fun,great,daughter,thank,played,playing,awesome,game,love,games,loves,grandson,enjoyed,best,christmas
birthday,family,kids,friends,gift,play,loved,year,favorite,enjoy,fun,great,daughter,thank,played,playing,awesome,game,love,games,loves,grandson,enjoyed,best,christmas
birthday,family,kids,friends,gift,play,loved,year,favorite,enjoy,fun,great,daughter,thank,played,playing,awesome,game,love,games,loves,grandson,enjoyed,best,christmas
birthday,family,kids,friends,gift,play,loved,year,favorite,enjoy,fun,great,daughter,thank,played,playing,awesome,game,love,games,loves,grandson,enjoyed,best,christmas
birthday,family,kids,friends,gift,play,loved,year,favorite,enjoy,fun,great,daughter,thank,played,playing,awesome,game,love,games,loves,grandson,enjoyed,best,christmas
birthday,family,kids,friends,gift,play,loved,year,favorite,enjoy,fun,great,daughter,thank,played,playing,awesome,game,love,games,loves,grandson,enjoyed,best,christmas
birthday,family,kids,friends,gift,play,loved,year,favorite,enjoy,fun,great,daughter,thank,played,playing,awesome,game,love,games,loves,grandson,enjoyed,best,christmas
birthday,family,kids,friends,gift,play,loved,year,favorite,enjoy,fun,great,daughter,thank,played,playing,awesome,game,love,games,loves,grandson,enjoyed,best,christmas
birthday,family,kids,friends,gift,play,loved,year,favorite,enjoy,fun,great,daughter,thank,played,playing,awesome,game,love,games,loves,grandson,enjoyed,best,christmas
birthday,family,kids,friends,gift,play,loved,year,favorite,enjoy,fun,great,daughter,thank,played,playing,awesome,game,love,games,loves,grandson,enjoyed,best,christmas
birthday,family,kids,friends,gift,play,loved,year,favorite,enjoy,fun,great,daughter,thank,played,playing,awesome,game,love,games,loves,grandson,enjoyed,best,christmas
birthday,family,kids,friends,gift,play,loved,year,favorite,enjoy,fun,great,daughter,thank,played,playing,awesome,game,love,games,loves,grandson,enjoyed,best,christmas
birthday,family,kids,friends,gift,play,loved,year,favorite,enjoy,fun,great,daughter,thank,played,playing,awesome,game,love,games,loves,grandson,enjoyed,best,christmas
birthday,family,kids,friends,gift,play,loved,year,favorite,enjoy,fun,great,daughter,thank,played,playing,awesome,game,love,games,loves,grandson,enjoyed,best,christmas
birthday,family,kids,friends,gift,play,loved,year,favorite,enjoy,fun,great,daughter,thank,played,playing,awesome,game,love,games,loves,grandson,enjoyed,best,christmas
birthday,family,kids,friends,gift,play,loved,year,favorite,enjoy,fun,great,daughter,thank,played,playing,awesome,game,love,games,loves,grandson,enjoyed,best,christmas
birthday,family,kids,friends,gift,play,loved,year,favorite,enjoy,fun,great,daughter,thank,played,playing,awesome,game,love,games,loves,grandson,enjoyed,best,christmas
birthday,family,kids,friends,gift,play,loved,year,favorite,enjoy,fun,great,daughter,thank,played,playing,awesome,game,love,games,loves,grandson,enjoyed,best,christmas
birthday,family,kids,friends,gift,play,loved,year,favorite,enjoy,fun,great,daughter,thank,played,playing,awesome,game,love,games,loves,grandson,enjoyed,best,christmas
birthday,family,kids,friends,gift,play,loved,year,favorite,enjoy,fun,great,daughter,thank,played,playing,awesome,game,love,games,loves,grandson,enjoyed,best,christmas
birthday,family,kids,friends,gift,play,loved,year,favorite,enjoy,fun,great,daughter,thank,played,playing,awesome,game,love,games,loves,grandson,enjoyed,best,christmas
birthday,family,kids,friends,gift,play,loved,year,favorite,enjoy,fun,great,daughter,thank,played,playing,awesome,game,love,games,loves,grandson,enjoyed,best,christmas
birthday,family,kids,friends,gift,play,loved,year,favorite,enjoy,fun,great,daughter,thank,played,playing,awesome,game,love,games,loves,grandson,enjoyed,best,christmas
birthday,family,kids,friends,gift,play,loved,year,favorite,enjoy,fun,great,daughter,thank,played,playing,awesome,game,love,games,loves,grandson,enjoyed,best,christmas
birthday,family,kids,friends,gift,play,loved,year,favorite,enjoy,fun,great,daughter,thank,played,playing,awesome,game,love,games,loves,grandson,enjoyed,best,christmas
birthday,family,kids,friends,gift,play,loved,year,favorite,enjoy,fun,great,daughter,thank,played,playing,awesome,game,love,games,loves,grandson,enjoyed,best,christmas
birthday,family,kids,friends,gift,play,loved,year,favorite,enjoy,fun,great,daughter,thank,played,playing,awesome,game,love,games,loves,grandson,enjoyed,best,christmas
birthday,family,kids,friends,gift,play,loved,year,favorite,enjoy,fun,great,daughter,thank,played,playing,awesome,game,love,games,loves,grandson,enjoyed,best,christmas
birthday,family,kids,friends,gift,play,loved,year,favorite,enjoy,fun,great,daughter,thank,played,playing,awesome,game,love,games,loves,grandson,enjoyed,best,christmas
birthday,family,kids,friends,gift,play,loved,year,favorite,enjoy,fun,great,daughter,thank,played,playing,awesome,game,love,games,loves,grandson,enjoyed,best,christmas
birthday,family,kids,friends,gift,play,loved,year,favorite,enjoy,fun,great,daughter,thank,played,playing,awesome,game,love,games,loves,grandson,enjoyed,best,christmas
birthday,family,kids,friends,gift,play,loved,year,favorite,enjoy,fun,great,daughter,thank,played,playing,awesome,game,love,games,loves,grandson,enjoyed,best,christmas
birthday,family,kids,friends,gift,play,loved,year,favorite,enjoy,fun,great,daughter,thank,played,playing,awesome,game,love,games,loves,grandson,enjoyed,best,christmas
birthday,family,kids,friends,gift,play,loved,year,favorite,enjoy,fun,great,daughter,thank,played,playing,awesome,game,love,games,loves,grandson,enjoyed,best,christmas
birthday,family,kids,friends,gift,play,loved,year,favorite,enjoy,fun,great,daughter,thank,played,playing,awesome,game,love,games,loves,grandson,enjoyed,best,christmas
birthday,family,kids,friends,gift,play,loved,year,favorite,enjoy,fun,great,daughter,thank,played,playing,awesome,game,love,games,loves,grandson,enjoyed,best,christmas
birthday,family,kids,friends,gift,play,loved,year,favorite,enjoy,fun,great,daughter,thank,played,playing,awesome,game,love,games,loves,grandson,enjoyed,best,christmas
birthday,family,kids,friends,gift,play,loved,year,favorite,enjoy,fun,great,daughter,thank,played,playing,awesome,game,love,games,loves,grandson,enjoyed,best,christmas
birthday,family,kids,friends,gift,play,loved,year,favorite,enjoy,fun,great,daughter,thank,played,playing,awesome,game,love,games,loves,grandson,enjoyed,best,christmas
birthday,family,kids,friends,gift,play,loved,year,favorite,enjoy,fun,great,daughter,thank,played,playing,awesome,game,love,games,loves,grandson,enjoyed,best,christmas
birthday,family,kids,friends,gift,play,loved,year,favorite,enjoy,fun,great,daughter,thank,played,playing,awesome,game,love,games,loves,grandson,enjoyed,best,christmas
birthday,family,kids,friends,gift,play,loved,year,favorite,enjoy,fun,great,daughter,thank,played,playing,awesome,game,love,games,loves,grandson,enjoyed,best,christmas
birthday,family,kids,friends,gift,play,loved,year,favorite,enjoy,fun,great,daughter,thank,played,playing,awesome,game,love,games,loves,grandson,enjoyed,best,christmas
birthday,family,kids,friends,gift,play,loved,year,favorite,enjoy,fun,great,daughter,thank,played,playing,awesome,game,love,games,loves,grandson,enjoyed,best,christmas
birthday,family,kids,friends,gift,play,loved,year,favorite,enjoy,fun,great,daughter,thank,played,playing,awesome,game,love,games,loves,grandson,enjoyed,best,christmas
birthday,family,kids,friends,gift,play,loved,year,favorite,enjoy,fun,great,daughter,thank,played,playing,awesome,game,love,games,loves,grandson,enjoyed,best,christmas
birthday,family,kids,friends,gift,play,loved,year,favorite,enjoy,fun,great,daughter,thank,played,playing,awesome,game,love,games,loves,grandson,enjoyed,best,christmas
birthday,family,kids,friends,gift,play,loved,year,favorite,enjoy,fun,great,daughter,thank,played,playing,awesome,game,love,games,loves,grandson,enjoyed,best,christmas
birthday,family,kids,friends,gift,play,loved,year,favorite,enjoy,fun,great,daughter,thank,played,playing,awesome,game,love,games,loves,grandson,enjoyed,best,christmas
birthday,family,kids,friends,gift,play,loved,year,favorite,enjoy,fun,great,daughter,thank,book,playing,awesome,game,love,games,loves,grandson,enjoyed,best,christmas
birthday,family,kids,friends,gift,play,loved,year,favorite,enjoy,fun,great,daughter,thank,book,playing,awesome,game,love,games,loves,grandson,enjoyed,best,christmas
birthday,family,kids,friends,gift,play,loved,year,favorite,enjoy,fun,great,daughter,thank,book,playing,awesome,game,love,games,loves,grandson,enjoyed,best,christmas
birthday,family,kids,friends,gift,play,loved,year,favorite,enjoy,fun,great,daughter,thank,book,playing,awesome,game,love,games,loves,grandson,enjoyed,best,christmas
birthday,family,kids,friends,gift,play,loved,year,favorite,enjoy,fun,great,daughter,thank,book,playing,awesome,game,love,games,loves,grandson,enjoyed,best,christmas
birthday,family,kids,friends,gift,play,loved,year,favorite,enjoy,fun,great,daughter,thank,book,playing,awesome,game,love,games,loves,grandson,enjoyed,best,christmas
birthday,family,kids,friends,gift,play,loved,year,favorite,enjoy,fun,great,daughter,thank,book,playing,awesome,game,love,games,loves,grandson,enjoyed,best,christmas
birthday,family,kids,friends,gift,play,loved,year,favorite,enjoy,fun,great,daughter,thank,book,playing,awesome,game,love,games,loves,grandson,enjoyed,best,christmas
birthday,family,kids,friends,gift,play,loved,year,favorite,enjoy,fun,great,daughter,thank,book,playing,awesome,game,love,games,loves,grandson,enjoyed,best,christmas
birthday,family,kids,friends,gift,play,loved,year,favorite,enjoy,fun,great,daughter,thank,book,playing,awesome,game,love,games,loves,grandson,enjoyed,best,christmas
birthday,family,kids,friends,gift,play,loved,year,favorite,enjoy,fun,great,daughter,thank,book,playing,awesome,game,love,games,loves,grandson,enjoyed,best,christmas
birthday,family,kids,friends,gift,play,loved,year,favorite,enjoy,fun,great,daughter,thank,book,playing,awesome,game,love,games,loves,grandson,enjoyed,best,christmas
birthday,family,kids,friends,gift,play,loved,year,favorite,enjoy,fun,great,daughter,thank,book,playing,awesome,game,love,games,loves,grandson,enjoyed,best,christmas
birthday,family,kids,friends,gift,play,loved,year,favorite,enjoy,fun,great,daughter,thank,book,playing,awesome,game,love,games,loves,grandson,enjoyed,best,christmas
birthday,family,kids,friends,gift,play,loved,year,favorite,enjoy,fun,great,daughter,thank,book,playing,awesome,game,love,games,loves,grandson,enjoyed,best,christmas
birthday,family,kids,friends,gift,play,loved,year,favorite,enjoy,fun,great,daughter,thank,book,playing,awesome,game,love,games,loves,grandson,enjoyed,best,christmas
birthday,family,kids,friends,gift,play,loved,year,favorite,enjoy,fun,great,daughter,thank,book,playing,awesome,game,love,games,loves,grandson,enjoyed,best,christmas
birthday,family,kids,friends,gift,play,loved,year,favorite,enjoy,fun,great,daughter,thank,book,playing,awesome,game,love,games,loves,grandson,enjoyed,best,christmas
birthday,family,kids,friends,gift,play,loved,year,favorite,enjoy,fun,great,daughter,thank,book,playing,awesome,game,love,games,loves,grandson,enjoyed,best,christmas
birthday,family,kids,friends,gift,play,loved,year,favorite,enjoy,fun,great,daughter,thank,book,playing,awesome,game,love,games,loves,grandson,enjoyed,best,christmas
birthday,family,kids,friends,gift,play,loved,year,favorite,enjoy,fun,great,daughter,thank,book,playing,awesome,game,love,games,loves,grandson,enjoyed,best,christmas
birthday,family,kids,friends,gift,play,loved,year,favorite,enjoy,fun,great,daughter,thank,book,playing,awesome,game,love,games,loves,grandson,enjoyed,best,christmas
birthday,family,kids,friends,gift,play,loved,year,favorite,enjoy,fun,great,daughter,thank,book,playing,awesome,game,love,games,loves,grandson,enjoyed,best,christmas
birthday,family,kids,friends,gift,play,loved,year,favorite,enjoy,fun,great,daughter,thank,book,playing,awesome,game,love,games,loves,grandson,enjoyed,best,christmas
birthday,family,kids,friends,gift,play,loved,year,favorite,enjoy,fun,great,daughter,thank,book,playing,awesome,game,love,games,loves,grandson,enjoyed,best,christmas
birthday,family,kids,friends,gift,play,loved,year,favorite,enjoy,fun,great,daughter,thank,book,playing,awesome,game,love,games,loves,grandson,enjoyed,best,christmas
birthday,family,kids,friends,gift,play,loved,year,favorite,enjoy,fun,great,daughter,thank,book,playing,awesome,game,love,games,loves,grandson,enjoyed,best,christmas
birthday,family,kids,friends,gift,play,loved,year,favorite,enjoy,fun,great,daughter,thank,book,playing,awesome,game,love,games,loves,grandson,enjoyed,best,christmas
birthday,family,kids,friends,gift,play,loved,year,favorite,enjoy,fun,great,daughter,thank,book,playing,awesome,game,love,games,loves,grandson,enjoyed,best,christmas
birthday,family,kids,friends,gift,play,loved,year,favorite,enjoy,fun,great,daughter,thank,book,playing,awesome,game,love,games,loves,grandson,enjoyed,best,christmas
birthday,family,kids,friends,gift,play,loved,year,favorite,enjoy,fun,great,daughter,thank,book,playing,awesome,game,love,games,loves,grandson,enjoyed,best,christmas
birthday,family,kids,friends,gift,play,loved,year,favorite,enjoy,fun,great,daughter,thank,book,playing,awesome,game,love,games,loves,grandson,enjoyed,best,christmas
birthday,family,kids,friends,gift,play,loved,year,favorite,enjoy,fun,great,daughter,thank,book,playing,awesome,game,love,games,loves,grandson,enjoyed,best,christmas
birthday,family,kids,friends,gift,play,loved,year,favorite,enjoy,fun,great,daughter,thank,book,playing,awesome,game,love,games,loves,grandson,enjoyed,best,christmas
birthday,family,kids,friends,gift,play,loved,year,favorite,enjoy,fun,great,daughter,thank,book,playing,awesome,game,love,games,loves,grandson,enjoyed,best,christmas
birthday,family,kids,friends,gift,play,loved,year,favorite,enjoy,fun,great,daughter,thank,book,playing,awesome,game,love,games,loves,grandson,enjoyed,best,christmas
birthday,family,kids,friends,gift,play,loved,year,favorite,enjoy,fun,great,daughter,thank,book,playing,awesome,game,love,games,loves,grandson,enjoyed,best,christmas
birthday,family,kids,friends,gift,play,loved,year,favorite,enjoy,fun,great,daughter,thank,book,playing,awesome,game,love,games,loves,grandson,enjoyed,best,christmas
birthday,family,kids,friends,gift,play,loved,year,favorite,enjoy,fun,great,daughter,thank,book,playing,awesome,game,love,games,loves,grandson,enjoyed,best,christmas
birthday,family,kids,friends,gift,play,loved,year,favorite,enjoy,fun,great,daughter,thank,book,playing,awesome,game,love,games,loves,grandson,enjoyed,best,christmas
birthday,family,kids,friends,gift,play,loved,year,favorite,enjoy,fun,great,daughter,thank,book,playing,awesome,game,love,games,loves,grandson,enjoyed,best,christmas
birthday,family,kids,friends,gift,play,loved,year,favorite,enjoy,fun,great,daughter,thank,book,playing,awesome,game,love,games,loves,grandson,enjoyed,best,christmas
birthday,family,kids,friends,gift,play,loved,year,favorite,enjoy,fun,great,daughter,thank,book,playing,awesome,game,love,games,loves,grandson,enjoyed,best,christmas
birthday,family,kids,friends,gift,play,loved,year,favorite,enjoy,fun,great,daughter,thank,book,playing,awesome,game,love,games,loves,grandson,enjoyed,best,christmas
birthday,family,kids,friends,gift,play,loved,year,favorite,enjoy,fun,great,daughter,thank,book,playing,awesome,game,love,games,loves,grandson,enjoyed,best,christmas
birthday,family,kids,friends,gift,play,loved,year,favorite,enjoy,fun,great,daughter,thank,book,playing,awesome,game,love,games,loves,grandson,enjoyed,best,christmas
birthday,family,kids,friends,gift,play,loved,year,favorite,enjoy,fun,great,daughter,thank,book,playing,awesome,game,love,games,loves,grandson,enjoyed,best,christmas
birthday,family,kids,friends,gift,play,loved,year,favorite,enjoy,fun,great,daughter,thank,book,playing,awesome,game,love,games,loves,grandson,enjoyed,best,christmas
birthday,family,kids,friends,gift,play,loved,year,favorite,enjoy,fun,great,daughter,thank,book,playing,awesome,game,love,games,loves,grandson,enjoyed,best,christmas
birthday,family,kids,friends,gift,play,loved,year,favorite,enjoy,fun,great,daughter,thank,book,playing,awesome,game,love,games,loves,grandson,enjoyed,best,christmas
birthday,family,kids,friends,gift,play,loved,year,favorite,enjoy,fun,great,daughter,thank,book,playing,awesome,game,love,games,loves,grandson,enjoyed,best,christmas
birthday,family,kids,friends,gift,play,loved,year,favorite,enjoy,fun,great,daughter,thank,book,playing,awesome,game,love,games,loves,grandson,enjoyed,best,christmas
birthday,family,kids,friends,gift,play,loved,year,favorite,enjoy,fun,great,daughter,thank,book,playing,awesome,game,love,games,loves,grandson,enjoyed,best,christmas
birthday,family,kids,friends,gift,play,loved,year,favorite,enjoy,fun,great,daughter,thank,book,playing,awesome,game,love,games,loves,grandson,enjoyed,best,christmas
birthday,family,kids,friends,gift,play,loved,year,favorite,enjoy,fun,great,daughter,thank,book,playing,awesome,game,love,games,loves,grandson,enjoyed,best,christmas
birthday,family,kids,friends,gift,play,loved,year,favorite,enjoy,fun,great,daughter,thank,book,playing,awesome,game,love,games,loves,grandson,enjoyed,best,christmas
birthday,family,kids,friends,gift,play,loved,year,favorite,enjoy,fun,great,daughter,thank,book,playing,awesome,game,love,games,loves,grandson,enjoyed,best,christmas
birthday,family,kids,friends,gift,play,loved,year,favorite,enjoy,fun,great,daughter,thank,book,playing,awesome,game,love,games,loves,grandson,enjoyed,best,christmas
birthday,family,kids,friends,gift,play,loved,year,favorite,enjoy,fun,great,daughter,thank,book,playing,awesome,game,love,games,loves,grandson,enjoyed,best,christmas
birthday,family,kids,friends,gift,play,loved,year,favorite,enjoy,fun,great,daughter,thank,book,playing,awesome,game,love,games,loves,grandson,enjoyed,best,christmas
birthday,family,kids,friends,gift,play,loved,year,favorite,enjoy,fun,great,daughter,thank,book,playing,awesome,game,love,games,loves,grandson,enjoyed,best,christmas
birthday,family,kids,friends,gift,play,loved,year,favorite,enjoy,fun,great,daughter,thank,book,playing,awesome,game,love,games,loves,grandson,enjoyed,best,christmas
birthday,family,kids,friends,gift,play,loved,year,favorite,enjoy,fun,great,daughter,thank,book,playing,awesome,game,love,games,loves,grandson,enjoyed,best,christmas
birthday,family,kids,friends,gift,play,loved,year,favorite,enjoy,fun,great,daughter,thank,book,playing,awesome,game,love,games,loves,grandson,enjoyed,best,christmas
birthday,family,kids,friends,gift,play,loved,year,favorite,enjoy,fun,great,daughter,thank,book,playing,awesome,game,love,games,loves,grandson,enjoyed,best,christmas
birthday,family,kids,friends,gift,play,loved,year,favorite,enjoy,fun,great,daughter,thank,book,playing,awesome,game,love,games,loves,grandson,enjoyed,best,christmas
birthday,family,kids,friends,gift,play,loved,year,favorite,enjoy,fun,great,daughter,thank,book,playing,awesome,game,love,games,loves,grandson,enjoyed,best,christmas
birthday,family,kids,friends,gift,play,loved,year,favorite,enjoy,fun,great,daughter,thank,book,playing,awesome,game,love,games,loves,grandson,enjoyed,best,christmas
birthday,family,kids,friends,gift,play,loved,year,favorite,enjoy,fun,great,daughter,thank,book,playing,awesome,game,love,games,loves,grandson,enjoyed,best,christmas
birthday,family,kids,friends,gift,play,loved,year,favorite,enjoy,fun,great,daughter,thank,book,playing,awesome,game,love,games,loves,grandson,enjoyed,best,christmas
birthday,family,kids,friends,gift,play,loved,year,favorite,enjoy,fun,great,daughter,thank,book,playing,awesome,game,love,games,loves,grandson,enjoyed,best,christmas
birthday,family,kids,friends,gift,play,loved,year,favorite,enjoy,fun,great,daughter,thank,book,playing,awesome,game,love,games,loves,grandson,enjoyed,best,christmas
birthday,family,kids,friends,gift,play,loved,year,favorite,enjoy,fun,great,daughter,thank,book,playing,awesome,game,love,games,loves,grandson,enjoyed,best,christmas
birthday,family,kids,friends,gift,play,loved,year,favorite,enjoy,fun,great,daughter,thank,book,playing,awesome,game,love,games,loves,grandson,enjoyed,best,christmas
birthday,family,kids,friends,gift,play,loved,year,favorite,enjoy,fun,great,daughter,thank,book,playing,awesome,game,love,games,loves,grandson,enjoyed,best,christmas
birthday,family,kids,friends,gift,play,loved,year,favorite,enjoy,fun,great,daughter,thank,book,playing,awesome,game,love,games,loves,grandson,enjoyed,best,christmas
birthday,family,kids,friends,gift,play,loved,year,favorite,enjoy,fun,great,daughter,thank,book,playing,awesome,game,love,games,loves,grandson,enjoyed,best,christmas
birthday,family,kids,friends,gift,play,loved,year,favorite,enjoy,fun,great,daughter,thank,book,playing,awesome,game,love,games,loves,grandson,enjoyed,best,christmas
birthday,family,kids,friends,gift,play,loved,year,favorite,enjoy,fun,great,daughter,thank,book,playing,awesome,game,love,games,loves,grandson,enjoyed,best,christmas
birthday,family,kids,friends,gift,play,loved,year,favorite,enjoy,fun,great,daughter,thank,book,playing,awesome,game,love,games,loves,grandson,enjoyed,best,christmas
birthday,family,kids,friends,gift,play,loved,year,favorite,enjoy,fun,great,daughter,thank,book,playing,awesome,game,love,games,loves,grandson,enjoyed,best,christmas
birthday,family,kids,friends,gift,play,loved,year,favorite,enjoy,fun,great,daughter,thank,book,playing,awesome,game,love,games,loves,grandson,enjoyed,best,christmas
birthday,family,kids,friends,gift,play,loved,year,favorite,enjoy,fun,great,daughter,thank,book,playing,awesome,game,love,games,loves,grandson,enjoyed,best,christmas
birthday,family,kids,friends,gift,play,loved,year,favorite,enjoy,fun,great,daughter,thank,book,playing,awesome,game,love,games,loves,grandson,enjoyed,best,christmas
birthday,family,kids,friends,gift,play,loved,year,favorite,enjoy,fun,great,daughter,thank,book,playing,awesome,game,love,games,loves,grandson,enjoyed,best,christmas
birthday,family,kids,friends,gift,play,loved,year,favorite,enjoy,fun,great,daughter,thank,book,playing,awesome,game,love,games,loves,grandson,enjoyed,best,christmas
birthday,family,kids,friends,gift,play,loved,year,favorite,enjoy,fun,great,daughter,thank,book,playing,awesome,game,love,games,loves,grandson,enjoyed,best,christmas
birthday,family,kids,friends,gift,play,loved,year,favorite,enjoy,fun,great,daughter,thank,book,playing,awesome,game,love,games,loves,grandson,enjoyed,best,christmas
birthday,family,kids,friends,gift,play,loved,year,favorite,enjoy,fun,great,daughter,thank,book,playing,awesome,game,love,games,loves,grandson,enjoyed,best,christmas
birthday,family,kids,friends,gift,play,loved,year,favorite,enjoy,fun,great,daughter,thank,book,playing,awesome,game,love,games,loves,grandson,enjoyed,best,christmas
birthday,family,kids,friends,gift,play,loved,year,favorite,enjoy,fun,great,daughter,thank,book,playing,awesome,game,love,games,loves,grandson,enjoyed,best,christmas
birthday,family,kids,friends,gift,play,loved,year,favorite,enjoy,fun,great,daughter,thank,book,playing,awesome,game,love,games,loves,grandson,enjoyed,best,christmas
birthday,family,kids,friends,gift,play,loved,year,favorite,enjoy,fun,great,daughter,thank,book,playing,awesome,game,love,games,loves,grandson,enjoyed,best,christmas
birthday,family,kids,friends,gift,play,loved,year,favorite,enjoy,fun,great,daughter,thank,book,playing,awesome,game,love,games,loves,grandson,enjoyed,best,christmas
birthday,family,kids,friends,gift,play,loved,year,favorite,enjoy,fun,great,daughter,thank,book,playing,awesome,game,love,games,loves,grandson,enjoyed,best,christmas
birthday,family,kids,friends,gift,play,loved,year,favorite,enjoy,fun,great,daughter,thank,book,playing,awesome,game,love,games,loves,grandson,enjoyed,best,christmas
birthday,family,kids,friends,gift,play,loved,year,favorite,enjoy,fun,great,daughter,thank,book,playing,awesome,game,love,games,loves,grandson,enjoyed,best,christmas
birthday,family,kids,friends,gift,play,loved,year,favorite,enjoy,fun,great,daughter,thank,book,playing,awesome,game,love,games,loves,grandson,enjoyed,best,christmas
birthday,family,kids,friends,gift,play,loved,year,favorite,enjoy,fun,great,daughter,thank,book,playing,awesome,game,love,games,loves,grandson,enjoyed,best,christmas
birthday,family,kids,friends,gift,play,loved,year,favorite,enjoy,fun,great,daughter,thank,book,playing,awesome,game,love,games,loves,grandson,enjoyed,best,christmas
birthday,family,kids,friends,gift,play,loved,year,favorite,enjoy,fun,great,daughter,thank,book,playing,awesome,game,love,games,loves,grandson,enjoyed,best,christmas
birthday,family,kids,friends,gift,play,loved,year,favorite,enjoy,fun,great,daughter,thank,book,playing,awesome,game,love,games,loves,grandson,enjoyed,best,christmas
birthday,family,kids,friends,gift,play,loved,year,favorite,enjoy,fun,great,daughter,thank,book,playing,awesome,game,love,games,loves,grandson,enjoyed,best,christmas
birthday,family,kids,friends,gift,play,loved,year,favorite,enjoy,fun,great,daughter,thank,book,playing,awesome,game,love,games,loves,grandson,enjoyed,best,christmas
birthday,family,kids,friends,gift,play,loved,year,favorite,enjoy,fun,great,daughter,thank,book,playing,awesome,game,love,games,loves,grandson,enjoyed,best,christmas
birthday,family,kids,friends,gift,play,loved,year,favorite,enjoy,fun,great,daughter,thank,book,playing,awesome,game,love,games,loves,grandson,enjoyed,best,christmas
birthday,family,kids,friends,gift,play,loved,year,favorite,enjoy,fun,great,daughter,thank,book,playing,awesome,game,love,games,loves,grandson,enjoyed,best,christmas
birthday,family,kids,friends,gift,play,loved,year,favorite,enjoy,fun,great,daughter,thank,book,playing,awesome,game,love,games,loves,grandson,enjoyed,best,christmas
birthday,family,kids,friends,gift,play,loved,year,favorite,enjoy,fun,great,daughter,thank,book,playing,awesome,game,love,games,loves,grandson,enjoyed,best,christmas
birthday,family,kids,friends,gift,play,loved,year,favorite,enjoy,fun,great,daughter,thank,book,playing,awesome,game,love,games,loves,grandson,enjoyed,best,christmas
birthday,family,kids,friends,gift,play,loved,year,favorite,enjoy,fun,great,daughter,thank,book,playing,awesome,game,love,games,loves,grandson,enjoyed,best,christmas
birthday,family,kids,friends,gift,play,loved,year,favorite,enjoy,fun,great,daughter,thank,book,playing,awesome,game,love,games,loves,grandson,enjoyed,best,christmas
birthday,family,kids,friends,gift,play,loved,year,favorite,enjoy,fun,great,daughter,thank,book,playing,awesome,game,love,games,loves,grandson,enjoyed,best,christmas
birthday,family,kids,friends,gift,play,loved,year,favorite,enjoy,fun,great,daughter,thank,book,playing,awesome,game,love,games,loves,grandson,enjoyed,best,christmas
birthday,family,kids,friends,gift,play,loved,year,favorite,enjoy,fun,great,daughter,thank,book,playing,awesome,game,love,games,loves,grandson,enjoyed,best,christmas
birthday,family,kids,friends,gift,play,loved,year,favorite,enjoy,fun,great,daughter,thank,book,playing,awesome,game,love,games,loves,grandson,enjoyed,best,christmas
birthday,family,kids,friends,gift,play,loved,year,favorite,enjoy,fun,great,daughter,thank,book,playing,awesome,game,love,games,loves,grandson,enjoyed,best,christmas
birthday,family,kids,friends,gift,play,loved,year,favorite,enjoy,fun,great,daughter,thank,book,playing,awesome,game,love,games,loves,grandson,enjoyed,best,christmas
birthday,family,kids,friends,gift,play,loved,year,favorite,enjoy,fun,great,daughter,thank,book,playing,awesome,game,love,games,loves,grandson,enjoyed,best,christmas
birthday,family,kids,friends,gift,play,loved,year,favorite,enjoy,fun,great,daughter,thank,book,playing,awesome,game,love,games,loves,grandson,enjoyed,best,christmas
birthday,family,kids,friends,gift,play,loved,year,favorite,enjoy,fun,great,daughter,thank,book,playing,awesome,game,love,games,loves,grandson,enjoyed,best,christmas
birthday,family,kids,friends,gift,play,loved,year,favorite,enjoy,fun,great,daughter,thank,book,playing,awesome,game,love,games,loves,grandson,enjoyed,best,christmas
birthday,family,kids,friends,gift,play,loved,year,favorite,enjoy,fun,great,daughter,thank,book,playing,awesome,game,love,games,loves,grandson,enjoyed,best,christmas
birthday,family,kids,friends,gift,play,loved,year,favorite,enjoy,fun,great,daughter,thank,book,playing,awesome,game,love,games,loves,grandson,enjoyed,best,christmas
birthday,family,kids,friends,gift,play,loved,year,favorite,enjoy,fun,great,daughter,thank,book,playing,awesome,game,love,games,loves,grandson,enjoyed,best,christmas
birthday,family,kids,friends,gift,play,loved,year,favorite,enjoy,fun,great,daughter,thank,book,playing,awesome,game,love,games,loves,grandson,enjoyed,best,christmas
birthday,family,kids,friends,gift,play,loved,year,favorite,enjoy,fun,great,daughter,thank,book,playing,awesome,game,love,games,loves,grandson,enjoyed,best,christmas
birthday,family,kids,friends,gift,play,loved,year,favorite,enjoy,fun,great,daughter,thank,book,playing,awesome,game,love,games,loves,grandson,enjoyed,best,christmas
birthday,family,kids,friends,gift,play,loved,year,favorite,enjoy,fun,great,daughter,thank,book,playing,awesome,game,love,games,loves,grandson,enjoyed,best,christmas
birthday,family,kids,friends,gift,play,loved,year,favorite,enjoy,fun,great,daughter,thank,book,playing,awesome,game,love,games,loves,grandson,enjoyed,best,christmas
birthday,family,kids,friends,gift,play,loved,year,favorite,enjoy,fun,great,daughter,thank,book,playing,awesome,game,love,games,loves,grandson,enjoyed,best,christmas
birthday,family,kids,friends,gift,play,loved,year,favorite,enjoy,fun,great,daughter,thank,book,playing,awesome,game,love,games,loves,grandson,enjoyed,best,christmas
birthday,family,kids,friends,gift,play,loved,year,favorite,enjoy,fun,great,daughter,thank,book,playing,awesome,game,love,games,loves,grandson,enjoyed,best,christmas
birthday,family,kids,friends,gift,play,loved,year,favorite,enjoy,fun,great,daughter,thank,book,playing,awesome,game,love,games,loves,grandson,enjoyed,best,christmas
birthday,family,kids,friends,gift,play,loved,year,favorite,enjoy,fun,great,daughter,thank,book,playing,awesome,game,love,games,loves,grandson,enjoyed,best,christmas
birthday,family,kids,friends,gift,play,loved,year,favorite,enjoy,fun,great,daughter,thank,book,playing,awesome,game,love,games,loves,grandson,enjoyed,best,christmas
birthday,family,kids,friends,gift,play,loved,year,favorite,enjoy,fun,great,daughter,thank,book,playing,awesome,game,love,games,loves,grandson,enjoyed,best,christmas
birthday,family,kids,friends,gift,play,loved,year,favorite,enjoy,fun,great,daughter,thank,book,playing,awesome,game,love,games,loves,grandson,enjoyed,best,christmas
birthday,family,kids,friends,gift,play,loved,year,favorite,enjoy,fun,great,daughter,thank,book,playing,awesome,game,love,games,loves,grandson,enjoyed,best,christmas
birthday,family,kids,friends,gift,play,loved,year,favorite,enjoy,fun,great,daughter,thank,book,playing,awesome,game,love,games,loves,grandson,enjoyed,best,christmas
birthday,family,kids,friends,gift,play,loved,year,favorite,enjoy,fun,great,daughter,thank,book,playing,awesome,game,love,games,loves,grandson,enjoyed,best,christmas
birthday,family,kids,friends,gift,play,loved,year,favorite,enjoy,fun,great,daughter,thank,book,playing,awesome,game,love,games,loves,grandson,enjoyed,best,christmas
birthday,family,kids,friends,gift,play,loved,year,favorite,enjoy,fun,great,daughter,thank,book,playing,awesome,game,love,games,loves,grandson,enjoyed,best,christmas
birthday,family,kids,friends,gift,play,loved,year,favorite,enjoy,fun,great,daughter,thank,book,playing,awesome,game,love,games,loves,grandson,enjoyed,best,christmas
birthday,family,kids,friends,gift,play,loved,year,favorite,enjoy,fun,great,daughter,thank,book,playing,awesome,game,love,games,loves,grandson,enjoyed,best,christmas
birthday,family,kids,friends,gift,play,loved,year,favorite,enjoy,fun,great,daughter,thank,book,playing,awesome,game,love,games,loves,grandson,enjoyed,best,christmas
birthday,family,kids,friends,gift,play,loved,year,favorite,enjoy,fun,great,daughter,thank,book,playing,awesome,game,love,games,loves,grandson,enjoyed,best,christmas
birthday,family,kids,friends,gift,play,loved,year,favorite,enjoy,fun,great,daughter,thank,book,playing,awesome,game,love,games,loves,grandson,enjoyed,best,christmas
birthday,family,kids,friends,gift,play,loved,year,favorite,enjoy,fun,great,daughter,thank,book,playing,awesome,game,love,games,loves,grandson,enjoyed,best,christmas
birthday,family,kids,friends,gift,play,loved,year,favorite,enjoy,fun,great,daughter,thank,book,playing,awesome,game,love,games,loves,grandson,enjoyed,best,christmas
birthday,family,kids,friends,gift,play,loved,year,favorite,enjoy,fun,great,daughter,thank,book,playing,awesome,game,love,games,loves,grandson,enjoyed,best,christmas
birthday,family,kids,friends,gift,play,loved,year,favorite,enjoy,fun,great,daughter,thank,book,playing,awesome,game,love,games,loves,grandson,enjoyed,best,christmas
birthday,family,kids,friends,gift,play,loved,year,favorite,enjoy,fun,great,daughter,thank,book,playing,awesome,game,love,games,loves,grandson,enjoyed,best,christmas
birthday,family,kids,friends,gift,play,loved,year,favorite,enjoy,fun,great,daughter,thank,book,playing,awesome,game,love,games,loves,grandson,enjoyed,best,christmas
birthday,family,kids,friends,gift,play,loved,year,favorite,enjoy,fun,great,daughter,thank,book,playing,awesome,game,love,games,loves,grandson,enjoyed,best,christmas
birthday,family,kids,friends,gift,play,loved,year,favorite,enjoy,fun,great,daughter,thank,book,playing,awesome,game,love,games,loves,grandson,enjoyed,best,christmas
birthday,family,kids,friends,gift,play,loved,year,favorite,enjoy,fun,great,daughter,thank,book,playing,awesome,game,love,games,loves,grandson,enjoyed,best,christmas
birthday,family,kids,friends,gift,play,loved,year,favorite,enjoy,fun,great,daughter,thank,book,playing,awesome,game,love,games,loves,grandson,enjoyed,best,christmas
birthday,family,kids,friends,gift,play,loved,year,favorite,enjoy,fun,great,daughter,thank,book,playing,awesome,game,love,games,loves,grandson,enjoyed,best,christmas
birthday,family,kids,friends,gift,play,loved,year,favorite,enjoy,fun,great,daughter,thank,book,playing,awesome,game,love,games,loves,grandson,enjoyed,best,christmas
birthday,family,kids,friends,gift,play,loved,year,favorite,enjoy,fun,great,daughter,thank,book,playing,awesome,game,love,games,loves,grandson,enjoyed,best,christmas
birthday,family,kids,friends,gift,play,loved,year,favorite,enjoy,fun,great,daughter,thank,book,playing,awesome,game,love,games,loves,grandson,enjoyed,best,christmas
birthday,family,kids,friends,gift,play,loved,year,favorite,enjoy,fun,great,daughter,thank,book,playing,awesome,game,love,games,loves,grandson,enjoyed,best,christmas
birthday,family,kids,friends,gift,play,loved,year,favorite,enjoy,fun,great,daughter,thank,book,playing,awesome,game,love,games,loves,grandson,enjoyed,best,christmas
birthday,family,kids,friends,gift,play,loved,year,favorite,enjoy,fun,great,daughter,thank,book,playing,awesome,game,love,games,loves,grandson,enjoyed,best,christmas
birthday,family,kids,friends,gift,play,loved,year,favorite,enjoy,fun,great,daughter,thank,book,playing,awesome,game,love,games,loves,grandson,enjoyed,best,christmas
birthday,family,kids,friends,gift,play,loved,year,favorite,enjoy,fun,great,daughter,thank,book,playing,awesome,game,love,games,loves,grandson,enjoyed,best,christmas
birthday,family,kids,friends,gift,play,loved,year,favorite,enjoy,fun,great,daughter,thank,book,playing,awesome,game,love,games,loves,grandson,enjoyed,best,christmas
birthday,family,kids,friends,gift,play,loved,year,favorite,enjoy,fun,great,daughter,thank,book,playing,awesome,game,love,games,loves,grandson,enjoyed,best,christmas
birthday,family,kids,friends,gift,play,loved,year,favorite,enjoy,fun,great,daughter,thank,book,playing,awesome,game,love,games,loves,grandson,enjoyed,best,christmas
birthday,family,kids,friends,gift,play,loved,year,favorite,enjoy,fun,great,daughter,thank,book,playing,awesome,game,love,games,loves,grandson,enjoyed,best,christmas
birthday,family,kids,friends,gift,play,loved,year,favorite,enjoy,fun,great,daughter,thank,book,playing,awesome,game,love,games,loves,grandson,enjoyed,best,christmas
birthday,family,kids,friends,gift,play,loved,year,favorite,enjoy,fun,great,daughter,thank,book,playing,awesome,game,love,games,loves,grandson,enjoyed,best,christmas
birthday,family,kids,friends,gift,play,loved,year,favorite,enjoy,fun,great,daughter,thank,book,playing,awesome,game,love,games,loves,grandson,enjoyed,best,christmas
birthday,family,kids,friends,gift,play,loved,year,favorite,enjoy,fun,great,daughter,thank,book,playing,awesome,game,love,games,loves,grandson,enjoyed,best,christmas
birthday,family,kids,friends,gift,play,loved,year,favorite,enjoy,fun,great,daughter,thank,book,playing,awesome,game,love,games,loves,grandson,enjoyed,best,christmas
birthday,family,kids,friends,gift,play,loved,year,favorite,enjoy,fun,great,daughter,thank,book,playing,awesome,game,love,games,loves,grandson,enjoyed,best,christmas
birthday,family,kids,friends,gift,play,loved,year,favorite,enjoy,fun,great,daughter,thank,book,playing,awesome,game,love,games,loves,grandson,enjoyed,best,christmas
birthday,family,kids,friends,gift,play,loved,year,favorite,enjoy,fun,great,daughter,thank,book,playing,awesome,game,love,games,loves,grandson,enjoyed,best,christmas
birthday,family,kids,friends,gift,play,loved,year,favorite,enjoy,fun,great,daughter,thank,book,playing,awesome,game,love,games,loves,grandson,enjoyed,best,christmas
birthday,family,kids,friends,gift,play,loved,year,favorite,enjoy,fun,great,daughter,thank,book,playing,awesome,game,love,games,loves,grandson,enjoyed,best,christmas
birthday,family,kids,friends,gift,play,loved,year,favorite,enjoy,fun,great,daughter,thank,book,playing,awesome,game,love,games,loves,grandson,enjoyed,best,christmas
birthday,family,kids,friends,gift,play,loved,year,favorite,enjoy,fun,great,daughter,thank,book,playing,awesome,game,love,games,loves,grandson,enjoyed,best,christmas
birthday,family,kids,friends,gift,play,loved,year,favorite,enjoy,fun,great,daughter,thank,book,playing,awesome,game,love,games,loves,grandson,enjoyed,best,christmas
birthday,family,kids,friends,gift,play,loved,year,favorite,enjoy,fun,great,daughter,thank,book,playing,awesome,game,love,games,loves,grandson,enjoyed,best,christmas
birthday,family,kids,friends,gift,play,loved,year,favorite,enjoy,fun,great,daughter,thank,book,playing,awesome,game,love,games,loves,grandson,enjoyed,best,christmas
birthday,family,kids,friends,gift,play,loved,year,favorite,enjoy,fun,great,daughter,thank,book,playing,awesome,game,love,games,loves,grandson,enjoyed,best,christmas
birthday,family,kids,friends,gift,play,loved,year,favorite,enjoy,fun,great,daughter,thank,book,playing,awesome,game,love,games,loves,grandson,enjoyed,best,christmas
birthday,family,kids,friends,gift,play,loved,year,favorite,enjoy,fun,great,daughter,thank,book,playing,awesome,game,love,games,loves,grandson,enjoyed,best,christmas
birthday,family,kids,friends,gift,play,loved,year,favorite,enjoy,fun,great,daughter,thank,book,playing,awesome,game,love,games,loves,grandson,enjoyed,best,christmas
birthday,family,kids,friends,gift,play,loved,year,favorite,enjoy,fun,great,daughter,thank,book,playing,awesome,game,love,games,loves,grandson,enjoyed,best,christmas
birthday,family,kids,friends,gift,play,loved,year,favorite,enjoy,fun,great,daughter,thank,book,playing,awesome,game,love,games,loves,grandson,enjoyed,best,christmas
birthday,family,kids,friends,gift,play,loved,year,favorite,enjoy,fun,great,daughter,thank,book,playing,awesome,game,love,games,loves,grandson,enjoyed,best,christmas
birthday,family,kids,friends,gift,play,loved,year,favorite,enjoy,fun,great,daughter,thank,book,playing,awesome,game,love,games,loves,grandson,enjoyed,best,christmas
birthday,family,kids,friends,gift,play,loved,year,favorite,enjoy,fun,great,daughter,thank,book,playing,awesome,game,love,games,loves,grandson,enjoyed,best,christmas
birthday,family,kids,friends,gift,play,loved,year,favorite,enjoy,fun,great,daughter,thank,book,playing,awesome,game,love,games,loves,grandson,enjoyed,best,christmas
birthday,family,kids,friends,gift,play,loved,year,favorite,enjoy,fun,great,daughter,thank,book,playing,awesome,game,love,games,loves,grandson,enjoyed,best,christmas
birthday,family,kids,friends,gift,play,loved,year,favorite,enjoy,fun,great,daughter,thank,book,playing,awesome,game,love,games,loves,grandson,enjoyed,best,christmas
birthday,family,kids,friends,gift,play,loved,year,favorite,enjoy,fun,great,daughter,thank,book,playing,awesome,game,love,games,loves,grandson,enjoyed,best,christmas
birthday,family,kids,friends,gift,play,loved,year,favorite,enjoy,fun,great,daughter,thank,book,playing,awesome,game,love,games,loves,grandson,enjoyed,best,christmas
birthday,family,kids,friends,gift,play,loved,year,favorite,enjoy,fun,great,daughter,thank,book,playing,awesome,game,love,games,loves,grandson,enjoyed,best,christmas
birthday,family,kids,friends,gift,play,loved,year,favorite,enjoy,fun,great,daughter,thank,book,playing,awesome,game,love,games,loves,grandson,enjoyed,best,christmas
birthday,family,kids,friends,gift,play,loved,year,favorite,enjoy,fun,great,daughter,thank,book,playing,awesome,game,love,games,loves,grandson,enjoyed,best,christmas
birthday,family,kids,friends,gift,play,loved,year,favorite,enjoy,fun,great,daughter,thank,book,playing,awesome,game,love,games,loves,grandson,enjoyed,best,christmas
birthday,family,kids,friends,gift,play,loved,year,favorite,enjoy,fun,great,daughter,thank,book,playing,awesome,game,love,games,loves,grandson,enjoyed,best,christmas
birthday,family,kids,friends,gift,play,loved,year,favorite,enjoy,fun,great,daughter,thank,book,playing,awesome,game,love,games,loves,grandson,enjoyed,best,christmas
birthday,family,kids,friends,gift,play,loved,year,favorite,enjoy,fun,great,daughter,thank,book,playing,awesome,game,love,games,loves,grandson,enjoyed,best,christmas
birthday,family,kids,friends,gift,play,loved,year,favorite,enjoy,fun,great,daughter,thank,book,playing,awesome,game,love,games,loves,grandson,enjoyed,best,christmas
birthday,family,kids,friends,gift,play,loved,year,favorite,enjoy,fun,great,daughter,thank,book,playing,awesome,game,love,games,loves,grandson,enjoyed,best,christmas
birthday,family,kids,friends,gift,play,loved,year,favorite,enjoy,fun,great,daughter,thank,book,playing,awesome,game,love,games,loves,grandson,enjoyed,best,christmas
birthday,family,kids,friends,gift,play,loved,year,favorite,enjoy,fun,great,daughter,thank,book,playing,awesome,game,love,games,loves,grandson,enjoyed,best,christmas
birthday,family,kids,friends,gift,play,loved,year,favorite,enjoy,fun,great,daughter,thank,book,playing,awesome,game,love,games,loves,grandson,enjoyed,best,christmas
birthday,family,kids,friends,gift,play,loved,year,favorite,enjoy,fun,great,daughter,thank,book,playing,awesome,game,love,games,loves,grandson,enjoyed,best,christmas
birthday,family,kids,friends,gift,play,loved,year,favorite,enjoy,fun,great,daughter,thank,book,playing,awesome,game,love,games,loves,grandson,enjoyed,best,christmas
birthday,family,kids,friends,gift,play,loved,year,favorite,enjoy,fun,great,daughter,thank,book,playing,awesome,game,love,games,loves,grandson,enjoyed,best,christmas
birthday,family,kids,friends,gift,play,loved,year,favorite,enjoy,fun,great,daughter,thank,book,playing,awesome,game,love,games,loves,grandson,enjoyed,best,christmas
birthday,family,kids,friends,gift,play,loved,year,favorite,enjoy,fun,great,daughter,thank,book,playing,awesome,game,love,games,loves,grandson,enjoyed,best,christmas
birthday,family,kids,friends,gift,play,loved,year,favorite,enjoy,fun,great,daughter,thank,book,playing,awesome,game,love,games,loves,grandson,enjoyed,best,christmas
birthday,family,kids,friends,gift,play,loved,year,favorite,enjoy,fun,great,daughter,thank,book,playing,awesome,game,love,games,loves,grandson,enjoyed,best,christmas
birthday,family,kids,friends,gift,play,loved,year,favorite,enjoy,fun,great,daughter,thank,book,playing,awesome,game,love,games,loves,grandson,enjoyed,best,christmas
birthday,family,kids,friends,gift,play,loved,year,favorite,enjoy,fun,great,daughter,thank,book,playing,awesome,game,love,games,loves,grandson,enjoyed,best,christmas
birthday,family,kids,friends,gift,play,loved,year,favorite,enjoy,fun,great,daughter,thank,book,playing,awesome,game,love,games,loves,grandson,enjoyed,best,christmas
birthday,family,kids,friends,gift,play,loved,year,favorite,enjoy,fun,great,daughter,thank,book,playing,awesome,game,love,games,loves,grandson,enjoyed,best,christmas
birthday,family,kids,friends,gift,play,loved,year,favorite,enjoy,fun,great,daughter,thank,book,playing,awesome,game,love,games,loves,grandson,enjoyed,best,christmas
birthday,family,kids,friends,gift,play,loved,year,favorite,enjoy,fun,great,daughter,thank,book,playing,awesome,game,love,games,loves,grandson,enjoyed,best,christmas
birthday,family,kids,friends,gift,play,loved,year,favorite,enjoy,fun,great,daughter,thank,book,playing,awesome,game,love,games,loves,grandson,enjoyed,best,christmas
birthday,family,kids,friends,gift,play,loved,year,favorite,enjoy,fun,great,daughter,thank,book,playing,awesome,game,love,games,loves,grandson,enjoyed,best,christmas
birthday,family,kids,friends,gift,play,loved,year,favorite,enjoy,fun,great,daughter,thank,book,playing,awesome,game,love,games,loves,grandson,enjoyed,best,christmas
birthday,family,kids,friends,gift,play,loved,year,favorite,enjoy,fun,great,daughter,thank,book,playing,awesome,game,love,games,loves,grandson,enjoyed,best,christmas
birthday,family,kids,friends,gift,play,loved,year,favorite,enjoy,fun,great,daughter,thank,book,playing,awesome,game,love,games,loves,grandson,enjoyed,best,christmas
birthday,family,kids,friends,gift,play,loved,year,favorite,enjoy,fun,great,daughter,thank,book,playing,awesome,game,love,games,loves,grandson,enjoyed,best,christmas
birthday,family,kids,friends,gift,play,loved,year,favorite,enjoy,fun,great,daughter,thank,book,playing,awesome,game,love,games,loves,grandson,enjoyed,best,christmas
birthday,family,kids,friends,gift,play,loved,year,favorite,enjoy,fun,great,daughter,thank,book,playing,awesome,game,love,games,loves,grandson,enjoyed,best,christmas
birthday,family,kids,friends,gift,play,loved,year,favorite,enjoy,fun,great,daughter,thank,book,playing,awesome,game,love,games,loves,grandson,enjoyed,best,christmas
birthday,family,kids,friends,gift,play,loved,year,favorite,enjoy,fun,great,daughter,thank,book,playing,awesome,game,love,games,loves,grandson,enjoyed,best,christmas
birthday,family,kids,friends,gift,play,loved,year,favorite,enjoy,fun,great,daughter,thank,book,playing,awesome,game,love,games,loves,grandson,enjoyed,best,christmas
birthday,family,kids,friends,gift,play,loved,year,favorite,enjoy,fun,great,daughter,thank,book,playing,awesome,game,love,games,loves,grandson,enjoyed,best,christmas
birthday,family,kids,friends,gift,play,loved,year,favorite,enjoy,fun,great,daughter,thank,book,playing,awesome,game,love,games,loves,grandson,enjoyed,best,christmas
birthday,family,kids,friends,gift,play,loved,year,favorite,enjoy,fun,great,daughter,thank,book,playing,awesome,game,love,games,loves,grandson,enjoyed,best,christmas
birthday,family,kids,friends,gift,play,loved,year,favorite,enjoy,fun,great,daughter,thank,book,playing,awesome,game,love,games,loves,grandson,enjoyed,best,christmas
birthday,family,kids,friends,gift,play,loved,year,favorite,enjoy,fun,great,daughter,thank,book,playing,awesome,game,love,games,loves,grandson,enjoyed,best,christmas
birthday,family,kids,friends,gift,play,loved,year,favorite,enjoy,fun,great,daughter,thank,book,playing,awesome,game,love,games,loves,grandson,enjoyed,best,christmas
birthday,family,kids,friends,gift,play,loved,year,favorite,enjoy,fun,great,daughter,thank,book,playing,awesome,game,love,games,loves,grandson,enjoyed,best,christmas
birthday,family,kids,friends,gift,play,loved,year,favorite,enjoy,fun,great,daughter,thank,book,playing,awesome,game,love,games,loves,grandson,enjoyed,best,christmas
birthday,family,kids,friends,gift,play,loved,year,favorite,enjoy,fun,great,daughter,thank,book,playing,awesome,game,love,games,loves,grandson,enjoyed,best,christmas
birthday,family,kids,friends,gift,play,loved,year,favorite,enjoy,fun,great,daughter,thank,book,playing,awesome,game,love,games,loves,grandson,enjoyed,best,christmas
birthday,family,kids,friends,gift,play,loved,year,favorite,enjoy,fun,great,daughter,thank,book,playing,awesome,game,love,games,loves,grandson,enjoyed,best,christmas
birthday,family,kids,friends,gift,play,loved,year,favorite,enjoy,fun,great,daughter,thank,book,playing,awesome,game,love,games,loves,grandson,enjoyed,best,christmas
birthday,family,kids,friends,gift,play,loved,year,wonderful,favorite,enjoy,fun,great,daughter,thank,playing,awesome,game,love,games,loves,grandson,enjoyed,best,christmas
birthday,family,kids,friends,gift,play,loved,year,wonderful,favorite,enjoy,fun,great,daughter,thank,playing,awesome,game,love,games,loves,grandson,enjoyed,best,christmas
birthday,family,kids,friends,gift,play,loved,year,wonderful,favorite,enjoy,fun,great,daughter,thank,playing,awesome,game,love,games,loves,grandson,enjoyed,best,christmas
birthday,family,kids,friends,gift,play,loved,year,wonderful,favorite,enjoy,fun,great,daughter,thank,playing,awesome,game,love,games,loves,grandson,enjoyed,best,christmas
birthday,family,kids,friends,gift,play,loved,year,wonderful,favorite,enjoy,fun,great,daughter,thank,playing,awesome,game,love,games,loves,grandson,enjoyed,best,christmas
birthday,family,kids,friends,gift,play,loved,year,wonderful,favorite,enjoy,fun,great,daughter,thank,playing,awesome,game,love,games,loves,grandson,enjoyed,best,christmas
birthday,family,kids,friends,gift,play,loved,year,wonderful,favorite,enjoy,fun,great,daughter,thank,playing,awesome,game,love,games,loves,grandson,enjoyed,best,christmas
birthday,family,kids,friends,gift,play,loved,year,wonderful,favorite,enjoy,fun,great,daughter,thank,playing,awesome,game,love,games,loves,grandson,enjoyed,best,christmas
birthday,family,kids,friends,gift,play,loved,year,wonderful,favorite,enjoy,fun,great,daughter,thank,playing,awesome,game,love,games,loves,grandson,enjoyed,best,christmas
birthday,family,kids,friends,gift,play,loved,year,wonderful,favorite,enjoy,fun,great,daughter,thank,playing,awesome,game,love,games,loves,grandson,enjoyed,best,christmas
birthday,family,kids,friends,gift,play,loved,year,wonderful,favorite,enjoy,fun,great,daughter,thank,playing,awesome,game,love,games,loves,grandson,enjoyed,best,christmas
birthday,family,kids,friends,gift,play,loved,year,wonderful,favorite,enjoy,fun,great,daughter,thank,playing,awesome,game,love,games,loves,grandson,enjoyed,best,christmas
birthday,family,kids,friends,gift,play,loved,year,wonderful,favorite,enjoy,fun,great,daughter,thank,playing,awesome,game,love,games,loves,grandson,enjoyed,best,christmas
birthday,family,kids,friends,gift,play,loved,year,wonderful,favorite,enjoy,fun,great,daughter,thank,playing,awesome,game,love,games,loves,grandson,enjoyed,best,christmas
birthday,family,kids,friends,gift,play,loved,year,wonderful,favorite,enjoy,fun,great,daughter,thank,playing,awesome,game,love,games,loves,grandson,enjoyed,best,christmas
birthday,family,kids,friends,gift,play,loved,year,wonderful,favorite,enjoy,fun,great,daughter,thank,playing,awesome,game,love,games,loves,grandson,enjoyed,best,christmas
birthday,family,kids,friends,gift,play,loved,year,wonderful,favorite,enjoy,fun,great,daughter,thank,playing,awesome,game,love,games,loves,grandson,enjoyed,best,christmas
birthday,family,kids,friends,gift,play,loved,year,wonderful,favorite,enjoy,fun,great,daughter,thank,playing,awesome,game,love,games,loves,grandson,enjoyed,best,christmas
birthday,family,kids,friends,gift,play,loved,year,wonderful,favorite,enjoy,fun,great,daughter,thank,playing,awesome,game,love,games,loves,grandson,enjoyed,best,christmas
birthday,family,kids,friends,gift,play,loved,year,wonderful,favorite,enjoy,fun,great,daughter,thank,playing,awesome,game,love,games,loves,grandson,enjoyed,best,christmas
birthday,family,kids,friends,gift,play,loved,year,wonderful,favorite,enjoy,fun,great,daughter,thank,playing,awesome,game,love,games,loves,grandson,enjoyed,best,christmas
birthday,family,kids,friends,gift,play,loved,year,wonderful,favorite,enjoy,fun,great,daughter,thank,playing,awesome,game,love,games,loves,grandson,enjoyed,best,christmas
birthday,family,kids,friends,gift,play,loved,year,wonderful,favorite,enjoy,fun,great,daughter,thank,playing,awesome,game,love,games,loves,grandson,enjoyed,best,christmas
birthday,family,kids,friends,gift,play,loved,year,wonderful,favorite,enjoy,fun,great,daughter,thank,playing,awesome,game,love,games,loves,grandson,enjoyed,best,christmas
birthday,family,kids,friends,gift,play,loved,year,wonderful,favorite,enjoy,fun,great,daughter,thank,playing,awesome,game,love,games,loves,grandson,enjoyed,best,christmas
birthday,family,kids,friends,gift,play,loved,year,wonderful,favorite,enjoy,fun,great,daughter,thank,playing,awesome,game,love,games,loves,grandson,enjoyed,best,christmas
birthday,family,kids,friends,gift,play,loved,year,wonderful,favorite,enjoy,fun,great,daughter,thank,playing,awesome,game,love,games,loves,grandson,enjoyed,best,christmas
birthday,family,kids,friends,gift,play,loved,year,wonderful,favorite,enjoy,fun,great,daughter,thank,playing,awesome,game,love,games,loves,grandson,enjoyed,best,christmas
birthday,family,kids,friends,gift,play,loved,year,wonderful,favorite,enjoy,fun,great,daughter,thank,playing,awesome,game,love,games,loves,grandson,enjoyed,best,christmas
birthday,family,kids,friends,gift,play,loved,year,wonderful,favorite,enjoy,fun,great,daughter,thank,playing,awesome,game,love,games,loves,grandson,enjoyed,best,christmas
birthday,family,kids,friends,gift,play,loved,year,wonderful,favorite,enjoy,fun,great,daughter,thank,playing,awesome,game,love,games,loves,grandson,enjoyed,best,christmas
birthday,family,kids,friends,gift,play,loved,year,wonderful,favorite,enjoy,fun,great,daughter,thank,playing,awesome,game,love,games,loves,grandson,enjoyed,best,christmas
birthday,family,kids,friends,gift,play,loved,year,wonderful,favorite,enjoy,fun,great,daughter,thank,playing,awesome,game,love,games,loves,grandson,enjoyed,best,christmas
birthday,family,kids,friends,gift,play,loved,year,wonderful,favorite,enjoy,fun,great,daughter,thank,playing,awesome,game,love,games,loves,grandson,enjoyed,best,christmas
birthday,family,kids,friends,gift,play,loved,year,wonderful,favorite,enjoy,fun,great,daughter,thank,playing,awesome,game,love,games,loves,grandson,enjoyed,best,christmas
birthday,family,kids,friends,gift,play,loved,year,wonderful,favorite,enjoy,fun,great,daughter,thank,playing,awesome,game,love,games,loves,grandson,enjoyed,best,christmas
birthday,family,kids,friends,gift,play,loved,year,wonderful,favorite,enjoy,fun,great,daughter,thank,playing,awesome,game,love,games,loves,grandson,enjoyed,best,christmas
birthday,family,kids,friends,gift,play,loved,year,wonderful,favorite,enjoy,fun,great,daughter,thank,playing,awesome,game,love,games,loves,grandson,enjoyed,best,christmas
birthday,family,kids,friends,gift,play,loved,year,wonderful,favorite,enjoy,fun,great,daughter,thank,playing,awesome,game,love,games,loves,grandson,enjoyed,best,christmas
birthday,family,kids,friends,gift,play,loved,year,wonderful,favorite,enjoy,fun,great,daughter,thank,playing,awesome,game,love,games,loves,grandson,enjoyed,best,christmas
birthday,family,kids,friends,gift,play,loved,year,wonderful,favorite,enjoy,fun,great,daughter,thank,playing,awesome,game,love,games,loves,grandson,enjoyed,best,christmas
birthday,family,kids,friends,gift,play,loved,year,wonderful,favorite,enjoy,fun,great,daughter,thank,playing,awesome,game,love,games,loves,grandson,enjoyed,best,christmas
birthday,family,kids,friends,gift,play,loved,year,wonderful,favorite,enjoy,fun,great,daughter,thank,playing,awesome,game,love,games,loves,grandson,enjoyed,best,christmas
birthday,family,kids,friends,gift,play,loved,year,wonderful,favorite,enjoy,fun,great,daughter,thank,playing,awesome,game,love,games,loves,grandson,enjoyed,best,christmas
birthday,family,kids,friends,gift,play,loved,year,wonderful,favorite,enjoy,fun,great,daughter,thank,playing,awesome,game,love,games,loves,grandson,enjoyed,best,christmas
birthday,family,kids,friends,gift,play,loved,year,wonderful,favorite,enjoy,fun,great,daughter,thank,playing,awesome,game,love,games,loves,grandson,enjoyed,best,christmas
birthday,family,kids,friends,gift,play,loved,year,wonderful,favorite,enjoy,fun,great,daughter,thank,playing,awesome,game,love,games,loves,grandson,enjoyed,best,christmas
birthday,family,kids,friends,gift,play,loved,year,wonderful,favorite,enjoy,fun,great,daughter,thank,playing,awesome,game,love,games,loves,grandson,enjoyed,best,christmas
birthday,family,kids,friends,gift,play,loved,year,wonderful,favorite,enjoy,fun,great,daughter,thank,playing,awesome,game,love,games,loves,grandson,enjoyed,best,christmas
birthday,family,kids,friends,gift,play,loved,year,wonderful,favorite,enjoy,fun,great,daughter,thank,playing,awesome,game,love,games,loves,grandson,enjoyed,best,christmas
birthday,family,kids,friends,gift,play,loved,year,wonderful,favorite,enjoy,fun,great,daughter,thank,playing,awesome,game,love,games,loves,grandson,enjoyed,best,christmas
birthday,family,kids,friends,gift,play,loved,year,wonderful,favorite,enjoy,fun,great,daughter,thank,playing,awesome,game,love,games,loves,grandson,enjoyed,best,christmas
birthday,family,kids,friends,gift,play,loved,year,wonderful,favorite,enjoy,fun,great,daughter,thank,playing,awesome,game,love,games,loves,grandson,enjoyed,best,christmas
birthday,family,kids,friends,gift,play,loved,year,wonderful,favorite,enjoy,fun,great,daughter,thank,playing,awesome,game,love,games,loves,grandson,enjoyed,best,christmas
birthday,family,kids,friends,gift,play,loved,year,wonderful,favorite,enjoy,fun,great,daughter,thank,playing,awesome,game,love,games,loves,grandson,enjoyed,best,christmas
birthday,family,kids,friends,gift,play,loved,year,wonderful,favorite,enjoy,fun,great,daughter,thank,playing,awesome,game,love,games,loves,grandson,enjoyed,best,christmas
birthday,family,kids,friends,gift,play,loved,year,wonderful,favorite,enjoy,fun,great,daughter,thank,playing,awesome,game,love,games,loves,grandson,enjoyed,best,christmas
birthday,family,kids,friends,gift,play,loved,year,wonderful,favorite,enjoy,fun,great,daughter,thank,playing,awesome,game,love,games,loves,grandson,enjoyed,best,christmas
birthday,family,kids,friends,gift,play,loved,year,wonderful,favorite,enjoy,fun,great,daughter,thank,playing,awesome,game,love,games,loves,grandson,enjoyed,best,christmas
birthday,family,kids,friends,gift,play,loved,year,wonderful,favorite,enjoy,fun,great,daughter,thank,playing,awesome,game,love,games,loves,grandson,enjoyed,best,christmas
birthday,family,kids,friends,gift,play,loved,year,wonderful,favorite,enjoy,fun,great,daughter,thank,playing,awesome,game,love,games,loves,grandson,enjoyed,best,christmas
birthday,family,kids,friends,gift,play,loved,year,wonderful,favorite,enjoy,fun,great,daughter,thank,playing,awesome,game,love,games,loves,grandson,enjoyed,best,christmas
birthday,family,kids,friends,gift,play,loved,year,wonderful,favorite,enjoy,fun,great,daughter,thank,playing,awesome,game,love,games,loves,grandson,enjoyed,best,christmas
birthday,family,kids,friends,gift,play,loved,year,wonderful,favorite,enjoy,fun,great,daughter,thank,playing,awesome,game,love,games,loves,grandson,enjoyed,best,christmas
birthday,family,kids,friends,gift,play,loved,year,wonderful,favorite,enjoy,fun,great,daughter,thank,playing,awesome,game,love,games,loves,grandson,enjoyed,best,christmas
birthday,family,kids,friends,gift,play,loved,year,wonderful,favorite,enjoy,fun,great,daughter,thank,playing,awesome,game,love,games,loves,grandson,enjoyed,best,christmas
birthday,family,kids,friends,gift,play,loved,year,wonderful,favorite,enjoy,fun,great,daughter,thank,playing,awesome,game,love,games,loves,grandson,enjoyed,best,christmas
birthday,family,kids,friends,gift,play,loved,year,wonderful,favorite,enjoy,fun,great,daughter,thank,playing,awesome,game,love,games,loves,grandson,enjoyed,best,christmas
birthday,family,kids,friends,gift,play,loved,year,wonderful,favorite,enjoy,fun,great,daughter,thank,playing,awesome,game,love,games,loves,grandson,enjoyed,best,christmas
birthday,family,kids,friends,gift,play,loved,year,wonderful,favorite,enjoy,fun,great,daughter,thank,playing,awesome,game,love,games,loves,grandson,enjoyed,best,christmas
birthday,family,kids,friends,gift,play,loved,year,wonderful,favorite,enjoy,fun,great,daughter,thank,playing,awesome,game,love,games,loves,grandson,enjoyed,best,christmas
birthday,family,kids,friends,gift,play,loved,year,wonderful,favorite,enjoy,fun,great,daughter,thank,playing,awesome,game,love,games,loves,grandson,enjoyed,best,christmas
birthday,family,kids,friends,gift,play,loved,year,wonderful,favorite,enjoy,fun,great,daughter,thank,playing,awesome,game,love,games,loves,grandson,enjoyed,best,christmas
birthday,family,kids,friends,gift,play,loved,year,wonderful,favorite,enjoy,fun,great,daughter,thank,playing,awesome,game,love,games,loves,grandson,enjoyed,best,christmas
birthday,family,kids,friends,gift,play,loved,year,wonderful,favorite,enjoy,fun,great,daughter,thank,playing,awesome,game,love,games,loves,grandson,enjoyed,best,christmas
birthday,family,kids,friends,gift,play,loved,year,wonderful,favorite,enjoy,fun,great,daughter,thank,playing,awesome,game,love,games,loves,grandson,enjoyed,best,christmas
birthday,family,kids,friends,gift,play,loved,year,wonderful,favorite,enjoy,fun,great,daughter,thank,playing,awesome,game,love,games,loves,grandson,enjoyed,best,christmas
birthday,family,kids,friends,gift,play,loved,year,wonderful,favorite,enjoy,fun,great,daughter,thank,playing,awesome,game,love,games,loves,grandson,enjoyed,best,christmas
birthday,family,kids,friends,gift,play,loved,year,wonderful,favorite,enjoy,fun,great,daughter,thank,playing,awesome,game,love,games,loves,grandson,enjoyed,best,christmas
birthday,family,kids,friends,gift,play,loved,year,wonderful,favorite,enjoy,fun,great,daughter,thank,playing,awesome,game,love,games,loves,grandson,enjoyed,best,christmas
birthday,family,kids,friends,gift,play,loved,year,wonderful,favorite,enjoy,fun,great,daughter,thank,playing,awesome,game,love,games,loves,grandson,enjoyed,best,christmas
birthday,family,kids,friends,gift,play,loved,year,wonderful,favorite,enjoy,fun,great,daughter,thank,playing,awesome,game,love,games,loves,grandson,enjoyed,best,christmas
birthday,family,kids,friends,gift,play,loved,year,wonderful,favorite,enjoy,fun,great,daughter,thank,playing,awesome,game,love,games,loves,grandson,enjoyed,best,christmas
birthday,family,kids,friends,gift,play,loved,year,wonderful,favorite,enjoy,fun,great,daughter,thank,playing,awesome,game,love,games,loves,grandson,enjoyed,best,christmas
birthday,family,kids,friends,gift,play,loved,year,wonderful,favorite,enjoy,fun,great,daughter,thank,playing,awesome,game,love,games,loves,grandson,enjoyed,best,christmas
birthday,family,kids,friends,gift,play,loved,year,wonderful,favorite,enjoy,fun,great,daughter,thank,playing,awesome,game,love,games,loves,grandson,enjoyed,best,christmas
birthday,family,kids,friends,gift,play,loved,year,wonderful,favorite,enjoy,fun,great,daughter,thank,playing,awesome,game,love,games,loves,grandson,enjoyed,best,christmas
birthday,family,kids,friends,gift,play,loved,year,wonderful,favorite,enjoy,fun,great,daughter,thank,playing,awesome,game,love,games,loves,grandson,enjoyed,best,christmas
birthday,family,kids,friends,gift,play,loved,year,wonderful,favorite,enjoy,fun,great,daughter,thank,playing,awesome,game,love,games,loves,grandson,enjoyed,best,christmas
birthday,family,kids,friends,gift,play,loved,year,wonderful,favorite,enjoy,fun,great,daughter,thank,playing,awesome,game,love,games,loves,grandson,enjoyed,best,christmas
birthday,family,kids,friends,gift,play,loved,year,wonderful,favorite,enjoy,fun,great,daughter,thank,playing,awesome,game,love,games,loves,grandson,enjoyed,best,christmas
birthday,family,kids,friends,gift,play,loved,year,wonderful,favorite,enjoy,fun,great,daughter,thank,playing,awesome,game,love,games,loves,grandson,enjoyed,best,christmas
birthday,family,kids,friends,gift,play,loved,year,wonderful,favorite,enjoy,fun,great,daughter,thank,playing,awesome,game,love,games,loves,grandson,enjoyed,best,christmas
birthday,family,kids,friends,gift,play,loved,year,wonderful,favorite,enjoy,fun,great,daughter,thank,playing,awesome,game,love,games,loves,grandson,enjoyed,best,christmas
birthday,family,kids,friends,gift,play,loved,year,wonderful,favorite,enjoy,fun,great,daughter,thank,playing,awesome,game,love,games,loves,grandson,enjoyed,best,christmas
birthday,family,kids,friends,gift,play,loved,year,wonderful,favorite,enjoy,fun,great,daughter,thank,playing,awesome,game,love,games,loves,grandson,enjoyed,best,christmas
birthday,family,kids,friends,gift,play,loved,year,wonderful,favorite,enjoy,fun,great,daughter,thank,playing,awesome,game,love,games,loves,grandson,enjoyed,best,christmas
birthday,family,kids,friends,gift,play,loved,year,wonderful,favorite,enjoy,fun,great,daughter,thank,playing,awesome,game,love,games,loves,grandson,enjoyed,best,christmas
birthday,family,kids,friends,gift,play,loved,year,wonderful,favorite,enjoy,fun,great,daughter,thank,playing,awesome,game,love,games,loves,grandson,enjoyed,best,christmas
birthday,family,kids,friends,gift,play,loved,year,wonderful,favorite,enjoy,fun,great,daughter,thank,playing,awesome,game,love,games,loves,grandson,enjoyed,best,christmas
birthday,family,kids,friends,gift,play,loved,year,wonderful,favorite,enjoy,fun,great,daughter,thank,playing,awesome,game,love,games,loves,grandson,enjoyed,best,christmas
birthday,family,kids,friends,gift,play,loved,year,wonderful,favorite,enjoy,fun,great,daughter,thank,playing,awesome,game,love,games,loves,grandson,enjoyed,best,christmas
birthday,family,kids,friends,gift,play,loved,year,wonderful,favorite,enjoy,fun,great,daughter,thank,playing,awesome,game,love,games,loves,grandson,enjoyed,best,christmas
birthday,family,kids,friends,gift,play,loved,year,wonderful,favorite,enjoy,fun,great,daughter,thank,playing,awesome,game,love,games,loves,grandson,enjoyed,best,christmas
birthday,family,kids,friends,gift,play,loved,year,wonderful,favorite,enjoy,fun,great,daughter,thank,playing,awesome,game,love,games,loves,grandson,enjoyed,best,christmas
birthday,family,kids,friends,gift,play,loved,year,wonderful,favorite,enjoy,fun,great,daughter,thank,playing,awesome,game,love,games,loves,grandson,enjoyed,best,christmas
birthday,family,kids,friends,gift,play,loved,year,wonderful,favorite,enjoy,fun,great,daughter,thank,playing,awesome,game,love,games,loves,grandson,enjoyed,best,christmas
birthday,family,kids,friends,gift,play,loved,year,wonderful,favorite,enjoy,fun,great,daughter,thank,playing,awesome,game,love,games,loves,grandson,enjoyed,best,christmas
birthday,family,kids,friends,gift,play,loved,year,wonderful,favorite,enjoy,fun,great,daughter,thank,playing,awesome,game,love,games,loves,grandson,enjoyed,best,christmas
birthday,family,kids,friends,gift,play,loved,year,wonderful,favorite,enjoy,fun,great,daughter,thank,playing,awesome,game,love,games,loves,grandson,enjoyed,best,christmas
birthday,family,kids,friends,gift,play,loved,year,wonderful,favorite,enjoy,fun,great,daughter,thank,playing,awesome,game,love,games,loves,grandson,enjoyed,best,christmas
birthday,family,kids,friends,gift,play,loved,year,wonderful,favorite,enjoy,fun,great,daughter,thank,playing,awesome,game,love,games,loves,grandson,enjoyed,best,christmas
birthday,family,kids,friends,gift,play,loved,year,wonderful,favorite,enjoy,fun,great,daughter,thank,playing,awesome,game,love,games,loves,grandson,enjoyed,best,christmas
birthday,family,kids,friends,gift,play,loved,year,wonderful,favorite,enjoy,fun,great,daughter,thank,playing,awesome,game,love,games,loves,grandson,enjoyed,best,christmas
birthday,family,kids,friends,gift,play,loved,year,favorite,enjoy,fun,great,daughter,thank,book,playing,awesome,game,love,games,loves,grandson,enjoyed,best,christmas
birthday,family,kids,friends,gift,play,loved,year,favorite,enjoy,fun,great,daughter,thank,book,playing,awesome,game,love,games,loves,grandson,enjoyed,best,christmas
birthday,family,kids,friends,gift,play,loved,year,favorite,enjoy,fun,great,daughter,thank,book,playing,awesome,game,love,games,loves,grandson,enjoyed,best,christmas
birthday,family,kids,friends,gift,play,loved,year,favorite,enjoy,fun,great,daughter,thank,book,playing,awesome,game,love,games,loves,grandson,enjoyed,best,christmas
birthday,family,kids,friends,gift,play,loved,year,favorite,enjoy,fun,great,daughter,thank,book,playing,awesome,game,love,games,loves,grandson,enjoyed,best,christmas
birthday,family,kids,friends,gift,play,loved,year,favorite,enjoy,fun,great,daughter,thank,book,playing,awesome,game,love,games,loves,grandson,enjoyed,best,christmas
birthday,family,kids,friends,gift,play,loved,year,favorite,enjoy,fun,great,daughter,thank,book,playing,awesome,game,love,games,loves,grandson,enjoyed,best,christmas
birthday,family,kids,friends,gift,play,loved,year,favorite,enjoy,fun,great,daughter,thank,book,playing,awesome,game,love,games,loves,grandson,enjoyed,best,christmas
birthday,family,kids,friends,gift,play,loved,year,favorite,enjoy,fun,great,daughter,thank,book,playing,awesome,game,love,games,loves,grandson,enjoyed,best,christmas
birthday,family,kids,friends,gift,play,loved,year,favorite,enjoy,fun,great,daughter,thank,book,playing,awesome,game,love,games,loves,grandson,enjoyed,best,christmas
birthday,family,kids,friends,gift,play,loved,year,favorite,enjoy,fun,great,daughter,thank,book,playing,awesome,game,love,games,loves,grandson,enjoyed,best,christmas
birthday,family,kids,friends,gift,play,loved,year,favorite,enjoy,fun,great,daughter,thank,book,playing,awesome,game,love,games,loves,grandson,enjoyed,best,christmas
birthday,family,kids,friends,gift,play,loved,year,favorite,enjoy,fun,great,daughter,thank,book,playing,awesome,game,love,games,loves,grandson,enjoyed,best,christmas
birthday,family,kids,friends,gift,play,loved,year,favorite,enjoy,fun,great,daughter,thank,book,playing,awesome,game,love,games,loves,grandson,enjoyed,best,christmas
birthday,family,kids,friends,gift,play,loved,year,favorite,enjoy,fun,great,daughter,thank,book,playing,awesome,game,love,games,loves,grandson,enjoyed,best,christmas
birthday,family,kids,friends,gift,play,loved,year,favorite,enjoy,fun,great,daughter,thank,book,playing,awesome,game,love,games,loves,grandson,enjoyed,best,christmas
birthday,family,kids,friends,gift,play,loved,year,favorite,enjoy,fun,great,daughter,thank,book,playing,awesome,game,love,games,loves,grandson,enjoyed,best,christmas
birthday,family,kids,friends,gift,play,loved,year,favorite,enjoy,fun,great,daughter,thank,book,playing,awesome,game,love,games,loves,grandson,enjoyed,best,christmas
birthday,family,kids,friends,gift,play,loved,year,favorite,enjoy,fun,great,daughter,thank,book,playing,awesome,game,love,games,loves,grandson,enjoyed,best,christmas
birthday,family,kids,friends,gift,play,loved,year,favorite,enjoy,fun,great,daughter,thank,book,playing,awesome,game,love,games,loves,grandson,enjoyed,best,christmas
birthday,family,kids,friends,gift,play,loved,year,favorite,enjoy,fun,great,daughter,thank,book,playing,awesome,game,love,games,loves,grandson,enjoyed,best,christmas
birthday,family,kids,friends,gift,play,loved,year,favorite,enjoy,fun,great,daughter,thank,book,playing,awesome,game,love,games,loves,grandson,enjoyed,best,christmas
birthday,family,kids,friends,gift,play,loved,year,favorite,enjoy,fun,great,daughter,thank,book,playing,awesome,game,love,games,loves,grandson,enjoyed,best,christmas
birthday,family,kids,friends,gift,play,loved,year,favorite,enjoy,fun,great,daughter,thank,book,playing,awesome,game,love,games,loves,grandson,enjoyed,best,christmas
birthday,family,kids,friends,gift,play,loved,year,favorite,enjoy,fun,great,daughter,thank,book,playing,awesome,game,love,games,loves,grandson,enjoyed,best,christmas
birthday,family,kids,friends,gift,play,loved,year,favorite,enjoy,fun,great,daughter,thank,book,playing,awesome,game,love,games,loves,grandson,enjoyed,best,christmas
birthday,family,kids,friends,gift,play,loved,year,favorite,enjoy,fun,great,daughter,thank,book,playing,awesome,game,love,games,loves,grandson,enjoyed,best,christmas
birthday,family,kids,friends,gift,play,loved,year,favorite,enjoy,fun,great,daughter,thank,book,playing,awesome,game,love,games,loves,grandson,enjoyed,best,christmas
birthday,family,kids,friends,gift,play,loved,year,favorite,enjoy,fun,great,daughter,thank,book,playing,awesome,game,love,games,loves,grandson,enjoyed,best,christmas
birthday,family,kids,friends,gift,play,loved,year,favorite,enjoy,fun,great,daughter,thank,book,playing,awesome,game,love,games,loves,grandson,enjoyed,best,christmas
birthday,family,kids,friends,gift,play,loved,year,favorite,enjoy,fun,great,daughter,thank,book,playing,awesome,game,love,games,loves,grandson,enjoyed,best,christmas
birthday,family,kids,friends,gift,play,loved,year,favorite,enjoy,fun,great,daughter,thank,book,playing,awesome,game,love,games,loves,grandson,enjoyed,best,christmas
birthday,family,kids,friends,gift,play,loved,year,favorite,enjoy,fun,great,daughter,thank,book,playing,awesome,game,love,games,loves,grandson,enjoyed,best,christmas
birthday,family,kids,friends,gift,play,loved,year,favorite,enjoy,fun,great,daughter,thank,book,playing,awesome,game,love,games,loves,grandson,enjoyed,best,christmas
birthday,family,kids,friends,gift,play,loved,year,favorite,enjoy,fun,great,daughter,thank,book,playing,awesome,game,love,games,loves,grandson,enjoyed,best,christmas
birthday,family,kids,friends,gift,play,loved,year,favorite,enjoy,fun,great,daughter,thank,book,playing,awesome,game,love,games,loves,grandson,enjoyed,best,christmas
birthday,family,kids,friends,gift,play,loved,year,favorite,enjoy,fun,great,daughter,thank,book,playing,awesome,game,love,games,loves,grandson,enjoyed,best,christmas
birthday,family,kids,friends,gift,play,loved,year,favorite,enjoy,fun,great,daughter,thank,book,playing,awesome,game,love,games,loves,grandson,enjoyed,best,christmas
birthday,family,kids,friends,gift,play,loved,year,favorite,enjoy,fun,great,daughter,thank,book,playing,awesome,game,love,games,loves,grandson,enjoyed,best,christmas
birthday,family,kids,friends,gift,play,loved,year,favorite,enjoy,fun,great,daughter,thank,book,playing,awesome,game,love,games,loves,grandson,enjoyed,best,christmas
birthday,family,kids,friends,gift,play,loved,year,favorite,enjoy,fun,great,daughter,thank,book,playing,awesome,game,love,games,loves,grandson,enjoyed,best,christmas
birthday,family,kids,friends,gift,play,loved,year,favorite,enjoy,fun,great,daughter,thank,book,playing,awesome,game,love,games,loves,grandson,enjoyed,best,christmas
birthday,family,kids,friends,gift,play,loved,year,favorite,enjoy,fun,great,daughter,thank,book,playing,awesome,game,love,games,loves,grandson,enjoyed,best,christmas
birthday,family,kids,friends,gift,play,loved,year,favorite,enjoy,fun,great,daughter,thank,book,playing,awesome,game,love,games,loves,grandson,enjoyed,best,christmas
birthday,family,kids,friends,gift,play,loved,year,favorite,enjoy,fun,great,daughter,thank,book,playing,awesome,game,love,games,loves,grandson,enjoyed,best,christmas
birthday,family,kids,friends,gift,play,loved,year,favorite,enjoy,fun,great,daughter,thank,book,playing,awesome,game,love,games,loves,grandson,enjoyed,best,christmas
birthday,family,kids,friends,gift,play,loved,year,favorite,enjoy,fun,great,daughter,thank,book,playing,awesome,game,love,games,loves,grandson,enjoyed,best,christmas
birthday,family,kids,friends,gift,play,loved,year,favorite,enjoy,fun,great,daughter,thank,book,playing,awesome,game,love,games,loves,grandson,enjoyed,best,christmas
birthday,family,kids,friends,gift,play,loved,year,favorite,enjoy,fun,great,daughter,thank,book,playing,awesome,game,love,games,loves,grandson,enjoyed,best,christmas
birthday,family,kids,friends,gift,play,loved,year,favorite,enjoy,fun,great,daughter,thank,book,playing,awesome,game,love,games,loves,grandson,enjoyed,best,christmas
birthday,family,kids,friends,gift,play,loved,year,favorite,enjoy,fun,great,daughter,thank,book,playing,awesome,game,love,games,loves,grandson,enjoyed,best,christmas
birthday,family,kids,friends,gift,play,loved,year,favorite,enjoy,fun,great,daughter,thank,book,playing,awesome,game,love,games,loves,grandson,enjoyed,best,christmas
birthday,family,kids,friends,gift,play,loved,year,favorite,enjoy,fun,great,daughter,thank,book,playing,awesome,game,love,games,loves,grandson,enjoyed,best,christmas
birthday,family,kids,friends,gift,play,loved,year,favorite,enjoy,fun,great,daughter,thank,book,playing,awesome,game,love,games,loves,grandson,enjoyed,best,christmas
birthday,family,kids,friends,gift,play,loved,year,favorite,enjoy,fun,great,daughter,thank,book,playing,awesome,game,love,games,loves,grandson,enjoyed,best,christmas
birthday,family,kids,friends,gift,play,loved,year,favorite,enjoy,fun,great,daughter,thank,book,playing,awesome,game,love,games,loves,grandson,enjoyed,best,christmas
birthday,family,kids,friends,gift,play,loved,year,favorite,enjoy,fun,great,daughter,thank,book,playing,awesome,game,love,games,loves,grandson,enjoyed,best,christmas
birthday,family,kids,friends,gift,play,loved,year,favorite,enjoy,fun,great,daughter,thank,book,playing,awesome,game,love,games,loves,grandson,enjoyed,best,christmas
birthday,family,kids,friends,gift,play,loved,year,favorite,enjoy,fun,great,daughter,thank,book,playing,awesome,game,love,games,loves,grandson,enjoyed,best,christmas
birthday,family,kids,friends,gift,play,loved,year,favorite,enjoy,fun,great,daughter,thank,book,playing,awesome,game,love,games,loves,grandson,enjoyed,best,christmas
birthday,family,kids,friends,gift,play,loved,year,favorite,enjoy,fun,great,daughter,thank,book,playing,awesome,game,love,games,loves,grandson,enjoyed,best,christmas
birthday,family,kids,friends,gift,play,loved,year,favorite,enjoy,fun,great,daughter,thank,book,playing,awesome,game,love,games,loves,grandson,enjoyed,best,christmas
birthday,family,kids,friends,gift,play,loved,year,favorite,enjoy,fun,great,daughter,thank,book,playing,awesome,game,love,games,loves,grandson,enjoyed,best,christmas
birthday,family,kids,friends,gift,play,loved,year,favorite,enjoy,fun,great,daughter,thank,book,playing,awesome,game,love,games,loves,grandson,enjoyed,best,christmas
birthday,family,kids,friends,gift,play,loved,year,favorite,enjoy,fun,great,daughter,thank,book,playing,awesome,game,love,games,loves,grandson,enjoyed,best,christmas
birthday,family,kids,friends,gift,play,loved,year,favorite,enjoy,fun,great,daughter,thank,book,playing,awesome,game,love,games,loves,grandson,enjoyed,best,christmas
birthday,family,kids,friends,gift,play,loved,year,favorite,enjoy,fun,great,daughter,thank,book,playing,awesome,game,love,games,loves,grandson,enjoyed,best,christmas
birthday,family,kids,friends,gift,play,loved,year,favorite,enjoy,fun,great,daughter,thank,book,playing,awesome,game,love,games,loves,grandson,enjoyed,best,christmas
birthday,family,kids,friends,gift,play,loved,year,favorite,enjoy,fun,great,daughter,thank,book,playing,awesome,game,love,games,loves,grandson,enjoyed,best,christmas
birthday,family,kids,friends,gift,play,loved,year,favorite,enjoy,fun,great,daughter,thank,book,playing,awesome,game,love,games,loves,grandson,enjoyed,best,christmas
birthday,family,kids,friends,gift,play,loved,year,favorite,enjoy,fun,great,daughter,thank,book,playing,awesome,game,love,games,loves,grandson,enjoyed,best,christmas
birthday,family,kids,friends,gift,play,loved,year,favorite,enjoy,fun,great,daughter,thank,book,playing,awesome,game,love,games,loves,grandson,enjoyed,best,christmas
birthday,family,kids,friends,gift,play,loved,year,favorite,enjoy,fun,great,daughter,thank,book,playing,awesome,game,love,games,loves,grandson,enjoyed,best,christmas
birthday,family,kids,friends,gift,play,loved,year,favorite,enjoy,fun,great,daughter,thank,book,playing,awesome,game,love,games,loves,grandson,enjoyed,best,christmas
birthday,family,kids,friends,gift,play,loved,year,favorite,enjoy,fun,great,daughter,thank,book,playing,awesome,game,love,games,loves,grandson,enjoyed,best,christmas
birthday,family,kids,friends,gift,play,loved,year,favorite,enjoy,fun,great,daughter,thank,book,playing,awesome,game,love,games,loves,grandson,enjoyed,best,christmas
birthday,family,kids,friends,gift,play,loved,year,favorite,enjoy,fun,great,daughter,thank,book,playing,awesome,game,love,games,loves,grandson,enjoyed,best,christmas
birthday,family,kids,friends,gift,play,loved,year,favorite,enjoy,fun,great,daughter,thank,book,playing,awesome,game,love,games,loves,grandson,enjoyed,best,christmas
birthday,family,kids,friends,gift,play,loved,year,favorite,enjoy,fun,great,daughter,thank,book,playing,awesome,game,love,games,loves,grandson,enjoyed,best,christmas
birthday,family,kids,friends,gift,play,loved,year,favorite,enjoy,fun,great,daughter,thank,book,playing,awesome,game,love,games,loves,grandson,enjoyed,best,christmas
birthday,family,kids,friends,gift,play,loved,year,favorite,enjoy,fun,great,daughter,thank,book,playing,awesome,game,love,games,loves,grandson,enjoyed,best,christmas
birthday,family,kids,friends,gift,play,loved,year,favorite,enjoy,fun,great,daughter,thank,book,playing,awesome,game,love,games,loves,grandson,enjoyed,best,christmas
birthday,family,kids,friends,gift,play,loved,year,favorite,enjoy,fun,great,daughter,thank,book,playing,awesome,game,love,games,loves,grandson,enjoyed,best,christmas
birthday,family,kids,friends,gift,play,loved,year,favorite,enjoy,fun,great,daughter,thank,book,playing,awesome,game,love,games,loves,grandson,enjoyed,best,christmas
birthday,family,kids,friends,gift,play,loved,year,favorite,enjoy,fun,great,daughter,thank,book,playing,awesome,game,love,games,loves,grandson,enjoyed,best,christmas
birthday,family,kids,friends,gift,play,loved,year,favorite,enjoy,fun,great,daughter,thank,book,playing,awesome,game,love,games,loves,grandson,enjoyed,best,christmas
birthday,family,kids,friends,gift,play,loved,year,favorite,enjoy,fun,great,daughter,thank,book,playing,awesome,game,love,games,loves,grandson,enjoyed,best,christmas
birthday,family,kids,friends,gift,play,loved,year,favorite,enjoy,fun,great,daughter,thank,book,playing,awesome,game,love,games,loves,grandson,enjoyed,best,christmas
birthday,family,kids,friends,gift,play,loved,year,favorite,enjoy,fun,great,daughter,thank,book,playing,awesome,game,love,games,loves,grandson,enjoyed,best,christmas
birthday,family,kids,friends,gift,play,loved,year,favorite,enjoy,fun,great,daughter,thank,book,playing,awesome,game,love,games,loves,grandson,enjoyed,best,christmas
birthday,family,kids,friends,gift,play,loved,year,favorite,enjoy,fun,great,daughter,thank,book,playing,awesome,game,love,games,loves,grandson,enjoyed,best,christmas
birthday,family,kids,friends,gift,play,loved,year,favorite,enjoy,fun,great,daughter,thank,book,playing,awesome,game,love,games,loves,grandson,enjoyed,best,christmas
birthday,family,kids,friends,gift,play,loved,year,favorite,enjoy,fun,great,daughter,thank,book,playing,awesome,game,love,games,loves,grandson,enjoyed,best,christmas
birthday,family,kids,friends,gift,play,loved,year,favorite,enjoy,fun,great,daughter,thank,book,playing,awesome,game,love,games,loves,grandson,enjoyed,best,christmas
birthday,family,kids,friends,gift,play,loved,year,favorite,enjoy,fun,great,daughter,thank,book,playing,awesome,game,love,games,loves,grandson,enjoyed,best,christmas
birthday,family,kids,friends,gift,play,loved,year,favorite,enjoy,fun,great,daughter,thank,book,playing,awesome,game,love,games,loves,grandson,enjoyed,best,christmas
birthday,family,kids,friends,gift,play,loved,year,favorite,enjoy,fun,great,daughter,thank,book,playing,awesome,game,love,games,loves,grandson,enjoyed,best,christmas
birthday,family,kids,friends,gift,play,loved,year,favorite,enjoy,fun,great,daughter,thank,book,playing,awesome,game,love,games,loves,grandson,enjoyed,best,christmas
birthday,family,kids,friends,gift,play,loved,year,favorite,enjoy,fun,great,daughter,thank,book,playing,awesome,game,love,games,loves,grandson,enjoyed,best,christmas
birthday,family,kids,friends,gift,play,loved,year,favorite,enjoy,fun,great,daughter,thank,book,playing,awesome,game,love,games,loves,grandson,enjoyed,best,christmas
birthday,family,kids,friends,gift,play,loved,year,favorite,enjoy,fun,great,daughter,thank,book,playing,awesome,game,love,games,loves,grandson,enjoyed,best,christmas
birthday,family,kids,friends,gift,play,loved,year,favorite,enjoy,fun,great,daughter,thank,book,playing,awesome,game,love,games,loves,grandson,enjoyed,best,christmas
birthday,family,kids,friends,gift,play,loved,year,favorite,enjoy,fun,great,daughter,thank,book,playing,awesome,game,love,games,loves,grandson,enjoyed,best,christmas
birthday,family,kids,friends,gift,play,loved,year,favorite,enjoy,fun,great,daughter,thank,book,playing,awesome,game,love,games,loves,grandson,enjoyed,best,christmas
birthday,family,kids,friends,gift,play,loved,year,favorite,enjoy,fun,great,daughter,thank,book,playing,awesome,game,love,games,loves,grandson,enjoyed,best,christmas
birthday,family,kids,friends,gift,play,loved,year,favorite,enjoy,fun,great,daughter,thank,book,playing,awesome,game,love,games,loves,grandson,enjoyed,best,christmas
birthday,family,kids,friends,gift,play,loved,year,favorite,enjoy,fun,great,daughter,thank,book,playing,awesome,game,love,games,loves,grandson,enjoyed,best,christmas
birthday,family,kids,friends,gift,play,loved,year,favorite,enjoy,fun,great,daughter,thank,book,playing,awesome,game,love,games,loves,grandson,enjoyed,best,christmas
birthday,family,kids,friends,gift,play,loved,year,favorite,enjoy,fun,great,daughter,thank,book,playing,awesome,game,love,games,loves,grandson,enjoyed,best,christmas
birthday,family,kids,friends,gift,play,loved,year,favorite,enjoy,fun,great,daughter,thank,book,playing,awesome,game,love,games,loves,grandson,enjoyed,best,christmas
birthday,family,kids,friends,gift,play,loved,year,favorite,enjoy,fun,great,daughter,thank,book,playing,awesome,game,love,games,loves,grandson,enjoyed,best,christmas
birthday,family,kids,friends,gift,play,loved,year,favorite,enjoy,fun,great,daughter,thank,book,playing,awesome,game,love,games,loves,grandson,enjoyed,best,christmas
birthday,family,kids,friends,gift,play,loved,year,favorite,enjoy,fun,great,daughter,thank,book,playing,awesome,game,love,games,loves,grandson,enjoyed,best,christmas
birthday,family,kids,friends,gift,play,loved,year,favorite,enjoy,fun,great,daughter,thank,book,playing,awesome,game,love,games,loves,grandson,enjoyed,best,christmas
birthday,family,kids,friends,gift,play,loved,year,favorite,enjoy,fun,great,daughter,thank,book,playing,awesome,game,love,games,loves,grandson,enjoyed,best,christmas
birthday,family,kids,friends,gift,play,loved,year,favorite,enjoy,fun,great,daughter,thank,book,playing,awesome,game,love,games,loves,grandson,enjoyed,best,christmas
birthday,family,kids,friends,gift,play,loved,year,favorite,enjoy,fun,great,daughter,thank,book,playing,awesome,game,love,games,loves,grandson,enjoyed,best,christmas
birthday,family,kids,friends,gift,play,loved,year,favorite,enjoy,fun,great,daughter,thank,book,playing,awesome,game,love,games,loves,grandson,enjoyed,best,christmas
birthday,family,kids,friends,gift,play,loved,year,favorite,enjoy,fun,great,daughter,thank,book,playing,awesome,game,love,games,loves,grandson,enjoyed,best,christmas
birthday,family,kids,friends,gift,play,loved,year,favorite,enjoy,fun,great,daughter,thank,book,playing,awesome,game,love,games,loves,grandson,enjoyed,best,christmas
birthday,family,kids,friends,gift,play,loved,year,favorite,enjoy,fun,great,daughter,thank,book,playing,awesome,game,love,games,loves,grandson,enjoyed,best,christmas
birthday,family,kids,friends,gift,play,loved,year,favorite,enjoy,fun,great,daughter,thank,book,playing,awesome,game,love,games,loves,grandson,enjoyed,best,christmas
birthday,family,kids,friends,gift,play,loved,year,favorite,enjoy,fun,great,daughter,thank,book,playing,awesome,game,love,games,loves,grandson,enjoyed,best,christmas
birthday,family,kids,friends,gift,play,loved,year,favorite,enjoy,fun,great,daughter,thank,book,playing,awesome,game,love,games,loves,grandson,enjoyed,best,christmas
birthday,family,kids,friends,gift,play,loved,year,favorite,enjoy,fun,great,daughter,thank,book,playing,awesome,game,love,games,loves,grandson,enjoyed,best,christmas
birthday,family,kids,friends,gift,play,loved,year,favorite,enjoy,fun,great,daughter,thank,book,playing,awesome,game,love,games,loves,grandson,enjoyed,best,christmas
birthday,family,kids,friends,gift,play,loved,year,favorite,enjoy,fun,great,daughter,thank,book,playing,awesome,game,love,games,loves,grandson,enjoyed,best,christmas
birthday,family,kids,friends,gift,play,loved,year,favorite,enjoy,fun,great,daughter,thank,book,playing,awesome,game,love,games,loves,grandson,enjoyed,best,christmas
birthday,family,kids,friends,gift,play,loved,year,favorite,enjoy,fun,great,daughter,thank,book,playing,awesome,game,love,games,loves,grandson,enjoyed,best,christmas
birthday,family,kids,friends,gift,play,loved,year,favorite,enjoy,fun,great,daughter,thank,book,playing,awesome,game,love,games,loves,grandson,enjoyed,best,christmas
birthday,family,kids,friends,gift,play,loved,year,favorite,enjoy,fun,great,daughter,thank,book,playing,awesome,game,love,games,loves,grandson,enjoyed,best,christmas
birthday,family,kids,friends,gift,play,loved,year,favorite,enjoy,fun,great,daughter,thank,book,playing,awesome,game,love,games,loves,grandson,enjoyed,best,christmas
birthday,family,kids,friends,gift,play,loved,year,favorite,enjoy,fun,great,daughter,thank,book,playing,awesome,game,love,games,loves,grandson,enjoyed,best,christmas
birthday,family,kids,friends,gift,play,loved,year,favorite,enjoy,fun,great,daughter,thank,book,playing,awesome,game,love,games,loves,grandson,enjoyed,best,christmas
birthday,family,kids,friends,gift,play,loved,year,favorite,enjoy,fun,great,daughter,thank,book,playing,awesome,game,love,games,loves,grandson,enjoyed,best,christmas
birthday,family,kids,friends,gift,play,loved,year,favorite,enjoy,fun,great,daughter,thank,book,playing,awesome,game,love,games,loves,grandson,enjoyed,best,christmas
birthday,family,kids,friends,gift,play,loved,year,favorite,enjoy,fun,great,daughter,thank,book,playing,awesome,game,love,games,loves,grandson,enjoyed,best,christmas
birthday,family,kids,friends,gift,play,loved,year,favorite,enjoy,fun,great,daughter,thank,book,playing,awesome,game,love,games,loves,grandson,enjoyed,best,christmas
birthday,family,kids,friends,gift,play,loved,year,favorite,enjoy,fun,great,daughter,thank,book,playing,awesome,game,love,games,loves,grandson,enjoyed,best,christmas
birthday,family,kids,friends,gift,play,loved,year,favorite,enjoy,fun,great,daughter,thank,book,playing,awesome,game,love,games,loves,grandson,enjoyed,best,christmas
birthday,family,kids,friends,gift,play,loved,year,favorite,enjoy,fun,great,daughter,thank,book,playing,awesome,game,love,games,loves,grandson,enjoyed,best,christmas
birthday,family,kids,friends,gift,play,loved,year,favorite,enjoy,fun,great,daughter,thank,book,playing,awesome,game,love,games,loves,grandson,enjoyed,best,christmas
birthday,family,kids,friends,gift,play,loved,year,favorite,enjoy,fun,great,daughter,thank,book,playing,awesome,game,love,games,loves,grandson,enjoyed,best,christmas
birthday,family,kids,friends,gift,play,loved,year,favorite,enjoy,fun,great,daughter,thank,book,playing,awesome,game,love,games,loves,grandson,enjoyed,best,christmas
birthday,family,kids,friends,gift,play,loved,year,favorite,enjoy,fun,great,daughter,thank,book,playing,awesome,game,love,games,loves,grandson,enjoyed,best,christmas
birthday,family,kids,friends,gift,play,loved,year,favorite,enjoy,fun,great,daughter,thank,book,playing,awesome,game,love,games,loves,grandson,enjoyed,best,christmas
birthday,family,kids,friends,gift,play,loved,year,favorite,enjoy,fun,great,daughter,thank,book,playing,awesome,game,love,games,loves,grandson,enjoyed,best,christmas
birthday,family,kids,friends,gift,play,loved,year,favorite,enjoy,fun,great,daughter,thank,book,playing,awesome,game,love,games,loves,grandson,enjoyed,best,christmas
birthday,family,kids,friends,gift,play,loved,year,favorite,enjoy,fun,great,daughter,thank,book,playing,awesome,game,love,games,loves,grandson,enjoyed,best,christmas
birthday,family,kids,friends,gift,play,loved,year,wonderful,favorite,enjoy,fun,great,daughter,thank,playing,awesome,game,love,games,loves,grandson,enjoyed,best,christmas
birthday,family,kids,friends,gift,play,loved,year,wonderful,favorite,enjoy,fun,great,daughter,thank,playing,awesome,game,love,games,loves,grandson,enjoyed,best,christmas
birthday,family,kids,friends,gift,play,loved,year,wonderful,favorite,enjoy,fun,great,daughter,thank,playing,awesome,game,love,games,loves,grandson,enjoyed,best,christmas
birthday,family,kids,friends,gift,play,loved,year,wonderful,favorite,enjoy,fun,great,daughter,thank,playing,awesome,game,love,games,loves,grandson,enjoyed,best,christmas
birthday,family,kids,friends,gift,play,loved,year,wonderful,favorite,enjoy,fun,great,daughter,thank,playing,awesome,game,love,games,loves,grandson,enjoyed,best,christmas
birthday,family,kids,friends,gift,play,loved,year,wonderful,favorite,enjoy,fun,great,daughter,thank,playing,awesome,game,love,games,loves,grandson,enjoyed,best,christmas
birthday,family,kids,friends,gift,play,loved,year,wonderful,favorite,enjoy,fun,great,daughter,thank,playing,awesome,game,love,games,loves,grandson,enjoyed,best,christmas
birthday,family,kids,friends,gift,play,loved,year,wonderful,favorite,enjoy,fun,great,daughter,thank,playing,awesome,game,love,games,loves,grandson,enjoyed,best,christmas
birthday,family,kids,friends,gift,play,loved,year,wonderful,favorite,enjoy,fun,great,daughter,thank,playing,awesome,game,love,games,loves,grandson,enjoyed,best,christmas
birthday,family,kids,friends,gift,play,loved,year,wonderful,favorite,enjoy,fun,great,daughter,thank,playing,awesome,game,love,games,loves,grandson,enjoyed,best,christmas
birthday,family,kids,friends,gift,play,loved,year,wonderful,favorite,enjoy,fun,great,daughter,thank,playing,awesome,game,love,games,loves,grandson,enjoyed,best,christmas
birthday,family,kids,friends,gift,play,loved,year,wonderful,favorite,enjoy,fun,great,daughter,thank,playing,awesome,game,love,games,loves,grandson,enjoyed,best,christmas
birthday,family,kids,friends,gift,play,loved,year,wonderful,favorite,enjoy,fun,great,daughter,thank,playing,awesome,game,love,games,loves,grandson,enjoyed,best,christmas
birthday,family,kids,friends,gift,play,loved,year,wonderful,favorite,enjoy,fun,great,daughter,thank,playing,awesome,game,love,games,loves,grandson,enjoyed,best,christmas
birthday,family,kids,friends,gift,play,loved,year,wonderful,favorite,enjoy,fun,great,daughter,thank,playing,awesome,game,love,games,loves,grandson,enjoyed,best,christmas
birthday,family,kids,friends,gift,play,loved,year,wonderful,favorite,enjoy,fun,great,daughter,thank,playing,awesome,game,love,games,loves,grandson,enjoyed,best,christmas
birthday,family,kids,friends,gift,play,loved,year,wonderful,favorite,enjoy,fun,great,daughter,thank,playing,awesome,game,love,games,loves,grandson,enjoyed,best,christmas
birthday,family,kids,friends,gift,play,loved,year,wonderful,favorite,enjoy,fun,great,daughter,thank,playing,awesome,game,love,games,loves,grandson,enjoyed,best,christmas
birthday,family,kids,friends,gift,play,loved,year,wonderful,favorite,enjoy,fun,great,daughter,thank,playing,awesome,game,love,games,loves,grandson,enjoyed,best,christmas
birthday,family,kids,friends,gift,play,loved,year,wonderful,favorite,enjoy,fun,great,daughter,thank,playing,awesome,game,love,games,loves,grandson,enjoyed,best,christmas
birthday,family,kids,friends,gift,play,loved,year,wonderful,favorite,enjoy,fun,great,daughter,thank,playing,awesome,game,love,games,loves,grandson,enjoyed,best,christmas
birthday,family,kids,friends,gift,play,loved,year,wonderful,favorite,enjoy,fun,great,daughter,thank,playing,awesome,game,love,games,loves,grandson,enjoyed,best,christmas
birthday,family,kids,friends,gift,play,loved,year,wonderful,favorite,enjoy,fun,great,daughter,thank,playing,awesome,game,love,games,loves,grandson,enjoyed,best,christmas
birthday,family,kids,friends,gift,play,loved,year,wonderful,favorite,enjoy,fun,great,daughter,thank,playing,awesome,game,love,games,loves,grandson,enjoyed,best,christmas
birthday,family,kids,friends,gift,play,loved,year,wonderful,favorite,enjoy,fun,great,daughter,thank,playing,awesome,game,love,games,loves,grandson,enjoyed,best,christmas
birthday,family,kids,friends,gift,play,loved,year,wonderful,favorite,enjoy,fun,great,daughter,thank,playing,awesome,game,love,games,loves,grandson,enjoyed,best,christmas
birthday,family,kids,friends,gift,play,loved,year,wonderful,favorite,enjoy,fun,great,daughter,thank,playing,awesome,game,love,games,loves,grandson,enjoyed,best,christmas
birthday,family,kids,friends,gift,play,loved,year,favorite,enjoy,fun,great,daughter,thank,book,playing,awesome,game,love,games,loves,grandson,enjoyed,best,christmas
birthday,family,kids,friends,gift,play,loved,year,favorite,enjoy,fun,great,daughter,thank,book,playing,awesome,game,love,games,loves,grandson,enjoyed,best,christmas
birthday,family,kids,friends,gift,play,loved,year,favorite,enjoy,fun,great,daughter,thank,book,playing,awesome,game,love,games,loves,grandson,enjoyed,best,christmas
birthday,family,kids,friends,gift,play,loved,year,favorite,enjoy,fun,great,daughter,thank,book,playing,awesome,game,love,games,loves,grandson,enjoyed,best,christmas
birthday,family,kids,friends,gift,play,loved,year,favorite,enjoy,fun,great,daughter,thank,book,playing,awesome,game,love,games,loves,grandson,enjoyed,best,christmas
birthday,family,kids,friends,gift,play,loved,year,favorite,enjoy,fun,great,daughter,thank,book,playing,awesome,game,love,games,loves,grandson,enjoyed,best,christmas
birthday,family,kids,friends,gift,play,loved,year,favorite,enjoy,fun,great,daughter,thank,book,playing,awesome,game,love,games,loves,grandson,enjoyed,best,christmas
birthday,family,kids,friends,gift,play,loved,year,favorite,enjoy,fun,great,daughter,thank,book,playing,awesome,game,love,games,loves,grandson,enjoyed,best,christmas
birthday,family,kids,friends,gift,play,loved,year,favorite,enjoy,fun,great,daughter,thank,book,playing,awesome,game,love,games,loves,grandson,enjoyed,best,christmas
birthday,family,kids,friends,gift,play,loved,year,favorite,enjoy,fun,great,daughter,thank,book,playing,awesome,game,love,games,loves,grandson,enjoyed,best,christmas
birthday,family,kids,friends,gift,play,loved,year,favorite,enjoy,fun,great,daughter,thank,book,playing,awesome,game,love,games,loves,grandson,enjoyed,best,christmas
birthday,family,kids,friends,gift,play,loved,year,favorite,enjoy,fun,great,daughter,thank,book,playing,awesome,game,love,games,loves,grandson,enjoyed,best,christmas
birthday,family,kids,friends,gift,play,loved,year,favorite,enjoy,fun,great,daughter,thank,book,playing,awesome,game,love,games,loves,grandson,enjoyed,best,christmas
birthday,family,kids,friends,gift,play,loved,year,favorite,enjoy,fun,great,daughter,thank,book,playing,awesome,game,love,games,loves,grandson,enjoyed,best,christmas
birthday,family,kids,friends,gift,play,loved,year,favorite,enjoy,fun,great,daughter,thank,book,playing,awesome,game,love,games,loves,grandson,enjoyed,best,christmas
birthday,family,kids,friends,gift,play,loved,year,favorite,enjoy,fun,great,daughter,thank,book,playing,awesome,game,love,games,loves,grandson,enjoyed,best,christmas
birthday,family,kids,friends,gift,play,loved,year,favorite,enjoy,fun,great,daughter,thank,book,playing,awesome,game,love,games,loves,grandson,enjoyed,best,christmas
birthday,family,kids,friends,gift,play,loved,year,favorite,enjoy,fun,great,daughter,thank,book,playing,awesome,game,love,games,loves,grandson,enjoyed,best,christmas
birthday,family,kids,friends,gift,play,loved,year,favorite,enjoy,fun,great,daughter,thank,book,playing,awesome,game,love,games,loves,grandson,enjoyed,best,christmas
birthday,family,kids,friends,gift,play,loved,year,favorite,enjoy,fun,great,daughter,thank,book,playing,awesome,game,love,games,loves,grandson,enjoyed,best,christmas
birthday,family,kids,friends,gift,play,loved,year,favorite,enjoy,fun,great,daughter,thank,book,playing,awesome,game,love,games,loves,grandson,enjoyed,best,christmas
birthday,family,kids,friends,gift,play,loved,year,favorite,enjoy,fun,great,daughter,thank,book,playing,awesome,game,love,games,loves,grandson,enjoyed,best,christmas
birthday,family,kids,friends,gift,play,loved,year,favorite,enjoy,fun,great,daughter,thank,book,playing,awesome,game,love,games,loves,grandson,enjoyed,best,christmas
birthday,family,kids,friends,gift,play,loved,year,favorite,enjoy,fun,great,daughter,thank,book,playing,awesome,game,love,games,loves,grandson,enjoyed,best,christmas
birthday,family,kids,friends,gift,play,loved,year,favorite,enjoy,fun,great,daughter,thank,book,playing,awesome,game,love,games,loves,grandson,enjoyed,best,christmas
birthday,family,kids,friends,gift,play,loved,year,favorite,enjoy,fun,great,daughter,thank,book,playing,awesome,game,love,games,loves,grandson,enjoyed,best,christmas
birthday,family,kids,friends,gift,play,loved,year,favorite,enjoy,fun,great,daughter,thank,book,playing,awesome,game,love,games,loves,grandson,enjoyed,best,christmas
birthday,family,kids,friends,gift,play,loved,year,favorite,enjoy,fun,great,daughter,thank,book,playing,awesome,game,love,games,loves,grandson,enjoyed,best,christmas
birthday,family,kids,friends,gift,play,loved,year,favorite,enjoy,fun,great,daughter,thank,book,playing,awesome,game,love,games,loves,grandson,enjoyed,best,christmas
birthday,family,kids,friends,gift,play,loved,year,favorite,enjoy,fun,great,daughter,thank,book,playing,awesome,game,love,games,loves,grandson,enjoyed,best,christmas
birthday,family,kids,friends,gift,play,loved,year,favorite,enjoy,fun,great,daughter,thank,book,playing,awesome,game,love,games,loves,grandson,enjoyed,best,christmas
birthday,family,kids,friends,gift,play,loved,year,favorite,enjoy,fun,great,daughter,thank,book,playing,awesome,game,love,games,loves,grandson,enjoyed,best,christmas
birthday,family,kids,friends,gift,play,loved,year,favorite,enjoy,fun,great,daughter,thank,book,playing,awesome,game,love,games,loves,grandson,enjoyed,best,christmas
birthday,family,kids,friends,gift,play,loved,year,favorite,enjoy,fun,great,daughter,thank,book,playing,awesome,game,love,games,loves,grandson,enjoyed,best,christmas
birthday,family,kids,friends,gift,play,loved,year,favorite,enjoy,fun,great,daughter,thank,book,playing,awesome,game,love,games,loves,grandson,enjoyed,best,christmas
birthday,family,kids,friends,gift,play,loved,year,favorite,enjoy,fun,great,daughter,thank,book,playing,awesome,game,love,games,loves,grandson,enjoyed,best,christmas
birthday,family,kids,friends,gift,play,loved,year,favorite,enjoy,fun,great,daughter,thank,book,playing,awesome,game,love,games,loves,grandson,enjoyed,best,christmas
birthday,family,kids,friends,gift,play,loved,year,favorite,enjoy,fun,great,daughter,thank,book,playing,awesome,game,love,games,loves,grandson,enjoyed,best,christmas
birthday,family,kids,friends,gift,play,loved,year,favorite,enjoy,fun,great,daughter,thank,book,playing,awesome,game,love,games,loves,grandson,enjoyed,best,christmas
birthday,family,kids,friends,gift,play,loved,year,favorite,enjoy,fun,great,daughter,thank,book,playing,awesome,game,love,games,loves,grandson,enjoyed,best,christmas
birthday,family,kids,friends,gift,play,loved,year,favorite,enjoy,fun,great,daughter,thank,book,playing,awesome,game,love,games,loves,grandson,enjoyed,best,christmas
birthday,family,kids,friends,gift,play,loved,year,favorite,enjoy,fun,great,daughter,thank,book,playing,awesome,game,love,games,loves,grandson,enjoyed,best,christmas
birthday,family,kids,friends,gift,play,loved,year,favorite,enjoy,fun,great,daughter,thank,book,playing,awesome,game,love,games,loves,grandson,enjoyed,best,christmas
birthday,family,kids,friends,gift,play,loved,year,favorite,enjoy,fun,great,daughter,thank,book,playing,awesome,game,love,games,loves,grandson,enjoyed,best,christmas
birthday,family,kids,friends,gift,play,loved,year,favorite,enjoy,fun,great,daughter,thank,book,playing,awesome,game,love,games,loves,grandson,enjoyed,best,christmas
birthday,family,kids,friends,gift,play,loved,year,wonderful,favorite,enjoy,fun,great,daughter,thank,playing,awesome,game,love,games,loves,grandson,enjoyed,best,christmas
birthday,family,kids,friends,gift,play,loved,year,wonderful,favorite,enjoy,fun,great,daughter,thank,playing,awesome,game,love,games,loves,grandson,enjoyed,best,christmas
birthday,family,kids,friends,gift,play,loved,year,wonderful,favorite,enjoy,fun,great,daughter,thank,playing,awesome,game,love,games,loves,grandson,enjoyed,best,christmas
birthday,family,kids,friends,gift,play,loved,year,wonderful,favorite,enjoy,fun,great,daughter,thank,playing,awesome,game,love,games,loves,grandson,enjoyed,best,christmas
birthday,family,kids,friends,gift,play,loved,year,wonderful,favorite,enjoy,fun,great,daughter,thank,playing,awesome,game,love,games,loves,grandson,enjoyed,best,christmas
birthday,family,kids,friends,gift,play,loved,year,wonderful,favorite,enjoy,fun,great,daughter,thank,playing,awesome,game,love,games,loves,grandson,enjoyed,best,christmas
birthday,family,kids,friends,gift,play,loved,year,wonderful,favorite,enjoy,fun,great,daughter,thank,playing,awesome,game,love,games,loves,grandson,enjoyed,best,christmas
birthday,family,kids,friends,gift,play,loved,year,wonderful,favorite,enjoy,fun,great,daughter,thank,playing,awesome,game,love,games,loves,grandson,enjoyed,best,christmas
birthday,family,kids,friends,gift,play,loved,year,wonderful,favorite,enjoy,fun,great,daughter,thank,playing,awesome,game,love,games,loves,grandson,enjoyed,best,christmas
birthday,family,kids,friends,gift,play,loved,year,wonderful,favorite,enjoy,fun,great,daughter,thank,playing,awesome,game,love,games,loves,grandson,enjoyed,best,christmas
birthday,family,kids,friends,gift,play,loved,year,wonderful,favorite,enjoy,fun,great,daughter,thank,playing,awesome,game,love,games,loves,grandson,enjoyed,best,christmas
birthday,family,kids,friends,gift,play,loved,year,wonderful,favorite,enjoy,fun,great,daughter,thank,playing,awesome,game,love,games,loves,grandson,enjoyed,best,christmas
birthday,family,kids,friends,gift,play,loved,year,wonderful,favorite,enjoy,fun,great,daughter,thank,playing,awesome,game,love,games,loves,grandson,enjoyed,best,christmas
birthday,family,kids,friends,gift,play,loved,year,wonderful,favorite,enjoy,fun,great,daughter,thank,playing,awesome,game,love,games,loves,grandson,enjoyed,best,christmas
birthday,family,kids,friends,gift,play,loved,year,wonderful,favorite,enjoy,fun,great,daughter,thank,playing,awesome,game,love,games,loves,grandson,enjoyed,best,christmas
birthday,family,kids,friends,gift,play,loved,year,wonderful,favorite,enjoy,fun,great,daughter,thank,playing,awesome,game,love,games,loves,grandson,enjoyed,best,christmas
birthday,family,kids,friends,gift,play,loved,year,wonderful,favorite,enjoy,fun,great,daughter,thank,playing,awesome,game,love,games,loves,grandson,enjoyed,best,christmas
birthday,family,kids,friends,gift,play,loved,year,wonderful,favorite,enjoy,fun,great,daughter,thank,playing,awesome,game,love,games,loves,grandson,enjoyed,best,christmas
birthday,family,kids,friends,gift,play,loved,year,wonderful,favorite,enjoy,fun,great,daughter,thank,playing,awesome,game,love,games,loves,grandson,enjoyed,best,christmas
birthday,family,kids,friends,gift,play,loved,year,wonderful,favorite,enjoy,fun,great,daughter,thank,playing,awesome,game,love,games,loves,grandson,enjoyed,best,christmas
birthday,family,kids,friends,gift,play,loved,year,wonderful,favorite,enjoy,fun,great,daughter,thank,playing,awesome,game,love,games,loves,grandson,enjoyed,best,christmas
birthday,family,kids,friends,gift,play,loved,year,wonderful,favorite,enjoy,fun,great,daughter,thank,playing,awesome,game,love,games,loves,grandson,enjoyed,best,christmas
birthday,family,kids,friends,gift,play,loved,year,wonderful,favorite,enjoy,fun,great,daughter,thank,playing,awesome,game,love,games,loves,grandson,enjoyed,best,christmas
birthday,family,kids,friends,gift,play,loved,year,wonderful,favorite,enjoy,fun,great,daughter,thank,playing,awesome,game,love,games,loves,grandson,enjoyed,best,christmas
birthday,family,kids,friends,gift,play,loved,year,wonderful,favorite,enjoy,fun,great,daughter,thank,playing,awesome,game,love,games,loves,grandson,enjoyed,best,christmas
birthday,family,kids,friends,gift,play,loved,year,wonderful,favorite,enjoy,fun,great,daughter,thank,playing,awesome,game,love,games,loves,grandson,enjoyed,best,christmas
birthday,family,kids,friends,gift,play,loved,year,wonderful,favorite,enjoy,fun,great,daughter,thank,playing,awesome,game,love,games,loves,grandson,enjoyed,best,christmas
birthday,family,kids,friends,gift,play,loved,year,wonderful,favorite,enjoy,fun,great,daughter,thank,playing,awesome,game,love,games,loves,grandson,enjoyed,best,christmas
birthday,family,kids,friends,gift,play,loved,year,wonderful,favorite,enjoy,fun,great,daughter,thank,playing,awesome,game,love,games,loves,grandson,enjoyed,best,christmas
birthday,family,kids,friends,gift,play,loved,year,wonderful,favorite,enjoy,fun,great,daughter,thank,playing,awesome,game,love,games,loves,grandson,enjoyed,best,christmas
birthday,family,kids,friends,gift,play,loved,year,wonderful,favorite,enjoy,fun,great,daughter,thank,playing,awesome,game,love,games,loves,grandson,enjoyed,best,christmas
birthday,family,kids,friends,gift,play,loved,year,wonderful,favorite,enjoy,fun,great,daughter,thank,playing,awesome,game,love,games,loves,grandson,enjoyed,best,christmas
birthday,family,kids,friends,gift,play,loved,year,wonderful,favorite,enjoy,fun,great,daughter,thank,playing,awesome,game,love,games,loves,grandson,enjoyed,best,christmas
birthday,family,kids,friends,gift,play,loved,year,wonderful,favorite,enjoy,fun,great,daughter,thank,playing,awesome,game,love,games,loves,grandson,enjoyed,best,christmas
birthday,family,kids,friends,gift,play,loved,year,wonderful,favorite,enjoy,fun,great,daughter,thank,playing,awesome,game,love,games,loves,grandson,enjoyed,best,christmas
birthday,family,kids,friends,gift,play,loved,year,wonderful,favorite,enjoy,fun,great,daughter,thank,playing,awesome,game,love,games,loves,grandson,enjoyed,best,christmas
birthday,family,kids,friends,gift,play,loved,year,wonderful,favorite,enjoy,fun,great,daughter,thank,playing,awesome,game,love,games,loves,grandson,enjoyed,best,christmas
birthday,family,kids,friends,gift,play,loved,year,wonderful,favorite,enjoy,fun,great,daughter,thank,playing,awesome,game,love,games,loves,grandson,enjoyed,best,christmas
birthday,family,kids,friends,gift,play,loved,year,wonderful,favorite,enjoy,fun,great,daughter,thank,playing,awesome,game,love,games,loves,grandson,enjoyed,best,christmas
birthday,family,kids,friends,gift,play,loved,year,wonderful,favorite,enjoy,fun,great,daughter,thank,playing,awesome,game,love,games,loves,grandson,enjoyed,best,christmas
birthday,family,kids,friends,gift,play,loved,year,wonderful,favorite,enjoy,fun,great,daughter,thank,playing,awesome,game,love,games,loves,grandson,enjoyed,best,christmas
birthday,family,kids,friends,gift,play,loved,year,wonderful,favorite,enjoy,fun,great,daughter,thank,playing,awesome,game,love,games,loves,grandson,enjoyed,best,christmas
birthday,family,kids,friends,gift,play,loved,year,wonderful,favorite,enjoy,fun,great,daughter,thank,playing,awesome,game,love,games,loves,grandson,enjoyed,best,christmas
birthday,family,kids,friends,gift,play,loved,year,wonderful,favorite,enjoy,fun,great,daughter,thank,playing,awesome,game,love,games,loves,grandson,enjoyed,best,christmas
birthday,family,kids,friends,gift,play,loved,year,wonderful,favorite,enjoy,fun,great,daughter,thank,playing,awesome,game,love,games,loves,grandson,enjoyed,best,christmas
birthday,family,kids,friends,gift,play,loved,year,wonderful,favorite,enjoy,fun,great,daughter,thank,playing,awesome,game,love,games,loves,grandson,enjoyed,best,christmas
birthday,family,kids,friends,gift,play,loved,year,wonderful,favorite,enjoy,fun,great,daughter,thank,playing,awesome,game,love,games,loves,grandson,enjoyed,best,christmas
birthday,family,kids,friends,gift,play,loved,year,wonderful,favorite,enjoy,fun,great,daughter,thank,playing,awesome,game,love,games,loves,grandson,enjoyed,best,christmas
birthday,family,kids,friends,gift,play,loved,year,wonderful,favorite,enjoy,fun,great,daughter,thank,playing,awesome,game,love,games,loves,grandson,enjoyed,best,christmas
birthday,family,kids,friends,gift,play,loved,year,wonderful,favorite,enjoy,fun,great,daughter,thank,playing,awesome,game,love,games,loves,grandson,enjoyed,best,christmas
birthday,family,kids,friends,gift,play,loved,year,wonderful,favorite,enjoy,fun,great,daughter,thank,playing,awesome,game,love,games,loves,grandson,enjoyed,best,christmas
birthday,family,kids,friends,gift,play,loved,year,wonderful,favorite,enjoy,fun,great,daughter,thank,playing,awesome,game,love,games,loves,grandson,enjoyed,best,christmas
birthday,family,kids,friends,gift,play,loved,year,wonderful,favorite,enjoy,fun,great,daughter,thank,playing,awesome,game,love,games,loves,grandson,enjoyed,best,christmas
birthday,family,kids,friends,gift,play,loved,year,wonderful,favorite,enjoy,fun,great,daughter,thank,playing,awesome,game,love,games,loves,grandson,enjoyed,best,christmas
birthday,family,kids,friends,gift,play,loved,year,wonderful,favorite,enjoy,fun,great,daughter,thank,playing,awesome,game,love,games,loves,grandson,enjoyed,best,christmas
birthday,family,kids,friends,gift,play,loved,year,wonderful,favorite,enjoy,fun,great,daughter,thank,playing,awesome,game,love,games,loves,grandson,enjoyed,best,christmas
birthday,family,kids,friends,gift,play,loved,year,wonderful,favorite,enjoy,fun,great,daughter,thank,playing,awesome,game,love,games,loves,grandson,enjoyed,best,christmas
birthday,family,kids,friends,gift,play,loved,year,wonderful,favorite,enjoy,fun,great,daughter,thank,playing,awesome,game,love,games,loves,grandson,enjoyed,best,christmas
birthday,family,kids,friends,gift,play,loved,year,wonderful,favorite,enjoy,fun,great,daughter,thank,playing,awesome,game,love,games,loves,grandson,enjoyed,best,christmas
birthday,family,kids,friends,gift,play,loved,year,wonderful,favorite,enjoy,fun,great,daughter,thank,playing,awesome,game,love,games,loves,grandson,enjoyed,best,christmas
birthday,family,kids,friends,gift,play,loved,year,wonderful,favorite,enjoy,fun,great,daughter,thank,playing,awesome,game,love,games,loves,grandson,enjoyed,best,christmas
birthday,family,kids,friends,gift,play,loved,year,wonderful,favorite,enjoy,fun,great,daughter,thank,playing,awesome,game,love,games,loves,grandson,enjoyed,best,christmas
birthday,family,kids,friends,gift,play,loved,year,wonderful,favorite,enjoy,fun,great,daughter,thank,playing,awesome,game,love,games,loves,grandson,enjoyed,best,christmas
birthday,family,kids,friends,gift,play,loved,year,wonderful,favorite,enjoy,fun,great,daughter,thank,playing,awesome,game,love,games,loves,grandson,enjoyed,best,christmas
birthday,family,kids,friends,gift,play,loved,year,wonderful,favorite,enjoy,fun,great,daughter,thank,playing,awesome,game,love,games,loves,grandson,enjoyed,best,christmas
birthday,family,kids,friends,gift,play,loved,year,wonderful,favorite,enjoy,fun,great,daughter,thank,playing,awesome,game,love,games,loves,grandson,enjoyed,best,christmas
birthday,family,kids,friends,gift,play,loved,year,wonderful,favorite,enjoy,fun,great,daughter,thank,playing,awesome,game,love,games,loves,grandson,enjoyed,best,christmas
birthday,family,kids,friends,gift,play,loved,year,wonderful,favorite,enjoy,fun,great,daughter,thank,playing,awesome,game,love,games,loves,grandson,enjoyed,best,christmas
birthday,family,kids,friends,gift,play,loved,year,wonderful,favorite,enjoy,fun,great,daughter,thank,playing,awesome,game,love,games,loves,grandson,enjoyed,best,christmas
birthday,family,kids,friends,gift,play,loved,year,wonderful,favorite,enjoy,fun,great,daughter,thank,playing,awesome,game,love,games,loves,grandson,enjoyed,best,christmas
birthday,family,kids,friends,gift,play,loved,year,wonderful,favorite,enjoy,fun,great,daughter,thank,playing,awesome,game,love,games,loves,grandson,enjoyed,best,christmas
birthday,family,kids,friends,gift,play,loved,year,wonderful,favorite,enjoy,fun,great,daughter,thank,playing,awesome,game,love,games,loves,grandson,enjoyed,best,christmas
birthday,family,kids,friends,gift,play,loved,year,wonderful,favorite,enjoy,fun,great,daughter,thank,playing,awesome,game,love,games,loves,grandson,enjoyed,best,christmas
birthday,family,kids,friends,gift,play,loved,year,wonderful,favorite,enjoy,fun,great,daughter,thank,playing,awesome,game,love,games,loves,grandson,enjoyed,best,christmas
birthday,family,kids,friends,gift,play,loved,year,wonderful,favorite,enjoy,fun,great,daughter,thank,playing,awesome,game,love,games,loves,grandson,enjoyed,best,christmas
birthday,family,kids,friends,gift,play,loved,year,wonderful,favorite,enjoy,fun,great,daughter,thank,playing,awesome,game,love,games,loves,grandson,enjoyed,best,christmas
birthday,family,kids,friends,gift,play,loved,year,wonderful,favorite,enjoy,fun,great,daughter,thank,playing,awesome,game,love,games,loves,grandson,enjoyed,best,christmas
birthday,family,kids,friends,gift,play,loved,year,wonderful,favorite,enjoy,fun,great,daughter,thank,playing,awesome,game,love,games,loves,grandson,enjoyed,best,christmas
birthday,family,kids,friends,gift,play,loved,year,wonderful,favorite,enjoy,fun,great,daughter,thank,playing,awesome,game,love,games,loves,grandson,enjoyed,best,christmas
birthday,family,kids,friends,gift,play,loved,year,wonderful,favorite,enjoy,fun,great,daughter,thank,playing,awesome,game,love,games,loves,grandson,enjoyed,best,christmas
birthday,family,kids,friends,gift,play,loved,year,wonderful,favorite,enjoy,fun,great,daughter,thank,playing,awesome,game,love,games,loves,grandson,enjoyed,best,christmas
birthday,family,kids,friends,gift,play,loved,year,wonderful,favorite,enjoy,fun,great,daughter,thank,playing,awesome,game,love,games,loves,grandson,enjoyed,best,christmas
birthday,family,kids,friends,gift,play,loved,year,wonderful,favorite,enjoy,fun,great,daughter,thank,playing,awesome,game,love,games,loves,grandson,enjoyed,best,christmas
birthday,family,kids,friends,gift,play,loved,year,wonderful,favorite,enjoy,fun,great,daughter,thank,playing,awesome,game,love,games,loves,grandson,enjoyed,best,christmas
birthday,family,kids,friends,gift,play,loved,year,wonderful,favorite,enjoy,fun,great,daughter,thank,playing,awesome,game,love,games,loves,grandson,enjoyed,best,christmas
birthday,family,kids,friends,gift,play,loved,year,wonderful,favorite,enjoy,fun,great,daughter,thank,playing,awesome,game,love,games,loves,grandson,enjoyed,best,christmas
birthday,family,kids,friends,gift,play,loved,year,wonderful,favorite,enjoy,fun,great,daughter,thank,playing,awesome,game,love,games,loves,grandson,enjoyed,best,christmas
birthday,family,kids,friends,gift,play,loved,year,wonderful,favorite,enjoy,fun,great,daughter,thank,playing,awesome,game,love,games,loves,grandson,enjoyed,best,christmas
birthday,family,kids,friends,gift,play,loved,year,wonderful,favorite,enjoy,fun,great,daughter,thank,playing,awesome,game,love,games,loves,grandson,enjoyed,best,christmas
birthday,family,kids,friends,gift,play,loved,year,wonderful,favorite,enjoy,fun,great,daughter,thank,playing,awesome,game,love,games,loves,grandson,enjoyed,best,christmas
birthday,family,kids,friends,gift,play,loved,year,wonderful,favorite,enjoy,fun,great,daughter,thank,playing,awesome,game,love,games,loves,grandson,enjoyed,best,christmas
birthday,family,kids,friends,gift,play,loved,year,wonderful,favorite,enjoy,fun,great,daughter,thank,playing,awesome,game,love,games,loves,grandson,enjoyed,best,christmas
birthday,family,kids,friends,gift,play,loved,year,wonderful,favorite,enjoy,fun,great,daughter,thank,playing,awesome,game,love,games,loves,grandson,enjoyed,best,christmas
birthday,family,kids,friends,gift,play,loved,year,wonderful,favorite,enjoy,fun,great,daughter,thank,playing,awesome,game,love,games,loves,grandson,enjoyed,best,christmas
birthday,family,kids,friends,gift,play,loved,year,wonderful,favorite,enjoy,fun,great,daughter,thank,playing,awesome,game,love,games,loves,grandson,enjoyed,best,christmas
birthday,family,kids,friends,gift,play,loved,year,wonderful,favorite,enjoy,fun,great,daughter,thank,playing,awesome,game,love,games,loves,grandson,enjoyed,best,christmas
birthday,family,kids,friends,gift,play,loved,year,wonderful,favorite,enjoy,fun,great,daughter,thank,playing,awesome,game,love,games,loves,grandson,enjoyed,best,christmas
birthday,family,kids,friends,gift,play,loved,year,wonderful,favorite,enjoy,fun,great,daughter,thank,playing,awesome,game,love,games,loves,grandson,enjoyed,best,christmas
birthday,family,kids,friends,gift,play,loved,year,wonderful,favorite,enjoy,fun,great,daughter,thank,playing,awesome,game,love,games,loves,grandson,enjoyed,best,christmas
birthday,family,kids,friends,gift,play,loved,year,wonderful,favorite,enjoy,fun,great,daughter,thank,playing,awesome,game,love,games,loves,grandson,enjoyed,best,christmas
birthday,family,kids,friends,gift,play,loved,year,wonderful,favorite,enjoy,fun,great,daughter,thank,playing,awesome,game,love,games,loves,grandson,enjoyed,best,christmas
birthday,family,kids,friends,gift,play,loved,year,wonderful,favorite,enjoy,fun,great,daughter,thank,playing,awesome,game,love,games,loves,grandson,enjoyed,best,christmas
birthday,family,kids,friends,gift,play,loved,year,wonderful,favorite,enjoy,fun,great,daughter,thank,playing,awesome,game,love,games,loves,grandson,enjoyed,best,christmas
birthday,family,kids,friends,gift,play,loved,year,wonderful,favorite,enjoy,fun,great,daughter,thank,playing,awesome,game,love,games,loves,grandson,enjoyed,best,christmas
birthday,family,kids,friends,gift,play,loved,year,wonderful,favorite,enjoy,fun,great,daughter,thank,playing,awesome,game,love,games,loves,grandson,enjoyed,best,christmas
birthday,family,kids,friends,gift,play,loved,year,wonderful,favorite,enjoy,fun,great,daughter,thank,playing,awesome,game,love,games,loves,grandson,enjoyed,best,christmas
birthday,family,kids,friends,gift,play,loved,year,wonderful,favorite,enjoy,fun,great,daughter,thank,playing,awesome,game,love,games,loves,grandson,enjoyed,best,christmas
birthday,family,kids,friends,gift,play,loved,year,favorite,enjoy,fun,great,daughter,thank,book,playing,awesome,game,love,games,loves,grandson,enjoyed,best,christmas
birthday,family,kids,friends,gift,play,loved,year,favorite,enjoy,fun,great,daughter,thank,book,playing,awesome,game,love,games,loves,grandson,enjoyed,best,christmas
birthday,family,kids,friends,gift,play,loved,year,favorite,enjoy,fun,great,daughter,thank,book,playing,awesome,game,love,games,loves,grandson,enjoyed,best,christmas
birthday,family,kids,friends,gift,play,loved,year,favorite,enjoy,fun,great,daughter,thank,book,playing,awesome,game,love,games,loves,grandson,enjoyed,best,christmas
birthday,family,kids,friends,gift,play,loved,year,favorite,enjoy,fun,great,daughter,thank,book,playing,awesome,game,love,games,loves,grandson,enjoyed,best,christmas
birthday,family,kids,friends,gift,play,loved,year,favorite,enjoy,fun,great,daughter,thank,book,playing,awesome,game,love,games,loves,grandson,enjoyed,best,christmas
birthday,family,kids,friends,gift,play,loved,year,favorite,enjoy,fun,great,daughter,thank,book,playing,awesome,game,love,games,loves,grandson,enjoyed,best,christmas
birthday,family,kids,friends,gift,play,loved,year,favorite,enjoy,fun,great,daughter,thank,book,playing,awesome,game,love,games,loves,grandson,enjoyed,best,christmas
birthday,family,kids,friends,gift,play,loved,year,favorite,enjoy,fun,great,daughter,thank,book,playing,awesome,game,love,games,loves,grandson,enjoyed,best,christmas
birthday,family,kids,friends,gift,play,loved,year,favorite,enjoy,fun,great,daughter,thank,book,playing,awesome,game,love,games,loves,grandson,enjoyed,best,christmas
birthday,family,kids,friends,gift,play,loved,year,favorite,enjoy,fun,great,daughter,thank,book,playing,awesome,game,love,games,loves,grandson,enjoyed,best,christmas
birthday,family,kids,friends,gift,play,loved,year,favorite,enjoy,fun,great,daughter,thank,book,playing,awesome,game,love,games,loves,grandson,enjoyed,best,christmas
birthday,family,kids,friends,gift,play,loved,year,favorite,enjoy,fun,great,daughter,thank,book,playing,awesome,game,love,games,loves,grandson,enjoyed,best,christmas
birthday,family,kids,friends,gift,play,loved,year,favorite,enjoy,fun,great,daughter,thank,book,playing,awesome,game,love,games,loves,grandson,enjoyed,best,christmas
birthday,family,kids,friends,gift,play,loved,year,favorite,enjoy,fun,great,daughter,thank,book,playing,awesome,game,love,games,loves,grandson,enjoyed,best,christmas
birthday,family,kids,friends,gift,play,loved,year,favorite,enjoy,fun,great,daughter,thank,book,playing,awesome,game,love,games,loves,grandson,enjoyed,best,christmas
birthday,family,kids,friends,gift,play,loved,year,favorite,enjoy,fun,great,daughter,thank,book,playing,awesome,game,love,games,loves,grandson,enjoyed,best,christmas
birthday,family,kids,friends,gift,play,loved,year,favorite,enjoy,fun,great,daughter,thank,book,playing,awesome,game,love,games,loves,grandson,enjoyed,best,christmas
birthday,family,kids,friends,gift,play,loved,year,favorite,enjoy,fun,great,daughter,thank,book,playing,awesome,game,love,games,loves,grandson,enjoyed,best,christmas
birthday,family,kids,friends,gift,play,loved,year,favorite,enjoy,fun,great,daughter,thank,book,playing,awesome,game,love,games,loves,grandson,enjoyed,best,christmas
birthday,family,kids,friends,gift,play,loved,year,favorite,enjoy,fun,great,daughter,thank,book,playing,awesome,game,love,games,loves,grandson,enjoyed,best,christmas
birthday,family,kids,friends,gift,play,loved,year,favorite,enjoy,fun,great,daughter,thank,book,playing,awesome,game,love,games,loves,grandson,enjoyed,best,christmas
birthday,family,kids,friends,gift,play,loved,year,favorite,enjoy,fun,great,daughter,thank,book,playing,awesome,game,love,games,loves,grandson,enjoyed,best,christmas
birthday,family,kids,friends,gift,play,loved,year,wonderful,favorite,enjoy,fun,great,daughter,thank,playing,awesome,game,love,games,loves,grandson,enjoyed,best,christmas
birthday,family,kids,friends,gift,play,loved,year,wonderful,favorite,enjoy,fun,great,daughter,thank,playing,awesome,game,love,games,loves,grandson,enjoyed,best,christmas
birthday,family,kids,friends,gift,play,loved,year,wonderful,favorite,enjoy,fun,great,daughter,thank,playing,awesome,game,love,games,loves,grandson,enjoyed,best,christmas
birthday,family,kids,friends,gift,play,loved,year,wonderful,favorite,enjoy,fun,great,daughter,thank,playing,awesome,game,love,games,loves,grandson,enjoyed,best,christmas
birthday,family,kids,friends,gift,play,loved,year,wonderful,favorite,enjoy,fun,great,daughter,thank,playing,awesome,game,love,games,loves,grandson,enjoyed,best,christmas
birthday,family,kids,friends,gift,play,loved,year,wonderful,favorite,enjoy,fun,great,daughter,thank,playing,awesome,game,love,games,loves,grandson,enjoyed,best,christmas
birthday,family,kids,friends,gift,play,loved,year,wonderful,favorite,enjoy,fun,great,daughter,thank,playing,awesome,game,love,games,loves,grandson,enjoyed,best,christmas
birthday,family,kids,friends,gift,play,loved,year,wonderful,favorite,enjoy,fun,great,daughter,thank,playing,awesome,game,love,games,loves,grandson,enjoyed,best,christmas
birthday,family,kids,friends,gift,play,loved,year,wonderful,favorite,enjoy,fun,great,daughter,thank,playing,awesome,game,love,games,loves,grandson,enjoyed,best,christmas
birthday,family,kids,friends,gift,play,loved,year,wonderful,favorite,enjoy,fun,great,daughter,thank,playing,awesome,game,love,games,loves,grandson,enjoyed,best,christmas
birthday,family,kids,friends,gift,play,loved,year,wonderful,favorite,enjoy,fun,great,daughter,thank,playing,awesome,game,love,games,loves,grandson,enjoyed,best,christmas
birthday,family,kids,friends,gift,play,loved,year,wonderful,favorite,enjoy,fun,great,daughter,thank,playing,awesome,game,love,games,loves,grandson,enjoyed,best,christmas
birthday,family,kids,friends,gift,play,loved,year,wonderful,favorite,enjoy,fun,great,daughter,thank,playing,awesome,game,love,games,loves,grandson,enjoyed,best,christmas
birthday,family,kids,friends,gift,play,loved,year,wonderful,favorite,enjoy,fun,great,daughter,thank,playing,awesome,game,love,games,loves,grandson,enjoyed,best,christmas
birthday,family,kids,friends,gift,play,loved,year,wonderful,favorite,enjoy,fun,great,daughter,thank,playing,awesome,game,love,games,loves,grandson,enjoyed,best,christmas
birthday,family,kids,friends,gift,play,loved,year,wonderful,favorite,enjoy,fun,great,daughter,thank,playing,awesome,game,love,games,loves,grandson,enjoyed,best,christmas
birthday,family,kids,friends,gift,play,loved,year,wonderful,favorite,enjoy,fun,great,daughter,thank,playing,awesome,game,love,games,loves,grandson,enjoyed,best,christmas
birthday,family,kids,friends,gift,play,loved,year,wonderful,favorite,enjoy,fun,great,daughter,thank,playing,awesome,game,love,games,loves,grandson,enjoyed,best,christmas
birthday,family,kids,friends,gift,play,loved,year,wonderful,favorite,enjoy,fun,great,daughter,thank,playing,awesome,game,love,games,loves,grandson,enjoyed,best,christmas
birthday,family,kids,friends,gift,play,loved,year,wonderful,favorite,enjoy,fun,great,daughter,thank,playing,awesome,game,love,games,loves,grandson,enjoyed,best,christmas
birthday,family,kids,friends,gift,play,loved,year,wonderful,favorite,enjoy,fun,great,daughter,thank,playing,awesome,game,love,games,loves,grandson,enjoyed,best,christmas
birthday,family,kids,friends,gift,play,loved,year,wonderful,favorite,enjoy,fun,great,daughter,thank,playing,awesome,game,love,games,loves,grandson,enjoyed,best,christmas
birthday,family,kids,friends,gift,play,loved,year,wonderful,favorite,enjoy,fun,great,daughter,thank,playing,awesome,game,love,games,loves,grandson,enjoyed,best,christmas
birthday,family,kids,friends,gift,play,loved,year,wonderful,favorite,enjoy,fun,great,daughter,thank,playing,awesome,game,love,games,loves,grandson,enjoyed,best,christmas
birthday,family,kids,friends,gift,play,loved,year,wonderful,favorite,enjoy,fun,great,daughter,thank,playing,awesome,game,love,games,loves,grandson,enjoyed,best,christmas
birthday,family,kids,friends,gift,play,loved,year,wonderful,favorite,enjoy,fun,great,daughter,thank,playing,awesome,game,love,games,loves,grandson,enjoyed,best,christmas
birthday,family,kids,friends,gift,play,loved,year,wonderful,favorite,enjoy,fun,great,daughter,thank,playing,awesome,game,love,games,loves,grandson,enjoyed,best,christmas
birthday,family,kids,friends,gift,play,loved,year,wonderful,favorite,enjoy,fun,great,daughter,thank,playing,awesome,game,love,games,loves,grandson,enjoyed,best,christmas
birthday,family,kids,friends,gift,play,loved,year,wonderful,favorite,enjoy,fun,great,daughter,thank,playing,awesome,game,love,games,loves,grandson,enjoyed,best,christmas
birthday,family,kids,friends,gift,play,loved,year,wonderful,favorite,enjoy,fun,great,daughter,thank,playing,awesome,game,love,games,loves,grandson,enjoyed,best,christmas
birthday,family,kids,friends,gift,play,loved,year,wonderful,favorite,enjoy,fun,great,daughter,thank,playing,awesome,game,love,games,loves,grandson,enjoyed,best,christmas
birthday,family,kids,friends,gift,play,loved,year,wonderful,favorite,enjoy,fun,great,daughter,thank,playing,awesome,game,love,games,loves,grandson,enjoyed,best,christmas
birthday,family,kids,friends,gift,play,loved,year,wonderful,favorite,enjoy,fun,great,daughter,thank,playing,awesome,game,love,games,loves,grandson,enjoyed,best,christmas
birthday,family,kids,friends,gift,play,loved,year,wonderful,favorite,enjoy,fun,great,daughter,thank,playing,awesome,game,love,games,loves,grandson,enjoyed,best,christmas
birthday,family,kids,friends,gift,play,loved,year,wonderful,favorite,enjoy,fun,great,daughter,thank,playing,awesome,game,love,games,loves,grandson,enjoyed,best,christmas
birthday,family,kids,friends,gift,play,loved,year,wonderful,favorite,enjoy,fun,great,daughter,thank,playing,awesome,game,love,games,loves,grandson,enjoyed,best,christmas
birthday,family,kids,friends,gift,play,loved,year,wonderful,favorite,enjoy,fun,great,daughter,thank,playing,awesome,game,love,games,loves,grandson,enjoyed,best,christmas
birthday,family,kids,friends,gift,play,loved,year,wonderful,favorite,enjoy,fun,great,daughter,thank,playing,awesome,game,love,games,loves,grandson,enjoyed,best,christmas
birthday,family,kids,friends,gift,play,loved,year,wonderful,favorite,enjoy,fun,great,daughter,thank,playing,awesome,game,love,games,loves,grandson,enjoyed,best,christmas
birthday,family,kids,friends,gift,play,loved,year,wonderful,favorite,enjoy,fun,great,daughter,thank,playing,awesome,game,love,games,loves,grandson,enjoyed,best,christmas
birthday,family,kids,friends,gift,play,loved,year,wonderful,favorite,enjoy,fun,great,daughter,thank,playing,awesome,game,love,games,loves,grandson,enjoyed,best,christmas
birthday,family,kids,friends,gift,play,loved,year,wonderful,favorite,enjoy,fun,great,daughter,thank,playing,awesome,game,love,games,loves,grandson,enjoyed,best,christmas
birthday,family,kids,friends,gift,play,loved,year,wonderful,favorite,enjoy,fun,great,daughter,thank,playing,awesome,game,love,games,loves,grandson,enjoyed,best,christmas
birthday,family,kids,friends,gift,play,loved,year,wonderful,favorite,enjoy,fun,great,daughter,thank,playing,awesome,game,love,games,loves,grandson,enjoyed,best,christmas
birthday,family,kids,friends,gift,play,loved,year,wonderful,favorite,enjoy,fun,great,daughter,thank,playing,awesome,game,love,games,loves,grandson,enjoyed,best,christmas
birthday,family,kids,friends,gift,play,loved,year,wonderful,favorite,enjoy,fun,great,daughter,thank,playing,awesome,game,love,games,loves,grandson,enjoyed,best,christmas
birthday,family,kids,friends,gift,play,loved,year,wonderful,favorite,enjoy,fun,great,daughter,thank,playing,awesome,game,love,games,loves,grandson,enjoyed,best,christmas
birthday,family,kids,friends,gift,play,loved,year,wonderful,favorite,enjoy,fun,great,daughter,thank,playing,awesome,game,love,games,loves,grandson,enjoyed,best,christmas
birthday,family,kids,friends,gift,play,loved,year,wonderful,favorite,enjoy,fun,great,daughter,thank,playing,awesome,game,love,games,loves,grandson,enjoyed,best,christmas
birthday,family,kids,friends,gift,play,loved,year,wonderful,favorite,enjoy,fun,great,daughter,thank,playing,awesome,game,love,games,loves,grandson,enjoyed,best,christmas
birthday,family,kids,friends,gift,play,loved,year,wonderful,favorite,enjoy,fun,great,daughter,thank,playing,awesome,game,love,games,loves,grandson,enjoyed,best,christmas
birthday,family,kids,friends,gift,play,loved,year,wonderful,favorite,enjoy,fun,great,daughter,thank,playing,awesome,game,love,games,loves,grandson,enjoyed,best,christmas
birthday,family,kids,friends,gift,play,loved,year,wonderful,favorite,enjoy,fun,great,daughter,thank,playing,awesome,game,love,games,loves,grandson,enjoyed,best,christmas
birthday,family,kids,friends,gift,play,loved,year,wonderful,favorite,enjoy,fun,great,daughter,thank,playing,awesome,game,love,games,loves,grandson,enjoyed,best,christmas
birthday,family,kids,friends,gift,play,loved,year,wonderful,favorite,enjoy,fun,great,daughter,thank,playing,awesome,game,love,games,loves,grandson,enjoyed,best,christmas
birthday,family,kids,friends,gift,play,loved,year,wonderful,favorite,enjoy,fun,great,daughter,thank,playing,awesome,game,love,games,loves,grandson,enjoyed,best,christmas
birthday,family,kids,friends,gift,play,loved,year,wonderful,favorite,enjoy,fun,great,daughter,thank,playing,awesome,game,love,games,loves,grandson,enjoyed,best,christmas
birthday,family,kids,friends,gift,play,loved,year,wonderful,favorite,enjoy,fun,great,daughter,thank,playing,awesome,game,love,games,loves,grandson,enjoyed,best,christmas
birthday,family,kids,friends,gift,play,loved,year,wonderful,favorite,enjoy,fun,great,daughter,thank,playing,awesome,game,love,games,loves,grandson,enjoyed,best,christmas
birthday,family,kids,friends,gift,play,loved,year,wonderful,favorite,enjoy,fun,great,daughter,thank,playing,awesome,game,love,games,loves,grandson,enjoyed,best,christmas
birthday,family,kids,friends,gift,play,loved,year,wonderful,favorite,enjoy,fun,great,daughter,thank,playing,awesome,game,love,games,loves,grandson,enjoyed,best,christmas
birthday,family,kids,friends,gift,play,loved,year,wonderful,favorite,enjoy,fun,great,daughter,thank,playing,awesome,game,love,games,loves,grandson,enjoyed,best,christmas
birthday,family,kids,friends,gift,play,loved,year,wonderful,favorite,enjoy,fun,great,daughter,thank,playing,awesome,game,love,games,loves,grandson,enjoyed,best,christmas
birthday,family,kids,friends,gift,play,loved,year,wonderful,favorite,enjoy,fun,great,daughter,thank,playing,awesome,game,love,games,loves,grandson,enjoyed,best,christmas
birthday,family,kids,friends,gift,play,loved,year,wonderful,favorite,enjoy,fun,great,daughter,thank,playing,awesome,game,love,games,loves,grandson,enjoyed,best,christmas
birthday,family,kids,friends,gift,play,loved,year,wonderful,favorite,enjoy,fun,great,daughter,thank,playing,awesome,game,love,games,loves,grandson,enjoyed,best,christmas
birthday,family,kids,friends,gift,play,loved,year,wonderful,favorite,enjoy,fun,great,daughter,thank,playing,awesome,game,love,games,loves,grandson,enjoyed,best,christmas
birthday,family,kids,friends,gift,play,loved,year,wonderful,favorite,enjoy,fun,great,daughter,thank,playing,awesome,game,love,games,loves,grandson,enjoyed,best,christmas
birthday,family,kids,friends,gift,play,loved,year,wonderful,favorite,enjoy,fun,great,daughter,thank,playing,awesome,game,love,games,loves,grandson,enjoyed,best,christmas
birthday,family,kids,friends,gift,play,loved,year,wonderful,favorite,enjoy,fun,great,daughter,thank,playing,awesome,game,love,games,loves,grandson,enjoyed,best,christmas
birthday,family,kids,friends,gift,play,loved,year,wonderful,favorite,enjoy,fun,great,daughter,thank,playing,awesome,game,love,games,loves,grandson,enjoyed,best,christmas
birthday,family,kids,friends,gift,play,loved,year,wonderful,favorite,enjoy,fun,great,daughter,thank,playing,awesome,game,love,games,loves,grandson,enjoyed,best,christmas
birthday,family,kids,friends,gift,play,loved,year,wonderful,favorite,enjoy,fun,great,daughter,thank,playing,awesome,game,love,games,loves,grandson,enjoyed,best,christmas
birthday,family,kids,friends,gift,play,loved,year,wonderful,favorite,enjoy,fun,great,daughter,thank,playing,awesome,game,love,games,loves,grandson,enjoyed,best,christmas
birthday,family,kids,friends,gift,play,loved,year,wonderful,favorite,enjoy,fun,great,daughter,thank,playing,awesome,game,love,games,loves,grandson,enjoyed,best,christmas
birthday,family,kids,friends,gift,play,loved,year,wonderful,favorite,enjoy,fun,great,daughter,thank,playing,awesome,game,love,games,loves,grandson,enjoyed,best,christmas
birthday,family,kids,friends,gift,play,loved,year,wonderful,favorite,enjoy,fun,great,daughter,thank,playing,awesome,game,love,games,loves,grandson,enjoyed,best,christmas
birthday,family,kids,friends,gift,play,loved,year,wonderful,favorite,enjoy,fun,great,daughter,thank,playing,awesome,game,love,games,loves,grandson,enjoyed,best,christmas
birthday,family,kids,friends,gift,play,loved,year,wonderful,favorite,enjoy,fun,great,daughter,thank,playing,awesome,game,love,games,loves,grandson,enjoyed,best,christmas
birthday,family,kids,friends,gift,play,loved,year,wonderful,favorite,enjoy,fun,great,daughter,thank,playing,awesome,game,love,games,loves,grandson,enjoyed,best,christmas
birthday,family,kids,friends,gift,play,loved,year,wonderful,favorite,enjoy,fun,great,daughter,thank,playing,awesome,game,love,games,loves,grandson,enjoyed,best,christmas
birthday,family,kids,friends,gift,play,loved,year,wonderful,favorite,enjoy,fun,great,daughter,thank,playing,awesome,game,love,games,loves,grandson,enjoyed,best,christmas
birthday,family,kids,friends,gift,play,loved,year,wonderful,favorite,enjoy,fun,great,daughter,thank,playing,awesome,game,love,games,loves,grandson,enjoyed,best,christmas
birthday,family,kids,friends,gift,play,loved,year,wonderful,favorite,enjoy,fun,great,daughter,thank,playing,awesome,game,love,games,loves,grandson,enjoyed,best,christmas
birthday,family,kids,friends,gift,play,loved,year,wonderful,favorite,enjoy,fun,great,daughter,thank,playing,awesome,game,love,games,loves,grandson,enjoyed,best,christmas
birthday,family,kids,friends,gift,play,loved,year,wonderful,favorite,enjoy,fun,great,daughter,thank,playing,awesome,game,love,games,loves,grandson,enjoyed,best,christmas
birthday,family,kids,friends,gift,play,loved,year,wonderful,favorite,enjoy,fun,great,daughter,thank,playing,awesome,game,love,games,loves,grandson,enjoyed,best,christmas
birthday,family,kids,friends,gift,play,loved,year,wonderful,favorite,enjoy,fun,great,daughter,thank,playing,awesome,game,love,games,loves,grandson,enjoyed,best,christmas
birthday,family,kids,friends,gift,play,loved,year,wonderful,favorite,enjoy,fun,great,daughter,thank,playing,awesome,game,love,games,loves,grandson,enjoyed,best,christmas
birthday,family,kids,friends,gift,play,loved,year,wonderful,favorite,enjoy,fun,great,daughter,thank,playing,awesome,game,love,games,loves,grandson,enjoyed,best,christmas
birthday,family,kids,friends,gift,play,loved,year,wonderful,favorite,enjoy,fun,great,daughter,thank,playing,awesome,game,love,games,loves,grandson,enjoyed,best,christmas
birthday,family,kids,friends,gift,play,loved,year,wonderful,favorite,enjoy,fun,great,daughter,thank,playing,awesome,game,love,games,loves,grandson,enjoyed,best,christmas
birthday,family,kids,friends,gift,play,loved,year,wonderful,favorite,enjoy,fun,great,daughter,thank,playing,awesome,game,love,games,loves,grandson,enjoyed,best,christmas
birthday,family,kids,friends,gift,play,loved,year,wonderful,favorite,enjoy,fun,great,daughter,thank,playing,awesome,game,love,games,loves,grandson,enjoyed,best,christmas
birthday,family,kids,friends,gift,play,loved,year,wonderful,favorite,enjoy,fun,great,daughter,thank,playing,awesome,game,love,games,loves,grandson,enjoyed,best,christmas
birthday,family,kids,friends,gift,play,loved,year,wonderful,favorite,enjoy,fun,great,daughter,thank,playing,awesome,game,love,games,loves,grandson,enjoyed,best,christmas
birthday,family,kids,friends,gift,play,loved,year,wonderful,favorite,enjoy,fun,great,daughter,thank,playing,awesome,game,love,games,loves,grandson,enjoyed,best,christmas
birthday,family,kids,friends,gift,play,loved,year,wonderful,favorite,enjoy,fun,great,daughter,thank,playing,awesome,game,love,games,loves,grandson,enjoyed,best,christmas
birthday,family,kids,friends,gift,play,loved,year,wonderful,favorite,enjoy,fun,great,daughter,thank,playing,awesome,game,love,games,loves,grandson,enjoyed,best,christmas
birthday,family,kids,friends,gift,play,loved,year,wonderful,favorite,enjoy,fun,great,daughter,thank,playing,awesome,game,love,games,loves,grandson,enjoyed,best,christmas
birthday,family,kids,friends,gift,play,loved,year,wonderful,favorite,enjoy,fun,great,daughter,thank,playing,awesome,game,love,games,loves,grandson,enjoyed,best,christmas
birthday,family,kids,friends,gift,play,loved,year,wonderful,favorite,enjoy,fun,great,daughter,thank,playing,awesome,game,love,games,loves,grandson,enjoyed,best,christmas
birthday,family,kids,friends,gift,play,loved,year,wonderful,favorite,enjoy,fun,great,daughter,thank,playing,awesome,game,love,games,loves,grandson,enjoyed,best,christmas
birthday,family,kids,friends,gift,play,loved,year,wonderful,favorite,enjoy,fun,great,daughter,thank,playing,awesome,game,love,games,loves,grandson,enjoyed,best,christmas
birthday,family,kids,friends,gift,play,loved,year,wonderful,favorite,enjoy,fun,great,daughter,thank,playing,awesome,game,love,games,loves,grandson,enjoyed,best,christmas
birthday,family,kids,friends,gift,play,loved,year,wonderful,favorite,enjoy,fun,great,daughter,thank,playing,awesome,game,love,games,loves,grandson,enjoyed,best,christmas
birthday,family,kids,friends,gift,play,loved,year,wonderful,favorite,enjoy,fun,great,daughter,thank,playing,awesome,game,love,games,loves,grandson,enjoyed,best,christmas
birthday,family,kids,friends,gift,play,loved,year,wonderful,favorite,enjoy,fun,great,daughter,thank,playing,awesome,game,love,games,loves,grandson,enjoyed,best,christmas
birthday,family,kids,friends,gift,play,loved,year,wonderful,favorite,enjoy,fun,great,daughter,thank,playing,awesome,game,love,games,loves,grandson,enjoyed,best,christmas
birthday,family,kids,friends,gift,play,loved,year,wonderful,favorite,enjoy,fun,great,daughter,thank,playing,awesome,game,love,games,loves,grandson,enjoyed,best,christmas
birthday,family,kids,friends,gift,play,loved,year,wonderful,favorite,enjoy,fun,great,daughter,thank,playing,awesome,game,love,games,loves,grandson,enjoyed,best,christmas
birthday,family,kids,friends,gift,play,loved,year,wonderful,favorite,enjoy,fun,great,daughter,thank,playing,awesome,game,love,games,loves,grandson,enjoyed,best,christmas
birthday,family,kids,friends,gift,play,loved,year,wonderful,favorite,enjoy,fun,great,daughter,thank,playing,awesome,game,love,games,loves,grandson,enjoyed,best,christmas
birthday,family,kids,friends,gift,play,loved,year,wonderful,favorite,enjoy,fun,great,daughter,thank,playing,awesome,game,love,games,loves,grandson,enjoyed,best,christmas
birthday,family,kids,friends,gift,play,loved,year,wonderful,favorite,enjoy,fun,great,daughter,thank,playing,awesome,game,love,games,loves,grandson,enjoyed,best,christmas
birthday,family,kids,friends,gift,play,loved,year,wonderful,favorite,enjoy,fun,great,daughter,thank,playing,awesome,game,love,games,loves,grandson,enjoyed,best,christmas
birthday,family,kids,friends,gift,play,loved,year,wonderful,favorite,enjoy,fun,great,daughter,thank,playing,awesome,game,love,games,loves,grandson,enjoyed,best,christmas
birthday,family,kids,friends,gift,play,loved,year,wonderful,favorite,enjoy,fun,great,daughter,thank,playing,awesome,game,love,games,loves,grandson,enjoyed,best,christmas
birthday,family,kids,friends,gift,play,loved,year,wonderful,favorite,enjoy,fun,great,daughter,thank,playing,awesome,game,love,games,loves,grandson,enjoyed,best,christmas
birthday,family,kids,friends,gift,play,loved,year,wonderful,favorite,enjoy,fun,great,daughter,thank,playing,awesome,game,love,games,loves,grandson,enjoyed,best,christmas
birthday,family,kids,friends,gift,play,loved,year,wonderful,favorite,enjoy,fun,great,daughter,thank,playing,awesome,game,love,games,loves,grandson,enjoyed,best,christmas
birthday,family,kids,friends,gift,play,loved,year,wonderful,favorite,enjoy,fun,great,daughter,thank,playing,awesome,game,love,games,loves,grandson,enjoyed,best,christmas
birthday,family,kids,friends,gift,play,loved,year,wonderful,favorite,enjoy,fun,great,daughter,thank,playing,awesome,game,love,games,loves,grandson,enjoyed,best,christmas
birthday,family,kids,friends,gift,play,loved,year,wonderful,favorite,enjoy,fun,great,daughter,thank,playing,awesome,game,love,games,loves,grandson,enjoyed,best,christmas
birthday,family,kids,friends,gift,play,loved,year,wonderful,favorite,enjoy,fun,great,daughter,thank,playing,awesome,game,love,games,loves,grandson,enjoyed,best,christmas
birthday,family,kids,friends,gift,play,loved,year,wonderful,favorite,enjoy,fun,great,daughter,thank,playing,awesome,game,love,games,loves,grandson,enjoyed,best,christmas
birthday,family,kids,friends,gift,play,loved,year,wonderful,favorite,enjoy,fun,great,daughter,thank,playing,awesome,game,love,games,loves,grandson,enjoyed,best,christmas
birthday,family,kids,friends,gift,play,loved,year,wonderful,favorite,enjoy,fun,great,daughter,thank,playing,awesome,game,love,games,loves,grandson,enjoyed,best,christmas
birthday,family,kids,friends,gift,play,loved,year,wonderful,favorite,enjoy,fun,great,daughter,thank,playing,awesome,game,love,games,loves,grandson,enjoyed,best,christmas
birthday,family,kids,friends,gift,play,loved,year,wonderful,favorite,enjoy,fun,great,daughter,thank,playing,awesome,game,love,games,loves,grandson,enjoyed,best,christmas
birthday,family,kids,friends,gift,play,loved,year,wonderful,favorite,enjoy,fun,great,daughter,thank,playing,awesome,game,love,games,loves,grandson,enjoyed,best,christmas
birthday,family,kids,friends,gift,play,loved,year,wonderful,favorite,enjoy,fun,great,daughter,thank,playing,awesome,game,love,games,loves,grandson,enjoyed,best,christmas
birthday,family,kids,friends,gift,play,loved,year,wonderful,favorite,enjoy,fun,great,daughter,thank,playing,awesome,game,love,games,loves,grandson,enjoyed,best,christmas
birthday,family,kids,friends,gift,play,loved,year,wonderful,favorite,enjoy,fun,great,daughter,thank,playing,awesome,game,love,games,loves,grandson,enjoyed,best,christmas
birthday,family,kids,friends,gift,play,loved,year,wonderful,favorite,enjoy,fun,great,daughter,thank,playing,awesome,game,love,games,loves,grandson,enjoyed,best,christmas
birthday,family,kids,friends,gift,play,loved,year,wonderful,favorite,enjoy,fun,great,daughter,thank,playing,awesome,game,love,games,loves,grandson,enjoyed,best,christmas
birthday,family,kids,friends,gift,play,loved,year,wonderful,favorite,enjoy,fun,great,daughter,thank,playing,awesome,game,love,games,loves,grandson,enjoyed,best,christmas
birthday,family,kids,friends,gift,play,loved,year,wonderful,favorite,enjoy,fun,great,daughter,thank,playing,awesome,game,love,games,loves,grandson,enjoyed,best,christmas
birthday,family,kids,friends,gift,play,loved,year,wonderful,favorite,enjoy,fun,great,daughter,thank,playing,awesome,game,love,games,loves,grandson,enjoyed,best,christmas
birthday,family,kids,friends,gift,play,loved,year,wonderful,favorite,enjoy,fun,great,daughter,thank,playing,awesome,game,love,games,loves,grandson,enjoyed,best,christmas
birthday,family,kids,friends,gift,play,loved,year,wonderful,favorite,enjoy,fun,great,daughter,thank,playing,awesome,game,love,games,loves,grandson,enjoyed,best,christmas
birthday,family,kids,friends,gift,play,loved,year,wonderful,favorite,enjoy,fun,great,daughter,thank,playing,awesome,game,love,games,loves,grandson,enjoyed,best,christmas
birthday,family,kids,friends,gift,play,loved,year,wonderful,favorite,enjoy,fun,great,daughter,thank,playing,awesome,game,love,games,loves,grandson,enjoyed,best,christmas
birthday,family,kids,friends,gift,play,loved,year,wonderful,favorite,enjoy,fun,great,daughter,thank,playing,awesome,game,love,games,loves,grandson,enjoyed,best,christmas
birthday,family,kids,friends,gift,play,loved,year,wonderful,favorite,enjoy,fun,great,daughter,thank,playing,awesome,game,love,games,loves,grandson,enjoyed,best,christmas
birthday,family,kids,friends,gift,play,loved,year,wonderful,favorite,enjoy,fun,great,daughter,thank,playing,awesome,game,love,games,loves,grandson,enjoyed,best,christmas
birthday,family,kids,friends,gift,play,loved,year,wonderful,favorite,enjoy,fun,great,daughter,thank,playing,awesome,game,love,games,loves,grandson,enjoyed,best,christmas
birthday,family,kids,friends,gift,play,loved,year,wonderful,favorite,enjoy,fun,great,daughter,thank,playing,awesome,game,love,games,loves,grandson,enjoyed,best,christmas
birthday,family,kids,friends,gift,play,loved,year,wonderful,favorite,enjoy,fun,great,daughter,thank,playing,awesome,game,love,games,loves,grandson,enjoyed,best,christmas
birthday,family,kids,friends,gift,play,loved,year,wonderful,favorite,enjoy,fun,great,daughter,thank,playing,awesome,game,love,games,loves,grandson,enjoyed,best,christmas
birthday,family,kids,friends,gift,play,loved,year,wonderful,favorite,enjoy,fun,great,daughter,thank,playing,awesome,game,love,games,loves,grandson,enjoyed,best,christmas
birthday,family,kids,friends,gift,play,loved,year,wonderful,favorite,enjoy,fun,great,daughter,thank,playing,awesome,game,love,games,loves,grandson,enjoyed,best,christmas
birthday,family,kids,friends,gift,play,loved,year,wonderful,favorite,enjoy,fun,great,daughter,thank,playing,awesome,game,love,games,loves,grandson,enjoyed,best,christmas
birthday,family,kids,friends,gift,play,loved,year,wonderful,favorite,enjoy,fun,great,daughter,thank,playing,awesome,game,love,games,loves,grandson,enjoyed,best,christmas
birthday,family,kids,friends,gift,play,loved,year,wonderful,favorite,enjoy,fun,great,daughter,thank,playing,awesome,game,love,games,loves,grandson,enjoyed,best,christmas
birthday,family,kids,friends,gift,play,loved,year,wonderful,favorite,enjoy,fun,great,daughter,thank,playing,awesome,game,love,games,loves,grandson,enjoyed,best,christmas
birthday,family,kids,friends,gift,play,loved,year,wonderful,favorite,enjoy,fun,great,daughter,thank,playing,awesome,game,love,games,loves,grandson,enjoyed,best,christmas
birthday,family,kids,friends,gift,play,loved,year,wonderful,favorite,enjoy,fun,great,daughter,thank,playing,awesome,game,love,games,loves,grandson,enjoyed,best,christmas
birthday,family,kids,friends,gift,play,loved,year,wonderful,favorite,enjoy,fun,great,daughter,thank,playing,awesome,game,love,games,loves,grandson,enjoyed,best,christmas
birthday,family,kids,friends,gift,play,loved,year,wonderful,favorite,enjoy,fun,great,daughter,thank,playing,awesome,game,love,games,loves,grandson,enjoyed,best,christmas
birthday,family,kids,friends,gift,play,loved,year,wonderful,favorite,enjoy,fun,great,daughter,thank,playing,awesome,game,love,games,loves,grandson,enjoyed,best,christmas
birthday,family,kids,friends,gift,play,loved,year,wonderful,favorite,enjoy,fun,great,daughter,thank,playing,awesome,game,love,games,loves,grandson,enjoyed,best,christmas
birthday,family,kids,friends,gift,play,loved,year,wonderful,favorite,enjoy,fun,great,daughter,thank,playing,awesome,game,love,games,loves,grandson,enjoyed,best,christmas
birthday,family,kids,friends,gift,play,loved,year,wonderful,favorite,enjoy,fun,great,daughter,thank,playing,awesome,game,love,games,loves,grandson,enjoyed,best,christmas
birthday,family,kids,friends,gift,play,loved,year,wonderful,favorite,enjoy,fun,great,daughter,thank,playing,awesome,game,love,games,loves,grandson,enjoyed,best,christmas
birthday,family,kids,friends,gift,play,loved,year,wonderful,favorite,enjoy,fun,great,daughter,thank,playing,awesome,game,love,games,loves,grandson,enjoyed,best,christmas
birthday,family,kids,friends,gift,play,loved,year,wonderful,favorite,enjoy,fun,great,daughter,thank,playing,awesome,game,love,games,loves,grandson,enjoyed,best,christmas
birthday,family,kids,friends,gift,play,loved,year,wonderful,favorite,enjoy,fun,great,daughter,thank,playing,awesome,game,love,games,loves,grandson,enjoyed,best,christmas
birthday,family,kids,friends,gift,play,loved,year,wonderful,favorite,enjoy,fun,great,daughter,thank,playing,awesome,game,love,games,loves,grandson,enjoyed,best,christmas
birthday,family,kids,friends,gift,play,loved,year,wonderful,favorite,enjoy,fun,great,daughter,thank,playing,awesome,game,love,games,loves,grandson,enjoyed,best,christmas
birthday,family,kids,friends,gift,play,loved,year,wonderful,favorite,enjoy,fun,great,daughter,thank,playing,awesome,game,love,games,loves,grandson,enjoyed,best,christmas
birthday,family,kids,friends,gift,play,loved,year,wonderful,favorite,enjoy,fun,great,daughter,thank,playing,awesome,game,love,games,loves,grandson,enjoyed,best,christmas
birthday,family,kids,friends,gift,play,loved,year,wonderful,favorite,enjoy,fun,great,daughter,thank,playing,awesome,game,love,games,loves,grandson,enjoyed,best,christmas
birthday,family,kids,friends,gift,play,loved,year,wonderful,favorite,enjoy,fun,great,daughter,thank,playing,awesome,game,love,games,loves,grandson,enjoyed,best,christmas
birthday,family,kids,friends,gift,play,loved,year,wonderful,favorite,enjoy,fun,great,daughter,thank,playing,awesome,game,love,games,loves,grandson,enjoyed,best,christmas
birthday,family,kids,friends,gift,play,loved,year,wonderful,favorite,enjoy,fun,great,daughter,thank,playing,awesome,game,love,games,loves,grandson,enjoyed,best,christmas
birthday,family,kids,friends,gift,play,loved,year,wonderful,favorite,enjoy,fun,great,daughter,thank,playing,awesome,game,love,games,loves,grandson,enjoyed,best,christmas
birthday,family,kids,friends,gift,play,loved,year,wonderful,favorite,enjoy,fun,great,daughter,thank,playing,awesome,game,love,games,loves,grandson,enjoyed,best,christmas
birthday,family,kids,friends,gift,play,loved,year,wonderful,favorite,enjoy,fun,great,daughter,thank,playing,awesome,game,love,games,loves,grandson,enjoyed,best,christmas
birthday,family,kids,friends,gift,play,loved,year,wonderful,favorite,enjoy,fun,great,daughter,thank,playing,awesome,game,love,games,loves,grandson,enjoyed,best,christmas
birthday,family,kids,friends,gift,play,loved,year,wonderful,favorite,enjoy,fun,great,daughter,thank,playing,awesome,game,love,games,loves,grandson,enjoyed,best,christmas
birthday,family,kids,friends,gift,play,loved,year,wonderful,favorite,enjoy,fun,great,daughter,thank,playing,awesome,game,love,games,loves,grandson,enjoyed,best,christmas
birthday,family,kids,friends,gift,play,loved,year,wonderful,favorite,enjoy,fun,great,daughter,thank,playing,awesome,game,love,games,loves,grandson,enjoyed,best,christmas
birthday,family,kids,friends,gift,play,loved,year,wonderful,favorite,enjoy,fun,great,daughter,thank,playing,awesome,game,love,games,loves,grandson,enjoyed,best,christmas
birthday,family,kids,friends,gift,play,loved,year,wonderful,favorite,enjoy,fun,great,daughter,thank,playing,awesome,game,love,games,loves,grandson,enjoyed,best,christmas
birthday,family,kids,friends,gift,play,loved,year,wonderful,favorite,enjoy,fun,great,daughter,thank,playing,awesome,game,love,games,loves,grandson,enjoyed,best,christmas
birthday,family,kids,friends,gift,play,loved,year,wonderful,favorite,enjoy,fun,great,daughter,thank,playing,awesome,game,love,games,loves,grandson,enjoyed,best,christmas
birthday,family,kids,friends,gift,play,loved,year,wonderful,favorite,enjoy,fun,great,daughter,thank,playing,awesome,game,love,games,loves,grandson,enjoyed,best,christmas
birthday,family,kids,friends,gift,play,loved,year,wonderful,favorite,enjoy,fun,great,daughter,thank,playing,awesome,game,love,games,loves,grandson,enjoyed,best,christmas
birthday,family,kids,friends,gift,play,loved,year,wonderful,favorite,enjoy,fun,great,daughter,thank,playing,awesome,game,love,games,loves,grandson,enjoyed,best,christmas
birthday,family,kids,friends,gift,play,loved,year,wonderful,favorite,enjoy,fun,great,daughter,thank,playing,awesome,game,love,games,loves,grandson,enjoyed,best,christmas
birthday,family,kids,friends,gift,play,loved,year,wonderful,favorite,enjoy,fun,great,daughter,thank,playing,awesome,game,love,games,loves,grandson,enjoyed,best,christmas
birthday,family,kids,friends,gift,play,loved,year,wonderful,favorite,enjoy,fun,great,daughter,thank,playing,awesome,game,love,games,loves,grandson,enjoyed,best,christmas
birthday,family,kids,friends,gift,play,loved,year,wonderful,favorite,enjoy,fun,great,daughter,thank,playing,awesome,game,love,games,loves,grandson,enjoyed,best,christmas
birthday,family,kids,friends,gift,play,loved,year,wonderful,favorite,enjoy,fun,great,daughter,thank,playing,awesome,game,love,games,loves,grandson,enjoyed,best,christmas
birthday,family,kids,friends,gift,play,loved,year,wonderful,favorite,enjoy,fun,great,daughter,thank,playing,awesome,game,love,games,loves,grandson,enjoyed,best,christmas
birthday,family,kids,friends,gift,play,loved,year,wonderful,favorite,enjoy,fun,great,daughter,thank,playing,awesome,game,love,games,loves,grandson,enjoyed,best,christmas
birthday,family,kids,friends,gift,play,loved,year,wonderful,favorite,enjoy,fun,great,daughter,thank,playing,awesome,game,love,games,loves,grandson,enjoyed,best,christmas
birthday,family,kids,friends,gift,play,loved,year,wonderful,favorite,enjoy,fun,great,daughter,thank,playing,awesome,game,love,games,loves,grandson,enjoyed,best,christmas
birthday,family,kids,friends,gift,play,loved,year,wonderful,favorite,enjoy,fun,great,daughter,thank,playing,awesome,game,love,games,loves,grandson,enjoyed,best,christmas
birthday,family,kids,friends,gift,play,loved,year,wonderful,favorite,enjoy,fun,great,daughter,thank,playing,awesome,game,love,games,loves,grandson,enjoyed,best,christmas
birthday,family,kids,friends,gift,play,loved,year,wonderful,favorite,enjoy,fun,great,daughter,thank,playing,awesome,game,love,games,loves,grandson,enjoyed,best,christmas
birthday,family,kids,friends,gift,play,loved,year,wonderful,favorite,enjoy,fun,great,daughter,thank,playing,awesome,game,love,games,loves,grandson,enjoyed,best,christmas
birthday,family,kids,friends,gift,play,loved,year,wonderful,favorite,enjoy,fun,great,daughter,thank,playing,awesome,game,love,games,loves,grandson,enjoyed,best,christmas
birthday,family,kids,friends,gift,play,loved,year,wonderful,favorite,enjoy,fun,great,daughter,thank,playing,awesome,game,love,games,loves,grandson,enjoyed,best,christmas
birthday,family,kids,friends,gift,play,loved,year,wonderful,favorite,enjoy,fun,great,daughter,thank,playing,awesome,game,love,games,loves,grandson,enjoyed,best,christmas
birthday,family,kids,friends,gift,play,loved,year,wonderful,favorite,enjoy,fun,great,daughter,thank,playing,awesome,game,love,games,loves,grandson,enjoyed,best,christmas
birthday,family,kids,friends,gift,play,loved,year,wonderful,favorite,enjoy,fun,great,daughter,thank,playing,awesome,game,love,games,loves,grandson,enjoyed,best,christmas
birthday,family,kids,friends,gift,play,loved,year,wonderful,favorite,enjoy,fun,great,daughter,thank,playing,awesome,game,love,games,loves,grandson,enjoyed,best,christmas
birthday,family,kids,friends,gift,play,loved,year,wonderful,favorite,enjoy,fun,great,daughter,thank,playing,awesome,game,love,games,loves,grandson,enjoyed,best,christmas
birthday,family,kids,friends,gift,play,loved,year,wonderful,favorite,enjoy,fun,great,daughter,thank,playing,awesome,game,love,games,loves,grandson,enjoyed,best,christmas
birthday,family,kids,friends,gift,play,loved,year,wonderful,favorite,enjoy,fun,great,daughter,thank,playing,awesome,game,love,games,loves,grandson,enjoyed,best,christmas
birthday,family,kids,friends,gift,play,loved,year,wonderful,favorite,enjoy,fun,great,daughter,thank,playing,awesome,game,love,games,loves,grandson,enjoyed,best,christmas
birthday,family,kids,friends,gift,play,loved,year,wonderful,favorite,enjoy,fun,great,daughter,thank,playing,awesome,game,love,games,loves,grandson,enjoyed,best,christmas
birthday,family,kids,friends,gift,play,loved,year,wonderful,favorite,enjoy,fun,great,daughter,thank,playing,awesome,game,love,games,loves,grandson,enjoyed,best,christmas
birthday,family,kids,friends,gift,play,loved,year,wonderful,favorite,enjoy,fun,great,daughter,thank,playing,awesome,game,love,games,loves,grandson,enjoyed,best,christmas
birthday,family,kids,friends,gift,play,loved,year,wonderful,favorite,enjoy,fun,great,daughter,thank,playing,awesome,game,love,games,loves,grandson,enjoyed,best,christmas
birthday,family,kids,friends,gift,play,loved,year,wonderful,favorite,enjoy,fun,great,daughter,thank,playing,awesome,game,love,games,loves,grandson,enjoyed,best,christmas
birthday,family,kids,friends,gift,play,loved,year,wonderful,favorite,enjoy,fun,great,daughter,thank,playing,awesome,game,love,games,loves,grandson,enjoyed,best,christmas
birthday,family,kids,friends,gift,play,loved,year,wonderful,favorite,enjoy,fun,great,daughter,thank,playing,awesome,game,love,games,loves,grandson,enjoyed,best,christmas
birthday,family,kids,friends,gift,play,loved,year,wonderful,favorite,enjoy,fun,great,daughter,thank,playing,awesome,game,love,games,loves,grandson,enjoyed,best,christmas
birthday,family,kids,friends,gift,play,loved,year,wonderful,favorite,enjoy,fun,great,daughter,thank,playing,awesome,game,love,games,loves,grandson,enjoyed,best,christmas
birthday,family,kids,friends,gift,play,loved,year,wonderful,favorite,enjoy,fun,great,daughter,thank,playing,awesome,game,love,games,loves,grandson,enjoyed,best,christmas
birthday,family,kids,friends,gift,play,loved,year,wonderful,favorite,enjoy,fun,great,daughter,thank,playing,awesome,game,love,games,loves,grandson,enjoyed,best,christmas
birthday,family,kids,friends,gift,play,loved,year,favorite,enjoy,fun,great,daughter,thank,book,playing,awesome,game,love,games,loves,grandson,enjoyed,best,christmas
birthday,family,kids,friends,gift,play,loved,year,favorite,enjoy,fun,great,daughter,thank,book,playing,awesome,game,love,games,loves,grandson,enjoyed,best,christmas
birthday,family,kids,friends,gift,play,loved,year,favorite,enjoy,fun,great,daughter,thank,book,playing,awesome,game,love,games,loves,grandson,enjoyed,best,christmas
birthday,family,kids,friends,gift,play,loved,year,favorite,enjoy,fun,great,daughter,thank,book,playing,awesome,game,love,games,loves,grandson,enjoyed,best,christmas
birthday,family,kids,friends,gift,play,loved,year,favorite,enjoy,fun,great,daughter,thank,book,playing,awesome,game,love,games,loves,grandson,enjoyed,best,christmas
birthday,family,kids,friends,gift,play,loved,year,favorite,enjoy,fun,great,daughter,thank,book,playing,awesome,game,love,games,loves,grandson,enjoyed,best,christmas
birthday,family,kids,friends,gift,play,loved,year,favorite,enjoy,fun,great,daughter,thank,book,playing,awesome,game,love,games,loves,grandson,enjoyed,best,christmas
birthday,family,kids,friends,gift,play,loved,year,favorite,enjoy,fun,great,daughter,thank,book,playing,awesome,game,love,games,loves,grandson,enjoyed,best,christmas
birthday,family,kids,friends,gift,play,loved,year,favorite,enjoy,fun,great,daughter,thank,book,playing,awesome,game,love,games,loves,grandson,enjoyed,best,christmas
birthday,family,kids,friends,gift,play,loved,year,favorite,enjoy,fun,great,daughter,thank,book,playing,awesome,game,love,games,loves,grandson,enjoyed,best,christmas
birthday,family,kids,friends,gift,play,loved,year,favorite,enjoy,fun,great,daughter,thank,book,playing,awesome,game,love,games,loves,grandson,enjoyed,best,christmas
birthday,family,kids,friends,gift,play,loved,year,favorite,enjoy,fun,great,daughter,thank,book,playing,awesome,game,love,games,loves,grandson,enjoyed,best,christmas
birthday,family,kids,friends,gift,play,loved,year,favorite,enjoy,fun,great,daughter,thank,book,playing,awesome,game,love,games,loves,grandson,enjoyed,best,christmas
birthday,family,kids,friends,gift,play,loved,year,favorite,enjoy,fun,great,daughter,thank,book,playing,awesome,game,love,games,loves,grandson,enjoyed,best,christmas
birthday,family,kids,friends,gift,play,loved,year,favorite,enjoy,fun,great,daughter,thank,book,playing,awesome,game,love,games,loves,grandson,enjoyed,best,christmas
birthday,family,kids,friends,gift,play,loved,year,favorite,enjoy,fun,great,daughter,thank,book,playing,awesome,game,love,games,loves,grandson,enjoyed,best,christmas
birthday,family,kids,friends,gift,play,loved,year,favorite,enjoy,fun,great,daughter,thank,book,playing,awesome,game,love,games,loves,grandson,enjoyed,best,christmas
birthday,family,kids,friends,gift,play,loved,year,favorite,enjoy,fun,great,daughter,thank,book,playing,awesome,game,love,games,loves,grandson,enjoyed,best,christmas
birthday,family,kids,friends,gift,play,loved,year,favorite,enjoy,fun,great,daughter,thank,book,playing,awesome,game,love,games,loves,grandson,enjoyed,best,christmas
birthday,family,kids,friends,gift,play,loved,year,favorite,enjoy,fun,great,daughter,thank,book,playing,awesome,game,love,games,loves,grandson,enjoyed,best,christmas
birthday,family,kids,friends,gift,play,loved,year,favorite,enjoy,fun,great,daughter,thank,book,playing,awesome,game,love,games,loves,grandson,enjoyed,best,christmas
birthday,family,kids,friends,gift,play,loved,year,favorite,enjoy,fun,great,daughter,thank,book,playing,awesome,game,love,games,loves,grandson,enjoyed,best,christmas
birthday,family,kids,friends,gift,play,loved,year,favorite,enjoy,fun,great,daughter,thank,book,playing,awesome,game,love,games,loves,grandson,enjoyed,best,christmas
birthday,family,kids,friends,gift,play,loved,year,favorite,enjoy,fun,great,daughter,thank,book,playing,awesome,game,love,games,loves,grandson,enjoyed,best,christmas
birthday,family,kids,friends,gift,play,loved,year,favorite,enjoy,fun,great,daughter,thank,book,playing,awesome,game,love,games,loves,grandson,enjoyed,best,christmas
birthday,family,kids,friends,gift,play,loved,year,favorite,enjoy,fun,great,daughter,thank,book,playing,awesome,game,love,games,loves,grandson,enjoyed,best,christmas
birthday,family,kids,friends,gift,play,loved,year,favorite,enjoy,fun,great,daughter,thank,book,playing,awesome,game,love,games,loves,grandson,enjoyed,best,christmas
birthday,family,kids,friends,gift,play,loved,year,favorite,enjoy,fun,great,daughter,thank,book,playing,awesome,game,love,games,loves,grandson,enjoyed,best,christmas
birthday,family,kids,friends,gift,play,loved,year,favorite,enjoy,fun,great,daughter,thank,book,playing,awesome,game,love,games,loves,grandson,enjoyed,best,christmas
birthday,family,kids,friends,gift,play,loved,year,favorite,enjoy,fun,great,daughter,thank,book,playing,awesome,game,love,games,loves,grandson,enjoyed,best,christmas
birthday,family,kids,friends,gift,play,loved,year,favorite,enjoy,fun,great,daughter,thank,book,playing,awesome,game,love,games,loves,grandson,enjoyed,best,christmas
birthday,family,kids,friends,gift,play,loved,year,favorite,enjoy,fun,great,daughter,thank,book,playing,awesome,game,love,games,loves,grandson,enjoyed,best,christmas
birthday,family,kids,friends,gift,play,loved,year,favorite,enjoy,fun,great,daughter,thank,book,playing,awesome,game,love,games,loves,grandson,enjoyed,best,christmas
birthday,family,kids,friends,gift,play,loved,year,favorite,enjoy,fun,great,daughter,thank,book,playing,awesome,game,love,games,loves,grandson,enjoyed,best,christmas
birthday,family,kids,friends,gift,play,loved,year,favorite,enjoy,fun,great,daughter,thank,book,playing,awesome,game,love,games,loves,grandson,enjoyed,best,christmas
birthday,family,kids,friends,gift,play,loved,year,favorite,enjoy,fun,great,daughter,thank,book,playing,awesome,game,love,games,loves,grandson,enjoyed,best,christmas
birthday,family,kids,friends,gift,play,loved,year,favorite,enjoy,fun,great,daughter,thank,book,playing,awesome,game,love,games,loves,grandson,enjoyed,best,christmas
birthday,family,kids,friends,gift,play,loved,year,favorite,enjoy,fun,great,daughter,thank,book,playing,awesome,game,love,games,loves,grandson,enjoyed,best,christmas
birthday,family,kids,friends,gift,play,loved,year,favorite,enjoy,fun,great,daughter,thank,book,playing,awesome,game,love,games,loves,grandson,enjoyed,best,christmas
birthday,family,kids,friends,gift,play,loved,year,favorite,enjoy,fun,great,daughter,thank,book,playing,awesome,game,love,games,loves,grandson,enjoyed,best,christmas
birthday,family,kids,friends,gift,play,loved,year,favorite,enjoy,fun,great,daughter,thank,book,playing,awesome,game,love,games,loves,grandson,enjoyed,best,christmas
birthday,family,kids,friends,gift,play,loved,year,favorite,enjoy,fun,great,daughter,thank,book,playing,awesome,game,love,games,loves,grandson,enjoyed,best,christmas
birthday,family,kids,friends,gift,play,loved,year,favorite,enjoy,fun,great,daughter,thank,book,playing,awesome,game,love,games,loves,grandson,enjoyed,best,christmas
birthday,family,kids,friends,gift,play,loved,year,favorite,enjoy,fun,great,daughter,thank,book,playing,awesome,game,love,games,loves,grandson,enjoyed,best,christmas
birthday,family,kids,friends,gift,play,loved,year,favorite,enjoy,fun,great,daughter,thank,book,playing,awesome,game,love,games,loves,grandson,enjoyed,best,christmas
birthday,family,kids,friends,gift,play,loved,year,favorite,enjoy,fun,great,daughter,thank,book,playing,awesome,game,love,games,loves,grandson,enjoyed,best,christmas
birthday,family,kids,friends,gift,play,loved,year,favorite,enjoy,fun,great,daughter,thank,book,playing,awesome,game,love,games,loves,grandson,enjoyed,best,christmas
birthday,family,kids,friends,gift,play,loved,year,favorite,enjoy,fun,great,daughter,thank,book,playing,awesome,game,love,games,loves,grandson,enjoyed,best,christmas
birthday,family,kids,friends,gift,play,loved,year,favorite,enjoy,fun,great,daughter,thank,book,playing,awesome,game,love,games,loves,grandson,enjoyed,best,christmas
birthday,family,kids,friends,gift,play,loved,year,favorite,enjoy,fun,great,daughter,thank,book,playing,awesome,game,love,games,loves,grandson,enjoyed,best,christmas
birthday,family,kids,friends,gift,play,loved,year,favorite,enjoy,fun,great,daughter,thank,book,playing,awesome,game,love,games,loves,grandson,enjoyed,best,christmas
birthday,family,kids,friends,gift,play,loved,year,favorite,enjoy,fun,great,daughter,thank,book,playing,awesome,game,love,games,loves,grandson,enjoyed,best,christmas
birthday,family,kids,friends,gift,play,loved,year,favorite,enjoy,fun,great,daughter,thank,book,playing,awesome,game,love,games,loves,grandson,enjoyed,best,christmas
birthday,family,kids,friends,gift,play,loved,year,favorite,enjoy,fun,great,daughter,thank,book,playing,awesome,game,love,games,loves,grandson,enjoyed,best,christmas
birthday,family,kids,friends,gift,play,loved,year,wonderful,favorite,enjoy,fun,great,daughter,thank,playing,awesome,game,love,games,loves,grandson,enjoyed,best,christmas
birthday,family,kids,friends,gift,play,loved,year,wonderful,favorite,enjoy,fun,great,daughter,thank,playing,awesome,game,love,games,loves,grandson,enjoyed,best,christmas
birthday,family,kids,friends,gift,play,loved,year,wonderful,favorite,enjoy,fun,great,daughter,thank,playing,awesome,game,love,games,loves,grandson,enjoyed,best,christmas
birthday,family,kids,friends,gift,play,loved,year,wonderful,favorite,enjoy,fun,great,daughter,thank,playing,awesome,game,love,games,loves,grandson,enjoyed,best,christmas
birthday,family,kids,friends,gift,play,loved,year,wonderful,favorite,enjoy,fun,great,daughter,thank,playing,awesome,game,love,games,loves,grandson,enjoyed,best,christmas
birthday,family,kids,friends,gift,play,loved,year,wonderful,favorite,enjoy,fun,great,daughter,thank,playing,awesome,game,love,games,loves,grandson,enjoyed,best,christmas
birthday,family,kids,friends,gift,play,loved,year,wonderful,favorite,enjoy,fun,great,daughter,thank,playing,awesome,game,love,games,loves,grandson,enjoyed,best,christmas
birthday,family,kids,friends,gift,play,loved,year,wonderful,favorite,enjoy,fun,great,daughter,thank,playing,awesome,game,love,games,loves,grandson,enjoyed,best,christmas
birthday,family,kids,friends,gift,play,loved,year,wonderful,favorite,enjoy,fun,great,daughter,thank,playing,awesome,game,love,games,loves,grandson,enjoyed,best,christmas
birthday,family,kids,friends,gift,play,loved,year,wonderful,favorite,enjoy,fun,great,daughter,thank,playing,awesome,game,love,games,loves,grandson,enjoyed,best,christmas
birthday,family,kids,friends,gift,play,loved,year,wonderful,favorite,enjoy,fun,great,daughter,thank,playing,awesome,game,love,games,loves,grandson,enjoyed,best,christmas
birthday,family,kids,friends,gift,play,loved,year,wonderful,favorite,enjoy,fun,great,daughter,thank,playing,awesome,game,love,games,loves,grandson,enjoyed,best,christmas
birthday,family,kids,friends,gift,play,loved,year,wonderful,favorite,enjoy,fun,great,daughter,thank,playing,awesome,game,love,games,loves,grandson,enjoyed,best,christmas
birthday,family,kids,friends,gift,play,loved,year,wonderful,favorite,enjoy,fun,great,daughter,thank,playing,awesome,game,love,games,loves,grandson,enjoyed,best,christmas
birthday,family,kids,friends,gift,play,loved,year,wonderful,favorite,enjoy,fun,great,daughter,thank,playing,awesome,game,love,games,loves,grandson,enjoyed,best,christmas
birthday,family,kids,friends,gift,play,loved,year,wonderful,favorite,enjoy,fun,great,daughter,thank,playing,awesome,game,love,games,loves,grandson,enjoyed,best,christmas
birthday,family,kids,friends,gift,play,loved,year,wonderful,favorite,enjoy,fun,great,daughter,thank,playing,awesome,game,love,games,loves,grandson,enjoyed,best,christmas
birthday,family,kids,friends,gift,play,loved,year,wonderful,favorite,enjoy,fun,great,daughter,thank,playing,awesome,game,love,games,loves,grandson,enjoyed,best,christmas
birthday,family,kids,friends,gift,play,loved,year,wonderful,favorite,enjoy,fun,great,daughter,thank,playing,awesome,game,love,games,loves,grandson,enjoyed,best,christmas
birthday,family,kids,friends,gift,play,loved,year,wonderful,favorite,enjoy,fun,great,daughter,thank,playing,awesome,game,love,games,loves,grandson,enjoyed,best,christmas
birthday,family,kids,friends,gift,play,loved,year,wonderful,favorite,enjoy,fun,great,daughter,thank,playing,awesome,game,love,games,loves,grandson,enjoyed,best,christmas
birthday,family,kids,friends,gift,play,loved,year,wonderful,favorite,enjoy,fun,great,daughter,thank,playing,awesome,game,love,games,loves,grandson,enjoyed,best,christmas
birthday,family,kids,friends,gift,play,loved,year,wonderful,favorite,enjoy,fun,great,daughter,thank,playing,awesome,game,love,games,loves,grandson,enjoyed,best,christmas
birthday,family,kids,friends,gift,play,loved,year,wonderful,favorite,enjoy,fun,great,daughter,thank,playing,awesome,game,love,games,loves,grandson,enjoyed,best,christmas
birthday,family,kids,friends,gift,play,loved,year,wonderful,favorite,enjoy,fun,great,daughter,thank,playing,awesome,game,love,games,loves,grandson,enjoyed,best,christmas
birthday,family,kids,friends,gift,play,loved,year,wonderful,favorite,enjoy,fun,great,daughter,thank,playing,awesome,game,love,games,loves,grandson,enjoyed,best,christmas
birthday,family,kids,friends,gift,play,loved,year,wonderful,favorite,enjoy,fun,great,daughter,thank,playing,awesome,game,love,games,loves,grandson,enjoyed,best,christmas
birthday,family,kids,friends,gift,play,loved,year,wonderful,favorite,enjoy,fun,great,daughter,thank,playing,awesome,game,love,games,loves,grandson,enjoyed,best,christmas
birthday,family,kids,friends,gift,play,loved,year,wonderful,favorite,enjoy,fun,great,daughter,thank,playing,awesome,game,love,games,loves,grandson,enjoyed,best,christmas
birthday,family,kids,friends,gift,play,loved,year,wonderful,favorite,enjoy,fun,great,daughter,thank,playing,awesome,game,love,games,loves,grandson,enjoyed,best,christmas
birthday,family,kids,friends,gift,play,loved,year,wonderful,favorite,enjoy,fun,great,daughter,thank,playing,awesome,game,love,games,loves,grandson,enjoyed,best,christmas
birthday,family,kids,friends,gift,play,loved,year,wonderful,favorite,enjoy,fun,great,daughter,thank,playing,awesome,game,love,games,loves,grandson,enjoyed,best,christmas
birthday,family,kids,friends,gift,play,loved,year,wonderful,favorite,enjoy,fun,great,daughter,thank,playing,awesome,game,love,games,loves,grandson,enjoyed,best,christmas
birthday,family,kids,friends,gift,play,loved,year,wonderful,favorite,enjoy,fun,great,daughter,thank,playing,awesome,game,love,games,loves,grandson,enjoyed,best,christmas
birthday,family,kids,friends,gift,play,loved,year,wonderful,favorite,enjoy,fun,great,daughter,thank,playing,awesome,game,love,games,loves,grandson,enjoyed,best,christmas
birthday,family,kids,friends,gift,play,loved,year,wonderful,favorite,enjoy,fun,great,daughter,thank,playing,awesome,game,love,games,loves,grandson,enjoyed,best,christmas
birthday,family,kids,friends,gift,play,loved,year,wonderful,favorite,enjoy,fun,great,daughter,thank,playing,awesome,game,love,games,loves,grandson,enjoyed,best,christmas
birthday,family,kids,friends,gift,play,loved,year,wonderful,favorite,enjoy,fun,great,daughter,thank,playing,awesome,game,love,games,loves,grandson,enjoyed,best,christmas
birthday,family,kids,friends,gift,play,loved,year,wonderful,favorite,enjoy,fun,great,daughter,thank,playing,awesome,game,love,games,loves,grandson,enjoyed,best,christmas
birthday,family,kids,friends,gift,play,loved,year,wonderful,favorite,enjoy,fun,great,daughter,thank,playing,awesome,game,love,games,loves,grandson,enjoyed,best,christmas
birthday,family,kids,friends,gift,play,loved,year,wonderful,favorite,enjoy,fun,great,daughter,thank,playing,awesome,game,love,games,loves,grandson,enjoyed,best,christmas
birthday,family,kids,friends,gift,play,loved,year,wonderful,favorite,enjoy,fun,great,daughter,thank,playing,awesome,game,love,games,loves,grandson,enjoyed,best,christmas
birthday,family,kids,friends,gift,play,loved,year,wonderful,favorite,enjoy,fun,great,daughter,thank,playing,awesome,game,love,games,loves,grandson,enjoyed,best,christmas
birthday,family,kids,friends,gift,play,loved,year,wonderful,favorite,enjoy,fun,great,daughter,thank,playing,awesome,game,love,games,loves,grandson,enjoyed,best,christmas
birthday,family,kids,friends,gift,play,loved,year,wonderful,favorite,enjoy,fun,great,daughter,thank,playing,awesome,game,love,games,loves,grandson,enjoyed,best,christmas
birthday,family,kids,friends,gift,play,loved,year,wonderful,favorite,enjoy,fun,great,daughter,thank,playing,awesome,game,love,games,loves,grandson,enjoyed,best,christmas
birthday,family,kids,friends,gift,play,loved,year,wonderful,favorite,enjoy,fun,great,daughter,thank,playing,awesome,game,love,games,loves,grandson,enjoyed,best,christmas
birthday,family,kids,friends,gift,play,loved,year,wonderful,favorite,enjoy,fun,great,daughter,thank,playing,awesome,game,love,games,loves,grandson,enjoyed,best,christmas
birthday,family,kids,friends,gift,play,loved,year,wonderful,favorite,enjoy,fun,great,daughter,thank,playing,awesome,game,love,games,loves,grandson,enjoyed,best,christmas
birthday,family,kids,friends,gift,play,loved,year,wonderful,favorite,enjoy,fun,great,daughter,thank,playing,awesome,game,love,games,loves,grandson,enjoyed,best,christmas
birthday,family,kids,friends,gift,play,loved,year,wonderful,favorite,enjoy,fun,great,daughter,thank,playing,awesome,game,love,games,loves,grandson,enjoyed,best,christmas
birthday,family,kids,friends,gift,play,loved,year,wonderful,favorite,enjoy,fun,great,daughter,thank,playing,awesome,game,love,games,loves,grandson,enjoyed,best,christmas
birthday,family,kids,friends,gift,play,loved,year,wonderful,favorite,enjoy,fun,great,daughter,thank,playing,awesome,game,love,games,loves,grandson,enjoyed,best,christmas
birthday,family,kids,friends,gift,play,loved,year,wonderful,favorite,enjoy,fun,great,daughter,thank,playing,awesome,game,love,games,loves,grandson,enjoyed,best,christmas
birthday,family,kids,friends,gift,play,loved,year,wonderful,favorite,enjoy,fun,great,daughter,thank,playing,awesome,game,love,games,loves,grandson,enjoyed,best,christmas
birthday,family,kids,friends,gift,play,loved,year,wonderful,favorite,enjoy,fun,great,daughter,thank,playing,awesome,game,love,games,loves,grandson,enjoyed,best,christmas
birthday,family,kids,friends,gift,play,loved,year,wonderful,favorite,enjoy,fun,great,daughter,thank,playing,awesome,game,love,games,loves,grandson,enjoyed,best,christmas
birthday,family,kids,friends,gift,play,loved,year,wonderful,favorite,enjoy,fun,great,daughter,thank,playing,awesome,game,love,games,loves,grandson,enjoyed,best,christmas
birthday,family,kids,friends,gift,play,loved,year,wonderful,favorite,enjoy,fun,great,daughter,thank,playing,awesome,game,love,games,loves,grandson,enjoyed,best,christmas
birthday,family,kids,friends,gift,play,loved,year,wonderful,favorite,enjoy,fun,great,daughter,thank,playing,awesome,game,love,games,loves,grandson,enjoyed,best,christmas
birthday,family,kids,friends,gift,play,loved,year,wonderful,favorite,enjoy,fun,great,daughter,thank,playing,awesome,game,love,games,loves,grandson,enjoyed,best,christmas
birthday,family,kids,friends,gift,play,loved,year,wonderful,favorite,enjoy,fun,great,daughter,thank,playing,awesome,game,love,games,loves,grandson,enjoyed,best,christmas
birthday,family,kids,friends,gift,play,loved,year,wonderful,favorite,enjoy,fun,great,daughter,thank,playing,awesome,game,love,games,loves,grandson,enjoyed,best,christmas
birthday,family,kids,friends,gift,play,loved,year,wonderful,favorite,enjoy,fun,great,daughter,thank,playing,awesome,game,love,games,loves,grandson,enjoyed,best,christmas
birthday,family,kids,friends,gift,play,loved,year,wonderful,favorite,enjoy,fun,great,daughter,thank,playing,awesome,game,love,games,loves,grandson,enjoyed,best,christmas
birthday,family,kids,friends,gift,play,loved,year,wonderful,favorite,enjoy,fun,great,daughter,thank,playing,awesome,game,love,games,loves,grandson,enjoyed,best,christmas
birthday,family,kids,friends,gift,play,loved,year,wonderful,favorite,enjoy,fun,great,daughter,thank,playing,awesome,game,love,games,loves,grandson,enjoyed,best,christmas
birthday,family,kids,friends,gift,play,loved,year,wonderful,favorite,enjoy,fun,great,daughter,thank,playing,awesome,game,love,games,loves,grandson,enjoyed,best,christmas
birthday,family,kids,friends,gift,play,loved,year,wonderful,favorite,enjoy,fun,great,daughter,thank,playing,awesome,game,love,games,loves,grandson,enjoyed,best,christmas
birthday,family,kids,friends,gift,play,loved,year,wonderful,favorite,enjoy,fun,great,daughter,thank,playing,awesome,game,love,games,loves,grandson,enjoyed,best,christmas
birthday,family,kids,friends,gift,play,loved,year,wonderful,favorite,enjoy,fun,great,daughter,thank,playing,awesome,game,love,games,loves,grandson,enjoyed,best,christmas
birthday,family,kids,friends,gift,play,loved,year,wonderful,favorite,enjoy,fun,great,daughter,thank,playing,awesome,game,love,games,loves,grandson,enjoyed,best,christmas
birthday,family,kids,friends,gift,play,loved,year,wonderful,favorite,enjoy,fun,great,daughter,thank,playing,awesome,game,love,games,loves,grandson,enjoyed,best,christmas
birthday,family,kids,friends,gift,play,loved,year,wonderful,favorite,enjoy,fun,great,daughter,thank,playing,awesome,game,love,games,loves,grandson,enjoyed,best,christmas
birthday,family,kids,friends,gift,play,loved,year,wonderful,favorite,enjoy,fun,great,daughter,thank,playing,awesome,game,love,games,loves,grandson,enjoyed,best,christmas
birthday,family,kids,friends,gift,play,loved,year,wonderful,favorite,enjoy,fun,great,daughter,thank,playing,awesome,game,love,games,loves,grandson,enjoyed,best,christmas
birthday,family,kids,friends,gift,play,loved,year,wonderful,favorite,enjoy,fun,great,daughter,thank,playing,awesome,game,love,games,loves,grandson,enjoyed,best,christmas
birthday,family,kids,friends,gift,play,loved,year,wonderful,favorite,enjoy,fun,great,daughter,thank,playing,awesome,game,love,games,loves,grandson,enjoyed,best,christmas
birthday,family,kids,friends,gift,play,loved,year,wonderful,favorite,enjoy,fun,great,daughter,thank,playing,awesome,game,love,games,loves,grandson,enjoyed,best,christmas
birthday,family,kids,friends,gift,play,loved,year,wonderful,favorite,enjoy,fun,great,daughter,thank,playing,awesome,game,love,games,loves,grandson,enjoyed,best,christmas
birthday,family,kids,friends,gift,play,loved,year,wonderful,favorite,enjoy,fun,great,daughter,thank,playing,awesome,game,love,games,loves,grandson,enjoyed,best,christmas
birthday,family,kids,friends,gift,play,loved,year,wonderful,favorite,enjoy,fun,great,daughter,thank,playing,awesome,game,love,games,loves,grandson,enjoyed,best,christmas
birthday,family,kids,friends,gift,play,loved,year,wonderful,favorite,enjoy,fun,great,daughter,thank,playing,awesome,game,love,games,loves,grandson,enjoyed,best,christmas
birthday,family,kids,friends,gift,play,loved,year,wonderful,favorite,enjoy,fun,great,daughter,thank,playing,awesome,game,love,games,loves,grandson,enjoyed,best,christmas
birthday,family,kids,friends,gift,play,loved,year,wonderful,favorite,enjoy,fun,great,daughter,thank,playing,awesome,game,love,games,loves,grandson,enjoyed,best,christmas
birthday,family,kids,friends,gift,play,loved,year,wonderful,favorite,enjoy,fun,great,daughter,thank,playing,awesome,game,love,games,loves,grandson,enjoyed,best,christmas
birthday,family,kids,friends,gift,play,loved,year,wonderful,favorite,enjoy,fun,great,daughter,thank,playing,awesome,game,love,games,loves,grandson,enjoyed,best,christmas
birthday,family,kids,friends,gift,play,loved,year,wonderful,favorite,enjoy,fun,great,daughter,thank,playing,awesome,game,love,games,loves,grandson,enjoyed,best,christmas
birthday,family,kids,friends,gift,play,loved,year,wonderful,favorite,enjoy,fun,great,daughter,thank,playing,awesome,game,love,games,loves,grandson,enjoyed,best,christmas
birthday,family,kids,friends,gift,play,loved,year,wonderful,favorite,enjoy,fun,great,daughter,thank,playing,awesome,game,love,games,loves,grandson,enjoyed,best,christmas
birthday,family,kids,friends,gift,play,loved,year,wonderful,favorite,enjoy,fun,great,daughter,thank,playing,awesome,game,love,games,loves,grandson,enjoyed,best,christmas
birthday,family,kids,friends,gift,play,loved,year,wonderful,favorite,enjoy,fun,great,daughter,thank,playing,awesome,game,love,games,loves,grandson,enjoyed,best,christmas
birthday,family,kids,friends,gift,play,loved,year,wonderful,favorite,enjoy,fun,great,daughter,thank,playing,awesome,game,love,games,loves,grandson,enjoyed,best,christmas
birthday,family,kids,friends,gift,play,loved,year,wonderful,favorite,enjoy,fun,great,daughter,thank,playing,awesome,game,love,games,loves,grandson,enjoyed,best,christmas
birthday,family,kids,friends,gift,play,loved,year,wonderful,favorite,enjoy,fun,great,daughter,thank,playing,awesome,game,love,games,loves,grandson,enjoyed,best,christmas
birthday,family,kids,friends,gift,play,loved,year,wonderful,favorite,enjoy,fun,great,daughter,thank,playing,awesome,game,love,games,loves,grandson,enjoyed,best,christmas
birthday,family,kids,friends,gift,play,loved,year,wonderful,favorite,enjoy,fun,great,daughter,thank,playing,awesome,game,love,games,loves,grandson,enjoyed,best,christmas
birthday,family,kids,friends,gift,play,loved,year,wonderful,favorite,enjoy,fun,great,daughter,thank,playing,awesome,game,love,games,loves,grandson,enjoyed,best,christmas
birthday,family,kids,friends,gift,play,loved,year,wonderful,favorite,enjoy,fun,great,daughter,thank,playing,awesome,game,love,games,loves,grandson,enjoyed,best,christmas
birthday,family,kids,friends,gift,play,loved,year,wonderful,favorite,enjoy,fun,great,daughter,thank,playing,awesome,game,love,games,loves,grandson,enjoyed,best,christmas
birthday,family,kids,friends,gift,play,loved,year,wonderful,favorite,enjoy,fun,great,daughter,thank,playing,awesome,game,love,games,loves,grandson,enjoyed,best,christmas
birthday,family,kids,friends,gift,play,loved,year,wonderful,favorite,enjoy,fun,great,daughter,thank,playing,awesome,game,love,games,loves,grandson,enjoyed,best,christmas
birthday,family,kids,friends,gift,play,loved,year,wonderful,favorite,enjoy,fun,great,daughter,thank,playing,awesome,game,love,games,loves,grandson,enjoyed,best,christmas
birthday,family,kids,friends,gift,play,loved,year,wonderful,favorite,enjoy,fun,great,daughter,thank,playing,awesome,game,love,games,loves,grandson,enjoyed,best,christmas
birthday,family,kids,friends,gift,play,loved,year,wonderful,favorite,enjoy,fun,great,daughter,thank,playing,awesome,game,love,games,loves,grandson,enjoyed,best,christmas
birthday,family,kids,friends,gift,play,loved,year,wonderful,favorite,enjoy,fun,great,daughter,thank,playing,awesome,game,love,games,loves,grandson,enjoyed,best,christmas
birthday,family,kids,friends,gift,play,loved,year,wonderful,favorite,enjoy,fun,great,daughter,thank,playing,awesome,game,love,games,loves,grandson,enjoyed,best,christmas
birthday,family,kids,friends,gift,play,loved,year,wonderful,favorite,enjoy,fun,great,daughter,thank,playing,awesome,game,love,games,loves,grandson,enjoyed,best,christmas
birthday,family,kids,friends,gift,play,loved,year,wonderful,favorite,enjoy,fun,great,daughter,thank,playing,awesome,game,love,games,loves,grandson,enjoyed,best,christmas
birthday,family,kids,friends,gift,play,loved,year,wonderful,favorite,enjoy,fun,great,daughter,thank,playing,awesome,game,love,games,loves,grandson,enjoyed,best,christmas
birthday,family,kids,friends,gift,play,loved,year,wonderful,favorite,enjoy,fun,great,daughter,thank,playing,awesome,game,love,games,loves,grandson,enjoyed,best,christmas
birthday,family,kids,friends,gift,play,loved,year,wonderful,favorite,enjoy,fun,great,daughter,thank,playing,awesome,game,love,games,loves,grandson,enjoyed,best,christmas
birthday,family,kids,friends,gift,play,loved,year,wonderful,favorite,enjoy,fun,great,daughter,thank,playing,awesome,game,love,games,loves,grandson,enjoyed,best,christmas
birthday,family,kids,friends,gift,play,loved,year,wonderful,favorite,enjoy,fun,great,daughter,thank,playing,awesome,game,love,games,loves,grandson,enjoyed,best,christmas
birthday,family,kids,friends,gift,play,loved,year,wonderful,favorite,enjoy,fun,great,daughter,thank,playing,awesome,game,love,games,loves,grandson,enjoyed,best,christmas
birthday,family,kids,friends,gift,play,loved,year,wonderful,favorite,enjoy,fun,great,daughter,thank,playing,awesome,game,love,games,loves,grandson,enjoyed,best,christmas
birthday,family,kids,friends,gift,play,loved,year,wonderful,favorite,enjoy,fun,great,daughter,thank,playing,awesome,game,love,games,loves,grandson,enjoyed,best,christmas
birthday,family,kids,friends,gift,play,loved,year,wonderful,favorite,enjoy,fun,great,daughter,thank,playing,awesome,game,love,games,loves,grandson,enjoyed,best,christmas
birthday,family,kids,friends,gift,play,loved,year,wonderful,favorite,enjoy,fun,great,daughter,thank,playing,awesome,game,love,games,loves,grandson,enjoyed,best,christmas
birthday,family,kids,friends,gift,play,loved,year,wonderful,favorite,enjoy,fun,great,daughter,thank,playing,awesome,game,love,games,loves,grandson,enjoyed,best,christmas
birthday,family,kids,friends,gift,play,loved,year,wonderful,favorite,enjoy,fun,great,daughter,thank,playing,awesome,game,love,games,loves,grandson,enjoyed,best,christmas
birthday,family,kids,friends,gift,play,loved,year,wonderful,favorite,enjoy,fun,great,daughter,thank,playing,awesome,game,love,games,loves,grandson,enjoyed,best,christmas
birthday,family,kids,friends,gift,play,loved,year,wonderful,favorite,enjoy,fun,great,daughter,thank,playing,awesome,game,love,games,loves,grandson,enjoyed,best,christmas
birthday,family,kids,friends,gift,play,loved,year,wonderful,favorite,enjoy,fun,great,daughter,thank,playing,awesome,game,love,games,loves,grandson,enjoyed,best,christmas
birthday,family,kids,friends,gift,play,loved,year,wonderful,favorite,enjoy,fun,great,daughter,thank,playing,awesome,game,love,games,loves,grandson,enjoyed,best,christmas
birthday,family,kids,friends,gift,play,loved,year,wonderful,favorite,enjoy,fun,great,daughter,thank,playing,awesome,game,love,games,loves,grandson,enjoyed,best,christmas
birthday,family,kids,friends,gift,play,loved,year,wonderful,favorite,enjoy,fun,great,daughter,thank,playing,awesome,game,love,games,loves,grandson,enjoyed,best,christmas
birthday,family,kids,friends,gift,play,loved,year,wonderful,favorite,enjoy,fun,great,daughter,thank,playing,awesome,game,love,games,loves,grandson,enjoyed,best,christmas
birthday,family,kids,friends,gift,play,loved,year,wonderful,favorite,enjoy,fun,great,daughter,thank,playing,awesome,game,love,games,loves,grandson,enjoyed,best,christmas
birthday,family,kids,friends,gift,play,loved,year,wonderful,favorite,enjoy,fun,great,daughter,thank,playing,awesome,game,love,games,loves,grandson,enjoyed,best,christmas
birthday,family,kids,friends,gift,play,loved,year,wonderful,favorite,enjoy,fun,great,daughter,thank,playing,awesome,game,love,games,loves,grandson,enjoyed,best,christmas
birthday,family,kids,friends,gift,play,loved,year,wonderful,favorite,enjoy,fun,great,daughter,thank,playing,awesome,game,love,games,loves,grandson,enjoyed,best,christmas
birthday,family,kids,friends,gift,play,loved,year,wonderful,favorite,enjoy,fun,great,daughter,thank,playing,awesome,game,love,games,loves,grandson,enjoyed,best,christmas
birthday,family,kids,friends,gift,play,loved,year,wonderful,favorite,enjoy,fun,great,daughter,thank,playing,awesome,game,love,games,loves,grandson,enjoyed,best,christmas
birthday,family,kids,friends,gift,play,loved,year,wonderful,favorite,enjoy,fun,great,daughter,thank,playing,awesome,game,love,games,loves,grandson,enjoyed,best,christmas
birthday,family,kids,friends,gift,play,loved,year,wonderful,favorite,enjoy,fun,great,daughter,thank,playing,awesome,game,love,games,loves,grandson,enjoyed,best,christmas
birthday,family,kids,friends,gift,play,loved,year,wonderful,favorite,enjoy,fun,great,daughter,thank,playing,awesome,game,love,games,loves,grandson,enjoyed,best,christmas
birthday,family,kids,friends,gift,play,loved,year,wonderful,favorite,enjoy,fun,great,daughter,thank,playing,awesome,game,love,games,loves,grandson,enjoyed,best,christmas
birthday,family,kids,friends,gift,play,loved,year,wonderful,favorite,enjoy,fun,great,daughter,thank,playing,awesome,game,love,games,loves,grandson,enjoyed,best,christmas
birthday,family,kids,friends,gift,play,loved,year,wonderful,favorite,enjoy,fun,great,daughter,thank,playing,awesome,game,love,games,loves,grandson,enjoyed,best,christmas
birthday,family,kids,friends,gift,play,loved,year,wonderful,favorite,enjoy,fun,great,daughter,thank,playing,awesome,game,love,games,loves,grandson,enjoyed,best,christmas
birthday,family,kids,friends,gift,play,loved,year,wonderful,favorite,enjoy,fun,great,daughter,thank,playing,awesome,game,love,games,loves,grandson,enjoyed,best,christmas
birthday,family,kids,friends,gift,play,loved,year,wonderful,favorite,enjoy,fun,great,daughter,thank,playing,awesome,game,love,games,loves,grandson,enjoyed,best,christmas
birthday,family,kids,friends,gift,play,loved,year,wonderful,favorite,enjoy,fun,great,daughter,thank,playing,awesome,game,love,games,loves,grandson,enjoyed,best,christmas
birthday,family,kids,friends,gift,play,loved,year,wonderful,favorite,enjoy,fun,great,daughter,thank,playing,awesome,game,love,games,loves,grandson,enjoyed,best,christmas
birthday,family,kids,friends,gift,play,loved,year,wonderful,favorite,enjoy,fun,great,daughter,thank,playing,awesome,game,love,games,loves,grandson,enjoyed,best,christmas
birthday,family,kids,friends,gift,play,loved,year,wonderful,favorite,enjoy,fun,great,daughter,thank,playing,awesome,game,love,games,loves,grandson,enjoyed,best,christmas
birthday,family,kids,friends,gift,play,loved,year,wonderful,favorite,enjoy,fun,great,daughter,thank,playing,awesome,game,love,games,loves,grandson,enjoyed,best,christmas
birthday,family,kids,friends,gift,play,loved,year,wonderful,favorite,enjoy,fun,great,daughter,thank,playing,awesome,game,love,games,loves,grandson,enjoyed,best,christmas
birthday,family,kids,friends,gift,play,loved,year,wonderful,favorite,enjoy,fun,great,daughter,thank,playing,awesome,game,love,games,loves,grandson,enjoyed,best,christmas
birthday,family,kids,friends,gift,play,loved,year,wonderful,favorite,enjoy,fun,great,daughter,thank,playing,awesome,game,love,games,loves,grandson,enjoyed,best,christmas
birthday,family,kids,friends,gift,play,loved,year,wonderful,favorite,enjoy,fun,great,daughter,thank,playing,awesome,game,love,games,loves,grandson,enjoyed,best,christmas
birthday,family,kids,friends,gift,play,loved,year,wonderful,favorite,enjoy,fun,great,daughter,thank,playing,awesome,game,love,games,loves,grandson,enjoyed,best,christmas
birthday,family,kids,friends,gift,play,loved,year,wonderful,favorite,enjoy,fun,great,daughter,thank,playing,awesome,game,love,games,loves,grandson,enjoyed,best,christmas
birthday,family,kids,friends,gift,play,loved,year,wonderful,favorite,enjoy,fun,great,daughter,thank,playing,awesome,game,love,games,loves,grandson,enjoyed,best,christmas
birthday,family,kids,friends,gift,play,loved,year,wonderful,favorite,enjoy,fun,great,daughter,thank,playing,awesome,game,love,games,loves,grandson,enjoyed,best,christmas
birthday,family,kids,friends,gift,play,loved,year,wonderful,favorite,enjoy,fun,great,daughter,thank,playing,awesome,game,love,games,loves,grandson,enjoyed,best,christmas
birthday,family,kids,friends,gift,play,loved,year,wonderful,favorite,enjoy,fun,great,daughter,thank,playing,awesome,game,love,games,loves,grandson,enjoyed,best,christmas
birthday,family,kids,friends,gift,play,loved,year,wonderful,favorite,enjoy,fun,great,daughter,thank,playing,awesome,game,love,games,loves,grandson,enjoyed,best,christmas
birthday,family,kids,friends,gift,play,loved,year,wonderful,favorite,enjoy,fun,great,daughter,thank,playing,awesome,game,love,games,loves,grandson,enjoyed,best,christmas
birthday,family,kids,friends,gift,play,loved,year,wonderful,favorite,enjoy,fun,great,daughter,thank,playing,awesome,game,love,games,loves,grandson,enjoyed,best,christmas
birthday,family,kids,friends,gift,play,loved,year,wonderful,favorite,enjoy,fun,great,daughter,thank,playing,awesome,game,love,games,loves,grandson,enjoyed,best,christmas
birthday,family,kids,friends,gift,play,loved,year,wonderful,favorite,enjoy,fun,great,daughter,thank,playing,awesome,game,love,games,loves,grandson,enjoyed,best,christmas
birthday,family,kids,friends,gift,play,loved,year,wonderful,favorite,enjoy,fun,great,daughter,thank,playing,awesome,game,love,games,loves,grandson,enjoyed,best,christmas
birthday,family,kids,friends,gift,play,loved,year,wonderful,favorite,enjoy,fun,great,daughter,thank,playing,awesome,game,love,games,loves,grandson,enjoyed,best,christmas
birthday,family,kids,friends,gift,play,loved,year,wonderful,favorite,enjoy,fun,great,daughter,thank,playing,awesome,game,love,games,loves,grandson,enjoyed,best,christmas
birthday,family,kids,friends,gift,play,loved,year,wonderful,favorite,enjoy,fun,great,daughter,thank,playing,awesome,game,love,games,loves,grandson,enjoyed,best,christmas
birthday,family,kids,friends,gift,play,loved,year,wonderful,favorite,enjoy,fun,great,daughter,thank,playing,awesome,game,love,games,loves,grandson,enjoyed,best,christmas
birthday,family,kids,friends,gift,play,loved,year,wonderful,favorite,enjoy,fun,great,daughter,thank,playing,awesome,game,love,games,loves,grandson,enjoyed,best,christmas
birthday,family,kids,friends,gift,play,loved,year,wonderful,favorite,enjoy,fun,great,daughter,thank,playing,awesome,game,love,games,loves,grandson,enjoyed,best,christmas
birthday,family,kids,friends,gift,play,loved,year,wonderful,favorite,enjoy,fun,great,daughter,thank,playing,awesome,game,love,games,loves,grandson,enjoyed,best,christmas
birthday,family,kids,friends,gift,play,loved,year,wonderful,favorite,enjoy,fun,great,daughter,thank,playing,awesome,game,love,games,loves,grandson,enjoyed,best,christmas
birthday,family,kids,friends,gift,play,loved,year,wonderful,favorite,enjoy,fun,great,daughter,thank,playing,awesome,game,love,games,loves,grandson,enjoyed,best,christmas
birthday,family,kids,friends,gift,play,loved,year,wonderful,favorite,enjoy,fun,great,daughter,thank,playing,awesome,game,love,games,loves,grandson,enjoyed,best,christmas
birthday,family,kids,friends,gift,play,loved,year,wonderful,favorite,enjoy,fun,great,daughter,thank,playing,awesome,game,love,games,loves,grandson,enjoyed,best,christmas
birthday,family,kids,friends,gift,play,loved,year,wonderful,favorite,enjoy,fun,great,daughter,thank,playing,awesome,game,love,games,loves,grandson,enjoyed,best,christmas
birthday,family,kids,friends,gift,play,loved,year,wonderful,favorite,enjoy,fun,great,daughter,thank,playing,awesome,game,love,games,loves,grandson,enjoyed,best,christmas
birthday,family,kids,friends,gift,play,loved,year,wonderful,favorite,enjoy,fun,great,daughter,thank,playing,awesome,game,love,games,loves,grandson,enjoyed,best,christmas
birthday,family,kids,friends,gift,play,loved,year,wonderful,favorite,enjoy,fun,great,daughter,thank,playing,awesome,game,love,games,loves,grandson,enjoyed,best,christmas
birthday,family,kids,friends,gift,play,loved,year,wonderful,favorite,enjoy,fun,great,daughter,thank,playing,awesome,game,love,games,loves,grandson,enjoyed,best,christmas
birthday,family,kids,friends,gift,play,loved,year,wonderful,favorite,enjoy,fun,great,daughter,thank,playing,awesome,game,love,games,loves,grandson,enjoyed,best,christmas
birthday,family,kids,friends,gift,play,loved,year,wonderful,favorite,enjoy,fun,great,daughter,thank,playing,awesome,game,love,games,loves,grandson,enjoyed,best,christmas
birthday,family,kids,friends,gift,play,loved,year,wonderful,favorite,enjoy,fun,great,daughter,thank,playing,awesome,game,love,games,loves,grandson,enjoyed,best,christmas
birthday,family,kids,friends,gift,play,loved,year,wonderful,favorite,enjoy,fun,great,daughter,thank,playing,awesome,game,love,games,loves,grandson,enjoyed,best,christmas
birthday,family,kids,friends,gift,play,loved,year,wonderful,favorite,enjoy,fun,great,daughter,thank,playing,awesome,game,love,games,loves,grandson,enjoyed,best,christmas
birthday,family,kids,friends,gift,play,loved,year,wonderful,favorite,enjoy,fun,great,daughter,thank,playing,awesome,game,love,games,loves,grandson,enjoyed,best,christmas
birthday,family,kids,friends,gift,play,loved,year,wonderful,favorite,enjoy,fun,great,daughter,thank,playing,awesome,game,love,games,loves,grandson,enjoyed,best,christmas
birthday,family,kids,friends,gift,play,loved,year,wonderful,favorite,enjoy,fun,great,daughter,thank,playing,awesome,game,love,games,loves,grandson,enjoyed,best,christmas
birthday,family,kids,friends,gift,play,loved,year,wonderful,favorite,enjoy,fun,great,daughter,thank,playing,awesome,game,love,games,loves,grandson,enjoyed,best,christmas
birthday,family,kids,friends,gift,play,loved,year,wonderful,favorite,enjoy,fun,great,daughter,thank,playing,awesome,game,love,games,loves,grandson,enjoyed,best,christmas
birthday,family,kids,friends,gift,play,loved,year,wonderful,favorite,enjoy,fun,great,daughter,thank,playing,awesome,game,love,games,loves,grandson,enjoyed,best,christmas
birthday,family,kids,friends,gift,play,loved,year,wonderful,favorite,enjoy,fun,great,daughter,thank,playing,awesome,game,love,games,loves,grandson,enjoyed,best,christmas
birthday,family,kids,friends,gift,play,loved,year,wonderful,favorite,enjoy,fun,great,daughter,thank,playing,awesome,game,love,games,loves,grandson,enjoyed,best,christmas
birthday,family,kids,friends,gift,play,loved,year,wonderful,favorite,enjoy,fun,great,daughter,thank,playing,awesome,game,love,games,loves,grandson,enjoyed,best,christmas
birthday,family,kids,friends,gift,play,loved,year,wonderful,favorite,enjoy,fun,great,daughter,thank,playing,awesome,game,love,games,loves,grandson,enjoyed,best,christmas
birthday,family,kids,friends,gift,play,loved,year,wonderful,favorite,enjoy,fun,great,daughter,thank,playing,awesome,game,love,games,loves,grandson,enjoyed,best,christmas
birthday,family,kids,friends,gift,play,loved,year,wonderful,favorite,enjoy,fun,great,daughter,thank,playing,awesome,game,love,games,loves,grandson,enjoyed,best,christmas
birthday,family,kids,friends,gift,play,loved,year,wonderful,favorite,enjoy,fun,great,daughter,thank,playing,awesome,game,love,games,loves,grandson,enjoyed,best,christmas
birthday,family,kids,friends,gift,play,loved,year,wonderful,favorite,enjoy,fun,great,daughter,thank,playing,awesome,game,love,games,loves,grandson,enjoyed,best,christmas
birthday,family,kids,friends,gift,play,loved,year,wonderful,favorite,enjoy,fun,great,daughter,thank,playing,awesome,game,love,games,loves,grandson,enjoyed,best,christmas
birthday,family,kids,friends,gift,play,loved,year,wonderful,favorite,enjoy,fun,great,daughter,thank,playing,awesome,game,love,games,loves,grandson,enjoyed,best,christmas
birthday,family,kids,friends,gift,play,loved,year,wonderful,favorite,enjoy,fun,great,daughter,thank,playing,awesome,game,love,games,loves,grandson,enjoyed,best,christmas
birthday,family,kids,friends,gift,play,loved,year,wonderful,favorite,enjoy,fun,great,daughter,thank,playing,awesome,game,love,games,loves,grandson,enjoyed,best,christmas
birthday,family,kids,friends,gift,play,loved,year,wonderful,favorite,enjoy,fun,great,daughter,thank,playing,awesome,game,love,games,loves,grandson,enjoyed,best,christmas
birthday,family,kids,friends,gift,play,loved,year,wonderful,favorite,enjoy,fun,great,daughter,thank,playing,awesome,game,love,games,loves,grandson,enjoyed,best,christmas
birthday,family,kids,friends,gift,play,loved,year,wonderful,favorite,enjoy,fun,great,daughter,thank,playing,awesome,game,love,games,loves,grandson,enjoyed,best,christmas
birthday,family,kids,friends,gift,play,loved,year,wonderful,favorite,enjoy,fun,great,daughter,thank,playing,awesome,game,love,games,loves,grandson,enjoyed,best,christmas
birthday,family,kids,friends,gift,play,loved,year,wonderful,favorite,enjoy,fun,great,daughter,thank,playing,awesome,game,love,games,loves,grandson,enjoyed,best,christmas
birthday,family,kids,friends,gift,play,loved,year,wonderful,favorite,enjoy,fun,great,daughter,thank,playing,awesome,game,love,games,loves,grandson,enjoyed,best,christmas
birthday,family,kids,friends,gift,play,loved,year,wonderful,favorite,enjoy,fun,great,daughter,thank,playing,awesome,game,love,games,loves,grandson,enjoyed,best,christmas
birthday,family,kids,friends,gift,play,loved,year,wonderful,favorite,enjoy,fun,great,daughter,thank,playing,awesome,game,love,games,loves,grandson,enjoyed,best,christmas
birthday,family,kids,friends,gift,play,loved,year,wonderful,favorite,enjoy,fun,great,daughter,thank,playing,awesome,game,love,games,loves,grandson,enjoyed,best,christmas
birthday,family,kids,friends,gift,play,loved,year,wonderful,favorite,enjoy,fun,great,daughter,thank,playing,awesome,game,love,games,loves,grandson,enjoyed,best,christmas
birthday,family,kids,friends,gift,play,loved,year,wonderful,favorite,enjoy,fun,great,daughter,thank,playing,awesome,game,love,games,loves,grandson,enjoyed,best,christmas
birthday,family,kids,friends,gift,play,loved,year,wonderful,favorite,enjoy,fun,great,daughter,thank,playing,awesome,game,love,games,loves,grandson,enjoyed,best,christmas
birthday,family,kids,friends,gift,play,loved,year,wonderful,favorite,enjoy,fun,great,daughter,thank,playing,awesome,game,love,games,loves,grandson,enjoyed,best,christmas
birthday,family,kids,friends,gift,play,loved,year,wonderful,favorite,enjoy,fun,great,daughter,thank,playing,awesome,game,love,games,loves,grandson,enjoyed,best,christmas
birthday,family,kids,friends,gift,play,loved,year,wonderful,favorite,enjoy,fun,great,daughter,thank,playing,awesome,game,love,games,loves,grandson,enjoyed,best,christmas
birthday,family,kids,friends,gift,play,loved,year,wonderful,favorite,enjoy,fun,great,daughter,thank,playing,awesome,game,love,games,loves,grandson,enjoyed,best,christmas
birthday,family,kids,friends,gift,play,loved,year,wonderful,favorite,enjoy,fun,great,daughter,thank,playing,awesome,game,love,games,loves,grandson,enjoyed,best,christmas
birthday,family,kids,friends,gift,play,loved,year,wonderful,favorite,enjoy,fun,great,daughter,thank,playing,awesome,game,love,games,loves,grandson,enjoyed,best,christmas
birthday,family,kids,friends,gift,play,loved,year,wonderful,favorite,enjoy,fun,great,daughter,thank,playing,awesome,game,love,games,loves,grandson,enjoyed,best,christmas
birthday,family,kids,friends,gift,play,loved,year,wonderful,favorite,enjoy,fun,great,daughter,thank,playing,awesome,game,love,games,loves,grandson,enjoyed,best,christmas
birthday,family,kids,friends,gift,play,loved,year,wonderful,favorite,enjoy,fun,great,daughter,thank,playing,awesome,game,love,games,loves,grandson,enjoyed,best,christmas
birthday,family,kids,friends,gift,play,loved,year,wonderful,favorite,enjoy,fun,great,daughter,thank,playing,awesome,game,love,games,loves,grandson,enjoyed,best,christmas
birthday,family,kids,friends,gift,play,loved,year,wonderful,favorite,enjoy,fun,great,daughter,thank,playing,awesome,game,love,games,loves,grandson,enjoyed,best,christmas
birthday,family,kids,friends,gift,play,loved,year,wonderful,favorite,enjoy,fun,great,daughter,thank,playing,awesome,game,love,games,loves,grandson,enjoyed,best,christmas
birthday,family,kids,friends,gift,play,loved,year,wonderful,favorite,enjoy,fun,great,daughter,thank,playing,awesome,game,love,games,loves,grandson,enjoyed,best,christmas
birthday,family,kids,friends,gift,play,loved,year,wonderful,favorite,enjoy,fun,great,daughter,thank,playing,awesome,game,love,games,loves,grandson,enjoyed,best,christmas
birthday,family,kids,friends,gift,play,loved,year,wonderful,favorite,enjoy,fun,great,daughter,thank,playing,awesome,game,love,games,loves,grandson,enjoyed,best,christmas
birthday,family,kids,friends,gift,play,loved,year,wonderful,favorite,enjoy,fun,great,daughter,thank,playing,awesome,game,love,games,loves,grandson,enjoyed,best,christmas
birthday,family,kids,friends,gift,play,loved,year,wonderful,favorite,enjoy,fun,great,daughter,thank,playing,awesome,game,love,games,loves,grandson,enjoyed,best,christmas
birthday,family,kids,friends,gift,play,loved,year,wonderful,favorite,enjoy,fun,great,daughter,thank,playing,awesome,game,love,games,loves,grandson,enjoyed,best,christmas
birthday,family,kids,friends,gift,play,loved,year,wonderful,favorite,enjoy,fun,great,daughter,thank,playing,awesome,game,love,games,loves,grandson,enjoyed,best,christmas
birthday,family,kids,friends,gift,play,loved,year,wonderful,favorite,enjoy,fun,great,daughter,thank,playing,awesome,game,love,games,loves,grandson,enjoyed,best,christmas
birthday,family,kids,friends,gift,play,loved,year,wonderful,favorite,enjoy,fun,great,daughter,thank,playing,awesome,game,love,games,loves,grandson,enjoyed,best,christmas
birthday,family,kids,friends,gift,play,loved,year,wonderful,favorite,enjoy,fun,great,daughter,thank,playing,awesome,game,love,games,loves,grandson,enjoyed,best,christmas
birthday,family,kids,friends,gift,play,loved,year,wonderful,favorite,enjoy,fun,great,daughter,thank,playing,awesome,game,love,games,loves,grandson,enjoyed,best,christmas
birthday,family,kids,friends,gift,play,loved,year,wonderful,favorite,enjoy,fun,great,daughter,thank,playing,awesome,game,love,games,loves,grandson,enjoyed,best,christmas
birthday,family,kids,friends,gift,play,loved,year,wonderful,favorite,enjoy,fun,great,daughter,thank,playing,awesome,game,love,games,loves,grandson,enjoyed,best,christmas
birthday,family,kids,friends,gift,play,loved,year,wonderful,favorite,enjoy,fun,great,daughter,thank,playing,awesome,game,love,games,loves,grandson,enjoyed,best,christmas
birthday,family,kids,friends,gift,play,loved,year,wonderful,favorite,enjoy,fun,great,daughter,thank,playing,awesome,game,love,games,loves,grandson,enjoyed,best,christmas
birthday,family,kids,friends,gift,play,loved,year,wonderful,favorite,enjoy,fun,great,daughter,thank,playing,awesome,game,love,games,loves,grandson,enjoyed,best,christmas
birthday,family,kids,friends,gift,play,loved,year,wonderful,favorite,enjoy,fun,great,daughter,thank,playing,awesome,game,love,games,loves,grandson,enjoyed,best,christmas
birthday,family,kids,friends,gift,play,loved,year,wonderful,favorite,enjoy,fun,great,daughter,thank,playing,awesome,game,love,games,loves,grandson,enjoyed,best,christmas
birthday,family,kids,friends,gift,play,loved,year,wonderful,favorite,enjoy,fun,great,daughter,thank,playing,awesome,game,love,games,loves,grandson,enjoyed,best,christmas
birthday,family,kids,friends,gift,play,loved,year,wonderful,favorite,enjoy,fun,great,daughter,thank,playing,awesome,game,love,games,loves,grandson,enjoyed,best,christmas
birthday,family,kids,friends,gift,play,loved,year,wonderful,favorite,enjoy,fun,great,daughter,thank,playing,awesome,game,love,games,loves,grandson,enjoyed,best,christmas
birthday,family,kids,friends,gift,play,loved,year,wonderful,favorite,enjoy,fun,great,daughter,thank,playing,awesome,game,love,games,loves,grandson,enjoyed,best,christmas
birthday,family,kids,friends,gift,play,loved,year,wonderful,favorite,enjoy,fun,great,daughter,thank,playing,awesome,game,love,games,loves,grandson,enjoyed,best,christmas
birthday,family,kids,friends,gift,play,loved,year,wonderful,favorite,enjoy,fun,great,daughter,thank,playing,awesome,game,love,games,loves,grandson,enjoyed,best,christmas
birthday,family,kids,friends,gift,play,loved,year,wonderful,favorite,enjoy,fun,great,daughter,thank,playing,awesome,game,love,games,loves,grandson,enjoyed,best,christmas
birthday,family,kids,friends,gift,play,loved,year,wonderful,favorite,enjoy,fun,great,daughter,thank,playing,awesome,game,love,games,loves,grandson,enjoyed,best,christmas
birthday,family,kids,friends,gift,play,loved,year,wonderful,favorite,enjoy,fun,great,daughter,thank,playing,awesome,game,love,games,loves,grandson,enjoyed,best,christmas
birthday,family,kids,friends,gift,play,loved,year,wonderful,favorite,enjoy,fun,great,daughter,thank,playing,awesome,game,love,games,loves,grandson,enjoyed,best,christmas
birthday,family,kids,friends,gift,play,loved,year,wonderful,favorite,enjoy,fun,great,daughter,thank,playing,awesome,game,love,games,loves,grandson,enjoyed,best,christmas
birthday,family,kids,friends,gift,play,loved,year,wonderful,favorite,enjoy,fun,great,daughter,thank,playing,awesome,game,love,games,loves,grandson,enjoyed,best,christmas
birthday,family,kids,friends,gift,play,loved,year,wonderful,favorite,enjoy,fun,great,daughter,thank,playing,awesome,game,love,games,loves,grandson,enjoyed,best,christmas
birthday,family,kids,friends,gift,play,loved,year,wonderful,favorite,enjoy,fun,great,daughter,thank,playing,awesome,game,love,games,loves,grandson,enjoyed,best,christmas
birthday,family,kids,friends,gift,play,loved,year,wonderful,favorite,enjoy,fun,great,daughter,thank,playing,awesome,game,love,games,loves,grandson,enjoyed,best,christmas
birthday,family,kids,friends,gift,play,loved,year,wonderful,favorite,enjoy,fun,great,daughter,thank,playing,awesome,game,love,games,loves,grandson,enjoyed,best,christmas
birthday,family,kids,friends,gift,play,loved,year,wonderful,favorite,enjoy,fun,great,daughter,thank,playing,awesome,game,love,games,loves,grandson,enjoyed,best,christmas
birthday,family,kids,friends,gift,play,loved,year,wonderful,favorite,enjoy,fun,great,daughter,thank,playing,awesome,game,love,games,loves,grandson,enjoyed,best,christmas
birthday,family,kids,friends,gift,play,loved,year,wonderful,favorite,enjoy,fun,great,daughter,thank,playing,awesome,game,love,games,loves,grandson,enjoyed,best,christmas
birthday,family,kids,friends,gift,play,loved,year,wonderful,favorite,enjoy,fun,great,daughter,thank,playing,awesome,game,love,games,loves,grandson,enjoyed,best,christmas
birthday,family,kids,friends,gift,play,loved,year,wonderful,favorite,enjoy,fun,great,daughter,thank,playing,awesome,game,love,games,loves,grandson,enjoyed,best,christmas
birthday,family,kids,friends,gift,play,loved,year,wonderful,favorite,enjoy,fun,great,daughter,thank,playing,awesome,game,love,games,loves,grandson,enjoyed,best,christmas
birthday,family,kids,friends,gift,play,loved,year,wonderful,favorite,enjoy,fun,great,daughter,thank,playing,awesome,game,love,games,loves,grandson,enjoyed,best,christmas
birthday,family,kids,friends,gift,play,loved,year,wonderful,favorite,enjoy,fun,great,daughter,thank,playing,awesome,game,love,games,loves,grandson,enjoyed,best,christmas
birthday,family,kids,friends,gift,play,loved,year,wonderful,favorite,enjoy,fun,great,daughter,thank,playing,awesome,game,love,games,loves,grandson,enjoyed,best,christmas
birthday,family,kids,friends,gift,play,loved,year,wonderful,favorite,enjoy,fun,great,daughter,thank,playing,awesome,game,love,games,loves,grandson,enjoyed,best,christmas
birthday,family,kids,friends,gift,play,loved,year,wonderful,favorite,enjoy,fun,great,daughter,thank,playing,awesome,game,love,games,loves,grandson,enjoyed,best,christmas
birthday,family,kids,friends,gift,play,loved,year,wonderful,favorite,enjoy,fun,great,daughter,thank,playing,awesome,game,love,games,loves,grandson,enjoyed,best,christmas
birthday,family,kids,friends,gift,play,loved,year,wonderful,favorite,enjoy,fun,great,daughter,thank,playing,awesome,game,love,games,loves,grandson,enjoyed,best,christmas
birthday,family,kids,friends,gift,play,loved,year,wonderful,favorite,enjoy,fun,great,daughter,thank,playing,awesome,game,love,games,loves,grandson,enjoyed,best,christmas
birthday,family,kids,friends,gift,play,loved,year,wonderful,favorite,enjoy,fun,great,daughter,thank,playing,awesome,game,love,games,loves,grandson,enjoyed,best,christmas
birthday,family,kids,friends,gift,play,loved,year,wonderful,favorite,enjoy,fun,great,daughter,thank,playing,awesome,game,love,games,loves,grandson,enjoyed,best,christmas
birthday,family,kids,friends,gift,play,loved,year,wonderful,favorite,enjoy,fun,great,daughter,thank,playing,awesome,game,love,games,loves,grandson,enjoyed,best,christmas
birthday,family,kids,friends,gift,play,loved,year,wonderful,favorite,enjoy,fun,great,daughter,thank,playing,awesome,game,love,games,loves,grandson,enjoyed,best,christmas
birthday,family,kids,friends,gift,play,loved,year,wonderful,favorite,enjoy,fun,great,daughter,thank,playing,awesome,game,love,games,loves,grandson,enjoyed,best,christmas
birthday,family,kids,friends,gift,play,loved,year,wonderful,favorite,enjoy,fun,great,daughter,thank,playing,awesome,game,love,games,loves,grandson,enjoyed,best,christmas
birthday,family,kids,friends,gift,play,loved,year,wonderful,favorite,enjoy,fun,great,daughter,thank,playing,awesome,game,love,games,loves,grandson,enjoyed,best,christmas
birthday,family,kids,friends,gift,play,loved,year,wonderful,favorite,enjoy,fun,great,daughter,thank,playing,awesome,game,love,games,loves,grandson,enjoyed,best,christmas
birthday,family,kids,friends,gift,play,loved,year,wonderful,favorite,enjoy,fun,great,daughter,thank,playing,awesome,game,love,games,loves,grandson,enjoyed,best,christmas
birthday,family,kids,friends,gift,play,loved,year,wonderful,favorite,enjoy,fun,great,daughter,thank,playing,awesome,game,love,games,loves,grandson,enjoyed,best,christmas
birthday,family,kids,friends,gift,play,loved,year,wonderful,favorite,enjoy,fun,great,daughter,thank,playing,awesome,game,love,games,loves,grandson,enjoyed,best,christmas
birthday,family,kids,friends,gift,play,loved,year,wonderful,favorite,enjoy,fun,great,daughter,thank,playing,awesome,game,love,games,loves,grandson,enjoyed,best,christmas
birthday,family,kids,friends,gift,play,loved,year,wonderful,favorite,enjoy,fun,great,daughter,thank,playing,awesome,game,love,games,loves,grandson,enjoyed,best,christmas
birthday,family,kids,friends,gift,play,loved,year,wonderful,favorite,enjoy,fun,great,daughter,thank,playing,awesome,game,love,games,loves,grandson,enjoyed,best,christmas
birthday,family,kids,friends,gift,play,loved,year,wonderful,favorite,enjoy,fun,great,daughter,thank,playing,awesome,game,love,games,loves,grandson,enjoyed,best,christmas
birthday,family,kids,friends,gift,play,loved,year,wonderful,favorite,enjoy,fun,great,daughter,thank,playing,awesome,game,love,games,loves,grandson,enjoyed,best,christmas
birthday,family,kids,friends,gift,play,loved,year,wonderful,favorite,enjoy,fun,great,daughter,thank,playing,awesome,game,love,games,loves,grandson,enjoyed,best,christmas
birthday,family,kids,friends,gift,play,loved,year,wonderful,favorite,enjoy,fun,great,daughter,thank,playing,awesome,game,love,games,loves,grandson,enjoyed,best,christmas
birthday,family,kids,friends,gift,play,loved,year,wonderful,favorite,enjoy,fun,great,daughter,thank,playing,awesome,game,love,games,loves,grandson,enjoyed,best,christmas
birthday,family,kids,friends,gift,play,loved,year,wonderful,favorite,enjoy,fun,great,daughter,thank,playing,awesome,game,love,games,loves,grandson,enjoyed,best,christmas
birthday,family,kids,friends,gift,play,loved,year,wonderful,favorite,enjoy,fun,great,daughter,thank,playing,awesome,game,love,games,loves,grandson,enjoyed,best,christmas
birthday,family,kids,friends,gift,play,loved,year,wonderful,favorite,enjoy,fun,great,daughter,thank,playing,awesome,game,love,games,loves,grandson,enjoyed,best,christmas
birthday,family,kids,friends,gift,play,loved,year,wonderful,favorite,enjoy,fun,great,daughter,thank,playing,awesome,game,love,games,loves,grandson,enjoyed,best,christmas
birthday,family,kids,friends,gift,play,loved,year,wonderful,favorite,enjoy,fun,great,daughter,thank,playing,awesome,game,love,games,loves,grandson,enjoyed,best,christmas
birthday,family,kids,friends,gift,play,loved,year,wonderful,favorite,enjoy,fun,great,daughter,thank,playing,awesome,game,love,games,loves,grandson,enjoyed,best,christmas
birthday,family,kids,friends,gift,play,loved,year,wonderful,favorite,enjoy,fun,great,daughter,thank,playing,awesome,game,love,games,loves,grandson,enjoyed,best,christmas
birthday,family,kids,friends,gift,play,loved,year,wonderful,favorite,enjoy,fun,great,daughter,thank,playing,awesome,game,love,games,loves,grandson,enjoyed,best,christmas
birthday,family,kids,friends,gift,play,loved,year,wonderful,favorite,enjoy,fun,great,daughter,thank,playing,awesome,game,love,games,loves,grandson,enjoyed,best,christmas
birthday,family,kids,friends,gift,play,loved,year,wonderful,favorite,enjoy,fun,great,daughter,thank,playing,awesome,game,love,games,loves,grandson,enjoyed,best,christmas
birthday,family,kids,friends,gift,play,loved,year,wonderful,favorite,enjoy,fun,great,daughter,thank,playing,awesome,game,love,games,loves,grandson,enjoyed,best,christmas
birthday,family,kids,friends,gift,play,loved,year,wonderful,favorite,enjoy,fun,great,daughter,thank,playing,awesome,game,love,games,loves,grandson,enjoyed,best,christmas
birthday,family,kids,friends,gift,play,loved,year,wonderful,favorite,enjoy,fun,great,daughter,thank,playing,awesome,game,love,games,loves,grandson,enjoyed,best,christmas
birthday,family,kids,friends,gift,play,loved,year,wonderful,favorite,enjoy,fun,great,daughter,thank,playing,awesome,game,love,games,loves,grandson,enjoyed,best,christmas
birthday,family,kids,friends,gift,play,loved,year,wonderful,favorite,enjoy,fun,great,daughter,thank,playing,awesome,game,love,games,loves,grandson,enjoyed,best,christmas
birthday,family,kids,friends,gift,play,loved,year,wonderful,favorite,enjoy,fun,great,daughter,thank,playing,awesome,game,love,games,loves,grandson,enjoyed,best,christmas
birthday,family,kids,friends,gift,play,loved,year,wonderful,favorite,enjoy,fun,great,daughter,thank,playing,awesome,game,love,games,loves,grandson,enjoyed,best,christmas
birthday,family,kids,friends,gift,play,loved,year,wonderful,favorite,enjoy,fun,great,daughter,thank,playing,awesome,game,love,games,loves,grandson,enjoyed,best,christmas
birthday,family,kids,friends,gift,play,loved,year,wonderful,favorite,enjoy,fun,great,daughter,thank,playing,awesome,game,love,games,loves,grandson,enjoyed,best,christmas
birthday,family,kids,friends,gift,play,loved,year,wonderful,favorite,enjoy,fun,great,daughter,thank,playing,awesome,game,love,games,loves,grandson,enjoyed,best,christmas
birthday,family,kids,friends,gift,play,loved,year,wonderful,favorite,enjoy,fun,great,daughter,thank,playing,awesome,game,love,games,loves,grandson,enjoyed,best,christmas
birthday,family,kids,friends,gift,play,loved,year,wonderful,favorite,enjoy,fun,great,daughter,thank,playing,awesome,game,love,games,loves,grandson,enjoyed,best,christmas
birthday,family,kids,friends,gift,play,loved,year,wonderful,favorite,enjoy,fun,great,daughter,thank,playing,awesome,game,love,games,loves,grandson,enjoyed,best,christmas
birthday,family,kids,friends,gift,play,loved,year,wonderful,favorite,enjoy,fun,great,daughter,thank,playing,awesome,game,love,games,loves,grandson,enjoyed,best,christmas
birthday,family,kids,friends,gift,play,loved,year,wonderful,favorite,enjoy,fun,great,daughter,thank,playing,awesome,game,love,games,loves,grandson,enjoyed,best,christmas
birthday,family,kids,friends,gift,play,loved,year,wonderful,favorite,enjoy,fun,great,daughter,thank,playing,awesome,game,love,games,loves,grandson,enjoyed,best,christmas
birthday,family,kids,friends,gift,play,loved,year,wonderful,favorite,enjoy,fun,great,daughter,thank,playing,awesome,game,love,games,loves,grandson,enjoyed,best,christmas
birthday,family,kids,friends,gift,play,loved,year,wonderful,favorite,enjoy,fun,great,daughter,thank,playing,awesome,game,love,games,loves,grandson,enjoyed,best,christmas
birthday,family,kids,friends,gift,play,loved,year,wonderful,favorite,enjoy,fun,great,daughter,thank,playing,awesome,game,love,games,loves,grandson,enjoyed,best,christmas
birthday,family,kids,friends,gift,play,loved,year,wonderful,favorite,enjoy,fun,great,daughter,thank,playing,awesome,game,love,games,loves,grandson,enjoyed,best,christmas
birthday,family,kids,friends,gift,play,loved,year,wonderful,favorite,enjoy,fun,great,daughter,thank,playing,awesome,game,love,games,loves,grandson,enjoyed,best,christmas
birthday,family,kids,friends,gift,play,loved,year,wonderful,favorite,enjoy,fun,great,daughter,thank,playing,awesome,game,love,games,loves,grandson,enjoyed,best,christmas
birthday,family,kids,friends,gift,play,loved,year,wonderful,favorite,enjoy,fun,great,daughter,thank,playing,awesome,game,love,games,loves,grandson,enjoyed,best,christmas
birthday,family,kids,friends,gift,play,loved,year,wonderful,favorite,enjoy,fun,great,daughter,thank,playing,awesome,game,love,games,loves,grandson,enjoyed,best,christmas
birthday,family,kids,friends,gift,play,loved,year,wonderful,favorite,enjoy,fun,great,daughter,thank,playing,awesome,game,love,games,loves,grandson,enjoyed,best,christmas
birthday,family,kids,friends,gift,play,loved,year,wonderful,favorite,enjoy,fun,great,daughter,thank,playing,awesome,game,love,games,loves,grandson,enjoyed,best,christmas
birthday,family,kids,friends,gift,play,loved,year,wonderful,favorite,enjoy,fun,great,daughter,thank,playing,awesome,game,love,games,loves,grandson,enjoyed,best,christmas
birthday,family,kids,friends,gift,play,loved,year,wonderful,favorite,enjoy,fun,great,daughter,thank,playing,awesome,game,love,games,loves,grandson,enjoyed,best,christmas
birthday,family,kids,friends,gift,play,loved,year,wonderful,favorite,enjoy,fun,great,daughter,thank,playing,awesome,game,love,games,loves,grandson,enjoyed,best,christmas
birthday,family,kids,friends,gift,play,loved,year,wonderful,favorite,enjoy,fun,great,daughter,thank,playing,awesome,game,love,games,loves,grandson,enjoyed,best,christmas
birthday,family,kids,friends,gift,play,loved,year,wonderful,favorite,enjoy,fun,great,daughter,thank,playing,awesome,game,love,games,loves,grandson,enjoyed,best,christmas
birthday,family,kids,friends,gift,play,loved,year,wonderful,favorite,enjoy,fun,great,daughter,thank,playing,awesome,game,love,games,loves,grandson,enjoyed,best,christmas
birthday,family,kids,friends,gift,play,loved,year,wonderful,favorite,enjoy,fun,great,daughter,thank,playing,awesome,game,love,games,loves,grandson,enjoyed,best,christmas
birthday,family,kids,friends,gift,play,loved,year,wonderful,favorite,enjoy,fun,great,daughter,thank,playing,awesome,game,love,games,loves,grandson,enjoyed,best,christmas
birthday,family,kids,friends,gift,play,loved,year,wonderful,favorite,enjoy,fun,great,daughter,thank,playing,awesome,game,love,games,loves,grandson,enjoyed,best,christmas
birthday,family,kids,friends,gift,play,loved,year,wonderful,favorite,enjoy,fun,great,daughter,thank,playing,awesome,game,love,games,loves,grandson,enjoyed,best,christmas
birthday,family,kids,friends,gift,play,loved,year,wonderful,favorite,enjoy,fun,great,daughter,thank,playing,awesome,game,love,games,loves,grandson,enjoyed,best,christmas
birthday,family,kids,friends,gift,play,loved,year,wonderful,favorite,enjoy,fun,great,daughter,thank,playing,awesome,game,love,games,loves,grandson,enjoyed,best,christmas
birthday,family,kids,friends,gift,play,loved,year,wonderful,favorite,enjoy,fun,great,daughter,thank,playing,awesome,game,love,games,loves,grandson,enjoyed,best,christmas
birthday,family,kids,friends,gift,play,loved,year,wonderful,favorite,enjoy,fun,great,daughter,thank,playing,awesome,game,love,games,loves,grandson,enjoyed,best,christmas
birthday,family,kids,friends,gift,play,loved,year,wonderful,favorite,enjoy,fun,great,daughter,thank,playing,awesome,game,love,games,loves,grandson,enjoyed,best,christmas
birthday,family,kids,friends,gift,play,loved,year,wonderful,favorite,enjoy,fun,great,daughter,thank,playing,awesome,game,love,games,loves,grandson,enjoyed,best,christmas
birthday,family,kids,friends,gift,play,loved,year,wonderful,favorite,enjoy,fun,great,daughter,thank,playing,awesome,game,love,games,loves,grandson,enjoyed,best,christmas
birthday,family,kids,friends,gift,play,loved,year,wonderful,favorite,enjoy,fun,great,daughter,thank,playing,awesome,game,love,games,loves,grandson,enjoyed,best,christmas
birthday,family,kids,friends,gift,play,loved,year,wonderful,favorite,enjoy,fun,great,daughter,thank,playing,awesome,game,love,games,loves,grandson,enjoyed,best,christmas
birthday,family,kids,friends,gift,play,loved,year,wonderful,favorite,enjoy,fun,great,daughter,thank,playing,awesome,game,love,games,loves,grandson,enjoyed,best,christmas
birthday,family,kids,friends,gift,play,loved,year,wonderful,favorite,enjoy,fun,great,daughter,thank,playing,awesome,game,love,games,loves,grandson,enjoyed,best,christmas
birthday,family,kids,friends,gift,play,loved,year,wonderful,favorite,enjoy,fun,great,daughter,thank,playing,awesome,game,love,games,loves,grandson,enjoyed,best,christmas
birthday,family,kids,friends,gift,play,loved,year,wonderful,favorite,enjoy,fun,great,daughter,thank,playing,awesome,game,love,games,loves,grandson,enjoyed,best,christmas
birthday,family,kids,friends,gift,play,loved,year,wonderful,favorite,enjoy,fun,great,daughter,thank,playing,awesome,game,love,games,loves,grandson,enjoyed,best,christmas
birthday,family,kids,friends,gift,play,loved,year,wonderful,favorite,enjoy,fun,great,daughter,thank,playing,awesome,game,love,games,loves,grandson,enjoyed,best,christmas
birthday,family,kids,friends,gift,play,loved,year,wonderful,favorite,enjoy,fun,great,daughter,thank,playing,awesome,game,love,games,loves,grandson,enjoyed,best,christmas
birthday,family,kids,friends,gift,play,loved,year,wonderful,favorite,enjoy,fun,great,daughter,thank,playing,awesome,game,love,games,loves,grandson,enjoyed,best,christmas
birthday,family,kids,friends,gift,play,loved,year,wonderful,favorite,enjoy,fun,great,daughter,thank,playing,awesome,game,love,games,loves,grandson,enjoyed,best,christmas
birthday,family,kids,friends,gift,play,loved,year,wonderful,favorite,enjoy,fun,great,daughter,thank,playing,awesome,game,love,games,loves,grandson,enjoyed,best,christmas
birthday,family,kids,friends,gift,play,loved,year,wonderful,favorite,enjoy,fun,great,daughter,thank,playing,awesome,game,love,games,loves,grandson,enjoyed,best,christmas
birthday,family,kids,friends,gift,play,loved,year,wonderful,favorite,enjoy,fun,great,daughter,thank,playing,awesome,game,love,games,loves,grandson,enjoyed,best,christmas
birthday,family,kids,friends,gift,play,loved,year,wonderful,favorite,enjoy,fun,great,daughter,thank,playing,awesome,game,love,games,loves,grandson,enjoyed,best,christmas
birthday,family,kids,friends,gift,play,loved,year,wonderful,favorite,enjoy,fun,great,daughter,thank,playing,awesome,game,love,games,loves,grandson,enjoyed,best,christmas
birthday,family,kids,friends,gift,play,loved,year,wonderful,favorite,enjoy,fun,great,daughter,thank,playing,awesome,game,love,games,loves,grandson,enjoyed,best,christmas
birthday,family,kids,friends,gift,play,loved,year,wonderful,favorite,enjoy,fun,great,daughter,thank,playing,awesome,game,love,games,loves,grandson,enjoyed,best,christmas
birthday,family,kids,friends,gift,play,loved,year,wonderful,favorite,enjoy,fun,great,daughter,thank,playing,awesome,game,love,games,loves,grandson,enjoyed,best,christmas
birthday,family,kids,friends,gift,play,loved,year,wonderful,favorite,enjoy,fun,great,daughter,thank,playing,awesome,game,love,games,loves,grandson,enjoyed,best,christmas
birthday,family,kids,friends,gift,play,loved,year,wonderful,favorite,enjoy,fun,great,daughter,thank,playing,awesome,game,love,games,loves,grandson,enjoyed,best,christmas
birthday,family,kids,friends,gift,play,loved,year,wonderful,favorite,enjoy,fun,great,daughter,thank,playing,awesome,game,love,games,loves,grandson,enjoyed,best,christmas
birthday,family,kids,friends,gift,play,loved,year,wonderful,favorite,enjoy,fun,great,daughter,thank,playing,awesome,game,love,games,loves,grandson,enjoyed,best,christmas
birthday,family,kids,friends,gift,play,loved,year,wonderful,favorite,enjoy,fun,great,daughter,thank,playing,awesome,game,love,games,loves,grandson,enjoyed,best,christmas
birthday,family,kids,friends,gift,play,loved,year,wonderful,favorite,enjoy,fun,great,daughter,thank,playing,awesome,game,love,games,loves,grandson,enjoyed,best,christmas
birthday,family,kids,friends,gift,play,loved,year,wonderful,favorite,enjoy,fun,great,daughter,thank,playing,awesome,game,love,games,loves,grandson,enjoyed,best,christmas
birthday,family,kids,friends,gift,play,loved,year,wonderful,favorite,enjoy,fun,great,daughter,thank,playing,awesome,game,love,games,loves,grandson,enjoyed,best,christmas
birthday,family,kids,friends,gift,play,loved,year,wonderful,favorite,enjoy,fun,great,daughter,thank,playing,awesome,game,love,games,loves,grandson,enjoyed,best,christmas
birthday,family,kids,friends,gift,play,loved,year,wonderful,favorite,enjoy,fun,great,daughter,thank,playing,awesome,game,love,games,loves,grandson,enjoyed,best,christmas
birthday,family,kids,friends,gift,play,loved,year,wonderful,favorite,enjoy,fun,great,daughter,thank,playing,awesome,game,love,games,loves,grandson,enjoyed,best,christmas
birthday,family,kids,friends,gift,play,loved,year,wonderful,favorite,enjoy,fun,great,daughter,thank,playing,awesome,game,love,games,loves,grandson,enjoyed,best,christmas
birthday,family,kids,friends,gift,play,loved,year,wonderful,favorite,enjoy,fun,great,daughter,thank,playing,awesome,game,love,games,loves,grandson,enjoyed,best,christmas
birthday,family,kids,friends,gift,play,loved,year,wonderful,favorite,enjoy,fun,great,daughter,thank,playing,awesome,game,love,games,loves,grandson,enjoyed,best,christmas
birthday,family,kids,friends,gift,play,loved,year,wonderful,favorite,enjoy,fun,great,daughter,thank,playing,awesome,game,love,games,loves,grandson,enjoyed,best,christmas
birthday,family,kids,friends,gift,play,loved,year,wonderful,favorite,enjoy,fun,great,daughter,thank,playing,awesome,game,love,games,loves,grandson,enjoyed,best,christmas
birthday,family,kids,friends,gift,play,loved,year,wonderful,favorite,enjoy,fun,great,daughter,thank,playing,awesome,game,love,games,loves,grandson,enjoyed,best,christmas
birthday,family,kids,friends,gift,play,loved,year,wonderful,favorite,enjoy,fun,great,daughter,thank,playing,awesome,game,love,games,loves,grandson,enjoyed,best,christmas
birthday,family,kids,friends,gift,play,loved,year,wonderful,favorite,enjoy,fun,great,daughter,thank,playing,awesome,game,love,games,loves,grandson,enjoyed,best,christmas
birthday,family,kids,friends,gift,play,loved,year,wonderful,favorite,enjoy,fun,great,daughter,thank,playing,awesome,game,love,games,loves,grandson,enjoyed,best,christmas
birthday,family,kids,friends,gift,play,loved,year,wonderful,favorite,enjoy,fun,great,daughter,thank,playing,awesome,game,love,games,loves,grandson,enjoyed,best,christmas
birthday,family,kids,friends,gift,play,loved,year,wonderful,favorite,enjoy,fun,great,daughter,thank,playing,awesome,game,love,games,loves,grandson,enjoyed,best,christmas
birthday,family,kids,friends,gift,play,loved,year,wonderful,favorite,enjoy,fun,great,daughter,thank,playing,awesome,game,love,games,loves,grandson,enjoyed,best,christmas
birthday,family,kids,friends,gift,play,loved,year,wonderful,favorite,enjoy,fun,great,daughter,thank,playing,awesome,game,love,games,loves,grandson,enjoyed,best,christmas
birthday,family,kids,friends,gift,play,loved,year,wonderful,favorite,enjoy,fun,great,daughter,thank,playing,awesome,game,love,games,loves,grandson,enjoyed,best,christmas
birthday,family,kids,friends,gift,play,loved,year,wonderful,favorite,enjoy,fun,great,daughter,thank,playing,awesome,game,love,games,loves,grandson,enjoyed,best,christmas
birthday,family,kids,friends,gift,play,loved,year,wonderful,favorite,enjoy,fun,great,daughter,thank,playing,awesome,game,love,games,loves,grandson,enjoyed,best,christmas
birthday,family,kids,friends,gift,play,loved,year,wonderful,favorite,enjoy,fun,great,daughter,thank,playing,awesome,game,love,games,loves,grandson,enjoyed,best,christmas
birthday,family,kids,friends,gift,play,loved,year,wonderful,favorite,enjoy,fun,great,daughter,thank,playing,awesome,game,love,games,loves,grandson,enjoyed,best,christmas
birthday,family,kids,friends,gift,play,loved,year,wonderful,favorite,enjoy,fun,great,daughter,thank,playing,awesome,game,love,games,loves,grandson,enjoyed,best,christmas
birthday,family,kids,friends,gift,play,loved,year,wonderful,favorite,enjoy,fun,great,daughter,thank,playing,awesome,game,love,games,loves,grandson,enjoyed,best,christmas
birthday,family,kids,friends,gift,play,loved,year,wonderful,favorite,enjoy,fun,great,daughter,thank,playing,awesome,game,love,games,loves,grandson,enjoyed,best,christmas
birthday,family,kids,friends,gift,play,loved,year,wonderful,favorite,enjoy,fun,great,daughter,thank,playing,awesome,game,love,games,loves,grandson,enjoyed,best,christmas
birthday,family,kids,friends,gift,play,loved,year,wonderful,favorite,enjoy,fun,great,daughter,thank,playing,awesome,game,love,games,loves,grandson,enjoyed,best,christmas
birthday,family,kids,friends,gift,play,loved,year,wonderful,favorite,enjoy,fun,great,daughter,thank,playing,awesome,game,love,games,loves,grandson,enjoyed,best,christmas
birthday,family,kids,friends,gift,play,loved,year,wonderful,favorite,enjoy,fun,great,daughter,thank,playing,awesome,game,love,games,loves,grandson,enjoyed,best,christmas
birthday,family,kids,friends,gift,play,loved,year,wonderful,favorite,enjoy,fun,great,daughter,thank,playing,awesome,game,love,games,loves,grandson,enjoyed,best,christmas
birthday,family,kids,friends,gift,play,loved,year,wonderful,favorite,enjoy,fun,great,daughter,thank,playing,awesome,game,love,games,loves,grandson,enjoyed,best,christmas
birthday,family,kids,friends,gift,play,loved,year,wonderful,favorite,enjoy,fun,great,daughter,thank,playing,awesome,game,love,games,loves,grandson,enjoyed,best,christmas
birthday,family,kids,friends,gift,play,loved,year,wonderful,favorite,enjoy,fun,great,daughter,thank,playing,awesome,game,love,games,loves,grandson,enjoyed,best,christmas
birthday,family,kids,friends,gift,play,loved,year,wonderful,favorite,enjoy,fun,great,daughter,thank,playing,awesome,game,love,games,loves,grandson,enjoyed,best,christmas
birthday,family,kids,friends,gift,play,loved,year,wonderful,favorite,enjoy,fun,great,daughter,thank,playing,awesome,game,love,games,loves,grandson,enjoyed,best,christmas
birthday,family,kids,friends,gift,play,loved,year,wonderful,favorite,enjoy,fun,great,daughter,thank,playing,awesome,game,love,games,loves,grandson,enjoyed,best,christmas
birthday,family,kids,friends,gift,play,loved,year,wonderful,favorite,enjoy,fun,great,daughter,thank,playing,awesome,game,love,games,loves,grandson,enjoyed,best,christmas
birthday,family,kids,friends,gift,play,loved,year,wonderful,favorite,enjoy,fun,great,daughter,thank,playing,awesome,game,love,games,loves,grandson,enjoyed,best,christmas
birthday,family,kids,friends,gift,play,loved,year,wonderful,favorite,enjoy,fun,great,daughter,thank,playing,awesome,game,love,games,loves,grandson,enjoyed,best,christmas
birthday,family,kids,friends,gift,play,loved,year,wonderful,favorite,enjoy,fun,great,daughter,thank,playing,awesome,game,love,games,loves,grandson,enjoyed,best,christmas
birthday,family,kids,friends,gift,play,loved,year,wonderful,favorite,enjoy,fun,great,daughter,thank,playing,awesome,game,love,games,loves,grandson,enjoyed,best,christmas
birthday,family,kids,friends,gift,play,loved,year,wonderful,favorite,enjoy,fun,great,daughter,thank,playing,awesome,game,love,games,loves,grandson,enjoyed,best,christmas
birthday,family,kids,friends,gift,play,loved,year,wonderful,favorite,enjoy,fun,great,daughter,thank,playing,awesome,game,love,games,loves,grandson,enjoyed,best,christmas
birthday,family,kids,friends,gift,play,loved,year,wonderful,favorite,enjoy,fun,great,daughter,thank,playing,awesome,game,love,games,loves,grandson,enjoyed,best,christmas
birthday,family,kids,friends,gift,play,loved,year,wonderful,favorite,enjoy,fun,great,daughter,thank,playing,awesome,game,love,games,loves,grandson,enjoyed,best,christmas
birthday,family,kids,friends,gift,play,loved,year,wonderful,favorite,enjoy,fun,great,daughter,thank,playing,awesome,game,love,games,loves,grandson,enjoyed,best,christmas
birthday,family,kids,friends,gift,play,loved,year,wonderful,favorite,enjoy,fun,great,daughter,thank,playing,awesome,game,love,games,loves,grandson,enjoyed,best,christmas
birthday,family,kids,friends,gift,play,loved,year,wonderful,favorite,enjoy,fun,great,daughter,thank,playing,awesome,game,love,games,loves,grandson,enjoyed,best,christmas
birthday,family,kids,friends,gift,play,loved,year,wonderful,favorite,enjoy,fun,great,daughter,thank,playing,awesome,game,love,games,loves,grandson,enjoyed,best,christmas
birthday,family,kids,friends,gift,play,loved,year,wonderful,favorite,enjoy,fun,great,daughter,thank,playing,awesome,game,love,games,loves,grandson,enjoyed,best,christmas
birthday,family,kids,friends,gift,play,loved,year,wonderful,favorite,enjoy,fun,great,daughter,thank,playing,awesome,game,love,games,loves,grandson,enjoyed,best,christmas
birthday,family,kids,friends,gift,play,loved,year,wonderful,favorite,enjoy,fun,great,daughter,thank,playing,awesome,game,love,games,loves,grandson,enjoyed,best,christmas
birthday,family,kids,friends,gift,play,loved,year,wonderful,favorite,enjoy,fun,great,daughter,thank,playing,awesome,game,love,games,loves,grandson,enjoyed,best,christmas
birthday,family,kids,friends,gift,play,loved,year,wonderful,favorite,enjoy,fun,great,daughter,thank,playing,awesome,game,love,games,loves,grandson,enjoyed,best,christmas
birthday,family,kids,friends,gift,play,loved,year,wonderful,favorite,enjoy,fun,great,daughter,thank,playing,awesome,game,love,games,loves,grandson,enjoyed,best,christmas
birthday,family,kids,friends,gift,play,loved,year,wonderful,favorite,enjoy,fun,great,daughter,thank,playing,awesome,game,love,games,loves,grandson,enjoyed,best,christmas
birthday,family,kids,friends,gift,play,loved,year,wonderful,favorite,enjoy,fun,great,daughter,thank,playing,awesome,game,love,games,loves,grandson,enjoyed,best,christmas
birthday,family,kids,friends,gift,play,loved,year,wonderful,favorite,enjoy,fun,great,daughter,thank,playing,awesome,game,love,games,loves,grandson,enjoyed,best,christmas
birthday,family,kids,friends,gift,play,loved,year,wonderful,favorite,enjoy,fun,great,daughter,thank,playing,awesome,game,love,games,loves,grandson,enjoyed,best,christmas
birthday,family,kids,friends,gift,play,loved,year,wonderful,favorite,enjoy,fun,great,daughter,thank,playing,awesome,game,love,games,loves,grandson,enjoyed,best,christmas
birthday,family,kids,friends,gift,play,loved,year,wonderful,favorite,enjoy,fun,great,daughter,thank,playing,awesome,game,love,games,loves,grandson,enjoyed,best,christmas
birthday,family,kids,friends,gift,play,loved,year,wonderful,favorite,enjoy,fun,great,daughter,thank,playing,awesome,game,love,games,loves,grandson,enjoyed,best,christmas
birthday,family,kids,friends,gift,play,loved,year,wonderful,favorite,enjoy,fun,great,daughter,thank,playing,awesome,game,love,games,loves,grandson,enjoyed,best,christmas
birthday,family,kids,friends,gift,play,loved,year,wonderful,favorite,enjoy,fun,great,daughter,thank,playing,awesome,game,love,games,loves,grandson,enjoyed,best,christmas
birthday,family,kids,friends,gift,play,loved,year,wonderful,favorite,enjoy,fun,great,daughter,thank,playing,awesome,game,love,games,loves,grandson,enjoyed,best,christmas
birthday,family,kids,friends,gift,play,loved,year,wonderful,favorite,enjoy,fun,great,daughter,thank,playing,awesome,game,love,games,loves,grandson,enjoyed,best,christmas
birthday,family,kids,friends,gift,play,loved,year,wonderful,favorite,enjoy,fun,great,daughter,thank,playing,awesome,game,love,games,loves,grandson,enjoyed,best,christmas
birthday,family,kids,friends,gift,play,loved,year,wonderful,favorite,enjoy,fun,great,daughter,thank,playing,awesome,game,love,games,loves,grandson,enjoyed,best,christmas
birthday,family,kids,friends,gift,play,loved,year,wonderful,favorite,enjoy,fun,great,daughter,thank,playing,awesome,game,love,games,loves,grandson,enjoyed,best,christmas
birthday,family,kids,friends,gift,play,loved,year,wonderful,favorite,enjoy,fun,great,daughter,thank,playing,awesome,game,love,games,loves,grandson,enjoyed,best,christmas
birthday,family,kids,friends,gift,play,loved,year,wonderful,favorite,enjoy,fun,great,daughter,thank,playing,awesome,game,love,games,loves,grandson,enjoyed,best,christmas
birthday,family,kids,friends,gift,play,loved,year,wonderful,favorite,enjoy,fun,great,daughter,thank,playing,awesome,game,love,games,loves,grandson,enjoyed,best,christmas
birthday,family,kids,friends,gift,play,loved,year,wonderful,favorite,enjoy,fun,great,daughter,thank,playing,awesome,game,love,games,loves,grandson,enjoyed,best,christmas
birthday,family,kids,friends,gift,play,loved,year,wonderful,favorite,enjoy,fun,great,daughter,thank,playing,awesome,game,love,games,loves,grandson,enjoyed,best,christmas
birthday,family,kids,friends,gift,play,loved,year,wonderful,favorite,enjoy,fun,great,daughter,thank,playing,awesome,game,love,games,loves,grandson,enjoyed,best,christmas
birthday,family,kids,friends,gift,play,loved,year,wonderful,favorite,enjoy,fun,great,daughter,thank,playing,awesome,game,love,games,loves,grandson,enjoyed,best,christmas
birthday,family,kids,friends,gift,play,loved,year,wonderful,favorite,enjoy,fun,great,daughter,thank,playing,awesome,game,love,games,loves,grandson,enjoyed,best,christmas
birthday,family,kids,friends,gift,play,loved,year,wonderful,favorite,enjoy,fun,great,daughter,thank,playing,awesome,game,love,games,loves,grandson,enjoyed,best,christmas
birthday,family,kids,friends,gift,play,loved,year,wonderful,favorite,enjoy,fun,great,daughter,thank,playing,awesome,game,love,games,loves,grandson,enjoyed,best,christmas
birthday,family,kids,friends,gift,play,loved,year,wonderful,favorite,enjoy,fun,great,daughter,thank,playing,awesome,game,love,games,loves,grandson,enjoyed,best,christmas
birthday,family,kids,friends,gift,play,loved,year,wonderful,favorite,enjoy,fun,great,daughter,thank,playing,awesome,game,love,games,loves,grandson,enjoyed,best,christmas
birthday,family,kids,friends,gift,play,loved,year,wonderful,favorite,enjoy,fun,great,daughter,thank,playing,awesome,game,love,games,loves,grandson,enjoyed,best,christmas
birthday,family,kids,friends,gift,play,loved,year,wonderful,favorite,enjoy,fun,great,daughter,thank,playing,awesome,game,love,games,loves,grandson,enjoyed,best,christmas
birthday,family,kids,friends,gift,play,loved,year,wonderful,favorite,enjoy,fun,great,daughter,thank,playing,awesome,game,love,games,loves,grandson,enjoyed,best,christmas
birthday,family,kids,friends,gift,play,loved,year,wonderful,favorite,enjoy,fun,great,daughter,thank,playing,awesome,game,love,games,loves,grandson,enjoyed,best,christmas
birthday,family,kids,friends,gift,play,loved,year,wonderful,favorite,enjoy,fun,great,daughter,thank,playing,awesome,game,love,games,loves,grandson,enjoyed,best,christmas
birthday,family,kids,friends,gift,play,loved,year,wonderful,favorite,enjoy,fun,great,daughter,thank,playing,awesome,game,love,games,loves,grandson,enjoyed,best,christmas
birthday,family,kids,friends,gift,play,loved,year,wonderful,favorite,enjoy,fun,great,daughter,thank,playing,awesome,game,love,games,loves,grandson,enjoyed,best,christmas
birthday,family,kids,friends,gift,play,loved,year,wonderful,favorite,enjoy,fun,great,daughter,thank,playing,awesome,game,love,games,loves,grandson,enjoyed,best,christmas
birthday,family,kids,friends,gift,play,loved,year,wonderful,favorite,enjoy,fun,great,daughter,thank,playing,awesome,game,love,games,loves,grandson,enjoyed,best,christmas
birthday,family,kids,friends,gift,play,loved,year,wonderful,favorite,enjoy,fun,great,daughter,thank,playing,awesome,game,love,games,loves,grandson,enjoyed,best,christmas
birthday,family,kids,friends,gift,play,loved,year,wonderful,favorite,enjoy,fun,great,daughter,thank,playing,awesome,game,love,games,loves,grandson,enjoyed,best,christmas
birthday,family,kids,friends,gift,play,loved,year,wonderful,favorite,enjoy,fun,great,daughter,thank,playing,awesome,game,love,games,loves,grandson,enjoyed,best,christmas
birthday,family,kids,friends,gift,play,loved,year,wonderful,favorite,enjoy,fun,great,daughter,thank,playing,awesome,game,love,games,loves,grandson,enjoyed,best,christmas
birthday,family,kids,friends,gift,play,loved,year,wonderful,favorite,enjoy,fun,great,daughter,thank,playing,awesome,game,love,games,loves,grandson,enjoyed,best,christmas
birthday,family,kids,friends,gift,play,loved,year,wonderful,favorite,enjoy,fun,great,daughter,thank,playing,awesome,game,love,games,loves,grandson,enjoyed,best,christmas
birthday,family,kids,friends,gift,play,loved,year,wonderful,favorite,enjoy,fun,great,daughter,thank,playing,awesome,game,love,games,loves,grandson,enjoyed,best,christmas
birthday,family,kids,friends,gift,play,loved,year,wonderful,favorite,enjoy,fun,great,daughter,thank,playing,awesome,game,love,games,loves,grandson,enjoyed,best,christmas
birthday,family,kids,friends,gift,play,loved,year,wonderful,favorite,enjoy,fun,great,daughter,thank,playing,awesome,game,love,games,loves,grandson,enjoyed,best,christmas
birthday,family,kids,friends,gift,play,loved,year,wonderful,favorite,enjoy,fun,great,daughter,thank,playing,awesome,game,love,games,loves,grandson,enjoyed,best,christmas
birthday,family,kids,friends,gift,play,loved,year,wonderful,favorite,enjoy,fun,great,daughter,thank,playing,awesome,game,love,games,loves,grandson,enjoyed,best,christmas
birthday,family,kids,friends,gift,play,loved,year,wonderful,favorite,enjoy,fun,great,daughter,thank,playing,awesome,game,love,games,loves,grandson,enjoyed,best,christmas
birthday,family,kids,friends,gift,play,loved,year,wonderful,favorite,enjoy,fun,great,daughter,thank,playing,awesome,game,love,games,loves,grandson,enjoyed,best,christmas
birthday,family,kids,friends,gift,play,loved,year,wonderful,favorite,enjoy,fun,great,daughter,thank,playing,awesome,game,love,games,loves,grandson,enjoyed,best,christmas
birthday,family,kids,friends,gift,play,loved,year,wonderful,favorite,enjoy,fun,great,daughter,thank,playing,awesome,game,love,games,loves,grandson,enjoyed,best,christmas
birthday,family,kids,friends,gift,play,loved,year,wonderful,favorite,enjoy,fun,great,daughter,thank,playing,awesome,game,love,games,loves,grandson,enjoyed,best,christmas
birthday,family,kids,friends,gift,play,loved,year,wonderful,favorite,enjoy,fun,great,daughter,thank,playing,awesome,game,love,games,loves,grandson,enjoyed,best,christmas
birthday,family,kids,friends,gift,play,loved,year,wonderful,favorite,enjoy,fun,great,daughter,thank,playing,awesome,game,love,games,loves,grandson,enjoyed,best,christmas
birthday,family,kids,friends,gift,play,loved,year,wonderful,favorite,enjoy,fun,great,daughter,thank,playing,awesome,game,love,games,loves,grandson,enjoyed,best,christmas
birthday,family,kids,friends,gift,play,loved,year,wonderful,favorite,enjoy,fun,great,daughter,thank,playing,awesome,game,love,games,loves,grandson,enjoyed,best,christmas
birthday,family,kids,friends,gift,play,loved,year,wonderful,favorite,enjoy,fun,great,daughter,thank,playing,awesome,game,love,games,loves,grandson,enjoyed,best,christmas
birthday,family,kids,friends,gift,play,loved,year,wonderful,favorite,enjoy,fun,great,daughter,thank,playing,awesome,game,love,games,loves,grandson,enjoyed,best,christmas
birthday,family,kids,friends,gift,play,loved,year,wonderful,favorite,enjoy,fun,great,daughter,thank,playing,awesome,game,love,games,loves,grandson,enjoyed,best,christmas
birthday,family,kids,friends,gift,play,loved,year,wonderful,favorite,enjoy,fun,great,daughter,thank,playing,awesome,game,love,games,loves,grandson,enjoyed,best,christmas
birthday,family,kids,friends,gift,play,loved,year,wonderful,favorite,enjoy,fun,great,daughter,thank,playing,awesome,game,love,games,loves,grandson,enjoyed,best,christmas
birthday,family,kids,friends,gift,play,loved,year,wonderful,favorite,enjoy,fun,great,daughter,thank,playing,awesome,game,love,games,loves,grandson,enjoyed,best,christmas
birthday,family,kids,friends,gift,play,loved,year,wonderful,favorite,enjoy,fun,great,daughter,thank,playing,awesome,game,love,games,loves,grandson,enjoyed,best,christmas
birthday,family,kids,friends,gift,play,loved,year,wonderful,favorite,enjoy,fun,great,daughter,thank,playing,awesome,game,love,games,loves,grandson,enjoyed,best,christmas
birthday,family,kids,friends,gift,play,loved,year,wonderful,favorite,enjoy,fun,great,daughter,thank,playing,awesome,game,love,games,loves,grandson,enjoyed,best,christmas
birthday,family,kids,friends,gift,play,loved,year,wonderful,favorite,enjoy,fun,great,daughter,thank,playing,awesome,game,love,games,loves,grandson,enjoyed,best,christmas
birthday,family,kids,friends,gift,play,loved,year,wonderful,favorite,enjoy,fun,great,daughter,thank,playing,awesome,game,love,games,loves,grandson,enjoyed,best,christmas
birthday,family,kids,friends,gift,play,loved,year,wonderful,favorite,enjoy,fun,great,daughter,thank,playing,awesome,game,love,games,loves,grandson,enjoyed,best,christmas
birthday,family,kids,friends,gift,play,loved,year,wonderful,favorite,enjoy,fun,great,daughter,thank,playing,awesome,game,love,games,loves,grandson,enjoyed,best,christmas
birthday,family,kids,friends,gift,play,loved,year,wonderful,favorite,enjoy,fun,great,daughter,thank,playing,awesome,game,love,games,loves,grandson,enjoyed,best,christmas
birthday,family,kids,friends,gift,play,loved,year,wonderful,favorite,enjoy,fun,great,daughter,thank,playing,awesome,game,love,games,loves,grandson,enjoyed,best,christmas
birthday,family,kids,friends,gift,play,loved,year,wonderful,favorite,enjoy,fun,great,daughter,thank,playing,awesome,game,love,games,loves,grandson,enjoyed,best,christmas
birthday,family,kids,friends,gift,play,loved,year,wonderful,favorite,enjoy,fun,great,daughter,thank,playing,awesome,game,love,games,loves,grandson,enjoyed,best,christmas
birthday,family,kids,friends,gift,play,loved,year,wonderful,favorite,enjoy,fun,great,daughter,thank,playing,awesome,game,love,games,loves,grandson,enjoyed,best,christmas
birthday,family,kids,friends,gift,play,loved,year,wonderful,favorite,enjoy,fun,great,daughter,thank,playing,awesome,game,love,games,loves,grandson,enjoyed,best,christmas
birthday,family,kids,friends,gift,play,loved,year,wonderful,favorite,enjoy,fun,great,daughter,thank,playing,awesome,game,love,games,loves,grandson,enjoyed,best,christmas
birthday,family,kids,friends,gift,play,loved,year,wonderful,favorite,enjoy,fun,great,daughter,thank,playing,awesome,game,love,games,loves,grandson,enjoyed,best,christmas
birthday,family,kids,friends,gift,play,loved,year,wonderful,favorite,enjoy,fun,great,daughter,thank,playing,awesome,game,love,games,loves,grandson,enjoyed,best,christmas
birthday,family,kids,friends,gift,play,loved,year,wonderful,favorite,enjoy,fun,great,daughter,thank,playing,awesome,game,love,games,loves,grandson,enjoyed,best,christmas
birthday,family,kids,friends,gift,play,loved,year,wonderful,favorite,enjoy,fun,great,daughter,thank,playing,awesome,game,love,games,loves,grandson,enjoyed,best,christmas
birthday,family,kids,friends,gift,play,loved,year,wonderful,favorite,enjoy,fun,great,daughter,thank,playing,awesome,game,love,games,loves,grandson,enjoyed,best,christmas
birthday,family,kids,friends,gift,play,loved,year,wonderful,favorite,enjoy,fun,great,daughter,thank,playing,awesome,game,love,games,loves,grandson,enjoyed,best,christmas
birthday,family,kids,friends,gift,play,loved,year,wonderful,favorite,enjoy,fun,great,daughter,thank,playing,awesome,game,love,games,loves,grandson,enjoyed,best,christmas
birthday,family,kids,friends,gift,play,loved,year,wonderful,favorite,enjoy,fun,great,daughter,thank,playing,awesome,game,love,games,loves,grandson,enjoyed,best,christmas
birthday,family,kids,friends,gift,play,loved,year,wonderful,favorite,enjoy,fun,great,daughter,thank,playing,awesome,game,love,games,loves,grandson,enjoyed,best,christmas
birthday,family,kids,friends,gift,play,loved,year,wonderful,favorite,enjoy,fun,great,daughter,thank,playing,awesome,game,love,games,loves,grandson,enjoyed,best,christmas
birthday,family,kids,friends,gift,play,loved,year,wonderful,favorite,enjoy,fun,great,daughter,thank,playing,awesome,game,love,games,loves,grandson,enjoyed,best,christmas
birthday,family,kids,friends,gift,play,loved,year,wonderful,favorite,enjoy,fun,great,daughter,thank,playing,awesome,game,love,games,loves,grandson,enjoyed,best,christmas
birthday,family,kids,friends,gift,play,loved,year,wonderful,favorite,enjoy,fun,great,daughter,thank,playing,awesome,game,love,games,loves,grandson,enjoyed,best,christmas
birthday,family,kids,friends,gift,play,loved,year,wonderful,favorite,enjoy,fun,great,daughter,thank,playing,awesome,game,love,games,loves,grandson,enjoyed,best,christmas
birthday,family,kids,friends,gift,play,loved,year,wonderful,favorite,enjoy,fun,great,daughter,thank,playing,awesome,game,love,games,loves,grandson,enjoyed,best,christmas
birthday,family,kids,friends,gift,play,loved,year,wonderful,favorite,enjoy,fun,great,daughter,thank,playing,awesome,game,love,games,loves,grandson,enjoyed,best,christmas
birthday,family,kids,friends,gift,play,loved,year,wonderful,favorite,enjoy,fun,great,daughter,thank,playing,awesome,game,love,games,loves,grandson,enjoyed,best,christmas
birthday,family,kids,friends,gift,play,loved,year,wonderful,favorite,enjoy,fun,great,daughter,thank,playing,awesome,game,love,games,loves,grandson,enjoyed,best,christmas
birthday,family,kids,friends,gift,play,loved,year,wonderful,favorite,enjoy,fun,great,daughter,thank,playing,awesome,game,love,games,loves,grandson,enjoyed,best,christmas
birthday,family,kids,friends,gift,play,loved,year,wonderful,favorite,enjoy,fun,great,daughter,thank,playing,awesome,game,love,games,loves,grandson,enjoyed,best,christmas
birthday,family,kids,friends,gift,play,loved,year,wonderful,favorite,enjoy,fun,great,daughter,thank,playing,awesome,game,love,games,loves,grandson,enjoyed,best,christmas
birthday,family,kids,friends,gift,play,loved,year,wonderful,favorite,enjoy,fun,great,daughter,thank,playing,awesome,game,love,games,loves,grandson,enjoyed,best,christmas
birthday,family,kids,friends,gift,play,loved,year,wonderful,favorite,enjoy,fun,great,daughter,thank,playing,awesome,game,love,games,loves,grandson,enjoyed,best,christmas
birthday,family,kids,friends,gift,play,loved,year,wonderful,favorite,enjoy,fun,great,daughter,thank,playing,awesome,game,love,games,loves,grandson,enjoyed,best,christmas
birthday,family,kids,friends,gift,play,loved,year,wonderful,favorite,enjoy,fun,great,daughter,thank,playing,awesome,game,love,games,loves,grandson,enjoyed,best,christmas
birthday,family,kids,friends,gift,play,loved,year,wonderful,favorite,enjoy,fun,great,daughter,thank,playing,awesome,game,love,games,loves,grandson,enjoyed,best,christmas
birthday,family,kids,friends,gift,play,loved,year,wonderful,favorite,enjoy,fun,great,daughter,thank,playing,awesome,game,love,games,loves,grandson,enjoyed,best,christmas
birthday,family,kids,friends,gift,play,loved,year,wonderful,favorite,enjoy,fun,great,daughter,thank,playing,awesome,game,love,games,loves,grandson,enjoyed,best,christmas
birthday,family,kids,friends,gift,play,loved,year,wonderful,favorite,enjoy,fun,great,daughter,thank,playing,awesome,game,love,games,loves,grandson,enjoyed,best,christmas
birthday,family,kids,friends,gift,play,loved,year,wonderful,favorite,enjoy,fun,great,daughter,thank,playing,awesome,game,love,games,loves,grandson,enjoyed,best,christmas
birthday,family,kids,friends,gift,play,loved,year,wonderful,favorite,enjoy,fun,great,daughter,thank,playing,awesome,game,love,games,loves,grandson,enjoyed,best,christmas
birthday,family,kids,friends,gift,play,loved,year,wonderful,favorite,enjoy,fun,great,daughter,thank,playing,awesome,game,love,games,loves,grandson,enjoyed,best,christmas
birthday,family,kids,friends,gift,play,loved,year,wonderful,favorite,enjoy,fun,great,daughter,thank,playing,awesome,game,love,games,loves,grandson,enjoyed,best,christmas
birthday,family,kids,friends,gift,play,loved,year,wonderful,favorite,enjoy,fun,great,daughter,thank,playing,awesome,game,love,games,loves,grandson,enjoyed,best,christmas
birthday,family,kids,friends,gift,play,loved,year,wonderful,favorite,enjoy,fun,great,daughter,thank,playing,awesome,game,love,games,loves,grandson,enjoyed,best,christmas
birthday,family,kids,friends,gift,play,loved,year,wonderful,favorite,enjoy,fun,great,daughter,thank,playing,awesome,game,love,games,loves,grandson,enjoyed,best,christmas
birthday,family,kids,friends,gift,play,loved,year,wonderful,favorite,enjoy,fun,great,daughter,thank,playing,awesome,game,love,games,loves,grandson,enjoyed,best,christmas
birthday,family,kids,friends,gift,play,loved,year,wonderful,favorite,enjoy,fun,great,daughter,thank,playing,awesome,game,love,games,loves,grandson,enjoyed,best,christmas
birthday,family,kids,friends,gift,play,loved,year,wonderful,favorite,enjoy,fun,great,daughter,thank,playing,awesome,game,love,games,loves,grandson,enjoyed,best,christmas
birthday,family,kids,friends,gift,play,loved,year,wonderful,favorite,enjoy,fun,great,daughter,thank,playing,awesome,game,love,games,loves,grandson,enjoyed,best,christmas
birthday,family,kids,friends,gift,play,loved,year,wonderful,favorite,enjoy,fun,great,daughter,thank,playing,awesome,game,love,games,loves,grandson,enjoyed,best,christmas
birthday,family,kids,friends,gift,play,loved,year,wonderful,favorite,enjoy,fun,great,daughter,thank,playing,awesome,game,love,games,loves,grandson,enjoyed,best,christmas
birthday,family,kids,friends,gift,play,loved,year,wonderful,favorite,enjoy,fun,great,daughter,thank,playing,awesome,game,love,games,loves,grandson,enjoyed,best,christmas
birthday,family,kids,friends,gift,play,loved,year,wonderful,favorite,enjoy,fun,great,daughter,thank,playing,awesome,game,love,games,loves,grandson,enjoyed,best,christmas
birthday,family,kids,friends,gift,play,loved,year,wonderful,favorite,enjoy,fun,great,daughter,thank,playing,awesome,game,love,games,loves,grandson,enjoyed,best,christmas
birthday,family,kids,friends,gift,play,loved,year,wonderful,favorite,enjoy,fun,great,daughter,thank,playing,awesome,game,love,games,loves,grandson,enjoyed,best,christmas
birthday,family,kids,friends,gift,play,loved,year,wonderful,favorite,enjoy,fun,great,daughter,thank,playing,awesome,game,love,games,loves,grandson,enjoyed,best,christmas
birthday,family,kids,friends,gift,play,loved,year,wonderful,favorite,enjoy,fun,great,daughter,thank,playing,awesome,game,love,games,loves,grandson,enjoyed,best,christmas
birthday,family,kids,friends,gift,play,loved,year,wonderful,favorite,enjoy,fun,great,daughter,thank,playing,awesome,game,love,games,loves,grandson,enjoyed,best,christmas
birthday,family,kids,friends,gift,play,loved,year,wonderful,favorite,enjoy,fun,great,daughter,thank,playing,awesome,game,love,games,loves,grandson,enjoyed,best,christmas
birthday,family,kids,friends,gift,play,loved,year,wonderful,favorite,enjoy,fun,great,daughter,thank,playing,awesome,game,love,games,loves,grandson,enjoyed,best,christmas
birthday,family,kids,friends,gift,play,loved,year,wonderful,favorite,enjoy,fun,great,daughter,thank,playing,awesome,game,love,games,loves,grandson,enjoyed,best,christmas
birthday,family,kids,friends,gift,play,loved,year,wonderful,favorite,enjoy,fun,great,daughter,thank,playing,awesome,game,love,games,loves,grandson,enjoyed,best,christmas
birthday,family,kids,friends,gift,play,loved,year,wonderful,favorite,enjoy,fun,great,daughter,thank,playing,awesome,game,love,games,loves,grandson,enjoyed,best,christmas
birthday,family,kids,friends,gift,play,loved,year,wonderful,favorite,enjoy,fun,great,daughter,thank,playing,awesome,game,love,games,loves,grandson,enjoyed,best,christmas
birthday,family,kids,friends,gift,play,loved,year,wonderful,favorite,enjoy,fun,great,daughter,thank,playing,awesome,game,love,games,loves,grandson,enjoyed,best,christmas
birthday,family,kids,friends,gift,play,loved,year,wonderful,favorite,enjoy,fun,great,daughter,thank,playing,awesome,game,love,games,loves,grandson,enjoyed,best,christmas
birthday,family,kids,friends,gift,play,loved,year,wonderful,favorite,enjoy,fun,great,daughter,thank,playing,awesome,game,love,games,loves,grandson,enjoyed,best,christmas
birthday,family,kids,friends,gift,play,loved,year,wonderful,favorite,enjoy,fun,great,daughter,thank,playing,awesome,game,love,games,loves,grandson,enjoyed,best,christmas
birthday,family,kids,friends,gift,play,loved,year,wonderful,favorite,enjoy,fun,great,daughter,thank,playing,awesome,game,love,games,loves,grandson,enjoyed,best,christmas
birthday,family,kids,friends,gift,play,loved,year,wonderful,favorite,enjoy,fun,great,daughter,thank,playing,awesome,game,love,games,loves,grandson,enjoyed,best,christmas
birthday,family,kids,friends,gift,play,loved,year,wonderful,favorite,enjoy,fun,great,daughter,thank,playing,awesome,game,love,games,loves,grandson,enjoyed,best,christmas
birthday,family,kids,friends,gift,play,loved,year,wonderful,favorite,enjoy,fun,great,daughter,thank,playing,awesome,game,love,games,loves,grandson,enjoyed,best,christmas
birthday,family,kids,friends,gift,play,loved,year,wonderful,favorite,enjoy,fun,great,daughter,thank,playing,awesome,game,love,games,loves,grandson,enjoyed,best,christmas
birthday,family,kids,friends,gift,play,loved,year,wonderful,favorite,enjoy,fun,great,daughter,thank,playing,awesome,game,love,games,loves,grandson,enjoyed,best,christmas
birthday,family,kids,friends,gift,play,loved,year,wonderful,favorite,enjoy,fun,great,daughter,thank,playing,awesome,game,love,games,loves,grandson,enjoyed,best,christmas
birthday,family,kids,friends,gift,play,loved,year,wonderful,favorite,enjoy,fun,great,daughter,thank,playing,awesome,game,love,games,loves,grandson,enjoyed,best,christmas
birthday,family,kids,friends,gift,play,loved,year,wonderful,favorite,enjoy,fun,great,daughter,thank,playing,awesome,game,love,games,loves,grandson,enjoyed,best,christmas
birthday,family,kids,friends,gift,play,loved,year,wonderful,favorite,enjoy,fun,great,daughter,thank,playing,awesome,game,love,games,loves,grandson,enjoyed,best,christmas
birthday,family,kids,friends,gift,play,loved,year,wonderful,favorite,enjoy,fun,great,daughter,thank,playing,awesome,game,love,games,loves,grandson,enjoyed,best,christmas
birthday,family,kids,friends,gift,play,loved,year,wonderful,favorite,enjoy,fun,great,daughter,thank,playing,awesome,game,love,games,loves,grandson,enjoyed,best,christmas
birthday,family,kids,friends,gift,play,loved,year,wonderful,favorite,enjoy,fun,great,daughter,thank,playing,awesome,game,love,games,loves,grandson,enjoyed,best,christmas
birthday,family,kids,friends,gift,play,loved,year,wonderful,favorite,enjoy,fun,great,daughter,thank,playing,awesome,game,love,games,loves,grandson,enjoyed,best,christmas
birthday,family,kids,friends,gift,play,loved,year,wonderful,favorite,enjoy,fun,great,daughter,thank,playing,awesome,game,love,games,loves,grandson,enjoyed,best,christmas
birthday,family,kids,friends,gift,play,loved,year,wonderful,favorite,enjoy,fun,great,daughter,thank,playing,awesome,game,love,games,loves,grandson,enjoyed,best,christmas
birthday,family,kids,friends,gift,play,loved,year,wonderful,favorite,enjoy,fun,great,daughter,thank,playing,awesome,game,love,games,loves,grandson,enjoyed,best,christmas
birthday,family,kids,friends,gift,play,loved,year,wonderful,favorite,enjoy,fun,great,daughter,thank,playing,awesome,game,love,games,loves,grandson,enjoyed,best,christmas
birthday,family,kids,friends,gift,play,loved,year,wonderful,favorite,enjoy,fun,great,daughter,thank,playing,awesome,game,love,games,loves,grandson,enjoyed,best,christmas
birthday,family,kids,friends,gift,play,loved,year,wonderful,favorite,enjoy,fun,great,daughter,thank,playing,awesome,game,love,games,loves,grandson,enjoyed,best,christmas
birthday,family,kids,friends,gift,play,loved,year,wonderful,favorite,enjoy,fun,great,daughter,thank,playing,awesome,game,love,games,loves,grandson,enjoyed,best,christmas
birthday,family,kids,friends,gift,play,loved,year,wonderful,favorite,enjoy,fun,great,daughter,thank,playing,awesome,game,love,games,loves,grandson,enjoyed,best,christmas
birthday,family,kids,friends,gift,play,loved,year,wonderful,favorite,enjoy,fun,great,daughter,thank,playing,awesome,game,love,games,loves,grandson,enjoyed,best,christmas
birthday,family,kids,friends,gift,play,loved,year,wonderful,favorite,enjoy,fun,great,daughter,thank,playing,awesome,game,love,games,loves,grandson,enjoyed,best,christmas
birthday,family,kids,friends,gift,play,loved,year,wonderful,favorite,enjoy,fun,great,daughter,thank,playing,awesome,game,love,games,loves,grandson,enjoyed,best,christmas
birthday,family,kids,friends,gift,play,loved,year,wonderful,favorite,enjoy,fun,great,daughter,thank,playing,awesome,game,love,games,loves,grandson,enjoyed,best,christmas
birthday,family,kids,friends,gift,play,loved,year,wonderful,favorite,enjoy,fun,great,daughter,thank,playing,awesome,game,love,games,loves,grandson,enjoyed,best,christmas
birthday,family,kids,friends,gift,play,loved,year,wonderful,favorite,enjoy,fun,great,daughter,thank,playing,awesome,game,love,games,loves,grandson,enjoyed,best,christmas
birthday,family,kids,friends,gift,play,loved,year,wonderful,favorite,enjoy,fun,great,daughter,thank,playing,awesome,game,love,games,loves,grandson,enjoyed,best,christmas
birthday,family,kids,friends,gift,play,loved,year,wonderful,favorite,enjoy,fun,great,daughter,thank,playing,awesome,game,love,games,loves,grandson,enjoyed,best,christmas
birthday,family,kids,friends,gift,play,loved,year,wonderful,favorite,enjoy,fun,great,daughter,thank,playing,awesome,game,love,games,loves,grandson,enjoyed,best,christmas
birthday,family,kids,friends,gift,play,loved,year,wonderful,favorite,enjoy,fun,great,daughter,thank,playing,awesome,game,love,games,loves,grandson,enjoyed,best,christmas
birthday,family,kids,friends,gift,play,loved,year,wonderful,favorite,enjoy,fun,great,daughter,thank,playing,awesome,game,love,games,loves,grandson,enjoyed,best,christmas
birthday,family,kids,friends,gift,play,loved,year,wonderful,favorite,enjoy,fun,great,daughter,thank,playing,awesome,game,love,games,loves,grandson,enjoyed,best,christmas
birthday,family,kids,friends,gift,play,loved,year,wonderful,favorite,enjoy,fun,great,daughter,thank,playing,awesome,game,love,games,loves,grandson,enjoyed,best,christmas
birthday,family,kids,friends,gift,play,loved,year,wonderful,favorite,enjoy,fun,great,daughter,thank,playing,awesome,game,love,games,loves,grandson,enjoyed,best,christmas
birthday,family,kids,friends,gift,play,loved,year,wonderful,favorite,enjoy,fun,great,daughter,thank,playing,awesome,game,love,games,loves,grandson,enjoyed,best,christmas
birthday,family,kids,friends,gift,play,loved,year,wonderful,favorite,enjoy,fun,great,daughter,thank,playing,awesome,game,love,games,loves,grandson,enjoyed,best,christmas
birthday,family,kids,friends,gift,play,loved,year,wonderful,favorite,enjoy,fun,great,daughter,thank,playing,awesome,game,love,games,loves,grandson,enjoyed,best,christmas
birthday,family,kids,friends,gift,play,loved,year,wonderful,favorite,enjoy,fun,great,daughter,thank,playing,awesome,game,love,games,loves,grandson,enjoyed,best,christmas
birthday,family,kids,friends,gift,play,loved,year,wonderful,favorite,enjoy,fun,great,daughter,thank,playing,awesome,game,love,games,loves,grandson,enjoyed,best,christmas
birthday,family,kids,friends,gift,play,loved,year,wonderful,favorite,enjoy,fun,great,daughter,thank,playing,awesome,game,love,games,loves,grandson,enjoyed,best,christmas
birthday,family,kids,friends,gift,play,loved,year,wonderful,favorite,enjoy,fun,great,daughter,thank,playing,awesome,game,love,games,loves,grandson,enjoyed,best,christmas
birthday,family,kids,friends,gift,play,loved,year,wonderful,favorite,enjoy,fun,great,daughter,thank,playing,awesome,game,love,games,loves,grandson,enjoyed,best,christmas
birthday,family,kids,friends,gift,play,loved,year,wonderful,favorite,enjoy,fun,great,daughter,thank,playing,awesome,game,love,games,loves,grandson,enjoyed,best,christmas
birthday,family,kids,friends,gift,play,loved,year,wonderful,favorite,enjoy,fun,great,daughter,thank,playing,awesome,game,love,games,loves,grandson,enjoyed,best,christmas
birthday,family,kids,friends,gift,play,loved,year,wonderful,favorite,enjoy,fun,great,daughter,thank,playing,awesome,game,love,games,loves,grandson,enjoyed,best,christmas
birthday,family,kids,friends,gift,play,loved,year,wonderful,favorite,enjoy,fun,great,daughter,thank,playing,awesome,game,love,games,loves,grandson,enjoyed,best,christmas
birthday,family,kids,friends,gift,play,loved,year,wonderful,favorite,enjoy,fun,great,daughter,thank,playing,awesome,game,love,games,loves,grandson,enjoyed,best,christmas
birthday,family,kids,friends,gift,play,loved,year,wonderful,favorite,enjoy,fun,great,daughter,thank,playing,awesome,game,love,games,loves,grandson,enjoyed,best,christmas
birthday,family,kids,friends,gift,play,loved,year,wonderful,favorite,enjoy,fun,great,daughter,thank,playing,awesome,game,love,games,loves,grandson,enjoyed,best,christmas
birthday,family,kids,friends,gift,play,loved,year,wonderful,favorite,enjoy,fun,great,daughter,thank,playing,awesome,game,love,games,loves,grandson,enjoyed,best,christmas
birthday,family,kids,friends,gift,play,loved,year,wonderful,favorite,enjoy,fun,great,daughter,thank,playing,awesome,game,love,games,loves,grandson,enjoyed,best,christmas
birthday,family,kids,friends,gift,play,loved,year,wonderful,favorite,enjoy,fun,great,daughter,thank,playing,awesome,game,love,games,loves,grandson,enjoyed,best,christmas
birthday,family,kids,friends,gift,play,loved,year,wonderful,favorite,enjoy,fun,great,daughter,thank,playing,awesome,game,love,games,loves,grandson,enjoyed,best,christmas
birthday,family,kids,friends,gift,play,loved,year,wonderful,favorite,enjoy,fun,great,daughter,thank,playing,awesome,game,love,games,loves,grandson,enjoyed,best,christmas
birthday,family,kids,friends,gift,play,loved,year,wonderful,favorite,enjoy,fun,great,daughter,thank,playing,awesome,game,love,games,loves,grandson,enjoyed,best,christmas
birthday,family,kids,friends,gift,play,loved,year,wonderful,favorite,enjoy,fun,great,daughter,thank,playing,awesome,game,love,games,loves,grandson,enjoyed,best,christmas
birthday,family,kids,friends,gift,play,loved,year,wonderful,favorite,enjoy,fun,great,daughter,thank,playing,awesome,game,love,games,loves,grandson,enjoyed,best,christmas
birthday,family,kids,friends,gift,play,loved,year,wonderful,favorite,enjoy,fun,great,daughter,thank,playing,awesome,game,love,games,loves,grandson,enjoyed,best,christmas
birthday,family,kids,friends,gift,play,loved,year,wonderful,favorite,enjoy,fun,great,daughter,thank,playing,awesome,game,love,games,loves,grandson,enjoyed,best,christmas
birthday,family,kids,friends,gift,play,loved,year,wonderful,favorite,enjoy,fun,great,daughter,thank,playing,awesome,game,love,games,loves,grandson,enjoyed,best,christmas
birthday,family,kids,friends,gift,play,loved,year,wonderful,favorite,enjoy,fun,great,daughter,thank,playing,awesome,game,love,games,loves,grandson,enjoyed,best,christmas
birthday,family,kids,friends,gift,play,loved,year,wonderful,favorite,enjoy,fun,great,daughter,thank,playing,awesome,game,love,games,loves,grandson,enjoyed,best,christmas
birthday,family,kids,friends,gift,play,loved,year,wonderful,favorite,enjoy,fun,great,daughter,thank,playing,awesome,game,love,games,loves,grandson,enjoyed,best,christmas
birthday,family,kids,friends,gift,play,loved,year,wonderful,favorite,enjoy,fun,great,daughter,thank,playing,awesome,game,love,games,loves,grandson,enjoyed,best,christmas
birthday,family,kids,friends,gift,play,loved,year,wonderful,favorite,enjoy,fun,great,daughter,thank,playing,awesome,game,love,games,loves,grandson,enjoyed,best,christmas
birthday,family,kids,friends,gift,play,loved,year,wonderful,favorite,enjoy,fun,great,daughter,thank,playing,awesome,game,love,games,loves,grandson,enjoyed,best,christmas
birthday,family,kids,friends,gift,play,loved,year,wonderful,favorite,enjoy,fun,great,daughter,thank,playing,awesome,game,love,games,loves,grandson,enjoyed,best,christmas
birthday,family,kids,friends,gift,play,loved,year,wonderful,favorite,enjoy,fun,great,daughter,thank,playing,awesome,game,love,games,loves,grandson,enjoyed,best,christmas
birthday,family,kids,friends,gift,play,loved,year,wonderful,favorite,enjoy,fun,great,daughter,thank,playing,awesome,game,love,games,loves,grandson,enjoyed,best,christmas
birthday,family,kids,friends,gift,play,loved,year,wonderful,favorite,enjoy,fun,great,daughter,thank,playing,awesome,game,love,games,loves,grandson,enjoyed,best,christmas
birthday,family,kids,friends,gift,play,loved,year,wonderful,favorite,enjoy,fun,great,daughter,thank,playing,awesome,game,love,games,loves,grandson,enjoyed,best,christmas
birthday,family,kids,friends,gift,play,loved,year,wonderful,favorite,enjoy,fun,great,daughter,thank,playing,awesome,game,love,games,loves,grandson,enjoyed,best,christmas
birthday,family,kids,friends,gift,play,loved,year,wonderful,favorite,enjoy,fun,great,daughter,thank,playing,awesome,game,love,games,loves,grandson,enjoyed,best,christmas
birthday,family,kids,friends,gift,play,loved,year,wonderful,favorite,enjoy,fun,great,daughter,thank,playing,awesome,game,love,games,loves,grandson,enjoyed,best,christmas
birthday,family,kids,friends,gift,play,loved,year,wonderful,favorite,enjoy,fun,great,daughter,thank,playing,awesome,game,love,games,loves,grandson,enjoyed,best,christmas
birthday,family,kids,friends,gift,play,loved,year,wonderful,favorite,enjoy,fun,great,daughter,thank,playing,awesome,game,love,games,loves,grandson,enjoyed,best,christmas
birthday,family,kids,friends,gift,play,loved,year,wonderful,favorite,enjoy,fun,great,daughter,thank,playing,awesome,game,love,games,loves,grandson,enjoyed,best,christmas
birthday,family,kids,friends,gift,play,loved,year,wonderful,favorite,enjoy,fun,great,daughter,thank,playing,awesome,game,love,games,loves,grandson,enjoyed,best,christmas
birthday,family,kids,friends,gift,play,loved,year,wonderful,favorite,enjoy,fun,great,daughter,thank,playing,awesome,game,love,games,loves,grandson,enjoyed,best,christmas
birthday,family,kids,friends,gift,play,loved,year,wonderful,favorite,enjoy,fun,great,daughter,thank,playing,awesome,game,love,games,loves,grandson,enjoyed,best,christmas
birthday,family,kids,friends,gift,play,loved,year,wonderful,favorite,enjoy,fun,great,daughter,thank,playing,awesome,game,love,games,loves,grandson,enjoyed,best,christmas
birthday,family,kids,friends,gift,play,loved,year,wonderful,favorite,enjoy,fun,great,daughter,thank,playing,awesome,game,love,games,loves,grandson,enjoyed,best,christmas
birthday,family,kids,friends,gift,play,loved,year,wonderful,favorite,enjoy,fun,great,daughter,thank,playing,awesome,game,love,games,loves,grandson,enjoyed,best,christmas
birthday,family,kids,friends,gift,play,loved,year,wonderful,favorite,enjoy,fun,great,daughter,thank,playing,awesome,game,love,games,loves,grandson,enjoyed,best,christmas
birthday,family,kids,friends,gift,play,loved,year,wonderful,favorite,enjoy,fun,great,daughter,thank,playing,awesome,game,love,games,loves,grandson,enjoyed,best,christmas
birthday,family,kids,friends,gift,play,loved,year,wonderful,favorite,enjoy,fun,great,daughter,thank,playing,awesome,game,love,games,loves,grandson,enjoyed,best,christmas
birthday,family,kids,friends,gift,play,loved,year,wonderful,favorite,enjoy,fun,great,daughter,thank,playing,awesome,game,love,games,loves,grandson,enjoyed,best,christmas
birthday,family,kids,friends,gift,play,loved,year,wonderful,favorite,enjoy,fun,great,daughter,thank,playing,awesome,game,love,games,loves,grandson,enjoyed,best,christmas
birthday,family,kids,friends,gift,play,loved,year,wonderful,favorite,enjoy,fun,great,daughter,thank,playing,awesome,game,love,games,loves,grandson,enjoyed,best,christmas
birthday,family,kids,friends,gift,play,loved,year,wonderful,favorite,enjoy,fun,great,daughter,thank,playing,awesome,game,love,games,loves,grandson,enjoyed,best,christmas
birthday,family,kids,friends,gift,play,loved,year,wonderful,favorite,enjoy,fun,great,daughter,thank,playing,awesome,game,love,games,loves,grandson,enjoyed,best,christmas
birthday,family,kids,friends,gift,play,loved,year,wonderful,favorite,enjoy,fun,great,daughter,thank,playing,awesome,game,love,games,loves,grandson,enjoyed,best,christmas
birthday,family,kids,friends,gift,play,loved,year,wonderful,favorite,enjoy,fun,great,daughter,thank,playing,awesome,game,love,games,loves,grandson,enjoyed,best,christmas
birthday,family,kids,friends,gift,play,loved,year,wonderful,favorite,enjoy,fun,great,daughter,thank,playing,awesome,game,love,games,loves,grandson,enjoyed,best,christmas
birthday,family,kids,friends,gift,play,loved,year,wonderful,favorite,enjoy,fun,great,daughter,thank,playing,awesome,game,love,games,loves,grandson,enjoyed,best,christmas
birthday,family,kids,friends,gift,play,loved,year,wonderful,favorite,enjoy,fun,great,daughter,thank,playing,awesome,game,love,games,loves,grandson,enjoyed,best,christmas
birthday,family,kids,friends,gift,play,loved,year,wonderful,favorite,enjoy,fun,great,daughter,thank,playing,awesome,game,love,games,loves,grandson,enjoyed,best,christmas
birthday,family,kids,friends,gift,play,loved,year,wonderful,favorite,enjoy,fun,great,daughter,thank,playing,awesome,game,love,games,loves,grandson,enjoyed,best,christmas
birthday,family,kids,friends,gift,play,loved,year,wonderful,favorite,enjoy,fun,great,daughter,thank,playing,awesome,game,love,games,loves,grandson,enjoyed,best,christmas
birthday,family,kids,friends,gift,play,loved,year,wonderful,favorite,enjoy,fun,great,daughter,thank,playing,awesome,game,love,games,loves,grandson,enjoyed,best,christmas
birthday,family,kids,friends,gift,play,loved,year,wonderful,favorite,enjoy,fun,great,daughter,thank,playing,awesome,game,love,games,loves,grandson,enjoyed,best,christmas
birthday,family,kids,friends,gift,play,loved,year,wonderful,favorite,enjoy,fun,great,daughter,thank,playing,awesome,game,love,games,loves,grandson,enjoyed,best,christmas
birthday,family,kids,friends,gift,play,loved,year,wonderful,favorite,enjoy,fun,great,daughter,thank,playing,awesome,game,love,games,loves,grandson,enjoyed,best,christmas
birthday,family,kids,friends,gift,play,loved,year,wonderful,favorite,enjoy,fun,great,daughter,thank,playing,awesome,game,love,games,loves,grandson,enjoyed,best,christmas
birthday,family,kids,friends,gift,play,loved,year,wonderful,favorite,enjoy,fun,great,daughter,thank,playing,awesome,game,love,games,loves,grandson,enjoyed,best,christmas
birthday,family,kids,friends,gift,play,loved,year,wonderful,favorite,enjoy,fun,great,daughter,thank,playing,awesome,game,love,games,loves,grandson,enjoyed,best,christmas
birthday,family,kids,friends,gift,play,loved,year,wonderful,favorite,enjoy,fun,great,daughter,thank,playing,awesome,game,love,games,loves,grandson,enjoyed,best,christmas
birthday,family,kids,friends,gift,play,loved,year,wonderful,favorite,enjoy,fun,great,daughter,thank,playing,awesome,game,love,games,loves,grandson,enjoyed,best,christmas
birthday,family,kids,friends,gift,play,loved,year,wonderful,favorite,enjoy,fun,great,daughter,thank,playing,awesome,game,love,games,loves,grandson,enjoyed,best,christmas
birthday,family,kids,friends,gift,play,loved,year,wonderful,favorite,enjoy,fun,great,daughter,thank,playing,awesome,game,love,games,loves,grandson,enjoyed,best,christmas
birthday,family,kids,friends,gift,play,loved,year,wonderful,favorite,enjoy,fun,great,daughter,thank,playing,awesome,game,love,games,loves,grandson,enjoyed,best,christmas
birthday,family,kids,friends,gift,play,loved,year,wonderful,favorite,enjoy,fun,great,daughter,thank,playing,awesome,game,love,games,loves,grandson,enjoyed,best,christmas
birthday,family,kids,friends,gift,play,loved,year,wonderful,favorite,enjoy,fun,great,daughter,thank,playing,awesome,game,love,games,loves,grandson,enjoyed,best,christmas
birthday,family,kids,friends,gift,play,loved,year,wonderful,favorite,enjoy,fun,great,daughter,thank,playing,awesome,game,love,games,loves,grandson,enjoyed,best,christmas
birthday,family,kids,friends,gift,play,loved,year,wonderful,favorite,enjoy,fun,great,daughter,thank,playing,awesome,game,love,games,loves,grandson,enjoyed,best,christmas
birthday,family,kids,friends,gift,play,loved,year,wonderful,favorite,enjoy,fun,great,daughter,thank,playing,awesome,game,love,games,loves,grandson,enjoyed,best,christmas
birthday,family,kids,friends,gift,play,loved,year,wonderful,favorite,enjoy,fun,great,daughter,thank,playing,awesome,game,love,games,loves,grandson,enjoyed,best,christmas
birthday,family,kids,friends,gift,play,loved,year,wonderful,favorite,enjoy,fun,great,daughter,thank,playing,awesome,game,love,games,loves,grandson,enjoyed,best,christmas
birthday,family,kids,friends,gift,play,loved,year,wonderful,favorite,enjoy,fun,great,daughter,thank,playing,awesome,game,love,games,loves,grandson,enjoyed,best,christmas
birthday,family,kids,friends,gift,play,loved,year,wonderful,favorite,enjoy,fun,great,daughter,thank,playing,awesome,game,love,games,loves,grandson,enjoyed,best,christmas
birthday,family,kids,friends,gift,play,loved,year,wonderful,favorite,enjoy,fun,great,daughter,thank,playing,awesome,game,love,games,loves,grandson,enjoyed,best,christmas
birthday,family,kids,friends,gift,play,loved,year,wonderful,favorite,enjoy,fun,great,daughter,thank,playing,awesome,game,love,games,loves,grandson,enjoyed,best,christmas
birthday,family,kids,friends,gift,play,loved,year,wonderful,favorite,enjoy,fun,great,daughter,thank,playing,awesome,game,love,games,loves,grandson,enjoyed,best,christmas
birthday,family,kids,friends,gift,play,loved,year,wonderful,favorite,enjoy,fun,great,daughter,thank,playing,awesome,game,love,games,loves,grandson,enjoyed,best,christmas
birthday,family,kids,friends,gift,play,loved,year,wonderful,favorite,enjoy,fun,great,daughter,thank,playing,awesome,game,love,games,loves,grandson,enjoyed,best,christmas
birthday,family,kids,friends,gift,play,loved,year,wonderful,favorite,enjoy,fun,great,daughter,thank,playing,awesome,game,love,games,loves,grandson,enjoyed,best,christmas
birthday,family,kids,friends,gift,play,loved,year,wonderful,favorite,enjoy,fun,great,daughter,thank,playing,awesome,game,love,games,loves,grandson,enjoyed,best,christmas
birthday,family,kids,friends,gift,play,loved,year,wonderful,favorite,enjoy,fun,great,daughter,thank,playing,awesome,game,love,games,loves,grandson,enjoyed,best,christmas
birthday,family,kids,friends,gift,play,loved,year,wonderful,favorite,enjoy,fun,great,daughter,thank,playing,awesome,game,love,games,loves,grandson,enjoyed,best,christmas
birthday,family,kids,friends,gift,play,loved,year,wonderful,favorite,enjoy,fun,great,daughter,thank,playing,awesome,game,love,games,loves,grandson,enjoyed,best,christmas
birthday,family,kids,friends,gift,play,loved,year,wonderful,favorite,enjoy,fun,great,daughter,thank,playing,awesome,game,love,games,loves,grandson,enjoyed,best,christmas
birthday,family,kids,friends,gift,play,loved,year,wonderful,favorite,enjoy,fun,great,daughter,thank,playing,awesome,game,love,games,loves,grandson,enjoyed,best,christmas
birthday,family,kids,friends,gift,play,loved,year,wonderful,favorite,enjoy,fun,great,daughter,thank,playing,awesome,game,love,games,loves,grandson,enjoyed,best,christmas
birthday,family,kids,friends,gift,play,loved,year,wonderful,favorite,enjoy,fun,great,daughter,thank,playing,awesome,game,love,games,loves,grandson,enjoyed,best,christmas
birthday,family,kids,friends,gift,play,loved,year,wonderful,favorite,enjoy,fun,great,daughter,thank,playing,awesome,game,love,games,loves,grandson,enjoyed,best,christmas
birthday,family,kids,friends,gift,play,loved,year,wonderful,favorite,enjoy,fun,great,daughter,thank,playing,awesome,game,love,games,loves,grandson,enjoyed,best,christmas
birthday,family,kids,friends,gift,play,loved,year,wonderful,favorite,enjoy,fun,great,daughter,thank,playing,awesome,game,love,games,loves,grandson,enjoyed,best,christmas
birthday,family,kids,friends,gift,play,loved,year,wonderful,favorite,enjoy,fun,great,daughter,thank,playing,awesome,game,love,games,loves,grandson,enjoyed,best,christmas
birthday,family,kids,friends,gift,play,loved,year,wonderful,favorite,enjoy,fun,great,daughter,thank,playing,awesome,game,love,games,loves,grandson,enjoyed,best,christmas
birthday,family,kids,friends,gift,play,loved,year,wonderful,favorite,enjoy,fun,great,daughter,thank,playing,awesome,game,love,games,loves,grandson,enjoyed,best,christmas
birthday,family,kids,friends,gift,play,loved,year,wonderful,favorite,enjoy,fun,great,daughter,thank,playing,awesome,game,love,games,loves,grandson,enjoyed,best,christmas
birthday,family,kids,friends,gift,play,loved,year,wonderful,favorite,enjoy,fun,great,daughter,thank,playing,awesome,game,love,games,loves,grandson,enjoyed,best,christmas
birthday,family,kids,friends,gift,play,loved,year,wonderful,favorite,enjoy,fun,great,daughter,thank,playing,awesome,game,love,games,loves,grandson,enjoyed,best,christmas
birthday,family,kids,friends,gift,play,loved,year,wonderful,favorite,enjoy,fun,great,daughter,thank,playing,awesome,game,love,games,loves,grandson,enjoyed,best,christmas
birthday,family,kids,friends,gift,play,loved,year,wonderful,favorite,enjoy,fun,great,daughter,thank,playing,awesome,game,love,games,loves,grandson,enjoyed,best,christmas
birthday,family,kids,friends,gift,play,loved,year,wonderful,favorite,enjoy,fun,great,daughter,thank,playing,awesome,game,love,games,loves,grandson,enjoyed,best,christmas
birthday,family,kids,friends,gift,play,loved,year,wonderful,favorite,enjoy,fun,great,daughter,thank,playing,awesome,game,love,games,loves,grandson,enjoyed,best,christmas
birthday,family,kids,friends,gift,play,loved,year,wonderful,favorite,enjoy,fun,great,daughter,thank,playing,awesome,game,love,games,loves,grandson,enjoyed,best,christmas
birthday,family,kids,friends,gift,play,loved,year,wonderful,favorite,enjoy,fun,great,daughter,thank,playing,awesome,game,love,games,loves,grandson,enjoyed,best,christmas
birthday,family,kids,friends,gift,play,loved,year,wonderful,favorite,enjoy,fun,great,daughter,thank,playing,awesome,game,love,games,loves,grandson,enjoyed,best,christmas
birthday,family,kids,friends,gift,play,loved,year,wonderful,favorite,enjoy,fun,great,daughter,thank,playing,awesome,game,love,games,loves,grandson,enjoyed,best,christmas
birthday,family,kids,friends,gift,play,loved,year,wonderful,favorite,enjoy,fun,great,daughter,thank,playing,awesome,game,love,games,loves,grandson,enjoyed,best,christmas
birthday,family,kids,friends,gift,play,loved,year,wonderful,favorite,enjoy,fun,great,daughter,thank,playing,awesome,game,love,games,loves,grandson,enjoyed,best,christmas
birthday,family,kids,friends,gift,play,loved,year,wonderful,favorite,enjoy,fun,great,daughter,thank,playing,awesome,game,love,games,loves,grandson,enjoyed,best,christmas
birthday,family,kids,friends,gift,play,loved,year,wonderful,favorite,enjoy,fun,great,daughter,thank,playing,awesome,game,love,games,loves,grandson,enjoyed,best,christmas
birthday,family,kids,friends,gift,play,loved,year,wonderful,favorite,enjoy,fun,great,daughter,thank,playing,awesome,game,love,games,loves,grandson,enjoyed,best,christmas
birthday,family,kids,friends,gift,play,loved,year,wonderful,favorite,enjoy,fun,great,daughter,thank,playing,awesome,game,love,games,loves,grandson,enjoyed,best,christmas
birthday,family,kids,friends,gift,play,loved,year,wonderful,favorite,enjoy,fun,great,daughter,thank,playing,awesome,game,love,games,loves,grandson,enjoyed,best,christmas
birthday,family,kids,friends,gift,play,loved,year,wonderful,favorite,enjoy,fun,great,daughter,thank,playing,awesome,game,love,games,loves,grandson,enjoyed,best,christmas
birthday,family,kids,friends,gift,play,loved,year,wonderful,favorite,enjoy,fun,great,daughter,thank,playing,awesome,game,love,games,loves,grandson,enjoyed,best,christmas
birthday,family,kids,friends,gift,play,loved,year,wonderful,favorite,enjoy,fun,great,daughter,thank,playing,awesome,game,love,games,loves,grandson,enjoyed,best,christmas
birthday,family,kids,friends,gift,play,loved,year,wonderful,favorite,enjoy,fun,great,daughter,thank,playing,awesome,game,love,games,loves,grandson,enjoyed,best,christmas
birthday,family,kids,friends,gift,play,loved,year,wonderful,favorite,enjoy,fun,great,daughter,thank,playing,awesome,game,love,games,loves,grandson,enjoyed,best,christmas
birthday,family,kids,friends,gift,play,loved,year,wonderful,favorite,enjoy,fun,great,daughter,thank,playing,awesome,game,love,games,loves,grandson,enjoyed,best,christmas
birthday,family,kids,friends,gift,play,loved,year,wonderful,favorite,enjoy,fun,great,daughter,thank,playing,awesome,game,love,games,loves,grandson,enjoyed,best,christmas
birthday,family,kids,friends,gift,play,loved,year,wonderful,favorite,enjoy,fun,great,daughter,thank,playing,awesome,game,love,games,loves,grandson,enjoyed,best,christmas
birthday,family,kids,friends,gift,play,loved,year,wonderful,favorite,enjoy,fun,great,daughter,thank,playing,awesome,game,love,games,loves,grandson,enjoyed,best,christmas
birthday,family,kids,friends,gift,play,loved,year,wonderful,favorite,enjoy,fun,great,daughter,thank,playing,awesome,game,love,games,loves,grandson,enjoyed,best,christmas
birthday,family,kids,friends,gift,play,loved,year,wonderful,favorite,enjoy,fun,great,daughter,thank,playing,awesome,game,love,games,loves,grandson,enjoyed,best,christmas
birthday,family,kids,friends,gift,play,loved,year,wonderful,favorite,enjoy,fun,great,daughter,thank,playing,awesome,game,love,games,loves,grandson,enjoyed,best,christmas
birthday,family,kids,friends,gift,play,loved,year,wonderful,favorite,enjoy,fun,great,daughter,thank,playing,awesome,game,love,games,loves,grandson,enjoyed,best,christmas
birthday,family,kids,friends,gift,play,loved,year,wonderful,favorite,enjoy,fun,great,daughter,thank,playing,awesome,game,love,games,loves,grandson,enjoyed,best,christmas
birthday,family,kids,friends,gift,play,loved,year,wonderful,favorite,enjoy,fun,great,daughter,thank,playing,awesome,game,love,games,loves,grandson,enjoyed,best,christmas
birthday,family,kids,friends,gift,play,loved,year,wonderful,favorite,enjoy,fun,great,daughter,thank,playing,awesome,game,love,games,loves,grandson,enjoyed,best,christmas
birthday,family,kids,friends,gift,play,loved,year,wonderful,favorite,enjoy,fun,great,daughter,thank,playing,awesome,game,love,games,loves,grandson,enjoyed,best,christmas
birthday,family,kids,friends,gift,play,loved,year,wonderful,favorite,enjoy,fun,great,daughter,thank,playing,awesome,game,love,games,loves,grandson,enjoyed,best,christmas
birthday,family,kids,friends,gift,play,loved,year,wonderful,favorite,enjoy,fun,great,daughter,thank,playing,awesome,game,love,games,loves,grandson,enjoyed,best,christmas
birthday,family,kids,friends,gift,play,loved,year,wonderful,favorite,enjoy,fun,great,daughter,thank,playing,awesome,game,love,games,loves,grandson,enjoyed,best,christmas
birthday,family,kids,friends,gift,play,loved,year,wonderful,favorite,enjoy,fun,great,daughter,thank,playing,awesome,game,love,games,loves,grandson,enjoyed,best,christmas
birthday,family,kids,friends,gift,play,loved,year,wonderful,favorite,enjoy,fun,great,daughter,thank,playing,awesome,game,love,games,loves,grandson,enjoyed,best,christmas
birthday,family,kids,friends,gift,play,loved,year,wonderful,favorite,enjoy,fun,great,daughter,thank,playing,awesome,game,love,games,loves,grandson,enjoyed,best,christmas
birthday,family,kids,friends,gift,play,loved,year,wonderful,favorite,enjoy,fun,great,daughter,thank,playing,awesome,game,love,games,loves,grandson,enjoyed,best,christmas
birthday,family,kids,friends,gift,play,loved,year,wonderful,favorite,enjoy,fun,great,daughter,thank,playing,awesome,game,love,games,loves,grandson,enjoyed,best,christmas
birthday,family,kids,friends,gift,play,loved,year,wonderful,favorite,enjoy,fun,great,daughter,thank,playing,awesome,game,love,games,loves,grandson,enjoyed,best,christmas
birthday,family,kids,friends,gift,play,loved,year,wonderful,favorite,enjoy,fun,great,daughter,thank,playing,awesome,game,love,games,loves,grandson,enjoyed,best,christmas
birthday,family,kids,friends,gift,play,loved,year,wonderful,favorite,enjoy,fun,great,daughter,thank,playing,awesome,game,love,games,loves,grandson,enjoyed,best,christmas
birthday,family,kids,friends,gift,play,loved,year,wonderful,favorite,enjoy,fun,great,daughter,thank,playing,awesome,game,love,games,loves,grandson,enjoyed,best,christmas
birthday,family,kids,friends,gift,play,loved,year,wonderful,favorite,enjoy,fun,great,daughter,thank,playing,awesome,game,love,games,loves,grandson,enjoyed,best,christmas
birthday,family,kids,friends,gift,play,loved,year,wonderful,favorite,enjoy,fun,great,daughter,thank,playing,awesome,game,love,games,loves,grandson,enjoyed,best,christmas
birthday,family,kids,friends,gift,play,loved,year,wonderful,favorite,enjoy,fun,great,daughter,thank,playing,awesome,game,love,games,loves,grandson,enjoyed,best,christmas
birthday,family,kids,friends,gift,play,loved,year,wonderful,favorite,enjoy,fun,great,daughter,thank,playing,awesome,game,love,games,loves,grandson,enjoyed,best,christmas
birthday,family,kids,friends,gift,play,loved,year,wonderful,favorite,enjoy,fun,great,daughter,thank,playing,awesome,game,love,games,loves,grandson,enjoyed,best,christmas
birthday,family,kids,friends,gift,play,loved,year,wonderful,favorite,enjoy,fun,great,daughter,thank,playing,awesome,game,love,games,loves,grandson,enjoyed,best,christmas
birthday,family,kids,friends,gift,play,loved,year,wonderful,favorite,enjoy,fun,great,daughter,thank,playing,awesome,game,love,games,loves,grandson,enjoyed,best,christmas
birthday,family,kids,friends,gift,play,loved,year,wonderful,favorite,enjoy,fun,great,daughter,thank,playing,awesome,game,love,games,loves,grandson,enjoyed,best,christmas
birthday,family,kids,friends,gift,play,loved,year,wonderful,favorite,enjoy,fun,great,daughter,thank,playing,awesome,game,love,games,loves,grandson,enjoyed,best,christmas
birthday,family,kids,friends,gift,play,loved,year,wonderful,favorite,enjoy,fun,great,daughter,thank,playing,awesome,game,love,games,loves,grandson,enjoyed,best,christmas
birthday,family,kids,friends,gift,play,loved,year,wonderful,favorite,enjoy,fun,great,daughter,thank,playing,awesome,game,love,games,loves,grandson,enjoyed,best,christmas
birthday,family,kids,friends,gift,play,loved,year,wonderful,favorite,enjoy,fun,great,daughter,thank,playing,awesome,game,love,games,loves,grandson,enjoyed,best,christmas
birthday,family,kids,friends,gift,play,loved,year,wonderful,favorite,enjoy,fun,great,daughter,thank,playing,awesome,game,love,games,loves,grandson,enjoyed,best,christmas
birthday,family,kids,friends,gift,play,loved,year,wonderful,favorite,enjoy,fun,great,daughter,thank,playing,awesome,game,love,games,loves,grandson,enjoyed,best,christmas
birthday,family,kids,friends,gift,play,loved,year,wonderful,favorite,enjoy,fun,great,daughter,thank,playing,awesome,game,love,games,loves,grandson,enjoyed,best,christmas
birthday,family,kids,friends,gift,play,loved,year,wonderful,favorite,enjoy,fun,great,daughter,thank,playing,awesome,game,love,games,loves,grandson,enjoyed,best,christmas
birthday,family,kids,friends,gift,play,loved,year,wonderful,favorite,enjoy,fun,great,daughter,thank,playing,awesome,game,love,games,loves,grandson,enjoyed,best,christmas
birthday,family,kids,friends,gift,play,loved,year,wonderful,favorite,enjoy,fun,great,daughter,thank,playing,awesome,game,love,games,loves,grandson,enjoyed,best,christmas
birthday,family,kids,friends,gift,play,loved,year,wonderful,favorite,enjoy,fun,great,daughter,thank,playing,awesome,game,love,games,loves,grandson,enjoyed,best,christmas
birthday,family,kids,friends,gift,play,loved,year,wonderful,favorite,enjoy,fun,great,daughter,thank,playing,awesome,game,love,games,loves,grandson,enjoyed,best,christmas
birthday,family,kids,friends,gift,play,loved,year,wonderful,favorite,enjoy,fun,great,daughter,thank,playing,awesome,game,love,games,loves,grandson,enjoyed,best,christmas
birthday,family,kids,friends,gift,play,loved,year,wonderful,favorite,enjoy,fun,great,daughter,thank,playing,awesome,game,love,games,loves,grandson,enjoyed,best,christmas
birthday,family,kids,friends,gift,play,loved,year,wonderful,favorite,enjoy,fun,great,daughter,thank,playing,awesome,game,love,games,loves,grandson,enjoyed,best,christmas
birthday,family,kids,friends,gift,play,loved,year,wonderful,favorite,enjoy,fun,great,daughter,thank,playing,awesome,game,love,games,loves,grandson,enjoyed,best,christmas
birthday,family,kids,friends,gift,play,loved,year,wonderful,favorite,enjoy,fun,great,daughter,thank,playing,awesome,game,love,games,loves,grandson,enjoyed,best,christmas
birthday,family,kids,friends,gift,play,loved,year,wonderful,favorite,enjoy,fun,great,daughter,thank,playing,awesome,game,love,games,loves,grandson,enjoyed,best,christmas
birthday,family,kids,friends,gift,play,loved,year,wonderful,favorite,enjoy,fun,great,daughter,thank,playing,awesome,game,love,games,loves,grandson,enjoyed,best,christmas
birthday,family,kids,friends,gift,play,loved,year,wonderful,favorite,enjoy,fun,great,daughter,thank,playing,awesome,game,love,games,loves,grandson,enjoyed,best,christmas
birthday,family,kids,friends,gift,play,loved,year,wonderful,favorite,enjoy,fun,great,daughter,thank,playing,awesome,game,love,games,loves,grandson,enjoyed,best,christmas
birthday,family,kids,friends,gift,play,loved,year,wonderful,favorite,enjoy,fun,great,daughter,thank,playing,awesome,game,love,games,loves,grandson,enjoyed,best,christmas
birthday,family,kids,friends,gift,play,loved,year,wonderful,favorite,enjoy,fun,great,daughter,thank,playing,awesome,game,love,games,loves,grandson,enjoyed,best,christmas
birthday,family,kids,friends,gift,play,loved,year,wonderful,favorite,enjoy,fun,great,daughter,thank,playing,awesome,game,love,games,loves,grandson,enjoyed,best,christmas
birthday,family,kids,friends,gift,play,loved,year,wonderful,favorite,enjoy,fun,great,daughter,thank,playing,awesome,game,love,games,loves,grandson,enjoyed,best,christmas
birthday,family,kids,friends,gift,play,loved,year,wonderful,favorite,enjoy,fun,great,daughter,thank,playing,awesome,game,love,games,loves,grandson,enjoyed,best,christmas
birthday,family,kids,friends,gift,play,loved,year,wonderful,favorite,enjoy,fun,great,daughter,thank,playing,awesome,game,love,games,loves,grandson,enjoyed,best,christmas
birthday,family,kids,friends,gift,play,loved,year,wonderful,favorite,enjoy,fun,great,daughter,thank,playing,awesome,game,love,games,loves,grandson,enjoyed,best,christmas
birthday,family,kids,friends,gift,play,loved,year,wonderful,favorite,enjoy,fun,great,daughter,thank,playing,awesome,game,love,games,loves,grandson,enjoyed,best,christmas
birthday,family,kids,friends,gift,play,loved,year,wonderful,favorite,enjoy,fun,great,daughter,thank,playing,awesome,game,love,games,loves,grandson,enjoyed,best,christmas
birthday,family,kids,friends,gift,play,loved,year,wonderful,favorite,enjoy,fun,great,daughter,thank,playing,awesome,game,love,games,loves,grandson,enjoyed,best,christmas
birthday,family,kids,friends,gift,play,loved,year,wonderful,favorite,enjoy,fun,great,daughter,thank,playing,awesome,game,love,games,loves,grandson,enjoyed,best,christmas
birthday,family,kids,friends,gift,play,loved,year,wonderful,favorite,enjoy,fun,great,daughter,thank,playing,awesome,game,love,games,loves,grandson,enjoyed,best,christmas
birthday,family,kids,friends,gift,play,loved,year,wonderful,favorite,enjoy,fun,great,daughter,thank,playing,awesome,game,love,games,loves,grandson,enjoyed,best,christmas
birthday,family,kids,friends,gift,play,loved,year,wonderful,favorite,enjoy,fun,great,daughter,thank,playing,awesome,game,love,games,loves,grandson,enjoyed,best,christmas
birthday,family,kids,friends,gift,play,loved,year,wonderful,favorite,enjoy,fun,great,daughter,thank,playing,awesome,game,love,games,loves,grandson,enjoyed,best,christmas
birthday,family,kids,friends,gift,play,loved,year,wonderful,favorite,enjoy,fun,great,daughter,thank,playing,awesome,game,love,games,loves,grandson,enjoyed,best,christmas
birthday,family,kids,friends,gift,play,loved,year,wonderful,favorite,enjoy,fun,great,daughter,thank,playing,awesome,game,love,games,loves,grandson,enjoyed,best,christmas
birthday,family,kids,friends,gift,play,loved,year,wonderful,favorite,enjoy,fun,great,daughter,thank,playing,awesome,game,love,games,loves,grandson,enjoyed,best,christmas
birthday,family,kids,friends,gift,play,loved,year,wonderful,favorite,enjoy,fun,great,daughter,thank,playing,awesome,game,love,games,loves,grandson,enjoyed,best,christmas
birthday,family,kids,friends,gift,play,loved,year,wonderful,favorite,enjoy,fun,great,daughter,thank,playing,awesome,game,love,games,loves,grandson,enjoyed,best,christmas
birthday,family,kids,friends,gift,play,loved,year,wonderful,favorite,enjoy,fun,great,daughter,thank,playing,awesome,game,love,games,loves,grandson,enjoyed,best,christmas
birthday,family,kids,friends,gift,play,loved,year,wonderful,favorite,enjoy,fun,great,daughter,thank,playing,awesome,game,love,games,loves,grandson,enjoyed,best,christmas
birthday,family,kids,friends,gift,play,loved,year,wonderful,favorite,enjoy,fun,great,daughter,thank,playing,awesome,game,love,games,loves,grandson,enjoyed,best,christmas
birthday,family,kids,friends,gift,play,loved,year,wonderful,favorite,enjoy,fun,great,daughter,thank,playing,awesome,game,love,games,loves,grandson,enjoyed,best,christmas
birthday,family,kids,friends,gift,play,loved,year,wonderful,favorite,enjoy,fun,great,daughter,thank,playing,awesome,game,love,games,loves,grandson,enjoyed,best,christmas
birthday,family,kids,friends,gift,play,loved,year,wonderful,favorite,enjoy,fun,great,daughter,thank,playing,awesome,game,love,games,loves,grandson,enjoyed,best,christmas
birthday,family,kids,friends,gift,play,loved,year,wonderful,favorite,enjoy,fun,great,daughter,thank,playing,awesome,game,love,games,loves,grandson,enjoyed,best,christmas
birthday,family,kids,friends,gift,play,loved,year,wonderful,favorite,enjoy,fun,great,daughter,thank,playing,awesome,game,love,games,loves,grandson,enjoyed,best,christmas
birthday,family,kids,friends,gift,play,loved,year,wonderful,favorite,enjoy,fun,great,daughter,thank,playing,awesome,game,love,games,loves,grandson,enjoyed,best,christmas
birthday,family,kids,friends,gift,play,loved,year,wonderful,favorite,enjoy,fun,great,daughter,thank,playing,awesome,game,love,games,loves,grandson,enjoyed,best,christmas
birthday,family,kids,friends,gift,play,loved,year,wonderful,favorite,enjoy,fun,great,daughter,thank,playing,awesome,game,love,games,loves,grandson,enjoyed,best,christmas
birthday,family,kids,friends,gift,play,loved,year,wonderful,favorite,enjoy,fun,great,daughter,thank,playing,awesome,game,love,games,loves,grandson,enjoyed,best,christmas
birthday,family,kids,friends,gift,play,loved,year,wonderful,favorite,enjoy,fun,great,daughter,thank,playing,awesome,game,love,games,loves,grandson,enjoyed,best,christmas
birthday,family,kids,friends,gift,play,loved,year,wonderful,favorite,enjoy,fun,great,daughter,thank,playing,awesome,game,love,games,loves,grandson,enjoyed,best,christmas
birthday,family,kids,friends,gift,play,loved,year,wonderful,favorite,enjoy,fun,great,daughter,thank,playing,awesome,game,love,games,loves,grandson,enjoyed,best,christmas
birthday,family,kids,friends,gift,play,loved,year,wonderful,favorite,enjoy,fun,great,daughter,thank,playing,awesome,game,love,games,loves,grandson,enjoyed,best,christmas
birthday,family,kids,friends,gift,play,loved,year,wonderful,favorite,enjoy,fun,great,daughter,thank,playing,awesome,game,love,games,loves,grandson,enjoyed,best,christmas
birthday,family,kids,friends,gift,play,loved,year,wonderful,favorite,enjoy,fun,great,daughter,thank,playing,awesome,game,love,games,loves,grandson,enjoyed,best,christmas
birthday,family,kids,friends,gift,play,loved,year,wonderful,favorite,enjoy,fun,great,daughter,thank,playing,awesome,game,love,games,loves,grandson,enjoyed,best,christmas
birthday,family,kids,friends,gift,play,loved,year,wonderful,favorite,enjoy,fun,great,daughter,thank,playing,awesome,game,love,games,loves,grandson,enjoyed,best,christmas
birthday,family,kids,friends,gift,play,loved,year,wonderful,favorite,enjoy,fun,great,daughter,thank,playing,awesome,game,love,games,loves,grandson,enjoyed,best,christmas
birthday,family,kids,friends,gift,play,loved,year,wonderful,favorite,enjoy,fun,great,daughter,thank,playing,awesome,game,love,games,loves,grandson,enjoyed,best,christmas
birthday,family,kids,friends,gift,play,loved,year,wonderful,favorite,enjoy,fun,great,daughter,thank,playing,awesome,game,love,games,loves,grandson,enjoyed,best,christmas
birthday,family,kids,friends,gift,play,loved,year,wonderful,favorite,enjoy,fun,great,daughter,thank,playing,awesome,game,love,games,loves,grandson,enjoyed,best,christmas
birthday,family,kids,friends,gift,play,loved,year,wonderful,favorite,enjoy,fun,great,daughter,thank,playing,awesome,game,love,games,loves,grandson,enjoyed,best,christmas
birthday,family,kids,friends,gift,play,loved,year,wonderful,favorite,enjoy,fun,great,daughter,thank,playing,awesome,game,love,games,loves,grandson,enjoyed,best,christmas
birthday,family,kids,friends,gift,play,loved,year,wonderful,favorite,enjoy,fun,great,daughter,thank,playing,awesome,game,love,games,loves,grandson,enjoyed,best,christmas
birthday,family,kids,friends,gift,play,loved,year,wonderful,favorite,enjoy,fun,great,daughter,thank,playing,awesome,game,love,games,loves,grandson,enjoyed,best,christmas
birthday,family,kids,friends,gift,play,loved,year,wonderful,favorite,enjoy,fun,great,daughter,thank,playing,awesome,game,love,games,loves,grandson,enjoyed,best,christmas
birthday,family,kids,friends,gift,play,loved,year,wonderful,favorite,enjoy,fun,great,daughter,thank,playing,awesome,game,love,games,loves,grandson,enjoyed,best,christmas
birthday,family,kids,friends,gift,play,loved,year,wonderful,favorite,enjoy,fun,great,daughter,thank,playing,awesome,game,love,games,loves,grandson,enjoyed,best,christmas
birthday,family,kids,friends,gift,play,loved,year,wonderful,favorite,enjoy,fun,great,daughter,thank,playing,awesome,game,love,games,loves,grandson,enjoyed,best,christmas
birthday,family,kids,friends,gift,play,loved,year,wonderful,favorite,enjoy,fun,great,daughter,thank,playing,awesome,game,love,games,loves,grandson,enjoyed,best,christmas
birthday,family,kids,friends,gift,play,loved,year,wonderful,favorite,enjoy,fun,great,daughter,thank,playing,awesome,game,love,games,loves,grandson,enjoyed,best,christmas
birthday,family,kids,friends,gift,play,loved,year,wonderful,favorite,enjoy,fun,great,daughter,thank,playing,awesome,game,love,games,loves,grandson,enjoyed,best,christmas
birthday,family,kids,friends,gift,play,loved,year,wonderful,favorite,enjoy,fun,great,daughter,thank,playing,awesome,game,love,games,loves,grandson,enjoyed,best,christmas
birthday,family,kids,friends,gift,play,loved,year,wonderful,favorite,enjoy,fun,great,daughter,thank,playing,awesome,game,love,games,loves,grandson,enjoyed,best,christmas
birthday,family,kids,friends,gift,play,loved,year,wonderful,favorite,enjoy,fun,great,daughter,thank,playing,awesome,game,love,games,loves,grandson,enjoyed,best,christmas
birthday,family,kids,friends,gift,play,loved,year,wonderful,favorite,enjoy,fun,great,daughter,thank,playing,awesome,game,love,games,loves,grandson,enjoyed,best,christmas
birthday,family,kids,friends,gift,play,loved,year,wonderful,favorite,enjoy,fun,great,daughter,thank,playing,awesome,game,love,games,loves,grandson,enjoyed,best,christmas
birthday,family,kids,friends,gift,play,loved,year,wonderful,favorite,enjoy,fun,great,daughter,thank,playing,awesome,game,love,games,loves,grandson,enjoyed,best,christmas
birthday,family,kids,friends,gift,play,loved,year,wonderful,favorite,enjoy,fun,great,daughter,thank,playing,awesome,game,love,games,loves,grandson,enjoyed,best,christmas
birthday,family,kids,friends,gift,play,loved,year,wonderful,favorite,enjoy,fun,great,daughter,thank,playing,awesome,game,love,games,loves,grandson,enjoyed,best,christmas
birthday,family,kids,friends,gift,play,loved,year,wonderful,favorite,enjoy,fun,great,daughter,thank,playing,awesome,game,love,games,loves,grandson,enjoyed,best,christmas
birthday,family,kids,friends,gift,play,loved,year,wonderful,favorite,enjoy,fun,great,daughter,thank,playing,awesome,game,love,games,loves,grandson,enjoyed,best,christmas
birthday,family,kids,friends,gift,play,loved,year,wonderful,favorite,enjoy,fun,great,daughter,thank,playing,awesome,game,love,games,loves,grandson,enjoyed,best,christmas
birthday,family,kids,friends,gift,play,loved,year,wonderful,favorite,enjoy,fun,great,daughter,thank,playing,awesome,game,love,games,loves,grandson,enjoyed,best,christmas
birthday,family,kids,friends,gift,play,loved,year,wonderful,favorite,enjoy,fun,great,daughter,thank,playing,awesome,game,love,games,loves,grandson,enjoyed,best,christmas
birthday,family,kids,friends,gift,play,loved,year,wonderful,favorite,enjoy,fun,great,daughter,thank,playing,awesome,game,love,games,loves,grandson,enjoyed,best,christmas
birthday,family,kids,friends,gift,play,loved,year,wonderful,favorite,enjoy,fun,great,daughter,thank,playing,awesome,game,love,games,loves,grandson,enjoyed,best,christmas
birthday,family,kids,friends,gift,play,loved,year,wonderful,favorite,enjoy,fun,great,daughter,thank,playing,awesome,game,love,games,loves,grandson,enjoyed,best,christmas
birthday,family,kids,friends,gift,play,loved,year,wonderful,favorite,enjoy,fun,great,daughter,thank,playing,awesome,game,love,games,loves,grandson,enjoyed,best,christmas
birthday,family,kids,friends,gift,play,loved,year,wonderful,favorite,enjoy,fun,great,daughter,thank,playing,awesome,game,love,games,loves,grandson,enjoyed,best,christmas
birthday,family,kids,friends,gift,play,loved,year,wonderful,favorite,enjoy,fun,great,daughter,thank,playing,awesome,game,love,games,loves,grandson,enjoyed,best,christmas
birthday,family,kids,friends,gift,play,loved,year,wonderful,favorite,enjoy,fun,great,daughter,thank,playing,awesome,game,love,games,loves,grandson,enjoyed,best,christmas
birthday,family,kids,friends,gift,play,loved,year,wonderful,favorite,enjoy,fun,great,daughter,thank,playing,awesome,game,love,games,loves,grandson,enjoyed,best,christmas
birthday,family,kids,friends,gift,play,loved,year,wonderful,favorite,enjoy,fun,great,daughter,thank,playing,awesome,game,love,games,loves,grandson,enjoyed,best,christmas
birthday,family,kids,friends,gift,play,loved,year,wonderful,favorite,enjoy,fun,great,daughter,thank,playing,awesome,game,love,games,loves,grandson,enjoyed,best,christmas
birthday,family,kids,friends,gift,play,loved,year,wonderful,favorite,enjoy,fun,great,daughter,thank,playing,awesome,game,love,games,loves,grandson,enjoyed,best,christmas
birthday,family,kids,friends,gift,play,loved,year,wonderful,favorite,enjoy,fun,great,daughter,thank,playing,awesome,game,love,games,loves,grandson,enjoyed,best,christmas
birthday,family,kids,friends,gift,play,loved,year,wonderful,favorite,enjoy,fun,great,daughter,thank,playing,awesome,game,love,games,loves,grandson,enjoyed,best,christmas
birthday,family,kids,friends,gift,play,loved,year,wonderful,favorite,enjoy,fun,great,daughter,thank,playing,awesome,game,love,games,loves,grandson,enjoyed,best,christmas
birthday,family,kids,friends,gift,play,loved,year,wonderful,favorite,enjoy,fun,great,daughter,thank,playing,awesome,game,love,games,loves,grandson,enjoyed,best,christmas
birthday,family,kids,friends,gift,play,loved,year,wonderful,favorite,enjoy,fun,great,daughter,thank,playing,awesome,game,love,games,loves,grandson,enjoyed,best,christmas
birthday,family,kids,friends,gift,play,loved,year,wonderful,favorite,enjoy,fun,great,daughter,thank,playing,awesome,game,love,games,loves,grandson,enjoyed,best,christmas
birthday,family,kids,friends,gift,play,loved,year,wonderful,favorite,enjoy,fun,great,daughter,thank,playing,awesome,game,love,games,loves,grandson,enjoyed,best,christmas
birthday,family,kids,friends,gift,play,loved,year,wonderful,favorite,enjoy,fun,great,daughter,thank,playing,awesome,game,love,games,loves,grandson,enjoyed,best,christmas
birthday,family,kids,friends,gift,play,loved,year,wonderful,favorite,enjoy,fun,great,daughter,thank,playing,awesome,game,love,games,loves,grandson,enjoyed,best,christmas
birthday,family,kids,friends,gift,play,loved,year,wonderful,favorite,enjoy,fun,great,daughter,thank,playing,awesome,game,love,games,loves,grandson,enjoyed,best,christmas
birthday,family,kids,friends,gift,play,loved,year,wonderful,favorite,enjoy,fun,great,daughter,thank,playing,awesome,game,love,games,loves,grandson,enjoyed,best,christmas
birthday,family,kids,friends,gift,play,loved,year,wonderful,favorite,enjoy,fun,great,daughter,thank,playing,awesome,game,love,games,loves,grandson,enjoyed,best,christmas
birthday,family,kids,friends,gift,play,loved,year,wonderful,favorite,enjoy,fun,great,daughter,thank,playing,awesome,game,love,games,loves,grandson,enjoyed,best,christmas
birthday,family,kids,friends,gift,play,loved,year,wonderful,favorite,enjoy,fun,great,daughter,thank,playing,awesome,game,love,games,loves,grandson,enjoyed,best,christmas
birthday,family,kids,friends,gift,play,loved,year,wonderful,favorite,enjoy,fun,great,daughter,thank,playing,awesome,game,love,games,loves,grandson,enjoyed,best,christmas
birthday,family,kids,friends,gift,play,loved,year,wonderful,favorite,enjoy,fun,great,daughter,thank,playing,awesome,game,love,games,loves,grandson,enjoyed,best,christmas
birthday,family,kids,friends,gift,play,loved,year,wonderful,favorite,enjoy,fun,great,daughter,thank,playing,awesome,game,love,games,loves,grandson,enjoyed,best,christmas
birthday,family,kids,friends,gift,play,loved,year,wonderful,favorite,enjoy,fun,great,daughter,thank,playing,awesome,game,love,games,loves,grandson,enjoyed,best,christmas
birthday,family,kids,friends,gift,play,loved,year,wonderful,favorite,enjoy,fun,great,daughter,thank,playing,awesome,game,love,games,loves,grandson,enjoyed,best,christmas
birthday,family,kids,friends,gift,play,loved,year,wonderful,favorite,enjoy,fun,great,daughter,thank,playing,awesome,game,love,games,loves,grandson,enjoyed,best,christmas
birthday,family,kids,friends,gift,play,loved,year,wonderful,favorite,enjoy,fun,great,daughter,thank,playing,awesome,game,love,games,loves,grandson,enjoyed,best,christmas
birthday,family,kids,friends,gift,play,loved,year,wonderful,favorite,enjoy,fun,great,daughter,thank,playing,awesome,game,love,games,loves,grandson,enjoyed,best,christmas
birthday,family,kids,friends,gift,play,loved,year,wonderful,favorite,enjoy,fun,great,daughter,thank,playing,awesome,game,love,games,loves,grandson,enjoyed,best,christmas
birthday,family,kids,friends,gift,play,loved,year,wonderful,favorite,enjoy,fun,great,daughter,thank,playing,awesome,game,love,games,loves,grandson,enjoyed,best,christmas
birthday,family,kids,friends,gift,play,loved,year,wonderful,favorite,enjoy,fun,great,daughter,thank,playing,awesome,game,love,games,loves,grandson,enjoyed,best,christmas
birthday,family,kids,friends,gift,play,loved,year,wonderful,favorite,enjoy,fun,great,daughter,thank,playing,awesome,game,love,games,loves,grandson,enjoyed,best,christmas
birthday,family,kids,friends,gift,play,loved,year,wonderful,favorite,enjoy,fun,great,daughter,thank,playing,awesome,game,love,games,loves,grandson,enjoyed,best,christmas
birthday,family,kids,friends,gift,play,loved,year,wonderful,favorite,enjoy,fun,great,daughter,thank,playing,awesome,game,love,games,loves,grandson,enjoyed,best,christmas
birthday,family,kids,friends,gift,play,loved,year,wonderful,favorite,enjoy,fun,great,daughter,thank,playing,awesome,game,love,games,loves,grandson,enjoyed,best,christmas
birthday,family,kids,friends,gift,play,loved,year,wonderful,favorite,enjoy,fun,great,daughter,thank,playing,awesome,game,love,games,loves,grandson,enjoyed,best,christmas
birthday,family,kids,friends,gift,play,loved,year,wonderful,favorite,enjoy,fun,great,daughter,thank,playing,awesome,game,love,games,loves,grandson,enjoyed,best,christmas
birthday,family,kids,friends,gift,play,loved,year,wonderful,favorite,enjoy,fun,great,daughter,thank,playing,awesome,game,love,games,loves,grandson,enjoyed,best,christmas
birthday,family,kids,friends,gift,play,loved,year,wonderful,favorite,enjoy,fun,great,daughter,thank,playing,awesome,game,love,games,loves,grandson,enjoyed,best,christmas
birthday,family,kids,friends,gift,play,loved,year,wonderful,favorite,enjoy,fun,great,daughter,thank,playing,awesome,game,love,games,loves,grandson,enjoyed,best,christmas
birthday,family,kids,friends,gift,play,loved,year,wonderful,favorite,enjoy,fun,great,daughter,thank,playing,awesome,game,love,games,loves,grandson,enjoyed,best,christmas
birthday,family,kids,friends,gift,play,loved,year,wonderful,favorite,enjoy,fun,great,daughter,thank,playing,awesome,game,love,games,loves,grandson,enjoyed,best,christmas
birthday,family,kids,friends,gift,play,loved,year,wonderful,favorite,enjoy,fun,great,daughter,thank,playing,awesome,game,love,games,loves,grandson,enjoyed,best,christmas
birthday,family,kids,friends,gift,play,loved,year,wonderful,favorite,enjoy,fun,great,daughter,thank,playing,awesome,game,love,games,loves,grandson,enjoyed,best,christmas
birthday,family,kids,friends,gift,play,loved,year,wonderful,favorite,enjoy,fun,great,daughter,thank,playing,awesome,game,love,games,loves,grandson,enjoyed,best,christmas
birthday,family,kids,friends,gift,play,loved,year,wonderful,favorite,enjoy,fun,great,daughter,thank,playing,awesome,game,love,games,loves,grandson,enjoyed,best,christmas
birthday,family,kids,friends,gift,play,loved,year,wonderful,favorite,enjoy,fun,great,daughter,thank,playing,awesome,game,love,games,loves,grandson,enjoyed,best,christmas
birthday,family,kids,friends,gift,play,loved,year,wonderful,favorite,enjoy,fun,great,daughter,thank,playing,awesome,game,love,games,loves,grandson,enjoyed,best,christmas
birthday,family,kids,friends,gift,play,loved,year,wonderful,favorite,enjoy,fun,great,daughter,thank,playing,awesome,game,love,games,loves,grandson,enjoyed,best,christmas
birthday,family,kids,friends,gift,play,loved,year,wonderful,favorite,enjoy,fun,great,daughter,thank,playing,awesome,game,love,games,loves,grandson,enjoyed,best,christmas
birthday,family,kids,friends,gift,play,loved,year,wonderful,favorite,enjoy,fun,great,daughter,thank,playing,awesome,game,love,games,loves,grandson,enjoyed,best,christmas
birthday,family,kids,friends,gift,play,loved,year,wonderful,favorite,enjoy,fun,great,daughter,thank,playing,awesome,game,love,games,loves,grandson,enjoyed,best,christmas
birthday,family,kids,friends,gift,play,loved,year,wonderful,favorite,enjoy,fun,great,daughter,thank,playing,awesome,game,love,games,loves,grandson,enjoyed,best,christmas
birthday,family,kids,friends,gift,play,loved,year,wonderful,favorite,enjoy,fun,great,daughter,thank,playing,awesome,game,love,games,loves,grandson,enjoyed,best,christmas
birthday,family,kids,friends,gift,play,loved,year,wonderful,favorite,enjoy,fun,great,daughter,thank,playing,awesome,game,love,games,loves,grandson,enjoyed,best,christmas
birthday,family,kids,friends,gift,play,loved,year,wonderful,favorite,enjoy,fun,great,daughter,thank,playing,awesome,game,love,games,loves,grandson,enjoyed,best,christmas
birthday,family,kids,friends,gift,play,loved,year,wonderful,favorite,enjoy,fun,great,daughter,thank,playing,awesome,game,love,games,loves,grandson,enjoyed,best,christmas
birthday,family,kids,friends,gift,play,loved,year,wonderful,favorite,enjoy,fun,great,daughter,thank,playing,awesome,game,love,games,loves,grandson,enjoyed,best,christmas
birthday,family,kids,friends,gift,play,loved,year,wonderful,favorite,enjoy,fun,great,daughter,thank,playing,awesome,game,love,games,loves,grandson,enjoyed,best,christmas
birthday,family,kids,friends,gift,play,loved,year,wonderful,favorite,enjoy,fun,great,daughter,thank,playing,awesome,game,love,games,loves,grandson,enjoyed,best,christmas
birthday,family,kids,friends,gift,play,loved,year,wonderful,favorite,enjoy,fun,great,daughter,thank,playing,awesome,game,love,games,loves,grandson,enjoyed,best,christmas
birthday,family,kids,friends,gift,play,loved,year,wonderful,favorite,enjoy,fun,great,daughter,thank,playing,awesome,game,love,games,loves,grandson,enjoyed,best,christmas
birthday,family,kids,friends,gift,play,loved,year,wonderful,favorite,enjoy,fun,great,daughter,thank,playing,awesome,game,love,games,loves,grandson,enjoyed,best,christmas
birthday,family,kids,friends,gift,play,loved,year,wonderful,favorite,enjoy,fun,great,daughter,thank,playing,awesome,game,love,games,loves,grandson,enjoyed,best,christmas
birthday,family,kids,friends,gift,play,loved,year,wonderful,favorite,enjoy,fun,great,daughter,thank,playing,awesome,game,love,games,loves,grandson,enjoyed,best,christmas
birthday,family,kids,friends,gift,play,loved,year,wonderful,favorite,enjoy,fun,great,daughter,thank,playing,awesome,game,love,games,loves,grandson,enjoyed,best,christmas
birthday,family,kids,friends,gift,play,loved,year,wonderful,favorite,enjoy,fun,great,daughter,thank,playing,awesome,game,love,games,loves,grandson,enjoyed,best,christmas
birthday,family,kids,friends,gift,play,loved,year,wonderful,favorite,enjoy,fun,great,daughter,thank,playing,awesome,game,love,games,loves,grandson,enjoyed,best,christmas
birthday,family,kids,friends,gift,play,loved,year,wonderful,favorite,enjoy,fun,great,daughter,thank,playing,awesome,game,love,games,loves,grandson,enjoyed,best,christmas
birthday,family,kids,friends,gift,play,loved,year,wonderful,favorite,enjoy,fun,great,daughter,thank,playing,awesome,game,love,games,loves,grandson,enjoyed,best,christmas
birthday,family,kids,friends,gift,play,loved,year,wonderful,favorite,enjoy,fun,great,daughter,thank,playing,awesome,game,love,games,loves,grandson,enjoyed,best,christmas
birthday,family,kids,friends,gift,play,loved,year,wonderful,favorite,enjoy,fun,great,daughter,thank,playing,awesome,game,love,games,loves,grandson,enjoyed,best,christmas
birthday,family,kids,friends,gift,play,loved,year,wonderful,favorite,enjoy,fun,great,daughter,thank,playing,awesome,game,love,games,loves,grandson,enjoyed,best,christmas
birthday,family,kids,friends,gift,play,loved,year,wonderful,favorite,enjoy,fun,great,daughter,thank,playing,awesome,game,love,games,loves,grandson,enjoyed,best,christmas
birthday,family,kids,friends,gift,play,loved,year,wonderful,favorite,enjoy,fun,great,daughter,thank,playing,awesome,game,love,games,loves,grandson,enjoyed,best,christmas
birthday,family,kids,friends,gift,play,loved,year,wonderful,favorite,enjoy,fun,great,daughter,thank,playing,awesome,game,love,games,loves,grandson,enjoyed,best,christmas
birthday,family,kids,friends,gift,play,loved,year,wonderful,favorite,enjoy,fun,great,daughter,thank,playing,awesome,game,love,games,loves,grandson,enjoyed,best,christmas
birthday,family,kids,friends,gift,play,loved,year,wonderful,favorite,enjoy,fun,great,daughter,thank,playing,awesome,game,love,games,loves,grandson,enjoyed,best,christmas
birthday,family,kids,friends,gift,play,loved,year,wonderful,favorite,enjoy,fun,great,daughter,thank,playing,awesome,game,love,games,loves,grandson,enjoyed,best,christmas
birthday,family,kids,friends,gift,play,loved,year,wonderful,favorite,enjoy,fun,great,daughter,thank,playing,awesome,game,love,games,loves,grandson,enjoyed,best,christmas
birthday,family,kids,friends,gift,play,loved,year,wonderful,favorite,enjoy,fun,great,daughter,thank,playing,awesome,game,love,games,loves,grandson,enjoyed,best,christmas
birthday,family,kids,friends,gift,play,loved,year,wonderful,favorite,enjoy,fun,great,daughter,thank,playing,awesome,game,love,games,loves,grandson,enjoyed,best,christmas
birthday,family,kids,friends,gift,play,loved,year,wonderful,favorite,enjoy,fun,great,daughter,thank,playing,awesome,game,love,games,loves,grandson,enjoyed,best,christmas
birthday,family,kids,friends,gift,play,loved,year,wonderful,favorite,enjoy,fun,great,daughter,thank,playing,awesome,game,love,games,loves,grandson,enjoyed,best,christmas
birthday,family,kids,friends,gift,play,loved,year,wonderful,favorite,enjoy,fun,great,daughter,thank,playing,awesome,game,love,games,loves,grandson,enjoyed,best,christmas
birthday,family,kids,friends,gift,play,loved,year,wonderful,favorite,enjoy,fun,great,daughter,thank,playing,awesome,game,love,games,loves,grandson,enjoyed,best,christmas
birthday,family,kids,friends,gift,play,loved,year,wonderful,favorite,enjoy,fun,great,daughter,thank,playing,awesome,game,love,games,loves,grandson,enjoyed,best,christmas
birthday,family,kids,friends,gift,play,loved,year,wonderful,favorite,enjoy,fun,great,daughter,thank,playing,awesome,game,love,games,loves,grandson,enjoyed,best,christmas
birthday,family,kids,friends,gift,play,loved,year,wonderful,favorite,enjoy,fun,great,daughter,thank,playing,awesome,game,love,games,loves,grandson,enjoyed,best,christmas
birthday,family,kids,friends,gift,play,loved,year,wonderful,favorite,enjoy,fun,great,daughter,thank,playing,awesome,game,love,games,loves,grandson,enjoyed,best,christmas
birthday,family,kids,friends,gift,play,loved,year,wonderful,favorite,enjoy,fun,great,daughter,thank,playing,awesome,game,love,games,loves,grandson,enjoyed,best,christmas
birthday,family,kids,friends,gift,play,loved,year,wonderful,favorite,enjoy,fun,great,daughter,thank,playing,awesome,game,love,games,loves,grandson,enjoyed,best,christmas
birthday,family,kids,friends,gift,play,loved,year,wonderful,favorite,enjoy,fun,great,daughter,thank,playing,awesome,game,love,games,loves,grandson,enjoyed,best,christmas
birthday,family,kids,friends,gift,play,loved,year,wonderful,favorite,enjoy,fun,great,daughter,thank,playing,awesome,game,love,games,loves,grandson,enjoyed,best,christmas
birthday,family,kids,friends,gift,play,loved,year,wonderful,favorite,enjoy,fun,great,daughter,thank,playing,awesome,game,love,games,loves,grandson,enjoyed,best,christmas
birthday,family,kids,friends,gift,play,loved,year,wonderful,favorite,enjoy,fun,great,daughter,thank,playing,awesome,game,love,games,loves,grandson,enjoyed,best,christmas
birthday,family,kids,friends,gift,play,loved,year,wonderful,favorite,enjoy,fun,great,daughter,thank,playing,awesome,game,love,games,loves,grandson,enjoyed,best,christmas
birthday,family,kids,friends,gift,play,loved,year,wonderful,favorite,enjoy,fun,great,daughter,thank,playing,awesome,game,love,games,loves,grandson,enjoyed,best,christmas
birthday,family,kids,friends,gift,play,loved,year,wonderful,favorite,enjoy,fun,great,daughter,thank,playing,awesome,game,love,games,loves,grandson,enjoyed,best,christmas
birthday,family,kids,friends,gift,play,loved,year,wonderful,favorite,enjoy,fun,great,daughter,thank,playing,awesome,game,love,games,loves,grandson,enjoyed,best,christmas
birthday,family,kids,friends,gift,play,loved,year,wonderful,favorite,enjoy,fun,great,daughter,thank,playing,awesome,game,love,games,loves,grandson,enjoyed,best,christmas
birthday,family,kids,friends,gift,play,loved,year,wonderful,favorite,enjoy,fun,great,daughter,thank,playing,awesome,game,love,games,loves,grandson,enjoyed,best,christmas
birthday,family,kids,friends,gift,play,loved,year,wonderful,favorite,enjoy,fun,great,daughter,thank,playing,awesome,game,love,games,loves,grandson,enjoyed,best,christmas
birthday,family,kids,friends,gift,play,loved,year,wonderful,favorite,enjoy,fun,great,daughter,thank,playing,awesome,game,love,games,loves,grandson,enjoyed,best,christmas
birthday,family,kids,friends,gift,play,loved,year,wonderful,favorite,enjoy,fun,great,daughter,thank,playing,awesome,game,love,games,loves,grandson,enjoyed,best,christmas
birthday,family,kids,friends,gift,play,loved,year,wonderful,favorite,enjoy,fun,great,daughter,thank,playing,awesome,game,love,games,loves,grandson,enjoyed,best,christmas
birthday,family,kids,friends,gift,play,loved,year,wonderful,favorite,enjoy,fun,great,daughter,thank,playing,awesome,game,love,games,loves,grandson,enjoyed,best,christmas
birthday,family,kids,friends,gift,play,loved,year,wonderful,favorite,enjoy,fun,great,daughter,thank,playing,awesome,game,love,games,loves,grandson,enjoyed,best,christmas
birthday,family,kids,friends,gift,play,loved,year,wonderful,favorite,enjoy,fun,great,daughter,thank,playing,awesome,game,love,games,loves,grandson,enjoyed,best,christmas
birthday,family,kids,friends,gift,play,loved,year,wonderful,favorite,enjoy,fun,great,daughter,thank,playing,awesome,game,love,games,loves,grandson,enjoyed,best,christmas
birthday,family,kids,friends,gift,play,loved,year,wonderful,favorite,enjoy,fun,great,daughter,thank,playing,awesome,game,love,games,loves,grandson,enjoyed,best,christmas
birthday,family,kids,friends,gift,play,loved,year,wonderful,favorite,enjoy,fun,great,daughter,thank,playing,awesome,game,love,games,loves,grandson,enjoyed,best,christmas
birthday,family,kids,friends,gift,play,loved,year,wonderful,favorite,enjoy,fun,great,daughter,thank,playing,awesome,game,love,games,loves,grandson,enjoyed,best,christmas
birthday,family,kids,friends,gift,play,loved,year,wonderful,favorite,enjoy,fun,great,daughter,thank,playing,awesome,game,love,games,loves,grandson,enjoyed,best,christmas
birthday,family,kids,friends,gift,play,loved,year,wonderful,favorite,enjoy,fun,great,daughter,thank,playing,awesome,game,love,games,loves,grandson,enjoyed,best,christmas
birthday,family,kids,friends,gift,play,loved,year,wonderful,favorite,enjoy,fun,great,daughter,thank,playing,awesome,game,love,games,loves,grandson,enjoyed,best,christmas
birthday,family,kids,friends,gift,play,loved,year,wonderful,favorite,enjoy,fun,great,daughter,thank,playing,awesome,game,love,games,loves,grandson,enjoyed,best,christmas
birthday,family,kids,friends,gift,play,loved,year,wonderful,favorite,enjoy,fun,great,daughter,thank,playing,awesome,game,love,games,loves,grandson,enjoyed,best,christmas
birthday,family,kids,friends,gift,play,loved,year,wonderful,favorite,enjoy,fun,great,daughter,thank,playing,awesome,game,love,games,loves,grandson,enjoyed,best,christmas
birthday,family,kids,friends,gift,play,loved,year,wonderful,favorite,enjoy,fun,great,daughter,thank,playing,awesome,game,love,games,loves,grandson,enjoyed,best,christmas
birthday,family,kids,friends,gift,play,loved,year,wonderful,favorite,enjoy,fun,great,daughter,thank,playing,awesome,game,love,games,loves,grandson,enjoyed,best,christmas
birthday,family,kids,friends,gift,play,loved,year,wonderful,favorite,enjoy,fun,great,daughter,thank,playing,awesome,game,love,games,loves,grandson,enjoyed,best,christmas
birthday,family,kids,friends,gift,play,loved,year,wonderful,favorite,enjoy,fun,great,daughter,thank,playing,awesome,game,love,games,loves,grandson,enjoyed,best,christmas
birthday,family,kids,friends,gift,play,loved,year,wonderful,favorite,enjoy,fun,great,daughter,thank,playing,awesome,game,love,games,loves,grandson,enjoyed,best,christmas
birthday,family,kids,friends,gift,play,loved,year,wonderful,favorite,enjoy,fun,great,daughter,thank,playing,awesome,game,love,games,loves,grandson,enjoyed,best,christmas
birthday,family,kids,friends,gift,play,loved,year,wonderful,favorite,enjoy,fun,great,daughter,thank,playing,awesome,game,love,games,loves,grandson,enjoyed,best,christmas
birthday,family,kids,friends,gift,play,loved,year,wonderful,favorite,enjoy,fun,great,daughter,thank,playing,awesome,game,love,games,loves,grandson,enjoyed,best,christmas
birthday,family,kids,friends,gift,play,loved,year,wonderful,favorite,enjoy,fun,great,daughter,thank,playing,awesome,game,love,games,loves,grandson,enjoyed,best,christmas
birthday,family,kids,friends,gift,play,loved,year,wonderful,favorite,enjoy,fun,great,daughter,thank,playing,awesome,game,love,games,loves,grandson,enjoyed,best,christmas
birthday,family,kids,friends,gift,play,loved,year,wonderful,favorite,enjoy,fun,great,daughter,thank,playing,awesome,game,love,games,loves,grandson,enjoyed,best,christmas
birthday,family,kids,friends,gift,play,loved,year,wonderful,favorite,enjoy,fun,great,daughter,thank,playing,awesome,game,love,games,loves,grandson,enjoyed,best,christmas
birthday,family,kids,friends,gift,play,loved,year,wonderful,favorite,enjoy,fun,great,daughter,thank,playing,awesome,game,love,games,loves,grandson,enjoyed,best,christmas
birthday,family,kids,friends,gift,play,loved,year,wonderful,favorite,enjoy,fun,great,daughter,thank,playing,awesome,game,love,games,loves,grandson,enjoyed,best,christmas
birthday,family,kids,friends,gift,play,loved,year,wonderful,favorite,enjoy,fun,great,daughter,thank,playing,awesome,game,love,games,loves,grandson,enjoyed,best,christmas
birthday,family,kids,friends,gift,play,loved,year,wonderful,favorite,enjoy,fun,great,daughter,thank,playing,awesome,game,love,games,loves,grandson,enjoyed,best,christmas
birthday,family,kids,friends,gift,play,loved,year,wonderful,favorite,enjoy,fun,great,daughter,thank,playing,awesome,game,love,games,loves,grandson,enjoyed,best,christmas
birthday,family,kids,friends,gift,play,loved,year,wonderful,favorite,enjoy,fun,great,daughter,thank,playing,awesome,game,love,games,loves,grandson,enjoyed,best,christmas
birthday,family,kids,friends,gift,play,loved,year,wonderful,favorite,enjoy,fun,great,daughter,thank,playing,awesome,game,love,games,loves,grandson,enjoyed,best,christmas
birthday,family,kids,friends,gift,play,loved,year,wonderful,favorite,enjoy,fun,great,daughter,thank,playing,awesome,game,love,games,loves,grandson,enjoyed,best,christmas
birthday,family,kids,friends,gift,play,loved,year,wonderful,favorite,enjoy,fun,great,daughter,thank,playing,awesome,game,love,games,loves,grandson,enjoyed,best,christmas
birthday,family,kids,friends,gift,play,loved,year,wonderful,favorite,enjoy,fun,great,daughter,thank,playing,awesome,game,love,games,loves,grandson,enjoyed,best,christmas
birthday,family,kids,friends,gift,play,loved,year,wonderful,favorite,enjoy,fun,great,daughter,thank,playing,awesome,game,love,games,loves,grandson,enjoyed,best,christmas
birthday,family,kids,friends,gift,play,loved,year,wonderful,favorite,enjoy,fun,great,daughter,thank,playing,awesome,game,love,games,loves,grandson,enjoyed,best,christmas
birthday,family,kids,friends,gift,play,loved,year,wonderful,favorite,enjoy,fun,great,daughter,thank,playing,awesome,game,love,games,loves,grandson,enjoyed,best,christmas
birthday,family,kids,friends,gift,play,loved,year,wonderful,favorite,enjoy,fun,great,daughter,thank,playing,awesome,game,love,games,loves,grandson,enjoyed,best,christmas
birthday,family,kids,friends,gift,play,loved,year,wonderful,favorite,enjoy,fun,great,daughter,thank,playing,awesome,game,love,games,loves,grandson,enjoyed,best,christmas
birthday,family,kids,friends,gift,play,loved,year,wonderful,favorite,enjoy,fun,great,daughter,thank,playing,awesome,game,love,games,loves,grandson,enjoyed,best,christmas
birthday,family,kids,friends,gift,play,loved,year,wonderful,favorite,enjoy,fun,great,daughter,thank,playing,awesome,game,love,games,loves,grandson,enjoyed,best,christmas
birthday,family,kids,friends,gift,play,loved,year,wonderful,favorite,enjoy,fun,great,daughter,thank,playing,awesome,game,love,games,loves,grandson,enjoyed,best,christmas
birthday,family,kids,friends,gift,play,loved,year,wonderful,favorite,enjoy,fun,great,daughter,thank,playing,awesome,game,love,games,loves,grandson,enjoyed,best,christmas
birthday,family,kids,friends,gift,play,loved,year,wonderful,favorite,enjoy,fun,great,daughter,thank,playing,awesome,game,love,games,loves,grandson,enjoyed,best,christmas
birthday,family,kids,friends,gift,play,loved,year,wonderful,favorite,enjoy,fun,great,daughter,thank,playing,awesome,game,love,games,loves,grandson,enjoyed,best,christmas
birthday,family,kids,friends,gift,play,loved,year,wonderful,favorite,enjoy,fun,great,daughter,thank,playing,awesome,game,love,games,loves,grandson,enjoyed,best,christmas
birthday,family,kids,friends,gift,play,loved,year,wonderful,favorite,enjoy,fun,great,daughter,thank,playing,awesome,game,love,games,loves,grandson,enjoyed,best,christmas
birthday,family,kids,friends,gift,play,loved,year,wonderful,favorite,enjoy,fun,great,daughter,thank,playing,awesome,game,love,games,loves,grandson,enjoyed,best,christmas
birthday,family,kids,friends,gift,play,loved,year,wonderful,favorite,enjoy,fun,great,daughter,thank,playing,awesome,game,love,games,loves,grandson,enjoyed,best,christmas
birthday,family,kids,friends,gift,play,loved,year,wonderful,favorite,enjoy,fun,great,daughter,thank,playing,awesome,game,love,games,loves,grandson,enjoyed,best,christmas
birthday,family,kids,friends,gift,play,loved,year,wonderful,favorite,enjoy,fun,great,daughter,thank,playing,awesome,game,love,games,loves,grandson,enjoyed,best,christmas
birthday,family,kids,friends,gift,play,loved,year,wonderful,favorite,enjoy,fun,great,daughter,thank,playing,awesome,game,love,games,loves,grandson,enjoyed,best,christmas
birthday,family,kids,friends,gift,play,loved,year,wonderful,favorite,enjoy,fun,great,daughter,thank,playing,awesome,game,love,games,loves,grandson,enjoyed,best,christmas
birthday,family,kids,friends,gift,play,loved,year,wonderful,favorite,enjoy,fun,great,daughter,thank,playing,awesome,game,love,games,loves,grandson,enjoyed,best,christmas
birthday,family,kids,friends,gift,play,loved,year,wonderful,favorite,enjoy,fun,great,daughter,thank,playing,awesome,game,love,games,loves,grandson,enjoyed,best,christmas
birthday,family,kids,friends,gift,play,loved,year,wonderful,favorite,enjoy,fun,great,daughter,thank,playing,awesome,game,love,games,loves,grandson,enjoyed,best,christmas
birthday,family,kids,friends,gift,play,loved,year,wonderful,favorite,enjoy,fun,great,daughter,thank,playing,awesome,game,love,games,loves,grandson,enjoyed,best,christmas
birthday,family,kids,friends,gift,play,loved,year,wonderful,favorite,enjoy,fun,great,daughter,thank,playing,awesome,game,love,games,loves,grandson,enjoyed,best,christmas
birthday,family,kids,friends,gift,play,loved,year,wonderful,favorite,enjoy,fun,great,daughter,thank,playing,awesome,game,love,games,loves,grandson,enjoyed,best,christmas
birthday,family,kids,friends,gift,play,loved,year,wonderful,favorite,enjoy,fun,great,daughter,thank,playing,awesome,game,love,games,loves,grandson,enjoyed,best,christmas
birthday,family,kids,friends,gift,play,loved,year,wonderful,favorite,enjoy,fun,great,daughter,thank,playing,awesome,game,love,games,loves,grandson,enjoyed,best,christmas
birthday,family,kids,friends,gift,play,loved,year,wonderful,favorite,enjoy,fun,great,daughter,thank,playing,awesome,game,love,games,loves,grandson,enjoyed,best,christmas
birthday,family,kids,friends,gift,play,loved,year,wonderful,favorite,enjoy,fun,great,daughter,thank,playing,awesome,game,love,games,loves,grandson,enjoyed,best,christmas
birthday,family,kids,friends,gift,play,loved,year,wonderful,favorite,enjoy,fun,great,daughter,thank,playing,awesome,game,love,games,loves,grandson,enjoyed,best,christmas
birthday,family,kids,friends,gift,play,loved,year,wonderful,favorite,enjoy,fun,great,daughter,thank,playing,awesome,game,love,games,loves,grandson,enjoyed,best,christmas
birthday,family,kids,friends,gift,play,loved,year,wonderful,favorite,enjoy,fun,great,daughter,thank,playing,awesome,game,love,games,loves,grandson,enjoyed,best,christmas
birthday,family,kids,friends,gift,play,loved,year,wonderful,favorite,enjoy,fun,great,daughter,thank,playing,awesome,game,love,games,loves,grandson,enjoyed,best,christmas
birthday,family,kids,friends,gift,play,loved,year,wonderful,favorite,enjoy,fun,great,daughter,thank,playing,awesome,game,love,games,loves,grandson,enjoyed,best,christmas
birthday,family,kids,friends,gift,play,loved,year,wonderful,favorite,enjoy,fun,great,daughter,thank,playing,awesome,game,love,games,loves,grandson,enjoyed,best,christmas
birthday,family,kids,friends,gift,play,loved,year,wonderful,favorite,enjoy,fun,great,daughter,thank,playing,awesome,game,love,games,loves,grandson,enjoyed,best,christmas
birthday,family,kids,friends,gift,play,loved,year,wonderful,favorite,enjoy,fun,great,daughter,thank,playing,awesome,game,love,games,loves,grandson,enjoyed,best,christmas
birthday,family,kids,friends,gift,play,loved,year,wonderful,favorite,enjoy,fun,great,daughter,thank,playing,awesome,game,love,games,loves,grandson,enjoyed,best,christmas
birthday,family,kids,friends,gift,play,loved,year,wonderful,favorite,enjoy,fun,great,daughter,thank,playing,awesome,game,love,games,loves,grandson,enjoyed,best,christmas
birthday,family,kids,friends,gift,play,loved,year,wonderful,favorite,enjoy,fun,great,daughter,thank,playing,awesome,game,love,games,loves,grandson,enjoyed,best,christmas
birthday,family,kids,friends,gift,play,loved,year,wonderful,favorite,enjoy,fun,great,daughter,thank,playing,awesome,game,love,games,loves,grandson,enjoyed,best,christmas
birthday,family,kids,friends,gift,play,loved,year,wonderful,favorite,enjoy,fun,great,daughter,thank,playing,awesome,game,love,games,loves,grandson,enjoyed,best,christmas
birthday,family,kids,friends,gift,play,loved,year,wonderful,favorite,enjoy,fun,great,daughter,thank,playing,awesome,game,love,games,loves,grandson,enjoyed,best,christmas
birthday,family,kids,friends,gift,play,loved,year,wonderful,favorite,enjoy,fun,great,daughter,thank,playing,awesome,game,love,games,loves,grandson,enjoyed,best,christmas
birthday,family,kids,friends,gift,play,loved,year,wonderful,favorite,enjoy,fun,great,daughter,thank,playing,awesome,game,love,games,loves,grandson,enjoyed,best,christmas
birthday,family,kids,friends,gift,play,loved,year,wonderful,favorite,enjoy,fun,great,daughter,thank,playing,awesome,game,love,games,loves,grandson,enjoyed,best,christmas
birthday,family,kids,friends,gift,play,loved,year,wonderful,favorite,enjoy,fun,great,daughter,thank,playing,awesome,game,love,games,loves,grandson,enjoyed,best,christmas
birthday,family,kids,friends,gift,play,loved,year,wonderful,favorite,enjoy,fun,great,daughter,thank,playing,awesome,game,love,games,loves,grandson,enjoyed,best,christmas
birthday,family,kids,friends,gift,play,loved,year,wonderful,favorite,enjoy,fun,great,daughter,thank,playing,awesome,game,love,games,loves,grandson,enjoyed,best,christmas
birthday,family,kids,friends,gift,play,loved,year,wonderful,favorite,enjoy,fun,great,daughter,thank,playing,awesome,game,love,games,loves,grandson,enjoyed,best,christmas
birthday,family,kids,friends,gift,play,loved,year,wonderful,favorite,enjoy,fun,great,daughter,thank,playing,awesome,game,love,games,loves,grandson,enjoyed,best,christmas
birthday,family,kids,friends,gift,play,loved,year,wonderful,favorite,enjoy,fun,great,daughter,thank,playing,awesome,game,love,games,loves,grandson,enjoyed,best,christmas
birthday,family,kids,friends,gift,play,loved,year,wonderful,favorite,enjoy,fun,great,daughter,thank,playing,awesome,game,love,games,loves,grandson,enjoyed,best,christmas
birthday,family,kids,friends,gift,play,loved,year,wonderful,favorite,enjoy,fun,great,daughter,thank,playing,awesome,game,love,games,loves,grandson,enjoyed,best,christmas
birthday,family,kids,friends,gift,play,loved,year,wonderful,favorite,enjoy,fun,great,daughter,thank,playing,awesome,game,love,games,loves,grandson,enjoyed,best,christmas
birthday,family,kids,friends,gift,play,loved,year,wonderful,favorite,enjoy,fun,great,daughter,thank,playing,awesome,game,love,games,loves,grandson,enjoyed,best,christmas
birthday,family,kids,friends,gift,play,loved,year,wonderful,favorite,enjoy,fun,great,daughter,thank,playing,awesome,game,love,games,loves,grandson,enjoyed,best,christmas
birthday,family,kids,friends,gift,play,loved,year,wonderful,favorite,enjoy,fun,great,daughter,thank,playing,awesome,game,love,games,loves,grandson,enjoyed,best,christmas
birthday,family,kids,friends,gift,play,loved,year,wonderful,favorite,enjoy,fun,great,daughter,thank,playing,awesome,game,love,games,loves,grandson,enjoyed,best,christmas
birthday,family,kids,friends,gift,play,loved,year,wonderful,favorite,enjoy,fun,great,daughter,thank,playing,awesome,game,love,games,loves,grandson,enjoyed,best,christmas
birthday,family,kids,friends,gift,play,loved,year,wonderful,favorite,enjoy,fun,great,daughter,thank,playing,awesome,game,love,games,loves,grandson,enjoyed,best,christmas
birthday,family,kids,friends,gift,play,loved,year,wonderful,favorite,enjoy,fun,great,daughter,thank,playing,awesome,game,love,games,loves,grandson,enjoyed,best,christmas
birthday,family,kids,friends,gift,play,loved,year,wonderful,favorite,enjoy,fun,great,daughter,thank,playing,awesome,game,love,games,loves,grandson,enjoyed,best,christmas
birthday,family,kids,friends,gift,play,loved,year,wonderful,favorite,enjoy,fun,great,daughter,thank,playing,awesome,game,love,games,loves,grandson,enjoyed,best,christmas
birthday,family,kids,friends,gift,play,loved,year,wonderful,favorite,enjoy,fun,great,daughter,thank,playing,awesome,game,love,games,loves,grandson,enjoyed,best,christmas
birthday,family,kids,friends,gift,play,loved,year,wonderful,favorite,enjoy,fun,great,daughter,thank,playing,awesome,game,love,games,loves,grandson,enjoyed,best,christmas
birthday,family,kids,friends,gift,play,loved,year,wonderful,favorite,enjoy,fun,great,daughter,thank,playing,awesome,game,love,games,loves,grandson,enjoyed,best,christmas
birthday,family,kids,friends,gift,play,loved,year,wonderful,favorite,enjoy,fun,great,daughter,thank,playing,awesome,game,love,games,loves,grandson,enjoyed,best,christmas
birthday,family,kids,friends,gift,play,loved,year,wonderful,favorite,enjoy,fun,great,daughter,thank,playing,awesome,game,love,games,loves,grandson,enjoyed,best,christmas
birthday,family,kids,friends,gift,play,loved,year,wonderful,favorite,enjoy,fun,great,daughter,thank,playing,awesome,game,love,games,loves,grandson,enjoyed,best,christmas
birthday,family,kids,friends,gift,play,loved,year,wonderful,favorite,enjoy,fun,great,daughter,thank,playing,awesome,game,love,games,loves,grandson,enjoyed,best,christmas
birthday,family,kids,friends,gift,play,loved,year,wonderful,favorite,enjoy,fun,great,daughter,thank,playing,awesome,game,love,games,loves,grandson,enjoyed,best,christmas
birthday,family,kids,friends,gift,play,loved,year,wonderful,favorite,enjoy,fun,great,daughter,thank,playing,awesome,game,love,games,loves,grandson,enjoyed,best,christmas
birthday,family,kids,friends,gift,play,loved,year,wonderful,favorite,enjoy,fun,great,daughter,thank,playing,awesome,game,love,games,loves,grandson,enjoyed,best,christmas
birthday,family,kids,friends,gift,play,loved,year,wonderful,favorite,enjoy,fun,great,daughter,thank,playing,awesome,game,love,games,loves,grandson,enjoyed,best,christmas
birthday,family,kids,friends,gift,play,loved,year,wonderful,favorite,enjoy,fun,great,daughter,thank,playing,awesome,game,love,games,loves,grandson,enjoyed,best,christmas
birthday,family,kids,friends,gift,play,loved,year,wonderful,favorite,enjoy,fun,great,daughter,thank,playing,awesome,game,love,games,loves,grandson,enjoyed,best,christmas
birthday,family,kids,friends,gift,play,loved,year,wonderful,favorite,enjoy,fun,great,daughter,thank,playing,awesome,game,love,games,loves,grandson,enjoyed,best,christmas
birthday,family,kids,friends,gift,play,loved,year,wonderful,favorite,enjoy,fun,great,daughter,thank,playing,awesome,game,love,games,loves,grandson,enjoyed,best,christmas
birthday,family,kids,friends,gift,play,loved,year,wonderful,favorite,enjoy,fun,great,daughter,thank,playing,awesome,game,love,games,loves,grandson,enjoyed,best,christmas
birthday,family,kids,friends,gift,play,loved,year,wonderful,favorite,enjoy,fun,great,daughter,thank,playing,awesome,game,love,games,loves,grandson,enjoyed,best,christmas
birthday,family,kids,friends,gift,play,loved,year,wonderful,favorite,enjoy,fun,great,daughter,thank,playing,awesome,game,love,games,loves,grandson,enjoyed,best,christmas
birthday,family,kids,friends,gift,play,loved,year,wonderful,favorite,enjoy,fun,great,daughter,thank,playing,awesome,game,love,games,loves,grandson,enjoyed,best,christmas
birthday,family,kids,friends,gift,play,loved,year,wonderful,favorite,enjoy,fun,great,daughter,thank,playing,awesome,game,love,games,loves,grandson,enjoyed,best,christmas
birthday,family,kids,friends,gift,play,loved,year,wonderful,favorite,enjoy,fun,great,daughter,thank,playing,awesome,game,love,games,loves,grandson,enjoyed,best,christmas
birthday,family,kids,friends,gift,play,loved,year,wonderful,favorite,enjoy,fun,great,daughter,thank,playing,awesome,game,love,games,loves,grandson,enjoyed,best,christmas
birthday,family,kids,friends,gift,play,loved,year,wonderful,favorite,enjoy,fun,great,daughter,thank,playing,awesome,game,love,games,loves,grandson,enjoyed,best,christmas
birthday,family,kids,friends,gift,play,loved,year,wonderful,favorite,enjoy,fun,great,daughter,thank,playing,awesome,game,love,games,loves,grandson,enjoyed,best,christmas
birthday,family,kids,friends,gift,play,loved,year,wonderful,favorite,enjoy,fun,great,daughter,thank,playing,awesome,game,love,games,loves,grandson,enjoyed,best,christmas
birthday,family,kids,friends,gift,play,loved,year,wonderful,favorite,enjoy,fun,great,daughter,thank,playing,awesome,game,love,games,loves,grandson,enjoyed,best,christmas
birthday,family,kids,friends,gift,play,loved,year,wonderful,favorite,enjoy,fun,great,daughter,thank,playing,awesome,game,love,games,loves,grandson,enjoyed,best,christmas
birthday,family,kids,friends,gift,play,loved,year,wonderful,favorite,enjoy,fun,great,daughter,thank,playing,awesome,game,love,games,loves,grandson,enjoyed,best,christmas
birthday,family,kids,friends,gift,play,loved,year,wonderful,favorite,enjoy,fun,great,daughter,thank,playing,awesome,game,love,games,loves,grandson,enjoyed,best,christmas
birthday,family,kids,friends,gift,play,loved,year,wonderful,favorite,enjoy,fun,great,daughter,thank,playing,awesome,game,love,games,loves,grandson,enjoyed,best,christmas
birthday,family,kids,friends,gift,play,loved,year,wonderful,favorite,enjoy,fun,great,daughter,thank,playing,awesome,game,love,games,loves,grandson,enjoyed,best,christmas
birthday,family,kids,friends,gift,play,loved,year,wonderful,favorite,enjoy,fun,great,daughter,thank,playing,awesome,game,love,games,loves,grandson,enjoyed,best,christmas
birthday,family,kids,friends,gift,play,loved,year,wonderful,favorite,enjoy,fun,great,daughter,thank,playing,awesome,game,love,games,loves,grandson,enjoyed,best,christmas
birthday,family,kids,friends,gift,play,loved,year,wonderful,favorite,enjoy,fun,great,daughter,thank,playing,awesome,game,love,games,loves,grandson,enjoyed,best,christmas
birthday,family,kids,friends,gift,play,loved,year,wonderful,favorite,enjoy,fun,great,daughter,thank,playing,awesome,game,love,games,loves,grandson,enjoyed,best,christmas
birthday,family,kids,friends,gift,play,loved,year,wonderful,favorite,enjoy,fun,great,daughter,thank,playing,awesome,game,love,games,loves,grandson,enjoyed,best,christmas
birthday,family,kids,friends,gift,play,loved,year,wonderful,favorite,enjoy,fun,great,daughter,thank,playing,awesome,game,love,games,loves,grandson,enjoyed,best,christmas
birthday,family,kids,friends,gift,play,loved,year,wonderful,favorite,enjoy,fun,great,daughter,thank,playing,awesome,game,love,games,loves,grandson,enjoyed,best,christmas
birthday,family,kids,friends,gift,play,loved,year,wonderful,favorite,enjoy,fun,great,daughter,thank,playing,awesome,game,love,games,loves,grandson,enjoyed,best,christmas
birthday,family,kids,friends,gift,play,loved,year,wonderful,favorite,enjoy,fun,great,daughter,thank,playing,awesome,game,love,games,loves,grandson,enjoyed,best,christmas
birthday,family,kids,friends,gift,play,loved,year,wonderful,favorite,enjoy,fun,great,daughter,thank,playing,awesome,game,love,games,loves,grandson,enjoyed,best,christmas
birthday,family,kids,friends,gift,play,loved,year,wonderful,favorite,enjoy,fun,great,daughter,thank,playing,awesome,game,love,games,loves,grandson,enjoyed,best,christmas
birthday,family,kids,friends,gift,play,loved,year,wonderful,favorite,enjoy,fun,great,daughter,thank,playing,awesome,game,love,games,loves,grandson,enjoyed,best,christmas
birthday,family,kids,friends,gift,play,loved,year,wonderful,favorite,enjoy,fun,great,daughter,thank,playing,awesome,game,love,games,loves,grandson,enjoyed,best,christmas
birthday,family,kids,friends,gift,play,loved,year,wonderful,favorite,enjoy,fun,great,daughter,thank,playing,awesome,game,love,games,loves,grandson,enjoyed,best,christmas
birthday,family,kids,friends,gift,play,loved,year,wonderful,favorite,enjoy,fun,great,daughter,thank,playing,awesome,game,love,games,loves,grandson,enjoyed,best,christmas
birthday,family,kids,friends,gift,play,loved,year,wonderful,favorite,enjoy,fun,great,daughter,thank,playing,awesome,game,love,games,loves,grandson,enjoyed,best,christmas
birthday,family,kids,friends,gift,play,loved,year,wonderful,favorite,enjoy,fun,great,daughter,thank,playing,awesome,game,love,games,loves,grandson,enjoyed,best,christmas
birthday,family,kids,friends,gift,play,loved,year,wonderful,favorite,enjoy,fun,great,daughter,thank,playing,awesome,game,love,games,loves,grandson,enjoyed,best,christmas
birthday,family,kids,friends,gift,play,loved,year,wonderful,favorite,enjoy,fun,great,daughter,thank,playing,awesome,game,love,games,loves,grandson,enjoyed,best,christmas
birthday,family,kids,friends,gift,play,loved,year,wonderful,favorite,enjoy,fun,great,daughter,thank,playing,awesome,game,love,games,loves,grandson,enjoyed,best,christmas
birthday,family,kids,friends,gift,play,loved,year,wonderful,favorite,enjoy,fun,great,daughter,thank,playing,awesome,game,love,games,loves,grandson,enjoyed,best,christmas
birthday,family,kids,friends,gift,play,loved,year,wonderful,favorite,enjoy,fun,great,daughter,thank,playing,awesome,game,love,games,loves,grandson,enjoyed,best,christmas
birthday,family,kids,friends,gift,play,loved,year,wonderful,favorite,enjoy,fun,great,daughter,thank,playing,awesome,game,love,games,loves,grandson,enjoyed,best,christmas
birthday,family,kids,friends,gift,play,loved,year,wonderful,favorite,enjoy,fun,great,daughter,thank,playing,awesome,game,love,games,loves,grandson,enjoyed,best,christmas
birthday,family,kids,friends,gift,play,loved,year,wonderful,favorite,enjoy,fun,great,daughter,thank,playing,awesome,game,love,games,loves,grandson,enjoyed,best,christmas
birthday,family,kids,friends,gift,play,loved,year,wonderful,favorite,enjoy,fun,great,daughter,thank,playing,awesome,game,love,games,loves,grandson,enjoyed,best,christmas
birthday,family,kids,friends,gift,play,loved,year,wonderful,favorite,enjoy,fun,great,daughter,thank,playing,awesome,game,love,games,loves,grandson,enjoyed,best,christmas
birthday,family,kids,friends,gift,play,loved,year,wonderful,favorite,enjoy,fun,great,daughter,thank,playing,awesome,game,love,games,loves,grandson,enjoyed,best,christmas
birthday,family,kids,friends,gift,play,loved,year,wonderful,favorite,enjoy,fun,great,daughter,thank,playing,awesome,game,love,games,loves,grandson,enjoyed,best,christmas
birthday,family,kids,friends,gift,play,loved,year,wonderful,favorite,enjoy,fun,great,daughter,thank,playing,awesome,game,love,games,loves,grandson,enjoyed,best,christmas
birthday,family,kids,friends,gift,play,loved,year,wonderful,favorite,enjoy,fun,great,daughter,thank,playing,awesome,game,love,games,loves,grandson,enjoyed,best,christmas
birthday,family,kids,friends,gift,play,loved,year,wonderful,favorite,enjoy,fun,great,daughter,thank,playing,awesome,game,love,games,loves,grandson,enjoyed,best,christmas
birthday,family,kids,friends,gift,play,loved,year,wonderful,favorite,enjoy,fun,great,daughter,thank,playing,awesome,game,love,games,loves,grandson,enjoyed,best,christmas
birthday,family,kids,friends,gift,play,loved,year,wonderful,favorite,enjoy,fun,great,daughter,thank,playing,awesome,game,love,games,loves,grandson,enjoyed,best,christmas
birthday,family,kids,friends,gift,play,loved,year,wonderful,favorite,enjoy,fun,great,daughter,thank,playing,awesome,game,love,games,loves,grandson,enjoyed,best,christmas
birthday,family,kids,friends,gift,play,loved,year,wonderful,favorite,enjoy,fun,great,daughter,thank,playing,awesome,game,love,games,loves,grandson,enjoyed,best,christmas
birthday,family,kids,friends,gift,play,loved,year,wonderful,favorite,enjoy,fun,great,daughter,thank,playing,awesome,game,love,games,loves,grandson,enjoyed,best,christmas
birthday,family,kids,friends,gift,play,loved,year,wonderful,favorite,enjoy,fun,great,daughter,thank,playing,awesome,game,love,games,loves,grandson,enjoyed,best,christmas
birthday,family,kids,friends,gift,play,loved,year,wonderful,favorite,enjoy,fun,great,daughter,thank,playing,awesome,game,love,games,loves,grandson,enjoyed,best,christmas
birthday,family,kids,friends,gift,play,loved,year,wonderful,favorite,enjoy,fun,great,daughter,thank,playing,awesome,game,love,games,loves,grandson,enjoyed,best,christmas
birthday,family,kids,friends,gift,play,loved,year,wonderful,favorite,enjoy,fun,great,daughter,thank,playing,awesome,game,love,games,loves,grandson,enjoyed,best,christmas
birthday,family,kids,friends,gift,play,loved,year,wonderful,favorite,enjoy,fun,great,daughter,thank,playing,awesome,game,love,games,loves,grandson,enjoyed,best,christmas
birthday,family,kids,friends,gift,play,loved,year,wonderful,favorite,enjoy,fun,great,daughter,thank,playing,awesome,game,love,games,loves,grandson,enjoyed,best,christmas
birthday,family,kids,friends,gift,play,loved,year,wonderful,favorite,enjoy,fun,great,daughter,thank,playing,awesome,game,love,games,loves,grandson,enjoyed,best,christmas
birthday,family,kids,friends,gift,play,loved,year,wonderful,favorite,enjoy,fun,great,daughter,thank,playing,awesome,game,love,games,loves,grandson,enjoyed,best,christmas
birthday,family,kids,friends,gift,play,loved,year,wonderful,favorite,enjoy,fun,great,daughter,thank,playing,awesome,game,love,games,loves,grandson,enjoyed,best,christmas
birthday,family,kids,friends,gift,play,loved,year,wonderful,favorite,enjoy,fun,great,daughter,thank,playing,awesome,game,love,games,loves,grandson,enjoyed,best,christmas
birthday,family,kids,friends,gift,play,loved,year,wonderful,favorite,enjoy,fun,great,daughter,thank,playing,awesome,game,love,games,loves,grandson,enjoyed,best,christmas
birthday,family,kids,friends,gift,play,loved,year,wonderful,favorite,enjoy,fun,great,daughter,thank,playing,awesome,game,love,games,loves,grandson,enjoyed,best,christmas
birthday,family,kids,friends,gift,play,loved,year,wonderful,favorite,enjoy,fun,great,daughter,thank,playing,awesome,game,love,games,loves,grandson,enjoyed,best,christmas
birthday,family,kids,friends,gift,play,loved,year,wonderful,favorite,enjoy,fun,great,daughter,thank,playing,awesome,game,love,games,loves,grandson,enjoyed,best,christmas
birthday,family,kids,friends,gift,play,loved,year,wonderful,favorite,enjoy,fun,great,daughter,thank,playing,awesome,game,love,games,loves,grandson,enjoyed,best,christmas
birthday,family,kids,friends,gift,play,loved,year,wonderful,favorite,enjoy,fun,great,daughter,thank,playing,awesome,game,love,games,loves,grandson,enjoyed,best,christmas
birthday,family,kids,friends,gift,play,loved,year,wonderful,favorite,enjoy,fun,great,daughter,thank,playing,awesome,game,love,games,loves,grandson,enjoyed,best,christmas
birthday,family,kids,friends,gift,play,loved,year,wonderful,favorite,enjoy,fun,great,daughter,thank,playing,awesome,game,love,games,loves,grandson,enjoyed,best,christmas
birthday,family,kids,friends,gift,play,loved,year,wonderful,favorite,enjoy,fun,great,daughter,thank,playing,awesome,game,love,games,loves,grandson,enjoyed,best,christmas
birthday,family,kids,friends,gift,play,loved,year,wonderful,favorite,enjoy,fun,great,daughter,thank,playing,awesome,game,love,games,loves,grandson,enjoyed,best,christmas
birthday,family,kids,friends,gift,play,loved,year,wonderful,favorite,enjoy,fun,great,daughter,thank,playing,awesome,game,love,games,loves,grandson,enjoyed,best,christmas
birthday,family,kids,friends,gift,play,loved,year,wonderful,favorite,enjoy,fun,great,daughter,thank,playing,awesome,game,love,games,loves,grandson,enjoyed,best,christmas
birthday,family,kids,friends,gift,play,loved,year,wonderful,favorite,enjoy,fun,great,daughter,thank,playing,awesome,game,love,games,loves,grandson,enjoyed,best,christmas
birthday,family,kids,friends,gift,play,loved,year,wonderful,favorite,enjoy,fun,great,daughter,thank,playing,awesome,game,love,games,loves,grandson,enjoyed,best,christmas
birthday,family,kids,friends,gift,play,loved,year,wonderful,favorite,enjoy,fun,great,daughter,thank,playing,awesome,game,love,games,loves,grandson,enjoyed,best,christmas
birthday,family,kids,friends,gift,play,loved,year,wonderful,favorite,enjoy,fun,great,daughter,thank,playing,awesome,game,love,games,loves,grandson,enjoyed,best,christmas
birthday,family,kids,friends,gift,play,loved,year,wonderful,favorite,enjoy,fun,great,daughter,thank,playing,awesome,game,love,games,loves,grandson,enjoyed,best,christmas
birthday,family,kids,friends,gift,play,loved,year,wonderful,favorite,enjoy,fun,great,daughter,thank,playing,awesome,game,love,games,loves,grandson,enjoyed,best,christmas
birthday,family,kids,friends,gift,play,loved,year,wonderful,favorite,enjoy,fun,great,daughter,thank,playing,awesome,game,love,games,loves,grandson,enjoyed,best,christmas
birthday,family,kids,friends,gift,play,loved,year,wonderful,favorite,enjoy,fun,great,daughter,thank,playing,awesome,game,love,games,loves,grandson,enjoyed,best,christmas
birthday,family,kids,friends,gift,play,loved,year,wonderful,favorite,enjoy,fun,great,daughter,thank,playing,awesome,game,love,games,loves,grandson,enjoyed,best,christmas
birthday,family,kids,friends,gift,play,loved,year,wonderful,favorite,enjoy,fun,great,daughter,thank,playing,awesome,game,love,games,loves,grandson,enjoyed,best,christmas
birthday,family,kids,friends,gift,play,loved,year,wonderful,favorite,enjoy,fun,great,daughter,thank,playing,awesome,game,love,games,loves,grandson,enjoyed,best,christmas
birthday,family,kids,friends,gift,play,loved,year,wonderful,favorite,enjoy,fun,great,daughter,thank,playing,awesome,game,love,games,loves,grandson,enjoyed,best,christmas
birthday,family,kids,friends,gift,play,loved,year,wonderful,favorite,enjoy,fun,great,daughter,thank,playing,awesome,game,love,games,loves,grandson,enjoyed,best,christmas
birthday,family,kids,friends,gift,play,loved,year,wonderful,favorite,enjoy,fun,great,daughter,thank,playing,awesome,game,love,games,loves,grandson,enjoyed,best,christmas
birthday,family,kids,friends,gift,play,loved,year,wonderful,favorite,enjoy,fun,great,daughter,thank,playing,awesome,game,love,games,loves,grandson,enjoyed,best,christmas
birthday,family,kids,friends,gift,play,loved,year,wonderful,favorite,enjoy,fun,great,daughter,thank,playing,awesome,game,love,games,loves,grandson,enjoyed,best,christmas
birthday,family,kids,friends,gift,play,loved,year,wonderful,favorite,enjoy,fun,great,daughter,thank,playing,awesome,game,love,games,loves,grandson,enjoyed,best,christmas
birthday,family,kids,friends,gift,play,loved,year,wonderful,favorite,enjoy,fun,great,daughter,thank,playing,awesome,game,love,games,loves,grandson,enjoyed,best,christmas
birthday,family,kids,friends,gift,play,loved,year,wonderful,favorite,enjoy,fun,great,daughter,thank,playing,awesome,game,love,games,loves,grandson,enjoyed,best,christmas
birthday,family,kids,friends,gift,play,loved,year,wonderful,favorite,enjoy,fun,great,daughter,thank,playing,awesome,game,love,games,loves,grandson,enjoyed,best,christmas
birthday,family,kids,friends,gift,play,loved,year,wonderful,favorite,enjoy,fun,great,daughter,thank,playing,awesome,game,love,games,loves,grandson,enjoyed,best,christmas
birthday,family,kids,friends,gift,play,loved,year,wonderful,favorite,enjoy,fun,great,daughter,thank,playing,awesome,game,love,games,loves,grandson,enjoyed,best,christmas
birthday,family,kids,friends,gift,play,loved,year,wonderful,favorite,enjoy,fun,great,daughter,thank,playing,awesome,game,love,games,loves,grandson,enjoyed,best,christmas
birthday,family,kids,friends,gift,play,loved,year,wonderful,favorite,enjoy,fun,great,daughter,thank,playing,awesome,game,love,games,loves,grandson,enjoyed,best,christmas
birthday,family,kids,friends,gift,play,loved,year,wonderful,favorite,enjoy,fun,great,daughter,thank,playing,awesome,game,love,games,loves,grandson,enjoyed,best,christmas
birthday,family,kids,friends,gift,play,loved,year,wonderful,favorite,enjoy,fun,great,daughter,thank,playing,awesome,game,love,games,loves,grandson,enjoyed,best,christmas
birthday,family,kids,friends,gift,play,loved,year,wonderful,favorite,enjoy,fun,great,daughter,thank,playing,awesome,game,love,games,loves,grandson,enjoyed,best,christmas
birthday,family,kids,friends,gift,play,loved,year,wonderful,favorite,enjoy,fun,great,daughter,thank,playing,awesome,game,love,games,loves,grandson,enjoyed,best,christmas
birthday,family,kids,friends,gift,play,loved,year,wonderful,favorite,enjoy,fun,great,daughter,thank,playing,awesome,game,love,games,loves,grandson,enjoyed,best,christmas
birthday,family,kids,friends,gift,play,loved,year,wonderful,favorite,enjoy,fun,great,daughter,thank,playing,awesome,game,love,games,loves,grandson,enjoyed,best,christmas
birthday,family,kids,friends,gift,play,loved,year,wonderful,favorite,enjoy,fun,great,daughter,thank,playing,awesome,game,love,games,loves,grandson,enjoyed,best,christmas
birthday,family,kids,friends,gift,play,loved,year,wonderful,favorite,enjoy,fun,great,daughter,thank,playing,awesome,game,love,games,loves,grandson,enjoyed,best,christmas
birthday,family,kids,friends,gift,play,loved,year,wonderful,favorite,enjoy,fun,great,daughter,thank,playing,awesome,game,love,games,loves,grandson,enjoyed,best,christmas
birthday,family,kids,friends,gift,play,loved,year,wonderful,favorite,enjoy,fun,great,daughter,thank,playing,awesome,game,love,games,loves,grandson,enjoyed,best,christmas
birthday,family,kids,friends,gift,play,loved,year,wonderful,favorite,enjoy,fun,great,daughter,thank,playing,awesome,game,love,games,loves,grandson,enjoyed,best,christmas
birthday,family,kids,friends,gift,play,loved,year,wonderful,favorite,enjoy,fun,great,daughter,thank,playing,awesome,game,love,games,loves,grandson,enjoyed,best,christmas
birthday,family,kids,friends,gift,play,loved,year,wonderful,favorite,enjoy,fun,great,daughter,thank,playing,awesome,game,love,games,loves,grandson,enjoyed,best,christmas
birthday,family,kids,friends,gift,play,loved,year,wonderful,favorite,enjoy,fun,great,daughter,thank,playing,awesome,game,love,games,loves,grandson,enjoyed,best,christmas
birthday,family,kids,friends,gift,play,loved,year,wonderful,favorite,enjoy,fun,great,daughter,thank,playing,awesome,game,love,games,loves,grandson,enjoyed,best,christmas
birthday,family,kids,friends,gift,play,loved,year,wonderful,favorite,enjoy,fun,great,daughter,thank,playing,awesome,game,love,games,loves,grandson,enjoyed,best,christmas
birthday,family,kids,friends,gift,play,loved,year,wonderful,favorite,enjoy,fun,great,daughter,thank,playing,awesome,game,love,games,loves,grandson,enjoyed,best,christmas
birthday,family,kids,friends,gift,play,loved,year,wonderful,favorite,enjoy,fun,great,daughter,thank,playing,awesome,game,love,games,loves,grandson,enjoyed,best,christmas
birthday,family,kids,friends,gift,play,loved,year,wonderful,favorite,enjoy,fun,great,daughter,thank,playing,awesome,game,love,games,loves,grandson,enjoyed,best,christmas
birthday,family,kids,friends,gift,play,loved,year,wonderful,favorite,enjoy,fun,great,daughter,thank,playing,awesome,game,love,games,loves,grandson,enjoyed,best,christmas
birthday,family,kids,friends,gift,play,loved,year,wonderful,favorite,enjoy,fun,great,daughter,thank,playing,awesome,game,love,games,loves,grandson,enjoyed,best,christmas
birthday,family,kids,friends,gift,play,loved,year,wonderful,favorite,enjoy,fun,great,daughter,thank,playing,awesome,game,love,games,loves,grandson,enjoyed,best,christmas
birthday,family,kids,friends,gift,play,loved,year,wonderful,favorite,enjoy,fun,great,daughter,thank,playing,awesome,game,love,games,loves,grandson,enjoyed,best,christmas
birthday,family,kids,friends,gift,play,loved,year,wonderful,favorite,enjoy,fun,great,daughter,thank,playing,awesome,game,love,games,loves,grandson,enjoyed,best,christmas
birthday,family,kids,friends,gift,play,loved,year,wonderful,favorite,enjoy,fun,great,daughter,thank,playing,awesome,game,love,games,loves,grandson,enjoyed,best,christmas
birthday,family,kids,friends,gift,play,loved,year,wonderful,favorite,enjoy,fun,great,daughter,thank,playing,awesome,game,love,games,loves,grandson,enjoyed,best,christmas
birthday,family,kids,friends,gift,play,loved,year,wonderful,favorite,enjoy,fun,great,daughter,thank,playing,awesome,game,love,games,loves,grandson,enjoyed,best,christmas
birthday,family,kids,friends,gift,play,loved,year,wonderful,favorite,enjoy,fun,great,daughter,thank,playing,awesome,game,love,games,loves,grandson,enjoyed,best,christmas
birthday,family,kids,friends,gift,play,loved,year,wonderful,favorite,enjoy,fun,great,daughter,thank,playing,awesome,game,love,games,loves,grandson,enjoyed,best,christmas
birthday,family,kids,friends,gift,play,loved,year,wonderful,favorite,enjoy,fun,great,daughter,thank,playing,awesome,game,love,games,loves,grandson,enjoyed,best,christmas
birthday,family,kids,friends,gift,play,loved,year,wonderful,favorite,enjoy,fun,great,daughter,thank,playing,awesome,game,love,games,loves,grandson,enjoyed,best,christmas
birthday,family,kids,friends,gift,play,loved,year,wonderful,favorite,enjoy,fun,great,daughter,thank,playing,awesome,game,love,games,loves,grandson,enjoyed,best,christmas
birthday,family,kids,friends,gift,play,loved,year,wonderful,favorite,enjoy,fun,great,daughter,thank,playing,awesome,game,love,games,loves,grandson,enjoyed,best,christmas
birthday,family,kids,friends,gift,play,loved,year,wonderful,favorite,enjoy,fun,great,daughter,thank,playing,awesome,game,love,games,loves,grandson,enjoyed,best,christmas
birthday,family,kids,friends,gift,play,loved,year,wonderful,favorite,enjoy,fun,great,daughter,thank,playing,awesome,game,love,games,loves,grandson,enjoyed,best,christmas
birthday,family,kids,friends,gift,play,loved,year,wonderful,favorite,enjoy,fun,great,daughter,thank,playing,awesome,game,love,games,loves,grandson,enjoyed,best,christmas
birthday,family,kids,friends,gift,play,loved,year,wonderful,favorite,enjoy,fun,great,daughter,thank,playing,awesome,game,love,games,loves,grandson,enjoyed,best,christmas
birthday,family,kids,friends,gift,play,loved,year,wonderful,favorite,enjoy,fun,great,daughter,thank,playing,awesome,game,love,games,loves,grandson,enjoyed,best,christmas
birthday,family,kids,friends,gift,play,loved,year,wonderful,favorite,enjoy,fun,great,daughter,thank,playing,awesome,game,love,games,loves,grandson,enjoyed,best,christmas
birthday,family,kids,friends,gift,play,loved,year,wonderful,favorite,enjoy,fun,great,daughter,thank,playing,awesome,game,love,games,loves,grandson,enjoyed,best,christmas
birthday,family,kids,friends,gift,play,loved,year,wonderful,favorite,enjoy,fun,great,daughter,thank,playing,awesome,game,love,games,loves,grandson,enjoyed,best,christmas
birthday,family,kids,friends,gift,play,loved,year,wonderful,favorite,enjoy,fun,great,daughter,thank,playing,awesome,game,love,games,loves,grandson,enjoyed,best,christmas
birthday,family,kids,friends,gift,play,loved,year,wonderful,favorite,enjoy,fun,great,daughter,thank,playing,awesome,game,love,games,loves,grandson,enjoyed,best,christmas
birthday,family,kids,friends,gift,play,loved,year,wonderful,favorite,enjoy,fun,great,daughter,thank,playing,awesome,game,love,games,loves,grandson,enjoyed,best,christmas
birthday,family,kids,friends,gift,play,loved,year,wonderful,favorite,enjoy,fun,great,daughter,thank,playing,awesome,game,love,games,loves,grandson,enjoyed,best,christmas
birthday,family,kids,friends,gift,play,loved,year,wonderful,favorite,enjoy,fun,great,daughter,thank,playing,awesome,game,love,games,loves,grandson,enjoyed,best,christmas
birthday,family,kids,friends,gift,play,loved,year,wonderful,favorite,enjoy,fun,great,daughter,thank,playing,awesome,game,love,games,loves,grandson,enjoyed,best,christmas
birthday,family,kids,friends,gift,play,loved,year,wonderful,favorite,enjoy,fun,great,daughter,thank,playing,awesome,game,love,games,loves,grandson,enjoyed,best,christmas
birthday,family,kids,friends,gift,play,loved,year,wonderful,favorite,enjoy,fun,great,daughter,thank,playing,awesome,game,love,games,loves,grandson,enjoyed,best,christmas
birthday,family,kids,friends,gift,play,loved,year,wonderful,favorite,enjoy,fun,great,daughter,thank,playing,awesome,game,love,games,loves,grandson,enjoyed,best,christmas
birthday,family,kids,friends,gift,play,loved,year,wonderful,favorite,enjoy,fun,great,daughter,thank,playing,awesome,game,love,games,loves,grandson,enjoyed,best,christmas
birthday,family,kids,friends,gift,play,loved,year,wonderful,favorite,enjoy,fun,great,daughter,thank,playing,awesome,game,love,games,loves,grandson,enjoyed,best,christmas
birthday,family,kids,friends,gift,play,loved,year,wonderful,favorite,enjoy,fun,great,daughter,thank,playing,awesome,game,love,games,loves,grandson,enjoyed,best,christmas
birthday,family,kids,friends,gift,play,loved,year,wonderful,favorite,enjoy,fun,great,daughter,thank,playing,awesome,game,love,games,loves,grandson,enjoyed,best,christmas
birthday,family,kids,friends,gift,play,loved,year,wonderful,favorite,enjoy,fun,great,daughter,thank,playing,awesome,game,love,games,loves,grandson,enjoyed,best,christmas
birthday,family,kids,friends,gift,play,loved,year,wonderful,favorite,enjoy,fun,great,daughter,thank,playing,awesome,game,love,games,loves,grandson,enjoyed,best,christmas
birthday,family,kids,friends,gift,play,loved,year,wonderful,favorite,enjoy,fun,great,daughter,thank,playing,awesome,game,love,games,loves,grandson,enjoyed,best,christmas
birthday,family,kids,friends,gift,play,loved,year,wonderful,favorite,enjoy,fun,great,daughter,thank,playing,awesome,game,love,games,loves,grandson,enjoyed,best,christmas
birthday,family,kids,friends,gift,play,loved,year,wonderful,favorite,enjoy,fun,great,daughter,thank,playing,awesome,game,love,games,loves,grandson,enjoyed,best,christmas
birthday,family,kids,friends,gift,play,loved,year,wonderful,favorite,enjoy,fun,great,daughter,thank,playing,awesome,game,love,games,loves,grandson,enjoyed,best,christmas
birthday,family,kids,friends,gift,play,loved,year,wonderful,favorite,enjoy,fun,great,daughter,thank,playing,awesome,game,love,games,loves,grandson,enjoyed,best,christmas
birthday,family,kids,friends,gift,play,loved,year,wonderful,favorite,enjoy,fun,great,daughter,thank,playing,awesome,game,love,games,loves,grandson,enjoyed,best,christmas
birthday,family,kids,friends,gift,play,loved,year,wonderful,favorite,enjoy,fun,great,daughter,thank,playing,awesome,game,love,games,loves,grandson,enjoyed,best,christmas
birthday,family,kids,friends,gift,play,loved,year,wonderful,favorite,enjoy,fun,great,daughter,thank,playing,awesome,game,love,games,loves,grandson,enjoyed,best,christmas
birthday,family,kids,friends,gift,play,loved,year,wonderful,favorite,enjoy,fun,great,daughter,thank,playing,awesome,game,love,games,loves,grandson,enjoyed,best,christmas
birthday,family,kids,friends,gift,play,loved,year,wonderful,favorite,enjoy,fun,great,daughter,thank,playing,awesome,game,love,games,loves,grandson,enjoyed,best,christmas
birthday,family,kids,friends,gift,play,loved,year,wonderful,favorite,enjoy,fun,great,daughter,thank,playing,awesome,game,love,games,loves,grandson,enjoyed,best,christmas
birthday,family,kids,friends,gift,play,loved,year,wonderful,favorite,enjoy,fun,great,daughter,thank,playing,awesome,game,love,games,loves,grandson,enjoyed,best,christmas
birthday,family,kids,friends,gift,play,loved,year,wonderful,favorite,enjoy,fun,great,daughter,thank,playing,awesome,game,love,games,loves,grandson,enjoyed,best,christmas
birthday,family,kids,friends,gift,play,loved,year,wonderful,favorite,enjoy,fun,great,daughter,thank,playing,awesome,game,love,games,loves,grandson,enjoyed,best,christmas
birthday,family,kids,friends,gift,play,loved,year,wonderful,favorite,enjoy,fun,great,daughter,thank,playing,awesome,game,love,games,loves,grandson,enjoyed,best,christmas
birthday,family,kids,friends,gift,play,loved,year,wonderful,favorite,enjoy,fun,great,daughter,thank,playing,awesome,game,love,games,loves,grandson,enjoyed,best,christmas
birthday,family,kids,friends,gift,play,loved,year,wonderful,favorite,enjoy,fun,great,daughter,thank,playing,awesome,game,love,games,loves,grandson,enjoyed,best,christmas
birthday,family,kids,friends,gift,play,loved,year,wonderful,favorite,enjoy,fun,great,daughter,thank,playing,awesome,game,love,games,loves,grandson,enjoyed,best,christmas
birthday,family,kids,friends,gift,play,loved,year,wonderful,favorite,enjoy,fun,great,daughter,thank,playing,awesome,game,love,games,loves,grandson,enjoyed,best,christmas
birthday,family,kids,friends,gift,play,loved,year,wonderful,favorite,enjoy,fun,great,daughter,thank,playing,awesome,game,love,games,loves,grandson,enjoyed,best,christmas
birthday,family,kids,friends,gift,play,loved,year,wonderful,favorite,enjoy,fun,great,daughter,thank,playing,awesome,game,love,games,loves,grandson,enjoyed,best,christmas
birthday,family,kids,friends,gift,play,loved,year,wonderful,favorite,enjoy,fun,great,daughter,thank,playing,awesome,game,love,games,loves,grandson,enjoyed,best,christmas
birthday,family,kids,friends,gift,play,loved,year,wonderful,favorite,enjoy,fun,great,daughter,thank,playing,awesome,game,love,games,loves,grandson,enjoyed,best,christmas
birthday,family,kids,friends,gift,play,loved,year,wonderful,favorite,enjoy,fun,great,daughter,thank,playing,awesome,game,love,games,loves,grandson,enjoyed,best,christmas
birthday,family,kids,friends,gift,play,loved,year,wonderful,favorite,enjoy,fun,great,daughter,thank,playing,awesome,game,love,games,loves,grandson,enjoyed,best,christmas
birthday,family,kids,friends,gift,play,loved,year,wonderful,favorite,enjoy,fun,great,daughter,thank,playing,awesome,game,love,games,loves,grandson,enjoyed,best,christmas
birthday,family,kids,friends,gift,play,loved,year,wonderful,favorite,enjoy,fun,great,daughter,thank,playing,awesome,game,love,games,loves,grandson,enjoyed,best,christmas
birthday,family,kids,friends,gift,play,loved,year,wonderful,favorite,enjoy,fun,great,daughter,thank,playing,awesome,game,love,games,loves,grandson,enjoyed,best,christmas
birthday,family,kids,friends,gift,play,loved,year,wonderful,favorite,enjoy,fun,great,daughter,thank,playing,awesome,game,love,games,loves,grandson,enjoyed,best,christmas
birthday,family,kids,friends,gift,play,loved,year,wonderful,favorite,enjoy,fun,great,daughter,thank,playing,awesome,game,love,games,loves,grandson,enjoyed,best,christmas
birthday,family,kids,friends,gift,play,loved,year,wonderful,favorite,enjoy,fun,great,daughter,thank,playing,awesome,game,love,games,loves,grandson,enjoyed,best,christmas
birthday,family,kids,friends,gift,play,loved,year,wonderful,favorite,enjoy,fun,great,daughter,thank,playing,awesome,game,love,games,loves,grandson,enjoyed,best,christmas
birthday,family,kids,friends,gift,play,loved,year,wonderful,favorite,enjoy,fun,great,daughter,thank,playing,awesome,game,love,games,loves,grandson,enjoyed,best,christmas
birthday,family,kids,friends,gift,play,loved,year,wonderful,favorite,enjoy,fun,great,daughter,thank,playing,awesome,game,love,games,loves,grandson,enjoyed,best,christmas
birthday,family,kids,friends,gift,play,loved,year,wonderful,favorite,enjoy,fun,great,daughter,thank,playing,awesome,game,love,games,loves,grandson,enjoyed,best,christmas
birthday,family,kids,friends,gift,play,loved,year,wonderful,favorite,enjoy,fun,great,daughter,thank,playing,awesome,game,love,games,loves,grandson,enjoyed,best,christmas
birthday,family,kids,friends,gift,play,loved,year,wonderful,favorite,enjoy,fun,great,daughter,thank,playing,awesome,game,love,games,loves,grandson,enjoyed,best,christmas
birthday,family,kids,friends,gift,play,loved,year,wonderful,favorite,enjoy,fun,great,daughter,thank,playing,awesome,game,love,games,loves,grandson,enjoyed,best,christmas
birthday,family,kids,friends,gift,play,loved,year,wonderful,favorite,enjoy,fun,great,daughter,thank,playing,awesome,game,love,games,loves,grandson,enjoyed,best,christmas
birthday,family,kids,friends,gift,play,loved,year,wonderful,favorite,enjoy,fun,great,daughter,thank,playing,awesome,game,love,games,loves,grandson,enjoyed,best,christmas
birthday,family,kids,friends,gift,play,loved,year,wonderful,favorite,enjoy,fun,great,daughter,thank,playing,awesome,game,love,games,loves,grandson,enjoyed,best,christmas
birthday,family,kids,friends,gift,play,loved,year,wonderful,favorite,enjoy,fun,great,daughter,thank,playing,awesome,game,love,games,loves,grandson,enjoyed,best,christmas
birthday,family,kids,friends,gift,play,loved,year,wonderful,favorite,enjoy,fun,great,daughter,thank,playing,awesome,game,love,games,loves,grandson,enjoyed,best,christmas
birthday,family,kids,friends,gift,play,loved,year,wonderful,favorite,enjoy,fun,great,daughter,thank,playing,awesome,game,love,games,loves,grandson,enjoyed,best,christmas
birthday,family,kids,friends,gift,play,loved,year,wonderful,favorite,enjoy,fun,great,daughter,thank,playing,awesome,game,love,games,loves,grandson,enjoyed,best,christmas
birthday,family,kids,friends,gift,play,loved,year,wonderful,favorite,enjoy,fun,great,daughter,thank,playing,awesome,game,love,games,loves,grandson,enjoyed,best,christmas
birthday,family,kids,friends,gift,play,loved,year,wonderful,favorite,enjoy,fun,great,daughter,thank,playing,awesome,game,love,games,loves,grandson,enjoyed,best,christmas
birthday,family,kids,friends,gift,play,loved,year,wonderful,favorite,enjoy,fun,great,daughter,thank,playing,awesome,game,love,games,loves,grandson,enjoyed,best,christmas
birthday,family,kids,friends,gift,play,loved,year,wonderful,favorite,enjoy,fun,great,daughter,thank,playing,awesome,game,love,games,loves,grandson,enjoyed,best,christmas
birthday,family,kids,friends,gift,play,loved,year,wonderful,favorite,enjoy,fun,great,daughter,thank,playing,awesome,game,love,games,loves,grandson,enjoyed,best,christmas
birthday,family,kids,friends,gift,play,loved,year,wonderful,favorite,enjoy,fun,great,daughter,thank,playing,awesome,game,love,games,loves,grandson,enjoyed,best,christmas
birthday,family,kids,friends,gift,play,loved,year,wonderful,favorite,enjoy,fun,great,daughter,thank,playing,awesome,game,love,games,loves,grandson,enjoyed,best,christmas
birthday,family,kids,friends,gift,play,loved,year,wonderful,favorite,enjoy,fun,great,daughter,thank,playing,awesome,game,love,games,loves,grandson,enjoyed,best,christmas
birthday,family,kids,friends,gift,play,loved,year,wonderful,favorite,enjoy,fun,great,daughter,thank,playing,awesome,game,love,games,loves,grandson,enjoyed,best,christmas
birthday,family,kids,friends,gift,play,loved,year,wonderful,favorite,enjoy,fun,great,daughter,thank,playing,awesome,game,love,games,loves,grandson,enjoyed,best,christmas
birthday,family,kids,friends,gift,play,loved,year,wonderful,favorite,enjoy,fun,great,daughter,thank,playing,awesome,game,love,games,loves,grandson,enjoyed,best,christmas
birthday,family,kids,friends,gift,play,loved,year,wonderful,favorite,enjoy,fun,great,daughter,thank,playing,awesome,game,love,games,loves,grandson,enjoyed,best,christmas
birthday,family,kids,friends,gift,play,loved,year,wonderful,favorite,enjoy,fun,great,daughter,thank,playing,awesome,game,love,games,loves,grandson,enjoyed,best,christmas
birthday,family,kids,friends,gift,play,loved,year,wonderful,favorite,enjoy,fun,great,daughter,thank,playing,awesome,game,love,games,loves,grandson,enjoyed,best,christmas
birthday,family,kids,friends,gift,play,loved,year,wonderful,favorite,enjoy,fun,great,daughter,thank,playing,awesome,game,love,games,loves,grandson,enjoyed,best,christmas
birthday,family,kids,friends,gift,play,loved,year,wonderful,favorite,enjoy,fun,great,daughter,thank,playing,awesome,game,love,games,loves,grandson,enjoyed,best,christmas
birthday,family,kids,friends,gift,play,loved,year,wonderful,favorite,enjoy,fun,great,daughter,thank,playing,awesome,game,love,games,loves,grandson,enjoyed,best,christmas
birthday,family,kids,friends,gift,play,loved,year,wonderful,favorite,enjoy,fun,great,daughter,thank,playing,awesome,game,love,games,loves,grandson,enjoyed,best,christmas
birthday,family,kids,friends,gift,play,loved,year,wonderful,favorite,enjoy,fun,great,daughter,thank,playing,awesome,game,love,games,loves,grandson,enjoyed,best,christmas
birthday,family,kids,friends,gift,play,loved,year,wonderful,favorite,enjoy,fun,great,daughter,thank,playing,awesome,game,love,games,loves,grandson,enjoyed,best,christmas
birthday,family,kids,friends,gift,play,loved,year,wonderful,favorite,enjoy,fun,great,daughter,thank,playing,awesome,game,love,games,loves,grandson,enjoyed,best,christmas
birthday,family,kids,friends,gift,play,loved,year,wonderful,favorite,enjoy,fun,great,daughter,thank,playing,awesome,game,love,games,loves,grandson,enjoyed,best,christmas
birthday,family,kids,friends,gift,play,loved,year,wonderful,favorite,enjoy,fun,great,daughter,thank,playing,awesome,game,love,games,loves,grandson,enjoyed,best,christmas
birthday,family,kids,friends,gift,play,loved,year,wonderful,favorite,enjoy,fun,great,daughter,thank,playing,awesome,game,love,games,loves,grandson,enjoyed,best,christmas
birthday,family,kids,friends,gift,play,loved,year,wonderful,favorite,enjoy,fun,great,daughter,thank,playing,awesome,game,love,games,loves,grandson,enjoyed,best,christmas
birthday,family,kids,friends,gift,play,loved,year,wonderful,favorite,enjoy,fun,great,daughter,thank,playing,awesome,game,love,games,loves,grandson,enjoyed,best,christmas
birthday,family,kids,friends,gift,play,loved,year,wonderful,favorite,enjoy,fun,great,daughter,thank,playing,awesome,game,love,games,loves,grandson,enjoyed,best,christmas
birthday,family,kids,friends,gift,play,loved,year,wonderful,favorite,enjoy,fun,great,daughter,thank,playing,awesome,game,love,games,loves,grandson,enjoyed,best,christmas
birthday,family,kids,friends,gift,play,loved,year,wonderful,favorite,enjoy,fun,great,daughter,thank,playing,awesome,game,love,games,loves,grandson,enjoyed,best,christmas
birthday,family,kids,friends,gift,play,loved,year,wonderful,favorite,enjoy,fun,great,daughter,thank,playing,awesome,game,love,games,loves,grandson,enjoyed,best,christmas
birthday,family,kids,friends,gift,play,loved,year,wonderful,favorite,enjoy,fun,great,daughter,thank,playing,awesome,game,love,games,loves,grandson,enjoyed,best,christmas
birthday,family,kids,friends,gift,play,loved,year,wonderful,favorite,enjoy,fun,great,daughter,thank,playing,awesome,game,love,games,loves,grandson,enjoyed,best,christmas
birthday,family,kids,friends,gift,play,loved,year,wonderful,favorite,enjoy,fun,great,daughter,thank,playing,awesome,game,love,games,loves,grandson,enjoyed,best,christmas
birthday,family,kids,friends,gift,play,loved,year,wonderful,favorite,enjoy,fun,great,daughter,thank,playing,awesome,game,love,games,loves,grandson,enjoyed,best,christmas
birthday,family,kids,friends,gift,play,loved,year,wonderful,favorite,enjoy,fun,great,daughter,thank,playing,awesome,game,love,games,loves,grandson,enjoyed,best,christmas
birthday,family,kids,friends,gift,play,loved,year,wonderful,favorite,enjoy,fun,great,daughter,thank,playing,awesome,game,love,games,loves,grandson,enjoyed,best,christmas
ages,birthday,family,kids,friends,gift,play,loved,year,wonderful,favorite,enjoy,fun,great,daughter,thank,playing,awesome,game,love,games,loves,grandson,best,christmas
ages,birthday,family,kids,friends,gift,play,loved,year,wonderful,favorite,enjoy,fun,great,daughter,thank,playing,awesome,game,love,games,loves,grandson,best,christmas
ages,birthday,family,kids,friends,gift,play,loved,year,wonderful,favorite,enjoy,fun,great,daughter,thank,playing,awesome,game,love,games,loves,grandson,best,christmas
ages,birthday,family,kids,friends,gift,play,loved,year,wonderful,favorite,enjoy,fun,great,daughter,thank,playing,awesome,game,love,games,loves,grandson,best,christmas
ages,birthday,family,kids,friends,gift,play,loved,year,wonderful,favorite,enjoy,fun,great,daughter,thank,playing,awesome,game,love,games,loves,grandson,best,christmas
ages,birthday,family,kids,friends,gift,play,loved,year,wonderful,favorite,enjoy,fun,great,daughter,thank,playing,awesome,game,love,games,loves,grandson,best,christmas
ages,birthday,family,kids,friends,gift,play,loved,year,wonderful,favorite,enjoy,fun,great,daughter,thank,playing,awesome,game,love,games,loves,grandson,best,christmas
ages,birthday,family,kids,friends,gift,play,loved,year,wonderful,favorite,enjoy,fun,great,daughter,thank,playing,awesome,game,love,games,loves,grandson,best,christmas
ages,birthday,family,kids,friends,gift,play,loved,year,wonderful,favorite,enjoy,fun,great,daughter,thank,playing,awesome,game,love,games,loves,grandson,best,christmas
ages,birthday,family,kids,friends,gift,play,loved,year,wonderful,favorite,enjoy,fun,great,daughter,thank,playing,awesome,game,love,games,loves,grandson,best,christmas
ages,birthday,family,kids,friends,gift,play,loved,year,wonderful,favorite,enjoy,fun,great,daughter,thank,playing,awesome,game,love,games,loves,grandson,best,christmas
ages,birthday,family,kids,friends,gift,play,loved,year,wonderful,favorite,enjoy,fun,great,daughter,thank,playing,awesome,game,love,games,loves,grandson,best,christmas
ages,birthday,family,kids,friends,gift,play,loved,year,wonderful,favorite,enjoy,fun,great,daughter,thank,playing,awesome,game,love,games,loves,grandson,best,christmas
ages,birthday,family,kids,friends,gift,play,loved,year,wonderful,favorite,enjoy,fun,great,daughter,thank,playing,awesome,game,love,games,loves,grandson,best,christmas
ages,birthday,family,kids,friends,gift,play,loved,year,wonderful,favorite,enjoy,fun,great,daughter,thank,playing,awesome,game,love,games,loves,grandson,best,christmas
ages,birthday,family,kids,friends,gift,play,loved,year,wonderful,favorite,enjoy,fun,great,daughter,thank,playing,awesome,game,love,games,loves,grandson,best,christmas
ages,birthday,family,kids,friends,gift,play,loved,year,wonderful,favorite,enjoy,fun,great,daughter,thank,playing,awesome,game,love,games,loves,grandson,best,christmas
ages,birthday,family,kids,friends,gift,play,loved,year,wonderful,favorite,enjoy,fun,great,daughter,thank,playing,awesome,game,love,games,loves,grandson,best,christmas
ages,birthday,family,kids,friends,gift,play,loved,year,wonderful,favorite,enjoy,fun,great,daughter,thank,playing,awesome,game,love,games,loves,grandson,best,christmas
ages,birthday,family,kids,friends,gift,play,loved,year,wonderful,favorite,enjoy,fun,great,daughter,thank,playing,awesome,game,love,games,loves,grandson,best,christmas
ages,birthday,family,kids,friends,gift,play,loved,year,wonderful,favorite,enjoy,fun,great,daughter,thank,playing,awesome,game,love,games,loves,grandson,best,christmas
ages,birthday,family,kids,friends,gift,play,loved,year,wonderful,favorite,enjoy,fun,great,daughter,thank,playing,awesome,game,love,games,loves,grandson,best,christmas
ages,birthday,family,kids,friends,gift,play,loved,year,wonderful,favorite,enjoy,fun,great,daughter,thank,playing,awesome,game,love,games,loves,grandson,best,christmas
ages,birthday,family,kids,friends,gift,play,loved,year,wonderful,favorite,enjoy,fun,great,daughter,thank,playing,awesome,game,love,games,loves,grandson,best,christmas
ages,birthday,family,kids,friends,gift,play,loved,year,wonderful,favorite,enjoy,fun,great,daughter,thank,playing,awesome,game,love,games,loves,grandson,best,christmas
ages,birthday,family,kids,friends,gift,play,loved,year,wonderful,favorite,enjoy,fun,great,daughter,thank,playing,awesome,game,love,games,loves,grandson,best,christmas
ages,birthday,family,kids,friends,gift,play,loved,year,wonderful,favorite,enjoy,fun,great,daughter,thank,playing,awesome,game,love,games,loves,grandson,best,christmas
ages,birthday,family,kids,friends,gift,play,loved,year,wonderful,favorite,enjoy,fun,great,daughter,thank,playing,awesome,game,love,games,loves,grandson,best,christmas
ages,birthday,family,kids,friends,gift,play,loved,year,wonderful,favorite,enjoy,fun,great,daughter,thank,playing,awesome,game,love,games,loves,grandson,best,christmas
ages,birthday,family,kids,friends,gift,play,loved,year,wonderful,favorite,enjoy,fun,great,daughter,thank,playing,awesome,game,love,games,loves,grandson,best,christmas
ages,birthday,family,kids,friends,gift,play,loved,year,wonderful,favorite,enjoy,fun,great,daughter,thank,playing,awesome,game,love,games,loves,grandson,best,christmas
ages,birthday,family,kids,friends,gift,play,loved,year,wonderful,favorite,enjoy,fun,great,daughter,thank,playing,awesome,game,love,games,loves,grandson,best,christmas
ages,birthday,family,kids,friends,gift,play,loved,year,wonderful,favorite,enjoy,fun,great,daughter,thank,playing,awesome,game,love,games,loves,grandson,best,christmas
ages,birthday,family,kids,friends,gift,play,loved,year,wonderful,favorite,enjoy,fun,great,daughter,thank,playing,awesome,game,love,games,loves,grandson,best,christmas
ages,birthday,family,kids,friends,gift,play,loved,year,wonderful,favorite,enjoy,fun,great,daughter,thank,playing,awesome,game,love,games,loves,grandson,best,christmas
ages,birthday,family,kids,friends,gift,play,loved,year,wonderful,favorite,enjoy,fun,great,daughter,thank,playing,awesome,game,love,games,loves,grandson,best,christmas
ages,birthday,family,kids,friends,gift,play,loved,year,wonderful,favorite,enjoy,fun,great,daughter,thank,playing,awesome,game,love,games,loves,grandson,best,christmas
ages,birthday,family,kids,friends,gift,play,loved,year,wonderful,favorite,enjoy,fun,great,daughter,thank,playing,awesome,game,love,games,loves,grandson,best,christmas
ages,birthday,family,kids,friends,gift,play,loved,year,wonderful,favorite,enjoy,fun,great,daughter,thank,playing,awesome,game,love,games,loves,grandson,best,christmas
ages,birthday,family,kids,friends,gift,play,loved,year,wonderful,favorite,enjoy,fun,great,daughter,thank,playing,awesome,game,love,games,loves,grandson,best,christmas
ages,birthday,family,kids,friends,gift,play,loved,year,wonderful,favorite,enjoy,fun,great,daughter,thank,playing,awesome,game,love,games,loves,grandson,best,christmas
ages,birthday,family,kids,friends,gift,play,loved,year,wonderful,favorite,enjoy,fun,great,daughter,thank,playing,awesome,game,love,games,loves,grandson,best,christmas
ages,birthday,family,kids,friends,gift,play,loved,year,wonderful,favorite,enjoy,fun,great,daughter,thank,playing,awesome,game,love,games,loves,grandson,best,christmas
ages,birthday,family,kids,friends,gift,play,loved,year,wonderful,favorite,enjoy,fun,great,daughter,thank,playing,awesome,game,love,games,loves,grandson,best,christmas
ages,birthday,family,kids,friends,gift,play,loved,year,wonderful,favorite,enjoy,fun,great,daughter,thank,playing,awesome,game,love,games,loves,grandson,best,christmas
ages,birthday,family,kids,friends,gift,play,loved,year,wonderful,favorite,enjoy,fun,great,daughter,thank,playing,awesome,game,love,games,loves,grandson,best,christmas
ages,birthday,family,kids,friends,gift,play,loved,year,wonderful,favorite,enjoy,fun,great,daughter,thank,playing,awesome,game,love,games,loves,grandson,best,christmas
ages,birthday,family,kids,friends,gift,play,loved,year,wonderful,favorite,enjoy,fun,great,daughter,thank,playing,awesome,game,love,games,loves,grandson,best,christmas
ages,birthday,family,kids,friends,gift,play,loved,year,wonderful,favorite,enjoy,fun,great,daughter,thank,playing,awesome,game,love,games,loves,grandson,best,christmas
ages,birthday,family,kids,friends,gift,play,loved,year,wonderful,favorite,enjoy,fun,great,daughter,thank,playing,awesome,game,love,games,loves,grandson,best,christmas
birthday,family,kids,friends,gift,play,loved,year,wonderful,favorite,enjoy,fun,great,daughter,thank,playing,awesome,game,love,games,loves,grandson,enjoyed,best,christmas
birthday,family,kids,friends,gift,play,loved,year,wonderful,favorite,enjoy,fun,great,daughter,thank,playing,awesome,game,love,games,loves,grandson,enjoyed,best,christmas
birthday,family,kids,friends,gift,play,loved,year,wonderful,favorite,enjoy,fun,great,daughter,thank,playing,awesome,game,love,games,loves,grandson,enjoyed,best,christmas
birthday,family,kids,friends,gift,play,loved,year,wonderful,favorite,enjoy,fun,great,daughter,thank,playing,awesome,game,love,games,loves,grandson,enjoyed,best,christmas
birthday,family,kids,friends,gift,play,loved,year,wonderful,favorite,enjoy,fun,great,daughter,thank,playing,awesome,game,love,games,loves,grandson,enjoyed,best,christmas
birthday,family,kids,friends,gift,play,loved,year,wonderful,favorite,enjoy,fun,great,daughter,thank,playing,awesome,game,love,games,loves,grandson,enjoyed,best,christmas
birthday,family,kids,friends,gift,play,loved,year,wonderful,favorite,enjoy,fun,great,daughter,thank,playing,awesome,game,love,games,loves,grandson,enjoyed,best,christmas
birthday,family,kids,friends,gift,play,loved,year,wonderful,favorite,enjoy,fun,great,daughter,thank,playing,awesome,game,love,games,loves,grandson,enjoyed,best,christmas
birthday,family,kids,friends,gift,play,loved,year,wonderful,favorite,enjoy,fun,great,daughter,thank,playing,awesome,game,love,games,loves,grandson,enjoyed,best,christmas
birthday,family,kids,friends,gift,play,loved,year,wonderful,favorite,enjoy,fun,great,daughter,thank,playing,awesome,game,love,games,loves,grandson,enjoyed,best,christmas
birthday,family,kids,friends,gift,play,loved,year,wonderful,favorite,enjoy,fun,great,daughter,thank,playing,awesome,game,love,games,loves,grandson,enjoyed,best,christmas
birthday,family,kids,friends,gift,play,loved,year,wonderful,favorite,enjoy,fun,great,daughter,thank,playing,awesome,game,love,games,loves,grandson,enjoyed,best,christmas
birthday,family,kids,friends,gift,play,loved,year,wonderful,favorite,enjoy,fun,great,daughter,thank,playing,awesome,game,love,games,loves,grandson,enjoyed,best,christmas
birthday,family,kids,friends,gift,play,loved,year,wonderful,favorite,enjoy,fun,great,daughter,thank,playing,awesome,game,love,games,loves,grandson,enjoyed,best,christmas
birthday,family,kids,friends,gift,play,loved,year,wonderful,favorite,enjoy,fun,great,daughter,thank,playing,awesome,game,love,games,loves,grandson,enjoyed,best,christmas
birthday,family,kids,friends,gift,play,loved,year,wonderful,favorite,enjoy,fun,great,daughter,thank,playing,awesome,game,love,games,loves,grandson,enjoyed,best,christmas
birthday,family,kids,friends,gift,play,loved,year,wonderful,favorite,enjoy,fun,great,daughter,thank,playing,awesome,game,love,games,loves,grandson,enjoyed,best,christmas
birthday,family,kids,friends,gift,play,loved,year,wonderful,favorite,enjoy,fun,great,daughter,thank,playing,awesome,game,love,games,loves,grandson,enjoyed,best,christmas
birthday,family,kids,friends,gift,play,loved,year,wonderful,favorite,enjoy,fun,great,daughter,thank,playing,awesome,game,love,games,loves,grandson,enjoyed,best,christmas
birthday,family,kids,friends,gift,play,loved,year,wonderful,favorite,enjoy,fun,great,daughter,thank,playing,awesome,game,love,games,loves,grandson,enjoyed,best,christmas
birthday,family,kids,friends,gift,play,loved,year,wonderful,favorite,enjoy,fun,great,daughter,thank,playing,awesome,game,love,games,loves,grandson,enjoyed,best,christmas
birthday,family,kids,friends,gift,play,loved,year,wonderful,favorite,enjoy,fun,great,daughter,thank,playing,awesome,game,love,games,loves,grandson,enjoyed,best,christmas
birthday,family,kids,friends,gift,play,loved,year,wonderful,favorite,enjoy,fun,great,daughter,thank,playing,awesome,game,love,games,loves,grandson,enjoyed,best,christmas
birthday,family,kids,friends,gift,play,loved,year,wonderful,favorite,enjoy,fun,great,daughter,thank,playing,awesome,game,love,games,loves,grandson,enjoyed,best,christmas
birthday,family,kids,friends,gift,play,loved,year,wonderful,favorite,enjoy,fun,great,daughter,thank,playing,awesome,game,love,games,loves,grandson,enjoyed,best,christmas
birthday,family,kids,friends,gift,play,loved,year,wonderful,favorite,enjoy,fun,great,daughter,thank,playing,awesome,game,love,games,loves,grandson,enjoyed,best,christmas
birthday,family,kids,friends,gift,play,loved,year,wonderful,favorite,enjoy,fun,great,daughter,thank,playing,awesome,game,love,games,loves,grandson,enjoyed,best,christmas
birthday,family,kids,friends,gift,play,loved,year,wonderful,favorite,enjoy,fun,great,daughter,thank,playing,awesome,game,love,games,loves,grandson,enjoyed,best,christmas
birthday,family,kids,friends,gift,play,loved,year,wonderful,favorite,enjoy,fun,great,daughter,thank,playing,awesome,game,love,games,loves,grandson,enjoyed,best,christmas
birthday,family,kids,friends,gift,play,loved,year,wonderful,favorite,enjoy,fun,great,daughter,thank,playing,awesome,game,love,games,loves,grandson,enjoyed,best,christmas
birthday,family,kids,friends,gift,play,loved,year,wonderful,favorite,enjoy,fun,great,daughter,thank,playing,awesome,game,love,games,loves,grandson,enjoyed,best,christmas
birthday,family,kids,friends,gift,play,loved,year,wonderful,favorite,enjoy,fun,great,daughter,thank,playing,awesome,game,love,games,loves,grandson,enjoyed,best,christmas
birthday,family,kids,friends,gift,play,loved,year,wonderful,favorite,enjoy,fun,great,daughter,thank,playing,awesome,game,love,games,loves,grandson,enjoyed,best,christmas
birthday,family,kids,friends,gift,play,loved,year,wonderful,favorite,enjoy,fun,great,daughter,thank,playing,awesome,game,love,games,loves,grandson,enjoyed,best,christmas
birthday,family,kids,friends,gift,play,loved,year,wonderful,favorite,enjoy,fun,great,daughter,thank,playing,awesome,game,love,games,loves,grandson,enjoyed,best,christmas
birthday,family,kids,friends,gift,play,loved,year,wonderful,favorite,enjoy,fun,great,daughter,thank,playing,awesome,game,love,games,loves,grandson,enjoyed,best,christmas
birthday,family,kids,friends,gift,play,loved,year,wonderful,favorite,enjoy,fun,great,daughter,thank,playing,awesome,game,love,games,loves,grandson,enjoyed,best,christmas
birthday,family,kids,friends,gift,play,loved,year,wonderful,favorite,enjoy,fun,great,daughter,thank,playing,awesome,game,love,games,loves,grandson,enjoyed,best,christmas
birthday,family,kids,friends,gift,play,loved,year,wonderful,favorite,enjoy,fun,great,daughter,thank,playing,awesome,game,love,games,loves,grandson,enjoyed,best,christmas
birthday,family,kids,friends,gift,play,loved,year,wonderful,favorite,enjoy,fun,great,daughter,thank,playing,awesome,game,love,games,loves,grandson,enjoyed,best,christmas
birthday,family,kids,friends,gift,play,loved,year,wonderful,favorite,enjoy,fun,great,daughter,thank,playing,awesome,game,love,games,loves,grandson,enjoyed,best,christmas
birthday,family,kids,friends,gift,play,loved,year,wonderful,favorite,enjoy,fun,great,daughter,thank,playing,awesome,game,love,games,loves,grandson,enjoyed,best,christmas
birthday,family,kids,friends,gift,play,loved,year,wonderful,favorite,enjoy,fun,great,daughter,thank,playing,awesome,game,love,games,loves,grandson,enjoyed,best,christmas
birthday,family,kids,friends,gift,play,loved,year,wonderful,favorite,enjoy,fun,great,daughter,thank,book,playing,awesome,game,love,games,loves,grandson,best,christmas
birthday,family,kids,friends,gift,play,loved,year,wonderful,favorite,enjoy,fun,great,daughter,thank,book,playing,awesome,game,love,games,loves,grandson,best,christmas
birthday,family,kids,friends,gift,play,loved,year,wonderful,favorite,enjoy,fun,great,daughter,thank,book,playing,awesome,game,love,games,loves,grandson,best,christmas
birthday,family,kids,friends,gift,play,loved,year,wonderful,favorite,enjoy,fun,great,daughter,thank,book,playing,awesome,game,love,games,loves,grandson,best,christmas
birthday,family,kids,friends,gift,play,loved,year,wonderful,favorite,enjoy,fun,great,daughter,thank,book,playing,awesome,game,love,games,loves,grandson,best,christmas
birthday,family,kids,friends,gift,play,loved,year,wonderful,favorite,enjoy,fun,great,daughter,thank,book,playing,awesome,game,love,games,loves,grandson,best,christmas
birthday,family,kids,friends,gift,play,loved,year,wonderful,favorite,enjoy,fun,great,daughter,thank,book,playing,awesome,game,love,games,loves,grandson,best,christmas
ages,birthday,family,kids,friends,gift,play,loved,year,wonderful,favorite,enjoy,fun,great,daughter,thank,playing,awesome,game,love,games,loves,grandson,best,christmas
ages,birthday,family,kids,friends,gift,play,loved,year,wonderful,favorite,enjoy,fun,great,daughter,thank,playing,awesome,game,love,games,loves,grandson,best,christmas
ages,birthday,family,kids,friends,gift,play,loved,year,wonderful,favorite,enjoy,fun,great,daughter,thank,playing,awesome,game,love,games,loves,grandson,best,christmas
ages,birthday,family,kids,friends,gift,play,loved,year,wonderful,favorite,enjoy,fun,great,daughter,thank,playing,awesome,game,love,games,loves,grandson,best,christmas
ages,birthday,family,kids,friends,gift,play,loved,year,wonderful,favorite,enjoy,fun,great,daughter,thank,playing,awesome,game,love,games,loves,grandson,best,christmas
ages,birthday,family,kids,friends,gift,play,loved,year,wonderful,favorite,enjoy,fun,great,daughter,thank,playing,awesome,game,love,games,loves,grandson,best,christmas
ages,birthday,family,kids,friends,gift,play,loved,year,wonderful,favorite,enjoy,fun,great,daughter,thank,playing,awesome,game,love,games,loves,grandson,best,christmas
ages,birthday,family,kids,friends,gift,play,loved,year,wonderful,favorite,enjoy,fun,great,daughter,thank,playing,awesome,game,love,games,loves,grandson,best,christmas
ages,birthday,family,kids,friends,gift,play,loved,year,wonderful,favorite,enjoy,fun,great,daughter,thank,playing,awesome,game,love,games,loves,grandson,best,christmas
ages,birthday,family,kids,friends,gift,play,loved,year,wonderful,favorite,enjoy,fun,great,daughter,thank,playing,awesome,game,love,games,loves,grandson,best,christmas
ages,birthday,family,kids,friends,gift,play,loved,year,wonderful,favorite,enjoy,fun,great,daughter,thank,playing,awesome,game,love,games,loves,grandson,best,christmas
ages,birthday,family,kids,friends,gift,play,loved,year,wonderful,favorite,enjoy,fun,great,daughter,thank,playing,awesome,game,love,games,loves,grandson,best,christmas
ages,birthday,family,kids,friends,gift,play,loved,year,wonderful,favorite,enjoy,fun,great,daughter,thank,playing,awesome,game,love,games,loves,grandson,best,christmas
ages,birthday,family,kids,friends,gift,play,loved,year,wonderful,favorite,enjoy,fun,great,daughter,thank,playing,awesome,game,love,games,loves,grandson,best,christmas
ages,birthday,family,kids,friends,gift,play,loved,year,wonderful,favorite,enjoy,fun,great,daughter,thank,playing,awesome,game,love,games,loves,grandson,best,christmas
ages,birthday,family,kids,friends,gift,play,loved,year,wonderful,favorite,enjoy,fun,great,daughter,thank,playing,awesome,game,love,games,loves,grandson,best,christmas
ages,birthday,family,kids,friends,gift,play,loved,year,wonderful,favorite,enjoy,fun,great,daughter,thank,playing,awesome,game,love,games,loves,grandson,best,christmas
ages,birthday,family,kids,friends,gift,play,loved,year,wonderful,favorite,enjoy,fun,great,daughter,thank,playing,awesome,game,love,games,loves,grandson,best,christmas
ages,birthday,family,kids,friends,gift,play,loved,year,wonderful,favorite,enjoy,fun,great,daughter,thank,playing,awesome,game,love,games,loves,grandson,best,christmas
ages,birthday,family,kids,friends,gift,play,loved,year,wonderful,favorite,enjoy,fun,great,daughter,thank,playing,awesome,game,love,games,loves,grandson,best,christmas
ages,birthday,family,kids,friends,gift,play,loved,year,wonderful,favorite,enjoy,fun,great,daughter,thank,playing,awesome,game,love,games,loves,grandson,best,christmas
ages,birthday,family,kids,friends,gift,play,loved,year,wonderful,favorite,enjoy,fun,great,daughter,thank,playing,awesome,game,love,games,loves,grandson,best,christmas
ages,birthday,family,kids,friends,gift,play,loved,year,wonderful,favorite,enjoy,fun,great,daughter,thank,playing,awesome,game,love,games,loves,grandson,best,christmas
ages,birthday,family,kids,friends,gift,play,loved,year,wonderful,favorite,enjoy,fun,great,daughter,thank,playing,awesome,game,love,games,loves,grandson,best,christmas
ages,birthday,family,kids,friends,gift,play,loved,year,wonderful,favorite,enjoy,fun,great,daughter,thank,playing,awesome,game,love,games,loves,grandson,best,christmas
ages,birthday,family,kids,friends,gift,play,loved,year,wonderful,favorite,enjoy,fun,great,daughter,thank,playing,awesome,game,love,games,loves,grandson,best,christmas
ages,birthday,family,kids,friends,gift,play,loved,year,wonderful,favorite,enjoy,fun,great,daughter,thank,playing,awesome,game,love,games,loves,grandson,best,christmas
ages,birthday,family,kids,friends,gift,play,loved,year,wonderful,favorite,enjoy,fun,great,daughter,thank,playing,awesome,game,love,games,loves,grandson,best,christmas
ages,birthday,family,kids,friends,gift,play,loved,year,wonderful,favorite,enjoy,fun,great,daughter,thank,playing,awesome,game,love,games,loves,grandson,best,christmas
ages,birthday,family,kids,friends,gift,play,loved,year,wonderful,favorite,enjoy,fun,great,daughter,thank,playing,awesome,game,love,games,loves,grandson,best,christmas
birthday,family,kids,friends,gift,play,loved,year,wonderful,favorite,enjoy,fun,great,daughter,thank,book,playing,awesome,game,love,games,loves,grandson,best,christmas
birthday,family,kids,friends,gift,play,loved,year,wonderful,favorite,enjoy,fun,great,daughter,thank,book,playing,awesome,game,love,games,loves,grandson,best,christmas
birthday,family,kids,friends,gift,play,loved,year,wonderful,favorite,enjoy,fun,great,daughter,thank,book,playing,awesome,game,love,games,loves,grandson,best,christmas
birthday,family,kids,friends,gift,play,loved,year,wonderful,favorite,enjoy,fun,great,daughter,thank,book,playing,awesome,game,love,games,loves,grandson,best,christmas
ages,birthday,family,kids,friends,gift,play,loved,year,wonderful,favorite,enjoy,fun,great,daughter,thank,playing,awesome,game,love,games,loves,grandson,best,christmas
ages,birthday,family,kids,friends,gift,play,loved,year,wonderful,favorite,enjoy,fun,great,daughter,thank,playing,awesome,game,love,games,loves,grandson,best,christmas
ages,birthday,family,kids,friends,gift,play,loved,year,wonderful,favorite,enjoy,fun,great,daughter,thank,playing,awesome,game,love,games,loves,grandson,best,christmas
ages,birthday,family,kids,friends,gift,play,loved,year,wonderful,favorite,enjoy,fun,great,daughter,thank,playing,awesome,game,love,games,loves,grandson,best,christmas
ages,birthday,family,kids,friends,gift,play,loved,year,wonderful,favorite,enjoy,fun,great,daughter,thank,playing,awesome,game,love,games,loves,grandson,best,christmas
ages,birthday,family,kids,friends,gift,play,loved,year,wonderful,favorite,enjoy,fun,great,daughter,thank,playing,awesome,game,love,games,loves,grandson,best,christmas
birthday,family,kids,friends,gift,play,loved,year,wonderful,favorite,enjoy,fun,great,daughter,thank,book,playing,awesome,game,love,games,loves,grandson,best,christmas
birthday,family,kids,friends,gift,play,loved,year,wonderful,favorite,enjoy,fun,great,daughter,thank,book,playing,awesome,game,love,games,loves,grandson,best,christmas
birthday,family,kids,friends,gift,play,loved,year,wonderful,favorite,enjoy,fun,great,daughter,thank,book,playing,awesome,game,love,games,loves,grandson,best,christmas
birthday,family,kids,friends,gift,play,loved,year,wonderful,favorite,enjoy,fun,great,daughter,thank,book,playing,awesome,game,love,games,loves,grandson,best,christmas
birthday,family,kids,friends,gift,play,loved,year,wonderful,favorite,enjoy,fun,great,daughter,thank,book,playing,awesome,game,love,games,loves,grandson,best,christmas
birthday,family,kids,friends,gift,play,loved,year,wonderful,favorite,enjoy,fun,great,daughter,thank,book,playing,awesome,game,love,games,loves,grandson,best,christmas
birthday,family,kids,friends,gift,play,loved,year,wonderful,favorite,enjoy,fun,great,daughter,thank,book,playing,awesome,game,love,games,loves,grandson,best,christmas
birthday,family,kids,friends,gift,play,loved,year,wonderful,favorite,enjoy,fun,great,daughter,thank,book,playing,awesome,game,love,games,loves,grandson,best,christmas
birthday,family,kids,friends,gift,play,loved,year,wonderful,favorite,enjoy,fun,great,daughter,thank,book,playing,awesome,game,love,games,loves,grandson,best,christmas
birthday,family,kids,friends,gift,play,loved,year,wonderful,favorite,enjoy,fun,great,daughter,thank,book,playing,awesome,game,love,games,loves,grandson,best,christmas
birthday,family,kids,friends,gift,play,loved,year,wonderful,favorite,enjoy,fun,great,daughter,thank,book,playing,awesome,game,love,games,loves,grandson,best,christmas
birthday,family,kids,friends,gift,play,loved,year,wonderful,favorite,enjoy,fun,great,daughter,thank,book,playing,awesome,game,love,games,loves,grandson,best,christmas
birthday,family,kids,friends,gift,play,loved,year,wonderful,favorite,enjoy,fun,great,daughter,thank,book,playing,awesome,game,love,games,loves,grandson,best,christmas
birthday,family,kids,friends,gift,play,loved,year,wonderful,favorite,enjoy,fun,great,daughter,thank,book,playing,awesome,game,love,games,loves,grandson,best,christmas
birthday,family,kids,friends,gift,play,loved,year,wonderful,favorite,enjoy,fun,great,daughter,thank,book,playing,awesome,game,love,games,loves,grandson,best,christmas
birthday,family,kids,friends,gift,play,loved,year,wonderful,favorite,enjoy,fun,great,daughter,thank,book,playing,awesome,game,love,games,loves,grandson,best,christmas
birthday,family,kids,friends,gift,play,loved,year,wonderful,favorite,enjoy,fun,great,daughter,thank,book,playing,awesome,game,love,games,loves,grandson,best,christmas
birthday,family,kids,friends,gift,play,loved,year,wonderful,favorite,enjoy,fun,great,daughter,thank,book,playing,awesome,game,love,games,loves,grandson,best,christmas
birthday,family,kids,friends,gift,play,loved,year,wonderful,favorite,enjoy,fun,great,daughter,thank,book,playing,awesome,game,love,games,loves,grandson,best,christmas
birthday,family,kids,friends,gift,play,loved,year,wonderful,favorite,enjoy,fun,great,daughter,thank,book,playing,awesome,game,love,games,loves,grandson,best,christmas
birthday,family,kids,friends,gift,play,loved,year,wonderful,favorite,enjoy,fun,great,daughter,thank,book,playing,awesome,game,love,games,loves,grandson,best,christmas
birthday,family,kids,friends,gift,play,loved,year,wonderful,favorite,enjoy,fun,great,daughter,thank,book,playing,awesome,game,love,games,loves,grandson,best,christmas
birthday,family,kids,friends,gift,play,loved,year,wonderful,favorite,enjoy,fun,great,daughter,thank,book,playing,awesome,game,love,games,loves,grandson,best,christmas
birthday,family,kids,friends,gift,play,loved,year,wonderful,favorite,enjoy,fun,great,daughter,thank,book,playing,awesome,game,love,games,loves,grandson,best,christmas
birthday,family,kids,friends,gift,play,loved,year,wonderful,favorite,enjoy,fun,great,daughter,thank,book,playing,awesome,game,love,games,loves,grandson,best,christmas
birthday,family,kids,friends,gift,play,loved,year,wonderful,favorite,enjoy,fun,great,daughter,thank,book,playing,awesome,game,love,games,loves,grandson,best,christmas
birthday,family,kids,friends,gift,play,loved,year,wonderful,favorite,enjoy,fun,great,daughter,thank,book,playing,awesome,game,love,games,loves,grandson,best,christmas
birthday,family,kids,friends,gift,play,loved,year,wonderful,favorite,enjoy,fun,great,daughter,thank,book,playing,awesome,game,love,games,loves,grandson,best,christmas
birthday,family,kids,friends,gift,play,loved,year,wonderful,favorite,enjoy,fun,great,daughter,thank,book,playing,awesome,game,love,games,loves,grandson,best,christmas
birthday,family,kids,friends,gift,play,loved,year,wonderful,favorite,enjoy,fun,great,daughter,thank,book,playing,awesome,game,love,games,loves,grandson,best,christmas
birthday,family,kids,friends,gift,play,loved,year,wonderful,favorite,enjoy,fun,great,daughter,thank,book,playing,awesome,game,love,games,loves,grandson,best,christmas
birthday,family,kids,friends,gift,play,loved,year,wonderful,favorite,enjoy,fun,great,daughter,thank,book,playing,awesome,game,love,games,loves,grandson,best,christmas
birthday,family,kids,friends,gift,play,loved,year,wonderful,favorite,enjoy,fun,great,daughter,thank,book,playing,awesome,game,love,games,loves,grandson,best,christmas
birthday,family,kids,friends,gift,play,loved,year,wonderful,favorite,enjoy,fun,great,daughter,thank,book,playing,awesome,game,love,games,loves,grandson,best,christmas
birthday,family,kids,friends,gift,play,loved,year,wonderful,favorite,enjoy,fun,great,daughter,thank,book,playing,awesome,game,love,games,loves,grandson,best,christmas
birthday,family,kids,friends,gift,play,loved,year,wonderful,favorite,enjoy,fun,great,daughter,thank,book,playing,awesome,game,love,games,loves,grandson,best,christmas
birthday,family,kids,friends,gift,play,loved,year,wonderful,favorite,enjoy,fun,great,daughter,thank,book,playing,awesome,game,love,games,loves,grandson,best,christmas
birthday,family,kids,friends,gift,play,loved,year,wonderful,favorite,enjoy,fun,great,daughter,thank,book,playing,awesome,game,love,games,loves,grandson,best,christmas
birthday,family,kids,friends,gift,play,loved,year,wonderful,favorite,enjoy,fun,great,daughter,thank,book,playing,awesome,game,love,games,loves,grandson,best,christmas
birthday,family,kids,friends,gift,play,loved,year,wonderful,favorite,enjoy,fun,great,daughter,thank,book,playing,awesome,game,love,games,loves,grandson,best,christmas
birthday,family,kids,friends,gift,play,loved,year,wonderful,favorite,enjoy,fun,great,daughter,thank,book,playing,awesome,game,love,games,loves,grandson,best,christmas
birthday,family,kids,friends,gift,play,loved,year,wonderful,favorite,enjoy,fun,great,daughter,thank,book,playing,awesome,game,love,games,loves,grandson,best,christmas
birthday,family,kids,friends,gift,play,loved,year,wonderful,favorite,enjoy,fun,great,daughter,thank,book,playing,awesome,game,love,games,loves,grandson,best,christmas
birthday,family,kids,friends,gift,play,loved,year,wonderful,favorite,enjoy,fun,great,daughter,thank,book,playing,awesome,game,love,games,loves,grandson,best,christmas
birthday,family,kids,friends,gift,play,loved,year,wonderful,favorite,enjoy,fun,great,daughter,thank,book,playing,awesome,game,love,games,loves,grandson,best,christmas
birthday,family,kids,friends,gift,play,loved,year,wonderful,favorite,enjoy,fun,great,daughter,thank,book,playing,awesome,game,love,games,loves,grandson,best,christmas
birthday,family,kids,friends,gift,play,loved,year,wonderful,favorite,enjoy,fun,great,daughter,thank,book,playing,awesome,game,love,games,loves,grandson,best,christmas
birthday,family,kids,friends,gift,play,loved,year,wonderful,favorite,enjoy,fun,great,daughter,thank,book,playing,awesome,game,love,games,loves,grandson,best,christmas
birthday,family,kids,friends,gift,play,loved,year,wonderful,favorite,enjoy,fun,great,daughter,thank,book,playing,awesome,game,love,games,loves,grandson,best,christmas
birthday,family,kids,friends,gift,play,loved,year,wonderful,favorite,enjoy,fun,great,daughter,thank,book,playing,awesome,game,love,games,loves,grandson,best,christmas
birthday,family,kids,friends,gift,play,loved,year,wonderful,favorite,enjoy,fun,great,daughter,thank,book,playing,awesome,game,love,games,loves,grandson,best,christmas
birthday,family,kids,friends,gift,play,loved,year,wonderful,favorite,enjoy,fun,great,daughter,thank,book,playing,awesome,game,love,games,loves,grandson,best,christmas
birthday,family,kids,friends,gift,play,loved,year,wonderful,favorite,enjoy,fun,great,daughter,thank,book,playing,awesome,game,love,games,loves,grandson,best,christmas
birthday,family,kids,friends,gift,play,loved,year,wonderful,favorite,enjoy,fun,great,daughter,thank,book,playing,awesome,game,love,games,loves,grandson,best,christmas
birthday,family,kids,friends,gift,play,loved,year,wonderful,favorite,enjoy,fun,great,daughter,thank,book,playing,awesome,game,love,games,loves,grandson,best,christmas
birthday,family,kids,friends,gift,play,loved,year,wonderful,favorite,enjoy,fun,great,daughter,thank,book,playing,awesome,game,love,games,loves,grandson,best,christmas
birthday,family,kids,friends,gift,play,loved,year,wonderful,favorite,enjoy,fun,great,daughter,thank,book,playing,awesome,game,love,games,loves,grandson,best,christmas
birthday,family,kids,friends,gift,play,loved,year,wonderful,favorite,enjoy,fun,great,daughter,thank,book,playing,awesome,game,love,games,loves,grandson,best,christmas
birthday,family,kids,friends,gift,play,loved,year,wonderful,favorite,enjoy,fun,great,daughter,thank,book,playing,awesome,game,love,games,loves,grandson,best,christmas
birthday,family,kids,friends,gift,play,loved,year,wonderful,favorite,enjoy,fun,great,daughter,thank,book,playing,awesome,game,love,games,loves,grandson,best,christmas
birthday,family,kids,friends,gift,play,loved,year,wonderful,favorite,enjoy,fun,great,daughter,thank,book,playing,awesome,game,love,games,loves,grandson,best,christmas
birthday,family,kids,friends,gift,play,loved,year,wonderful,favorite,enjoy,fun,great,daughter,thank,book,playing,awesome,game,love,games,loves,grandson,best,christmas
birthday,family,kids,friends,gift,play,loved,year,wonderful,favorite,enjoy,fun,great,daughter,thank,book,playing,awesome,game,love,games,loves,grandson,best,christmas
birthday,family,kids,friends,gift,play,loved,year,wonderful,favorite,enjoy,fun,great,daughter,thank,book,playing,awesome,game,love,games,loves,grandson,best,christmas
birthday,family,kids,friends,gift,play,loved,year,wonderful,favorite,enjoy,fun,great,daughter,thank,book,playing,awesome,game,love,games,loves,grandson,best,christmas
birthday,family,kids,friends,gift,play,loved,year,wonderful,favorite,enjoy,fun,great,daughter,thank,book,playing,awesome,game,love,games,loves,grandson,best,christmas
birthday,family,kids,friends,gift,play,loved,year,wonderful,favorite,enjoy,fun,great,daughter,thank,book,playing,awesome,game,love,games,loves,grandson,best,christmas
birthday,family,kids,friends,gift,play,loved,year,wonderful,favorite,enjoy,fun,great,daughter,thank,book,playing,awesome,game,love,games,loves,grandson,best,christmas
birthday,family,kids,friends,gift,play,loved,year,wonderful,favorite,enjoy,fun,great,daughter,thank,book,playing,awesome,game,love,games,loves,grandson,best,christmas
birthday,family,kids,friends,gift,play,loved,year,wonderful,favorite,enjoy,fun,great,daughter,thank,book,playing,awesome,game,love,games,loves,grandson,best,christmas
birthday,family,kids,friends,gift,play,loved,year,wonderful,favorite,enjoy,fun,great,daughter,thank,book,playing,awesome,game,love,games,loves,grandson,best,christmas
birthday,family,kids,friends,gift,play,loved,year,wonderful,favorite,enjoy,fun,great,daughter,thank,book,playing,awesome,game,love,games,loves,grandson,best,christmas
birthday,family,kids,friends,gift,play,loved,year,wonderful,favorite,enjoy,fun,great,daughter,thank,book,playing,awesome,game,love,games,loves,grandson,best,christmas
birthday,family,kids,friends,gift,play,loved,year,wonderful,favorite,enjoy,fun,great,daughter,thank,book,playing,awesome,game,love,games,loves,grandson,best,christmas
birthday,family,kids,friends,gift,play,loved,year,wonderful,favorite,enjoy,fun,great,daughter,thank,book,playing,awesome,game,love,games,loves,grandson,best,christmas
birthday,family,kids,friends,gift,play,loved,year,wonderful,favorite,enjoy,fun,great,daughter,thank,book,playing,awesome,game,love,games,loves,grandson,best,christmas
birthday,family,kids,friends,gift,play,loved,year,wonderful,favorite,enjoy,fun,great,daughter,thank,book,playing,awesome,game,love,games,loves,grandson,best,christmas
birthday,family,kids,friends,gift,play,loved,year,wonderful,favorite,enjoy,fun,great,daughter,thank,book,playing,awesome,game,love,games,loves,grandson,best,christmas
birthday,family,kids,friends,gift,play,loved,year,wonderful,favorite,enjoy,fun,great,daughter,thank,book,playing,awesome,game,love,games,loves,grandson,best,christmas
birthday,family,kids,friends,gift,play,loved,year,wonderful,favorite,enjoy,fun,great,daughter,thank,book,playing,awesome,game,love,games,loves,grandson,best,christmas
birthday,family,kids,friends,gift,play,loved,year,wonderful,favorite,enjoy,fun,great,daughter,thank,book,playing,awesome,game,love,games,loves,grandson,best,christmas
birthday,family,kids,friends,gift,play,loved,year,wonderful,favorite,enjoy,fun,great,daughter,thank,book,playing,awesome,game,love,games,loves,grandson,best,christmas
birthday,family,kids,friends,gift,play,loved,year,wonderful,favorite,enjoy,fun,great,daughter,thank,book,playing,awesome,game,love,games,loves,grandson,best,christmas
birthday,family,kids,friends,gift,play,loved,year,wonderful,favorite,enjoy,fun,great,daughter,thank,book,playing,awesome,game,love,games,loves,grandson,best,christmas
birthday,family,kids,friends,gift,play,loved,year,wonderful,favorite,enjoy,fun,great,daughter,thank,book,playing,awesome,game,love,games,loves,grandson,best,christmas
birthday,family,kids,friends,gift,play,loved,year,wonderful,favorite,enjoy,fun,great,daughter,thank,book,playing,awesome,game,love,games,loves,grandson,best,christmas
birthday,family,kids,friends,gift,play,loved,year,wonderful,favorite,enjoy,fun,great,daughter,thank,book,playing,awesome,game,love,games,loves,grandson,best,christmas
birthday,family,kids,friends,gift,play,loved,year,wonderful,favorite,enjoy,fun,great,daughter,thank,book,playing,awesome,game,love,games,loves,grandson,best,christmas
birthday,family,kids,friends,gift,play,loved,year,wonderful,favorite,enjoy,fun,great,daughter,thank,book,playing,awesome,game,love,games,loves,grandson,best,christmas
birthday,family,kids,friends,gift,play,loved,year,wonderful,favorite,enjoy,fun,great,daughter,thank,book,playing,awesome,game,love,games,loves,grandson,best,christmas
birthday,family,kids,friends,gift,play,loved,year,wonderful,favorite,enjoy,fun,great,daughter,thank,book,playing,awesome,game,love,games,loves,grandson,best,christmas
birthday,family,kids,friends,gift,play,loved,year,wonderful,favorite,enjoy,fun,great,daughter,thank,book,playing,awesome,game,love,games,loves,grandson,best,christmas
birthday,family,kids,friends,gift,play,loved,year,wonderful,favorite,enjoy,fun,great,daughter,thank,book,playing,awesome,game,love,games,loves,grandson,best,christmas
birthday,family,kids,friends,gift,play,loved,year,wonderful,favorite,enjoy,fun,great,daughter,thank,book,playing,awesome,game,love,games,loves,grandson,best,christmas
birthday,family,kids,friends,gift,play,loved,year,wonderful,favorite,enjoy,fun,great,daughter,thank,book,playing,awesome,game,love,games,loves,grandson,best,christmas
birthday,family,kids,friends,gift,play,loved,year,wonderful,favorite,enjoy,fun,great,daughter,thank,book,playing,awesome,game,love,games,loves,grandson,best,christmas
birthday,family,kids,friends,gift,play,loved,year,wonderful,favorite,enjoy,fun,great,daughter,thank,book,playing,awesome,game,love,games,loves,grandson,best,christmas
birthday,family,kids,friends,gift,play,loved,year,wonderful,favorite,enjoy,fun,great,daughter,thank,book,playing,awesome,game,love,games,loves,grandson,best,christmas
birthday,family,kids,friends,gift,play,loved,year,wonderful,favorite,enjoy,fun,great,daughter,thank,book,playing,awesome,game,love,games,loves,grandson,best,christmas
birthday,family,kids,friends,gift,play,loved,year,wonderful,favorite,enjoy,fun,great,daughter,thank,book,playing,awesome,game,love,games,loves,grandson,best,christmas
birthday,family,kids,friends,gift,play,loved,year,wonderful,favorite,enjoy,fun,great,daughter,thank,book,playing,awesome,game,love,games,loves,grandson,best,christmas
birthday,family,kids,friends,gift,play,loved,year,wonderful,favorite,enjoy,fun,great,daughter,thank,book,playing,awesome,game,love,games,loves,grandson,best,christmas
birthday,family,kids,friends,gift,play,loved,year,wonderful,favorite,enjoy,fun,great,daughter,thank,book,playing,awesome,game,love,games,loves,grandson,best,christmas
birthday,family,kids,friends,gift,play,loved,year,wonderful,favorite,enjoy,fun,great,daughter,thank,book,playing,awesome,game,love,games,loves,grandson,best,christmas
birthday,family,kids,friends,gift,play,loved,year,wonderful,favorite,enjoy,fun,great,daughter,thank,book,playing,awesome,game,love,games,loves,grandson,best,christmas
birthday,family,kids,friends,gift,play,loved,year,wonderful,favorite,enjoy,fun,great,daughter,thank,book,playing,awesome,game,love,games,loves,grandson,best,christmas
birthday,family,kids,friends,gift,play,loved,year,wonderful,favorite,enjoy,fun,great,daughter,thank,book,playing,awesome,game,love,games,loves,grandson,best,christmas
birthday,family,kids,friends,gift,play,loved,year,wonderful,favorite,enjoy,fun,great,daughter,thank,book,playing,awesome,game,love,games,loves,grandson,best,christmas
birthday,family,kids,friends,gift,play,loved,year,wonderful,favorite,enjoy,fun,great,daughter,thank,book,playing,awesome,game,love,games,loves,grandson,best,christmas
birthday,family,kids,friends,gift,play,loved,year,wonderful,favorite,enjoy,fun,great,daughter,thank,book,playing,awesome,game,love,games,loves,grandson,best,christmas
birthday,family,kids,friends,gift,play,loved,year,wonderful,favorite,enjoy,fun,great,daughter,thank,book,playing,awesome,game,love,games,loves,grandson,best,christmas
birthday,family,kids,friends,gift,play,loved,year,wonderful,favorite,enjoy,fun,great,daughter,thank,book,playing,awesome,game,love,games,loves,grandson,best,christmas
birthday,family,kids,friends,gift,play,loved,year,wonderful,favorite,enjoy,fun,great,daughter,thank,book,playing,awesome,game,love,games,loves,grandson,best,christmas
birthday,family,kids,friends,gift,play,loved,year,wonderful,favorite,enjoy,fun,great,daughter,thank,book,playing,awesome,game,love,games,loves,grandson,best,christmas
birthday,family,kids,friends,gift,play,loved,year,wonderful,favorite,enjoy,fun,great,daughter,thank,book,playing,awesome,game,love,games,loves,grandson,best,christmas
birthday,family,kids,friends,gift,play,loved,year,wonderful,favorite,enjoy,fun,great,daughter,thank,book,playing,awesome,game,love,games,loves,grandson,best,christmas
birthday,family,kids,friends,gift,play,loved,year,wonderful,favorite,enjoy,fun,great,daughter,thank,book,playing,awesome,game,love,games,loves,grandson,best,christmas
birthday,family,kids,friends,gift,play,loved,year,wonderful,favorite,enjoy,fun,great,daughter,thank,book,playing,awesome,game,love,games,loves,grandson,best,christmas
birthday,family,kids,friends,gift,play,loved,year,wonderful,favorite,enjoy,fun,great,daughter,thank,book,playing,awesome,game,love,games,loves,grandson,best,christmas
birthday,family,kids,friends,gift,play,loved,year,wonderful,favorite,enjoy,fun,great,daughter,thank,book,playing,awesome,game,love,games,loves,grandson,best,christmas
birthday,family,kids,friends,gift,play,loved,year,wonderful,favorite,enjoy,fun,great,daughter,thank,book,playing,awesome,game,love,games,loves,grandson,best,christmas
birthday,family,kids,friends,gift,play,loved,year,wonderful,favorite,enjoy,fun,great,daughter,thank,book,playing,awesome,game,love,games,loves,grandson,best,christmas
birthday,family,kids,friends,gift,play,loved,year,wonderful,favorite,enjoy,fun,great,daughter,thank,book,playing,awesome,game,love,games,loves,grandson,best,christmas
birthday,family,kids,friends,gift,play,loved,year,wonderful,favorite,enjoy,fun,great,daughter,thank,book,playing,awesome,game,love,games,loves,grandson,best,christmas
birthday,family,kids,friends,gift,play,loved,year,wonderful,favorite,enjoy,fun,great,daughter,thank,book,playing,awesome,game,love,games,loves,grandson,best,christmas
birthday,family,kids,friends,gift,play,loved,year,wonderful,favorite,enjoy,fun,great,daughter,thank,book,playing,awesome,game,love,games,loves,grandson,best,christmas
birthday,family,kids,friends,gift,play,loved,year,wonderful,favorite,enjoy,fun,great,daughter,thank,book,playing,awesome,game,love,games,loves,grandson,best,christmas
birthday,family,kids,friends,gift,play,loved,year,wonderful,favorite,enjoy,fun,great,daughter,thank,book,playing,awesome,game,love,games,loves,grandson,best,christmas
birthday,family,kids,friends,gift,play,loved,year,wonderful,favorite,enjoy,fun,great,daughter,thank,book,playing,awesome,game,love,games,loves,grandson,best,christmas
birthday,family,kids,friends,gift,play,loved,year,wonderful,favorite,enjoy,fun,great,daughter,thank,book,playing,awesome,game,love,games,loves,grandson,best,christmas
birthday,family,kids,friends,gift,play,loved,year,wonderful,favorite,enjoy,fun,great,daughter,thank,book,playing,awesome,game,love,games,loves,grandson,best,christmas
birthday,family,kids,friends,gift,play,loved,year,wonderful,favorite,enjoy,fun,great,daughter,thank,book,playing,awesome,game,love,games,loves,grandson,best,christmas
birthday,family,kids,friends,gift,play,loved,year,wonderful,favorite,enjoy,fun,great,daughter,thank,book,playing,awesome,game,love,games,loves,grandson,best,christmas
birthday,family,kids,friends,gift,play,loved,year,wonderful,favorite,enjoy,fun,great,daughter,thank,book,playing,awesome,game,love,games,loves,grandson,best,christmas
birthday,family,kids,friends,gift,play,loved,year,wonderful,favorite,enjoy,fun,great,daughter,thank,book,playing,awesome,game,love,games,loves,grandson,best,christmas
birthday,family,kids,friends,gift,play,loved,year,wonderful,favorite,enjoy,fun,great,daughter,thank,book,playing,awesome,game,love,games,loves,grandson,best,christmas
birthday,family,kids,friends,gift,play,loved,year,wonderful,favorite,enjoy,fun,great,daughter,thank,book,playing,awesome,game,love,games,loves,grandson,best,christmas
birthday,family,kids,friends,gift,play,loved,year,wonderful,favorite,enjoy,fun,great,daughter,thank,book,playing,awesome,game,love,games,loves,grandson,best,christmas
birthday,family,kids,friends,gift,play,loved,year,wonderful,favorite,enjoy,fun,great,daughter,thank,book,playing,awesome,game,love,games,loves,grandson,best,christmas
birthday,family,kids,friends,gift,play,loved,year,wonderful,favorite,enjoy,fun,great,daughter,thank,book,playing,awesome,game,love,games,loves,grandson,best,christmas
birthday,family,kids,friends,gift,play,loved,year,wonderful,favorite,enjoy,fun,great,daughter,thank,book,playing,awesome,game,love,games,loves,grandson,best,christmas
birthday,family,kids,friends,gift,play,loved,year,wonderful,favorite,enjoy,fun,great,daughter,thank,book,playing,awesome,game,love,games,loves,grandson,best,christmas
birthday,family,kids,friends,gift,play,loved,year,wonderful,favorite,enjoy,fun,great,daughter,thank,book,playing,awesome,game,love,games,loves,grandson,best,christmas
birthday,family,kids,friends,gift,play,loved,year,wonderful,favorite,enjoy,fun,great,daughter,thank,book,playing,awesome,game,love,games,loves,grandson,best,christmas
birthday,family,kids,friends,gift,play,loved,year,wonderful,favorite,enjoy,fun,great,daughter,thank,book,playing,awesome,game,love,games,loves,grandson,best,christmas
birthday,family,kids,friends,gift,play,loved,year,wonderful,favorite,enjoy,fun,great,daughter,thank,book,playing,awesome,game,love,games,loves,grandson,best,christmas
birthday,family,kids,friends,gift,play,loved,year,wonderful,favorite,enjoy,fun,great,daughter,thank,book,playing,awesome,game,love,games,loves,grandson,best,christmas
birthday,family,kids,friends,gift,play,loved,year,wonderful,favorite,enjoy,fun,great,daughter,thank,book,playing,awesome,game,love,games,loves,grandson,best,christmas
birthday,family,kids,friends,gift,play,loved,year,wonderful,favorite,enjoy,fun,great,daughter,thank,book,playing,awesome,game,love,games,loves,grandson,best,christmas
birthday,family,kids,friends,gift,play,loved,year,wonderful,favorite,enjoy,fun,great,daughter,thank,book,playing,awesome,game,love,games,loves,grandson,best,christmas
birthday,family,kids,friends,gift,play,loved,year,wonderful,favorite,enjoy,fun,great,daughter,thank,book,playing,awesome,game,love,games,loves,grandson,best,christmas
birthday,family,kids,friends,gift,play,loved,year,wonderful,favorite,enjoy,fun,great,daughter,thank,book,playing,awesome,game,love,games,loves,grandson,best,christmas
birthday,family,kids,friends,gift,play,loved,year,wonderful,favorite,enjoy,fun,great,daughter,thank,book,playing,awesome,game,love,games,loves,grandson,best,christmas
birthday,family,kids,friends,gift,play,loved,year,wonderful,favorite,enjoy,fun,great,daughter,thank,book,playing,awesome,game,love,games,loves,grandson,best,christmas
birthday,family,kids,friends,gift,play,loved,year,wonderful,favorite,enjoy,fun,great,daughter,thank,book,playing,awesome,game,love,games,loves,grandson,best,christmas
birthday,family,kids,friends,gift,play,loved,year,wonderful,favorite,enjoy,fun,great,daughter,thank,book,playing,awesome,game,love,games,loves,grandson,best,christmas
birthday,family,kids,friends,gift,play,loved,year,wonderful,favorite,enjoy,fun,great,daughter,thank,book,playing,awesome,game,love,games,loves,grandson,best,christmas
birthday,family,kids,friends,gift,play,loved,year,wonderful,favorite,enjoy,fun,great,daughter,thank,book,playing,awesome,game,love,games,loves,grandson,best,christmas
birthday,family,kids,friends,gift,play,loved,year,wonderful,favorite,enjoy,fun,great,daughter,thank,book,playing,awesome,game,love,games,loves,grandson,best,christmas
birthday,family,kids,friends,gift,play,loved,year,wonderful,favorite,enjoy,fun,great,daughter,thank,book,playing,awesome,game,love,games,loves,grandson,best,christmas
birthday,family,kids,friends,gift,play,loved,year,wonderful,favorite,enjoy,fun,great,daughter,thank,book,playing,awesome,game,love,games,loves,grandson,best,christmas
birthday,family,kids,friends,gift,play,loved,year,wonderful,favorite,enjoy,fun,great,daughter,thank,book,playing,awesome,game,love,games,loves,grandson,best,christmas
birthday,family,kids,friends,gift,play,loved,year,wonderful,favorite,enjoy,fun,great,daughter,thank,book,playing,awesome,game,love,games,loves,grandson,best,christmas
birthday,family,kids,friends,gift,play,loved,year,wonderful,favorite,enjoy,fun,great,daughter,thank,book,playing,awesome,game,love,games,loves,grandson,best,christmas
birthday,family,kids,friends,gift,play,loved,year,wonderful,favorite,enjoy,fun,great,daughter,thank,book,playing,awesome,game,love,games,loves,grandson,best,christmas
birthday,family,kids,friends,gift,play,loved,year,wonderful,favorite,enjoy,fun,great,daughter,thank,book,playing,awesome,game,love,games,loves,grandson,best,christmas
birthday,family,kids,friends,gift,play,loved,year,wonderful,favorite,enjoy,fun,great,daughter,thank,book,playing,awesome,game,love,games,loves,grandson,best,christmas
birthday,family,kids,friends,gift,play,loved,year,wonderful,favorite,enjoy,fun,great,daughter,thank,book,playing,awesome,game,love,games,loves,grandson,best,christmas
birthday,family,kids,friends,gift,play,loved,year,wonderful,favorite,enjoy,fun,great,daughter,thank,book,playing,awesome,game,love,games,loves,grandson,best,christmas
birthday,family,kids,friends,gift,play,loved,year,wonderful,favorite,enjoy,fun,great,daughter,thank,book,playing,awesome,game,love,games,loves,grandson,best,christmas
birthday,family,kids,friends,gift,play,loved,year,wonderful,favorite,enjoy,fun,great,daughter,thank,book,playing,awesome,game,love,games,loves,grandson,best,christmas
birthday,family,kids,friends,gift,play,loved,year,wonderful,favorite,enjoy,fun,great,daughter,thank,book,playing,awesome,game,love,games,loves,grandson,best,christmas
birthday,family,kids,friends,gift,play,loved,year,wonderful,favorite,enjoy,fun,great,daughter,thank,book,playing,awesome,game,love,games,loves,grandson,best,christmas
birthday,family,kids,friends,gift,play,loved,year,wonderful,favorite,enjoy,fun,great,daughter,thank,book,playing,awesome,game,love,games,loves,grandson,best,christmas
birthday,family,kids,friends,gift,play,loved,year,wonderful,favorite,enjoy,fun,great,daughter,thank,book,playing,awesome,game,love,games,loves,grandson,best,christmas
birthday,family,kids,friends,gift,play,loved,year,wonderful,favorite,enjoy,fun,great,daughter,thank,book,playing,awesome,game,love,games,loves,grandson,best,christmas
birthday,family,kids,friends,gift,play,loved,year,wonderful,favorite,enjoy,fun,great,daughter,thank,book,playing,awesome,game,love,games,loves,grandson,best,christmas
birthday,family,kids,friends,gift,play,loved,year,wonderful,favorite,enjoy,fun,great,daughter,thank,book,playing,awesome,game,love,games,loves,grandson,best,christmas
birthday,family,kids,friends,gift,play,loved,year,wonderful,favorite,enjoy,fun,great,daughter,thank,book,playing,awesome,game,love,games,loves,grandson,best,christmas
birthday,family,kids,friends,gift,play,loved,year,wonderful,favorite,enjoy,fun,great,daughter,thank,book,playing,awesome,game,love,games,loves,grandson,best,christmas
birthday,family,kids,friends,gift,play,loved,year,wonderful,favorite,enjoy,fun,great,daughter,thank,book,playing,awesome,game,love,games,loves,grandson,best,christmas
birthday,family,kids,friends,gift,play,loved,year,wonderful,favorite,enjoy,fun,great,daughter,thank,book,playing,awesome,game,love,games,loves,grandson,best,christmas
birthday,family,kids,friends,gift,play,loved,year,wonderful,favorite,enjoy,fun,great,daughter,thank,book,playing,awesome,game,love,games,loves,grandson,best,christmas
birthday,family,kids,friends,gift,play,loved,year,wonderful,favorite,enjoy,fun,great,daughter,thank,book,playing,awesome,game,love,games,loves,grandson,best,christmas
birthday,family,kids,friends,gift,play,loved,year,wonderful,favorite,enjoy,fun,great,daughter,thank,book,playing,awesome,game,love,games,loves,grandson,best,christmas
birthday,family,kids,friends,gift,play,loved,year,wonderful,favorite,enjoy,fun,great,daughter,thank,book,playing,awesome,game,love,games,loves,grandson,best,christmas
birthday,family,kids,friends,gift,play,loved,year,wonderful,favorite,enjoy,fun,great,daughter,thank,book,playing,awesome,game,love,games,loves,grandson,best,christmas
birthday,family,kids,friends,gift,play,loved,year,wonderful,favorite,enjoy,fun,great,daughter,thank,book,playing,awesome,game,love,games,loves,grandson,best,christmas
birthday,family,kids,friends,gift,play,loved,year,wonderful,favorite,enjoy,fun,great,daughter,thank,book,playing,awesome,game,love,games,loves,grandson,best,christmas
birthday,family,kids,friends,gift,play,loved,year,wonderful,favorite,enjoy,fun,great,daughter,thank,book,playing,awesome,game,love,games,loves,grandson,best,christmas
birthday,family,kids,friends,gift,play,loved,year,wonderful,favorite,enjoy,fun,great,daughter,thank,book,playing,awesome,game,love,games,loves,grandson,best,christmas
birthday,family,kids,friends,gift,play,loved,year,wonderful,favorite,enjoy,fun,great,daughter,thank,book,playing,awesome,game,love,games,loves,grandson,best,christmas
birthday,family,kids,friends,gift,play,loved,year,wonderful,favorite,enjoy,fun,great,daughter,thank,book,playing,awesome,game,love,games,loves,grandson,best,christmas
birthday,family,kids,friends,gift,play,loved,year,wonderful,favorite,enjoy,fun,great,daughter,thank,book,playing,awesome,game,love,games,loves,grandson,best,christmas
birthday,family,kids,friends,gift,play,loved,year,wonderful,favorite,enjoy,fun,great,daughter,thank,book,playing,awesome,game,love,games,loves,grandson,best,christmas
birthday,family,kids,friends,gift,play,loved,year,wonderful,favorite,enjoy,fun,great,daughter,thank,book,playing,awesome,game,love,games,loves,grandson,best,christmas
birthday,family,kids,friends,gift,play,loved,year,wonderful,favorite,enjoy,fun,great,daughter,thank,book,playing,awesome,game,love,games,loves,grandson,best,christmas
birthday,family,kids,friends,gift,play,loved,year,wonderful,favorite,enjoy,fun,great,daughter,thank,book,playing,awesome,game,love,games,loves,grandson,best,christmas
birthday,family,kids,friends,gift,play,loved,year,wonderful,favorite,enjoy,fun,great,daughter,thank,book,playing,awesome,game,love,games,loves,grandson,best,christmas
birthday,family,kids,friends,gift,play,loved,year,wonderful,favorite,enjoy,fun,great,daughter,thank,book,playing,awesome,game,love,games,loves,grandson,best,christmas
birthday,family,kids,friends,gift,play,loved,year,wonderful,favorite,enjoy,fun,great,daughter,thank,book,playing,awesome,game,love,games,loves,grandson,best,christmas
birthday,family,kids,friends,gift,play,loved,year,wonderful,favorite,enjoy,fun,great,daughter,thank,book,playing,awesome,game,love,games,loves,grandson,best,christmas
birthday,family,kids,friends,gift,play,loved,year,wonderful,favorite,enjoy,fun,great,daughter,thank,book,playing,awesome,game,love,games,loves,grandson,best,christmas
birthday,family,kids,friends,gift,play,loved,year,wonderful,favorite,enjoy,fun,great,daughter,thank,book,playing,awesome,game,love,games,loves,grandson,best,christmas
birthday,family,kids,friends,gift,play,loved,year,wonderful,favorite,enjoy,fun,great,daughter,thank,book,playing,awesome,game,love,games,loves,grandson,best,christmas
birthday,family,kids,friends,gift,play,loved,year,wonderful,favorite,enjoy,fun,great,daughter,thank,book,playing,awesome,game,love,games,loves,grandson,best,christmas
birthday,family,kids,friends,gift,play,loved,year,wonderful,favorite,enjoy,fun,great,daughter,thank,book,playing,awesome,game,love,games,loves,grandson,best,christmas
birthday,family,kids,friends,gift,play,loved,year,wonderful,favorite,enjoy,fun,great,daughter,thank,book,playing,awesome,game,love,games,loves,grandson,best,christmas
birthday,family,kids,friends,gift,play,loved,year,wonderful,favorite,enjoy,fun,great,daughter,thank,book,playing,awesome,game,love,games,loves,grandson,best,christmas
birthday,family,kids,friends,gift,play,loved,year,wonderful,favorite,enjoy,fun,great,daughter,thank,book,playing,awesome,game,love,games,loves,grandson,best,christmas
birthday,family,kids,friends,gift,play,loved,year,wonderful,favorite,enjoy,fun,great,daughter,thank,book,playing,awesome,game,love,games,loves,grandson,best,christmas
birthday,family,kids,friends,gift,play,loved,year,wonderful,favorite,enjoy,fun,great,daughter,thank,book,playing,awesome,game,love,games,loves,grandson,best,christmas
birthday,family,kids,friends,gift,play,loved,year,wonderful,favorite,enjoy,fun,great,daughter,thank,book,playing,awesome,game,love,games,loves,grandson,best,christmas
birthday,family,kids,friends,gift,play,loved,year,wonderful,favorite,enjoy,fun,great,daughter,thank,book,playing,awesome,game,love,games,loves,grandson,best,christmas
birthday,family,kids,friends,gift,play,loved,year,wonderful,favorite,enjoy,fun,great,daughter,thank,book,playing,awesome,game,love,games,loves,grandson,best,christmas
birthday,family,kids,friends,gift,play,loved,year,wonderful,favorite,enjoy,fun,great,daughter,thank,book,playing,awesome,game,love,games,loves,grandson,best,christmas
birthday,family,kids,friends,gift,play,loved,year,wonderful,favorite,enjoy,fun,great,daughter,thank,book,playing,awesome,game,love,games,loves,grandson,best,christmas
birthday,family,kids,friends,gift,play,loved,year,wonderful,favorite,enjoy,fun,great,daughter,thank,book,playing,awesome,game,love,games,loves,grandson,best,christmas
birthday,family,kids,friends,gift,play,loved,year,wonderful,favorite,enjoy,fun,great,daughter,thank,book,playing,awesome,game,love,games,loves,grandson,best,christmas
birthday,family,kids,friends,gift,play,loved,year,wonderful,favorite,enjoy,fun,great,daughter,thank,book,playing,awesome,game,love,games,loves,grandson,best,christmas
birthday,family,kids,friends,gift,play,loved,year,wonderful,favorite,enjoy,fun,great,daughter,thank,book,playing,awesome,game,love,games,loves,grandson,best,christmas
birthday,family,kids,friends,gift,play,loved,year,wonderful,favorite,enjoy,fun,great,daughter,thank,book,playing,awesome,game,love,games,loves,grandson,best,christmas
birthday,family,kids,friends,gift,play,loved,year,wonderful,favorite,enjoy,fun,great,daughter,thank,book,playing,awesome,game,love,games,loves,grandson,best,christmas
birthday,family,kids,friends,gift,play,loved,year,wonderful,favorite,enjoy,fun,great,daughter,thank,book,playing,awesome,game,love,games,loves,grandson,best,christmas
birthday,family,kids,friends,gift,play,loved,year,wonderful,favorite,enjoy,fun,great,daughter,thank,book,playing,awesome,game,love,games,loves,grandson,best,christmas
birthday,family,kids,friends,gift,play,loved,year,wonderful,favorite,enjoy,fun,great,daughter,thank,book,playing,awesome,game,love,games,loves,grandson,best,christmas
birthday,family,kids,friends,gift,play,loved,year,wonderful,favorite,enjoy,fun,great,daughter,thank,book,playing,awesome,game,love,games,loves,grandson,best,christmas
birthday,family,kids,friends,gift,play,loved,year,wonderful,favorite,enjoy,fun,great,daughter,thank,book,playing,awesome,game,love,games,loves,grandson,best,christmas
birthday,family,kids,friends,gift,play,loved,year,wonderful,favorite,enjoy,fun,great,daughter,thank,book,playing,awesome,game,love,games,loves,grandson,best,christmas
birthday,family,kids,friends,gift,play,loved,year,wonderful,favorite,enjoy,fun,great,daughter,thank,book,playing,awesome,game,love,games,loves,grandson,best,christmas
birthday,family,kids,friends,gift,play,loved,year,wonderful,favorite,enjoy,fun,great,daughter,thank,book,playing,awesome,game,love,games,loves,grandson,best,christmas
birthday,family,kids,friends,gift,play,loved,year,wonderful,favorite,enjoy,fun,great,daughter,thank,book,playing,awesome,game,love,games,loves,grandson,best,christmas
birthday,family,kids,friends,gift,play,loved,year,wonderful,favorite,enjoy,fun,great,daughter,thank,book,playing,awesome,game,love,games,loves,grandson,best,christmas
birthday,family,kids,friends,gift,play,loved,year,wonderful,favorite,enjoy,fun,great,daughter,thank,book,playing,awesome,game,love,games,loves,grandson,best,christmas
birthday,family,kids,friends,gift,play,loved,year,wonderful,favorite,enjoy,fun,great,daughter,thank,book,playing,awesome,game,love,games,loves,grandson,best,christmas
birthday,family,kids,friends,gift,play,loved,year,wonderful,favorite,enjoy,fun,great,daughter,thank,book,playing,awesome,game,love,games,loves,grandson,best,christmas
birthday,family,kids,friends,gift,play,loved,year,wonderful,favorite,enjoy,fun,great,daughter,thank,book,playing,awesome,game,love,games,loves,grandson,best,christmas
birthday,family,kids,friends,gift,play,loved,year,wonderful,favorite,enjoy,fun,great,daughter,thank,book,playing,awesome,game,love,games,loves,grandson,best,christmas
birthday,family,kids,friends,gift,play,loved,year,wonderful,favorite,enjoy,fun,great,daughter,thank,book,playing,awesome,game,love,games,loves,grandson,best,christmas
birthday,family,kids,friends,gift,play,loved,year,wonderful,favorite,enjoy,fun,great,daughter,thank,book,playing,awesome,game,love,games,loves,grandson,best,christmas
birthday,family,kids,friends,gift,play,loved,year,wonderful,favorite,enjoy,fun,great,daughter,thank,book,playing,awesome,game,love,games,loves,grandson,best,christmas
birthday,family,kids,friends,gift,play,loved,year,wonderful,favorite,enjoy,fun,great,daughter,thank,book,playing,awesome,game,love,games,loves,grandson,best,christmas
birthday,family,kids,friends,gift,play,loved,year,wonderful,favorite,enjoy,fun,great,daughter,thank,book,playing,awesome,game,love,games,loves,grandson,best,christmas
birthday,family,kids,friends,gift,play,loved,year,wonderful,favorite,enjoy,fun,great,daughter,thank,book,playing,awesome,game,love,games,loves,grandson,best,christmas
birthday,family,kids,friends,gift,play,loved,year,wonderful,favorite,enjoy,fun,great,daughter,thank,book,playing,awesome,game,love,games,loves,grandson,best,christmas
birthday,family,kids,friends,gift,play,loved,year,wonderful,favorite,enjoy,fun,great,daughter,thank,book,playing,awesome,game,love,games,loves,grandson,best,christmas
birthday,family,kids,friends,gift,play,loved,year,wonderful,favorite,enjoy,fun,great,daughter,thank,book,playing,awesome,game,love,games,loves,grandson,best,christmas
birthday,family,kids,friends,gift,play,loved,year,wonderful,favorite,enjoy,fun,great,daughter,thank,book,playing,awesome,game,love,games,loves,grandson,best,christmas
birthday,family,kids,friends,gift,play,loved,year,wonderful,favorite,enjoy,fun,great,daughter,thank,book,playing,awesome,game,love,games,loves,grandson,best,christmas
birthday,family,kids,friends,gift,play,loved,year,wonderful,favorite,enjoy,fun,great,daughter,thank,book,playing,awesome,game,love,games,loves,grandson,best,christmas
birthday,family,kids,friends,gift,play,loved,year,wonderful,favorite,enjoy,fun,great,daughter,thank,book,playing,awesome,game,love,games,loves,grandson,best,christmas
birthday,family,kids,friends,gift,play,loved,year,wonderful,favorite,enjoy,fun,great,daughter,thank,book,playing,awesome,game,love,games,loves,grandson,best,christmas
birthday,family,kids,friends,gift,play,loved,year,wonderful,favorite,enjoy,fun,great,daughter,thank,book,playing,awesome,game,love,games,loves,grandson,best,christmas
birthday,family,kids,friends,gift,play,loved,year,wonderful,favorite,enjoy,fun,great,daughter,thank,book,playing,awesome,game,love,games,loves,grandson,best,christmas
birthday,family,kids,friends,gift,play,loved,year,wonderful,favorite,enjoy,fun,great,daughter,thank,book,playing,awesome,game,love,games,loves,grandson,best,christmas
birthday,family,kids,friends,gift,play,loved,year,wonderful,favorite,enjoy,fun,great,daughter,thank,book,playing,awesome,game,love,games,loves,grandson,best,christmas
birthday,family,kids,friends,gift,play,loved,year,wonderful,favorite,enjoy,fun,great,daughter,thank,book,playing,awesome,game,love,games,loves,grandson,best,christmas
birthday,family,kids,friends,gift,play,loved,year,wonderful,favorite,enjoy,fun,great,daughter,thank,book,playing,awesome,game,love,games,loves,grandson,best,christmas
birthday,family,kids,friends,gift,play,loved,year,wonderful,favorite,enjoy,fun,great,daughter,thank,book,playing,awesome,game,love,games,loves,grandson,best,christmas
birthday,family,kids,friends,gift,play,loved,year,wonderful,favorite,enjoy,fun,great,daughter,thank,book,playing,awesome,game,love,games,loves,grandson,best,christmas
birthday,family,kids,friends,gift,play,loved,year,wonderful,favorite,enjoy,fun,great,daughter,thank,book,playing,awesome,game,love,games,loves,grandson,best,christmas
birthday,family,kids,friends,gift,play,loved,year,wonderful,favorite,enjoy,fun,great,daughter,thank,book,playing,awesome,game,love,games,loves,grandson,best,christmas
birthday,family,kids,friends,gift,play,loved,year,wonderful,favorite,enjoy,fun,great,daughter,thank,book,playing,awesome,game,love,games,loves,grandson,best,christmas
birthday,family,kids,friends,gift,play,loved,year,wonderful,favorite,enjoy,fun,great,daughter,thank,book,playing,awesome,game,love,games,loves,grandson,best,christmas
birthday,family,kids,friends,gift,play,loved,year,wonderful,favorite,enjoy,fun,great,daughter,thank,book,playing,awesome,game,love,games,loves,grandson,best,christmas
birthday,family,kids,friends,gift,play,loved,year,wonderful,favorite,enjoy,fun,great,daughter,thank,book,playing,awesome,game,love,games,loves,grandson,best,christmas
birthday,family,kids,friends,gift,play,loved,year,wonderful,favorite,enjoy,fun,great,daughter,thank,book,playing,awesome,game,love,games,loves,grandson,best,christmas
birthday,family,kids,friends,gift,play,loved,year,wonderful,favorite,enjoy,fun,great,daughter,thank,book,playing,awesome,game,love,games,loves,grandson,best,christmas
birthday,family,kids,friends,gift,play,loved,year,wonderful,favorite,enjoy,fun,great,daughter,thank,book,playing,awesome,game,love,games,loves,grandson,best,christmas
birthday,family,kids,friends,gift,play,loved,year,wonderful,favorite,enjoy,fun,great,daughter,thank,book,playing,awesome,game,love,games,loves,grandson,best,christmas
birthday,family,kids,friends,gift,play,loved,year,wonderful,favorite,enjoy,fun,great,daughter,thank,book,playing,awesome,game,love,games,loves,grandson,best,christmas
birthday,family,kids,friends,gift,play,loved,year,wonderful,favorite,enjoy,fun,great,daughter,thank,book,playing,awesome,game,love,games,loves,grandson,best,christmas
birthday,family,kids,friends,gift,play,loved,year,wonderful,favorite,enjoy,fun,great,daughter,thank,book,playing,awesome,game,love,games,loves,grandson,best,christmas
birthday,family,kids,friends,gift,play,loved,year,wonderful,favorite,enjoy,fun,great,daughter,thank,book,playing,awesome,game,love,games,loves,grandson,best,christmas
birthday,family,kids,friends,gift,play,loved,year,wonderful,favorite,enjoy,fun,great,daughter,thank,book,playing,awesome,game,love,games,loves,grandson,best,christmas
birthday,family,kids,friends,gift,play,loved,year,wonderful,favorite,enjoy,fun,great,daughter,thank,book,playing,awesome,game,love,games,loves,grandson,best,christmas
birthday,family,kids,friends,gift,play,loved,year,wonderful,favorite,enjoy,fun,great,daughter,thank,book,playing,awesome,game,love,games,loves,grandson,best,christmas
birthday,family,kids,friends,gift,play,loved,year,wonderful,favorite,enjoy,fun,great,daughter,thank,book,playing,awesome,game,love,games,loves,grandson,best,christmas
birthday,family,kids,friends,gift,play,loved,year,wonderful,favorite,enjoy,fun,great,daughter,thank,book,playing,awesome,game,love,games,loves,grandson,best,christmas
birthday,family,kids,friends,gift,play,loved,year,wonderful,favorite,enjoy,fun,great,daughter,thank,book,playing,awesome,game,love,games,loves,grandson,best,christmas
birthday,family,kids,friends,gift,play,loved,year,wonderful,favorite,enjoy,fun,great,daughter,thank,book,playing,awesome,game,love,games,loves,grandson,best,christmas
birthday,family,kids,friends,gift,play,loved,year,wonderful,favorite,enjoy,fun,great,daughter,thank,book,playing,awesome,game,love,games,loves,grandson,best,christmas
birthday,family,kids,friends,gift,play,loved,year,wonderful,favorite,enjoy,fun,great,daughter,thank,book,playing,awesome,game,love,games,loves,grandson,best,christmas
birthday,family,kids,friends,gift,play,loved,year,wonderful,favorite,enjoy,fun,great,daughter,thank,book,playing,awesome,game,love,games,loves,grandson,best,christmas
birthday,family,kids,friends,gift,play,loved,year,wonderful,favorite,enjoy,fun,great,daughter,thank,book,playing,awesome,game,love,games,loves,grandson,best,christmas
birthday,family,kids,friends,gift,play,loved,year,wonderful,favorite,enjoy,fun,great,daughter,thank,book,playing,awesome,game,love,games,loves,grandson,best,christmas
birthday,family,kids,friends,gift,play,loved,year,wonderful,favorite,enjoy,fun,great,daughter,thank,book,playing,awesome,game,love,games,loves,grandson,best,christmas
birthday,family,kids,friends,gift,play,loved,year,wonderful,favorite,enjoy,fun,great,daughter,thank,book,playing,awesome,game,love,games,loves,grandson,best,christmas
birthday,family,kids,friends,gift,play,loved,year,wonderful,favorite,enjoy,fun,great,daughter,thank,book,playing,awesome,game,love,games,loves,grandson,best,christmas
birthday,family,kids,friends,gift,play,loved,year,wonderful,favorite,enjoy,fun,great,daughter,thank,book,playing,awesome,game,love,games,loves,grandson,best,christmas
birthday,family,kids,friends,gift,play,loved,year,wonderful,favorite,enjoy,fun,great,daughter,thank,book,playing,awesome,game,love,games,loves,grandson,best,christmas
birthday,family,kids,friends,gift,play,loved,year,wonderful,favorite,enjoy,fun,great,daughter,thank,book,playing,awesome,game,love,games,loves,grandson,best,christmas
birthday,family,kids,friends,gift,play,loved,year,wonderful,favorite,enjoy,fun,great,daughter,thank,book,playing,awesome,game,love,games,loves,grandson,best,christmas
birthday,family,kids,friends,gift,play,loved,year,wonderful,favorite,enjoy,fun,great,daughter,thank,book,playing,awesome,game,love,games,loves,grandson,best,christmas
birthday,family,kids,friends,gift,play,loved,year,wonderful,favorite,enjoy,fun,great,daughter,thank,book,playing,awesome,game,love,games,loves,grandson,best,christmas
birthday,family,kids,friends,gift,play,loved,year,wonderful,favorite,enjoy,fun,great,daughter,thank,book,playing,awesome,game,love,games,loves,grandson,best,christmas
birthday,family,kids,friends,gift,play,loved,year,wonderful,favorite,enjoy,fun,great,daughter,thank,book,playing,awesome,game,love,games,loves,grandson,best,christmas
birthday,family,kids,friends,gift,play,loved,year,wonderful,favorite,enjoy,fun,great,daughter,thank,book,playing,awesome,game,love,games,loves,grandson,best,christmas
birthday,family,kids,friends,gift,play,loved,year,wonderful,favorite,enjoy,fun,great,daughter,thank,book,playing,awesome,game,love,games,loves,grandson,best,christmas
birthday,family,kids,friends,gift,play,loved,year,wonderful,favorite,enjoy,fun,great,daughter,thank,book,playing,awesome,game,love,games,loves,grandson,best,christmas
birthday,family,kids,friends,gift,play,loved,year,wonderful,favorite,enjoy,fun,great,daughter,thank,book,playing,awesome,game,love,games,loves,grandson,best,christmas
birthday,family,kids,friends,gift,play,loved,year,wonderful,favorite,enjoy,fun,great,daughter,thank,book,playing,awesome,game,love,games,loves,grandson,best,christmas
birthday,family,kids,friends,gift,play,loved,year,wonderful,favorite,enjoy,fun,great,daughter,thank,book,playing,awesome,game,love,games,loves,grandson,best,christmas
birthday,family,kids,friends,gift,play,loved,year,wonderful,favorite,enjoy,fun,great,daughter,thank,book,playing,awesome,game,love,games,loves,grandson,best,christmas
birthday,family,kids,friends,gift,play,loved,year,wonderful,favorite,enjoy,fun,great,daughter,thank,book,playing,awesome,game,love,games,loves,grandson,best,christmas
birthday,family,kids,friends,gift,play,loved,year,wonderful,favorite,enjoy,fun,great,daughter,thank,book,playing,awesome,game,love,games,loves,grandson,best,christmas
birthday,family,kids,friends,gift,play,loved,year,wonderful,favorite,enjoy,fun,great,daughter,thank,book,playing,awesome,game,love,games,loves,grandson,best,christmas
birthday,family,kids,friends,gift,play,loved,year,wonderful,favorite,enjoy,fun,great,daughter,thank,book,playing,awesome,game,love,games,loves,grandson,best,christmas
birthday,family,kids,friends,gift,play,loved,year,wonderful,favorite,enjoy,fun,great,daughter,thank,book,playing,awesome,game,love,games,loves,grandson,best,christmas
birthday,family,kids,friends,gift,play,loved,year,wonderful,favorite,enjoy,fun,great,daughter,thank,book,playing,awesome,game,love,games,loves,grandson,best,christmas
birthday,family,kids,friends,gift,play,loved,year,wonderful,favorite,enjoy,fun,great,daughter,thank,book,playing,awesome,game,love,games,loves,grandson,best,christmas
birthday,family,kids,friends,gift,play,loved,year,wonderful,favorite,enjoy,fun,great,daughter,thank,book,playing,awesome,game,love,games,loves,grandson,best,christmas
birthday,family,kids,friends,gift,play,loved,year,wonderful,favorite,enjoy,fun,great,daughter,thank,book,playing,awesome,game,love,games,loves,grandson,best,christmas
birthday,family,kids,friends,gift,play,loved,year,wonderful,favorite,enjoy,fun,great,daughter,thank,book,playing,awesome,game,love,games,loves,grandson,best,christmas
birthday,family,kids,friends,gift,play,loved,year,wonderful,favorite,enjoy,fun,great,daughter,thank,book,playing,awesome,game,love,games,loves,grandson,best,christmas
birthday,family,kids,friends,gift,play,loved,year,wonderful,favorite,enjoy,fun,great,daughter,thank,book,playing,awesome,game,love,games,loves,grandson,best,christmas
birthday,family,kids,friends,gift,play,loved,year,wonderful,favorite,enjoy,fun,great,daughter,thank,book,playing,awesome,game,love,games,loves,grandson,best,christmas
birthday,family,kids,friends,gift,play,loved,year,wonderful,favorite,enjoy,fun,great,daughter,thank,book,playing,awesome,game,love,games,loves,grandson,best,christmas
birthday,family,kids,friends,gift,play,loved,year,wonderful,favorite,enjoy,fun,great,daughter,thank,book,playing,awesome,game,love,games,loves,grandson,best,christmas
birthday,family,kids,friends,gift,play,loved,year,wonderful,favorite,enjoy,fun,great,daughter,thank,book,playing,awesome,game,love,games,loves,grandson,best,christmas
birthday,family,kids,friends,gift,play,loved,year,wonderful,favorite,enjoy,fun,great,daughter,thank,book,playing,awesome,game,love,games,loves,grandson,best,christmas
birthday,family,kids,friends,gift,play,loved,year,wonderful,favorite,enjoy,fun,great,daughter,thank,book,playing,awesome,game,love,games,loves,grandson,best,christmas
birthday,family,kids,friends,gift,play,loved,year,wonderful,favorite,enjoy,fun,great,daughter,thank,book,playing,awesome,game,love,games,loves,grandson,best,christmas
birthday,family,kids,friends,gift,play,loved,year,wonderful,favorite,enjoy,fun,great,daughter,thank,book,playing,awesome,game,love,games,loves,grandson,best,christmas
birthday,family,kids,friends,gift,play,loved,year,wonderful,favorite,enjoy,fun,great,daughter,thank,book,playing,awesome,game,love,games,loves,grandson,best,christmas
birthday,family,kids,friends,gift,play,loved,year,wonderful,favorite,enjoy,fun,great,daughter,thank,book,playing,awesome,game,love,games,loves,grandson,best,christmas
birthday,family,kids,friends,gift,play,loved,year,wonderful,favorite,enjoy,fun,great,daughter,thank,book,playing,awesome,game,love,games,loves,grandson,best,christmas
birthday,family,kids,friends,gift,play,loved,year,wonderful,favorite,enjoy,fun,great,daughter,thank,book,playing,awesome,game,love,games,loves,grandson,best,christmas
birthday,family,kids,friends,gift,play,loved,year,wonderful,favorite,enjoy,fun,great,daughter,thank,book,playing,awesome,game,love,games,loves,grandson,best,christmas
birthday,family,kids,friends,gift,play,loved,year,wonderful,favorite,enjoy,fun,great,daughter,thank,book,playing,awesome,game,love,games,loves,grandson,best,christmas
birthday,family,kids,friends,gift,play,loved,year,wonderful,favorite,enjoy,fun,great,daughter,thank,book,playing,awesome,game,love,games,loves,grandson,best,christmas
birthday,family,kids,friends,gift,play,loved,year,wonderful,favorite,enjoy,fun,great,daughter,thank,book,playing,awesome,game,love,games,loves,grandson,best,christmas
birthday,family,kids,friends,gift,play,loved,year,wonderful,favorite,enjoy,fun,great,daughter,thank,book,playing,awesome,game,love,games,loves,grandson,best,christmas
birthday,family,kids,friends,gift,play,loved,year,wonderful,favorite,enjoy,fun,great,daughter,thank,book,playing,awesome,game,love,games,loves,grandson,best,christmas
birthday,family,kids,friends,gift,play,loved,year,wonderful,favorite,enjoy,fun,great,daughter,thank,book,playing,awesome,game,love,games,loves,grandson,best,christmas
birthday,family,kids,friends,gift,play,loved,year,wonderful,favorite,enjoy,fun,great,daughter,thank,book,playing,awesome,game,love,games,loves,grandson,best,christmas
birthday,family,kids,friends,gift,play,loved,year,wonderful,favorite,enjoy,fun,great,daughter,thank,book,playing,awesome,game,love,games,loves,grandson,best,christmas
birthday,family,kids,friends,gift,play,loved,year,wonderful,favorite,enjoy,fun,great,daughter,thank,book,playing,awesome,game,love,games,loves,grandson,best,christmas
birthday,family,kids,friends,gift,play,loved,year,wonderful,favorite,enjoy,fun,great,daughter,thank,book,playing,awesome,game,love,games,loves,grandson,best,christmas
birthday,family,kids,friends,gift,play,loved,year,wonderful,favorite,enjoy,fun,great,daughter,thank,book,playing,awesome,game,love,games,loves,grandson,best,christmas
birthday,family,kids,friends,gift,play,loved,year,wonderful,favorite,enjoy,fun,great,daughter,thank,book,playing,awesome,game,love,games,loves,grandson,best,christmas
birthday,family,kids,friends,gift,play,loved,year,wonderful,favorite,enjoy,fun,great,daughter,thank,book,playing,awesome,game,love,games,loves,grandson,best,christmas
birthday,family,kids,friends,gift,play,loved,year,wonderful,favorite,enjoy,fun,great,daughter,thank,book,playing,awesome,game,love,games,loves,grandson,best,christmas
birthday,family,kids,friends,gift,play,loved,year,wonderful,favorite,enjoy,fun,great,daughter,thank,book,playing,awesome,game,love,games,loves,grandson,best,christmas
birthday,family,kids,friends,gift,play,loved,year,wonderful,favorite,enjoy,fun,great,daughter,thank,book,playing,awesome,game,love,games,loves,grandson,best,christmas
birthday,family,kids,friends,gift,play,loved,year,wonderful,favorite,enjoy,fun,great,daughter,thank,book,playing,awesome,game,love,games,loves,grandson,best,christmas
birthday,family,kids,friends,gift,play,loved,year,wonderful,favorite,enjoy,fun,great,daughter,thank,book,playing,awesome,game,love,games,loves,grandson,best,christmas
birthday,family,kids,friends,gift,play,loved,year,wonderful,favorite,enjoy,fun,great,daughter,thank,book,playing,awesome,game,love,games,loves,grandson,best,christmas
birthday,family,kids,friends,gift,play,loved,year,wonderful,favorite,enjoy,fun,great,daughter,thank,book,playing,awesome,game,love,games,loves,grandson,best,christmas
birthday,family,kids,friends,gift,play,loved,year,wonderful,favorite,enjoy,fun,great,daughter,thank,book,playing,awesome,game,love,games,loves,grandson,best,christmas
birthday,family,kids,friends,gift,play,loved,year,wonderful,favorite,enjoy,fun,great,daughter,thank,book,playing,awesome,game,love,games,loves,grandson,best,christmas
birthday,family,kids,friends,gift,play,loved,year,wonderful,favorite,enjoy,fun,great,daughter,thank,book,playing,awesome,game,love,games,loves,grandson,best,christmas
birthday,family,kids,friends,gift,play,loved,year,wonderful,favorite,enjoy,fun,great,daughter,thank,book,playing,awesome,game,love,games,loves,grandson,best,christmas
birthday,family,kids,friends,gift,play,loved,year,wonderful,favorite,enjoy,fun,great,daughter,thank,book,playing,awesome,game,love,games,loves,grandson,best,christmas
birthday,family,kids,friends,gift,play,loved,year,wonderful,favorite,enjoy,fun,great,daughter,thank,book,playing,awesome,game,love,games,loves,grandson,best,christmas
birthday,family,kids,friends,gift,play,loved,year,wonderful,favorite,enjoy,fun,great,daughter,thank,book,playing,awesome,game,love,games,loves,grandson,best,christmas
birthday,family,kids,friends,gift,play,loved,year,wonderful,favorite,enjoy,fun,great,daughter,thank,book,playing,awesome,game,love,games,loves,grandson,best,christmas
birthday,family,kids,friends,gift,play,loved,year,wonderful,favorite,enjoy,fun,great,daughter,thank,book,playing,awesome,game,love,games,loves,grandson,best,christmas
birthday,family,kids,friends,gift,play,loved,year,wonderful,favorite,enjoy,fun,great,daughter,thank,book,playing,awesome,game,love,games,loves,grandson,best,christmas
birthday,family,kids,friends,gift,play,loved,year,wonderful,favorite,enjoy,fun,great,daughter,thank,book,playing,awesome,game,love,games,loves,grandson,best,christmas
birthday,family,kids,friends,gift,play,loved,year,wonderful,favorite,enjoy,fun,great,daughter,thank,book,playing,awesome,game,love,games,loves,grandson,best,christmas
