hot,investment,cold,tea,best,ever,excellent,lemon,keeps
hot,investment,cold,tea,best,ever,excellent,lemon,keeps
need,use,ze,hot,investment,orange,cold,tea,call,best,ever,excellent,lemon,perfect,keeps
need,use,ze,hot,investment,orange,cold,tea,call,best,ever,excellent,lemon,perfect,keeps
need,use,ze,hot,investment,orange,cold,tea,call,best,ever,excellent,lemon,perfect,keeps
need,use,ze,hot,investment,orange,cold,tea,call,best,ever,excellent,lemon,perfect,keeps
need,use,ze,love,hot,investment,orange,cold,tea,call,best,ever,excellent,lemon,perfect,keeps
need,use,ze,love,hot,investment,orange,cold,tea,call,best,ever,excellent,lemon,perfect,keeps
need,great,use,ze,love,hot,investment,orange,cold,tea,call,best,ever,excellent,lemon,perfect,keeps
need,great,use,sauce,ze,love,hot,investment,orange,cold,tea,call,best,ever,excellent,lemon,perfect,keeps
need,great,use,sauce,ze,love,hot,investment,orange,cold,tea,call,best,ever,excellent,lemon,perfect,keeps
need,great,use,sauce,ze,love,hot,investment,orange,cold,tea,call,best,ever,excellent,lemon,perfect,keeps
need,great,use,sauce,ze,love,hot,investment,orange,cold,tea,call,best,ever,excellent,lemon,perfect,keeps
need,great,use,sauce,ze,love,hot,investment,orange,cold,tea,call,best,ever,excellent,lemon,perfect,keeps
need,great,use,sauce,ze,love,hot,investment,orange,cold,tea,call,best,ever,excellent,lemon,perfect,keeps
need,great,use,sauce,ze,love,hot,investment,orange,cold,tea,call,best,ever,excellent,lemon,perfect,keeps
need,great,use,sauce,ze,love,hot,investment,orange,cold,tea,call,best,ever,excellent,lemon,perfect,keeps
need,great,use,sauce,ze,love,hot,investment,orange,cold,tea,call,best,ever,excellent,lemon,perfect,keeps
need,great,use,sauce,ze,love,hot,investment,orange,cold,tea,call,best,ever,excellent,lemon,perfect,keeps
need,great,use,sauce,ze,love,hot,investment,orange,cold,tea,call,best,ever,excellent,lemon,perfect,keeps
need,great,use,sauce,ze,love,hot,investment,orange,cold,tea,call,best,ever,excellent,lemon,perfect,keeps
need,great,use,sauce,ze,love,hot,investment,orange,cold,tea,call,best,ever,excellent,lemon,perfect,keeps
need,use,investment,inexpensive,great,excellent,cold,tea,ever,perfect,lemon,love,best,keeps,sauce,ze,hot,orange,call
need,use,investment,inexpensive,great,excellent,cold,tea,ever,perfect,lemon,love,best,keeps,sauce,ze,hot,orange,call
need,use,investment,inexpensive,great,excellent,cold,tea,ever,perfect,lemon,love,best,keeps,sauce,ze,hot,orange,call
need,use,investment,inexpensive,great,excellent,cold,tea,ever,perfect,lemon,love,best,keeps,sauce,ze,hot,orange,call
need,use,investment,inexpensive,great,excellent,cold,tea,ever,perfect,lemon,love,best,keeps,sauce,ze,hot,orange,call
need,use,investment,inexpensive,great,excellent,cold,tea,ever,perfect,lemon,love,best,keeps,sauce,ze,hot,orange,call
need,use,investment,inexpensive,great,excellent,cold,tea,ever,perfect,lemon,love,best,keeps,sauce,ze,hot,orange,call
need,use,investment,inexpensive,great,excellent,cold,tea,ever,perfect,lemon,love,best,keeps,sauce,ze,hot,orange,call
need,use,investment,inexpensive,great,excellent,cold,tea,ever,perfect,lemon,love,best,keeps,sauce,ze,hot,tong,orange,years,call
need,use,investment,inexpensive,great,excellent,grip,cold,tea,ever,perfect,lemon,love,best,keeps,sauce,ze,hot,tong,orange,years,call
need,use,investment,inexpensive,great,excellent,works,grip,cold,tea,ginger,ever,perfect,lemon,fantastic,love,best,keeps,sauce,ze,tong,orange,years,ri,call
need,use,investment,inexpensive,great,excellent,works,grip,cold,tea,ginger,ever,perfect,lemon,fantastic,love,best,keeps,sauce,ze,tong,orange,years,ri,call
need,others,investment,inexpensive,great,excellent,works,grip,cold,tea,ginger,ever,perfect,lemon,fantastic,love,best,keeps,sauce,ze,tong,orange,years,ri,call
need,others,investment,inexpensive,great,excellent,works,grip,cold,tea,ginger,ever,perfect,lemon,fantastic,love,best,keeps,sauce,ze,tong,orange,years,ri,call
need,others,investment,inexpensive,great,excellent,works,grip,cold,tea,ginger,ever,perfect,lemon,fantastic,love,best,keeps,sauce,ze,tong,orange,years,ri,call
need,others,investment,inexpensive,great,excellent,works,grip,cold,tea,ginger,ever,perfect,lemon,fantastic,love,best,keeps,sauce,ze,tong,orange,years,ri,call
need,others,investment,inexpensive,great,excellent,works,grip,cold,tea,ginger,ever,perfect,lemon,fantastic,love,best,keeps,sauce,ze,tong,orange,years,ri,call
need,others,investment,inexpensive,great,excellent,works,grip,cold,tea,ginger,ever,perfect,lemon,fantastic,love,best,keeps,sauce,ze,tong,orange,years,ri,call
need,others,investment,inexpensive,great,excellent,works,grip,cold,tea,ginger,ever,perfect,lemon,fantastic,love,best,keeps,sauce,ze,tong,orange,years,ri,call
need,others,investment,inexpensive,great,excellent,works,grip,cold,tea,ginger,ever,perfect,lemon,fantastic,love,best,keeps,sauce,ze,tong,orange,years,ri,call
need,others,investment,inexpensive,great,excellent,works,grip,cold,tea,ginger,perfect,lemon,fantastic,love,best,keeps,sauce,ze,tong,orange,years,ri,morning,call
need,others,investment,inexpensive,great,excellent,works,grip,cold,tea,ginger,perfect,lemon,fantastic,love,best,keeps,sauce,ze,tong,orange,years,ri,morning,call
need,others,investment,inexpensive,great,excellent,works,grip,cold,tea,ginger,perfect,lemon,fantastic,love,best,keeps,sauce,ze,tong,orange,years,ri,morning,call
need,others,investment,inexpensive,great,excellent,works,grip,cold,tea,ginger,perfect,lemon,fantastic,love,best,keeps,sauce,ze,tong,orange,years,ri,morning,call
need,others,investment,inexpensive,great,excellent,works,grip,cold,tea,ginger,perfect,lemon,fantastic,love,best,keeps,sauce,ze,tong,orange,years,ri,morning,call
need,others,investment,inexpensive,great,excellent,works,grip,cold,tea,ginger,perfect,lemon,fantastic,love,best,keeps,sauce,ze,tong,orange,years,ri,morning,call
need,others,investment,inexpensive,great,excellent,works,grip,cold,tea,ginger,perfect,lemon,fantastic,love,best,keeps,sauce,ze,tong,orange,years,ri,morning,call
need,others,investment,inexpensive,great,excellent,works,grip,cold,tea,ginger,perfect,lemon,fantastic,love,best,keeps,sauce,ze,tong,orange,years,ri,morning,call
need,others,investment,inexpensive,great,excellent,works,grip,cold,tea,ginger,perfect,lemon,fantastic,love,best,pressure,keeps,sauce,ze,tong,orange,ri,morning,call
need,others,investment,inexpensive,great,excellent,works,grip,cold,tea,ginger,perfect,lemon,fantastic,love,best,pressure,keeps,sauce,ze,tong,orange,ri,morning,call
need,others,investment,inexpensive,great,excellent,works,grip,cold,tea,ginger,perfect,lemon,fantastic,love,best,pressure,keeps,sauce,ze,tong,orange,ri,morning,call
need,others,investment,inexpensive,great,excellent,works,grip,cold,tea,ginger,perfect,lemon,fantastic,love,best,pressure,keeps,sauce,ze,tong,orange,ri,morning,call
need,others,investment,inexpensive,great,excellent,works,grip,tea,ginger,perfect,lemon,fantastic,love,best,pressure,keeps,pleased,sauce,ze,tong,orange,ri,morning,call
need,others,investment,inexpensive,great,excellent,works,grip,tea,ginger,perfect,lemon,fantastic,love,best,pressure,keeps,pleased,sauce,ze,tong,orange,ri,morning,call
need,others,investment,inexpensive,great,excellent,works,grip,tea,ginger,perfect,lemon,fantastic,love,best,pressure,keeps,pleased,sauce,ze,tong,orange,ri,morning,call
need,others,investment,inexpensive,great,excellent,works,grip,tea,ginger,perfect,lemon,fantastic,love,best,pressure,keeps,pleased,sauce,ze,tong,orange,ri,morning,call
need,others,investment,inexpensive,great,excellent,works,grip,tea,ginger,perfect,lemon,fantastic,love,best,pressure,keeps,pleased,sauce,ze,tong,orange,ri,morning,call
need,others,investment,inexpensive,great,excellent,works,grip,ginger,perfect,lemon,fantastic,love,rated,best,pressure,keeps,pleased,sauce,ze,tong,orange,ri,morning,call
need,others,investment,inexpensive,great,excellent,works,grip,ginger,perfect,lemon,fantastic,love,rated,micro,best,pressure,keeps,pleased,sauce,ze,tong,ri,morning,call
need,others,investment,inexpensive,great,excellent,works,grip,ginger,perfect,lemon,fantastic,love,rated,micro,best,pressure,keeps,pleased,sauce,ze,tong,ri,morning,call
need,others,investment,inexpensive,great,excellent,works,grip,ginger,perfect,lemon,fantastic,love,rated,micro,best,pressure,keeps,business,pleased,sauce,ze,tong,ri,call
need,others,investment,inexpensive,great,excellent,works,grip,ginger,perfect,lemon,fantastic,love,rated,micro,best,pressure,keeps,business,pleased,sauce,ze,tong,ri,call
need,others,investment,inexpensive,great,excellent,works,grip,ginger,perfect,lemon,fantastic,love,rated,micro,best,pressure,keeps,business,pleased,sauce,ze,tong,ri,call
need,others,investment,inexpensive,great,excellent,works,grip,ginger,perfect,lemon,fantastic,love,rated,micro,best,pressure,keeps,business,pleased,sauce,ze,tong,ri,call
need,others,investment,inexpensive,great,excellent,works,grip,ginger,perfect,lemon,fantastic,love,rated,micro,best,pressure,keeps,business,pleased,sauce,ze,tong,ri,call
need,others,investment,inexpensive,great,excellent,works,grip,ginger,perfect,lemon,fantastic,love,rated,micro,best,pressure,keeps,business,pleased,sauce,ze,tong,ri,call
need,others,investment,inexpensive,great,excellent,works,grip,ginger,perfect,lemon,fantastic,love,let,rated,micro,best,pressure,keeps,pleased,sauce,ze,tong,ri,call
need,others,investment,inexpensive,great,excellent,works,grip,ginger,perfect,lemon,fantastic,love,let,rated,micro,best,pressure,keeps,pleased,sauce,ze,tong,ri,call
need,others,investment,inexpensive,great,excellent,works,grip,ginger,perfect,lemon,fantastic,love,let,rated,micro,best,pressure,keeps,pleased,sauce,ze,tong,ri,call
others,investment,step,inexpensive,great,excellent,works,grip,ginger,perfect,lemon,fantastic,love,let,rated,micro,best,pressure,keeps,pleased,sauce,ze,tong,ri,call
others,investment,step,inexpensive,great,excellent,works,grip,ginger,perfect,lemon,fantastic,love,let,rated,micro,best,pressure,keeps,pleased,sauce,ze,tong,ri,call
others,investment,step,inexpensive,great,excellent,works,grip,ginger,perfect,lemon,fantastic,love,let,rated,micro,best,pressure,keeps,pleased,sauce,ze,tong,ri,call
others,investment,step,inexpensive,great,excellent,works,grip,ginger,perfect,lemon,fantastic,love,let,rated,micro,best,pressure,keeps,pleased,sauce,ze,tong,ri,call
others,investment,step,inexpensive,great,excellent,works,grip,ginger,perfect,lemon,fantastic,love,let,rated,micro,best,pressure,keeps,pleased,sauce,ze,tong,ri,call
others,investment,step,inexpensive,great,excellent,works,grip,ginger,perfect,lemon,fantastic,love,let,rated,micro,best,pressure,keeps,pleased,sauce,ze,tong,ri,call
others,investment,step,inexpensive,great,excellent,works,grip,ginger,perfect,lemon,fantastic,love,let,rated,micro,best,pressure,keeps,pleased,sauce,ze,tong,ri,call
others,investment,step,inexpensive,great,excellent,works,grip,ginger,perfect,lemon,fantastic,love,let,rated,micro,best,pressure,keeps,pleased,sauce,ze,tong,ri,call
others,investment,step,inexpensive,great,excellent,works,grip,ginger,perfect,lemon,fantastic,love,let,rated,micro,best,pressure,keeps,pleased,sauce,ze,tong,ri,call
others,investment,step,inexpensive,great,excellent,works,grip,ginger,perfect,lemon,fantastic,love,let,rated,micro,best,pressure,keeps,pleased,sauce,ze,tong,ri,call
others,investment,step,inexpensive,great,excellent,works,grip,ginger,perfect,lemon,fantastic,love,let,rated,micro,best,pressure,keeps,pleased,sauce,ze,tong,ri,call
others,investment,step,inexpensive,great,excellent,works,grip,ginger,perfect,lemon,fantastic,love,let,rated,micro,best,pressure,keeps,pleased,sauce,ze,tong,ri,call
others,investment,step,inexpensive,great,excellent,works,grip,ginger,perfect,lemon,fantastic,love,let,rated,micro,best,pressure,keeps,pleased,sauce,ze,tong,ri,call
others,investment,inexpensive,great,excellent,works,highly,grip,ginger,perfect,lemon,fantastic,love,let,rated,micro,best,pressure,keeps,pleased,sauce,ze,tong,ri,call
others,investment,inexpensive,great,excellent,works,highly,grip,ginger,perfect,lemon,fantastic,love,let,rated,micro,best,pressure,keeps,pleased,sauce,ze,tong,ri,call
others,investment,inexpensive,great,excellent,works,highly,grip,ginger,perfect,lemon,fantastic,love,let,rated,micro,best,pressure,keeps,pleased,sauce,ze,tong,ri,call
others,investment,inexpensive,great,excellent,works,highly,grip,ginger,perfect,lemon,fantastic,love,let,rated,micro,best,pressure,keeps,pleased,sauce,ze,tong,ri,call
others,investment,inexpensive,great,excellent,works,highly,grip,ginger,perfect,lemon,fantastic,love,let,rated,micro,best,pressure,keeps,pleased,sauce,ze,tong,ri,call
others,investment,inexpensive,great,excellent,works,highly,grip,ginger,perfect,lemon,fantastic,love,let,rated,micro,best,pressure,keeps,pleased,sauce,ze,tong,ri,call
others,investment,inexpensive,great,excellent,works,highly,grip,ginger,holds,perfect,lemon,fantastic,love,let,rated,micro,best,pressure,keeps,sauce,ze,tong,ri,call
others,investment,inexpensive,great,excellent,works,highly,grip,ginger,holds,perfect,lemon,fantastic,love,let,rated,micro,best,pressure,keeps,sauce,ze,tong,ri,call
others,investment,inexpensive,great,excellent,works,highly,grip,ginger,holds,perfect,lemon,fantastic,love,let,rated,micro,best,pressure,keeps,sauce,ze,tong,ri,call
others,investment,inexpensive,great,excellent,works,highly,grip,ginger,holds,perfect,lemon,fantastic,love,let,rated,micro,best,pressure,keeps,sauce,ze,tong,ri,call
others,investment,inexpensive,great,excellent,works,highly,grip,ginger,holds,perfect,lemon,fantastic,love,let,rated,micro,best,pressure,keeps,sauce,ze,tong,ri,call
others,investment,inexpensive,great,excellent,works,highly,grip,ginger,holds,perfect,lemon,fantastic,love,let,rated,micro,best,pressure,keeps,sauce,ze,tong,ri,call
others,investment,inexpensive,great,excellent,works,highly,grip,ginger,holds,perfect,lemon,fantastic,love,let,rated,micro,best,pressure,keeps,sauce,ze,tong,ri,call
others,investment,inexpensive,great,excellent,works,highly,grip,ginger,holds,perfect,lemon,fantastic,love,let,rated,micro,best,pressure,keeps,sauce,ze,tong,ri,call
others,investment,inexpensive,great,excellent,works,highly,grip,ginger,holds,perfect,lemon,fantastic,love,let,rated,micro,best,pressure,keeps,sauce,ze,tong,ri,call
others,investment,inexpensive,great,excellent,works,highly,grip,ginger,holds,perfect,lemon,fantastic,love,let,rated,micro,best,pressure,keeps,sauce,ze,tong,ri,call
others,investment,inexpensive,great,excellent,works,highly,grip,ginger,perfect,lemon,fantastic,love,let,micro,best,pressure,keeps,sauce,ze,bill,tong,nice,ri,call
others,investment,inexpensive,great,excellent,works,highly,grip,ginger,perfect,lemon,fantastic,love,let,micro,best,pressure,keeps,sauce,ze,bill,tong,nice,ri,call
others,investment,inexpensive,great,excellent,works,highly,grip,ginger,perfect,lemon,fantastic,love,let,micro,best,pressure,keeps,sauce,ze,bill,tong,nice,ri,call
others,investment,inexpensive,great,excellent,works,highly,grip,ginger,perfect,lemon,fantastic,love,let,micro,best,pressure,keeps,sauce,ze,bill,tong,nice,ri,call
others,investment,inexpensive,great,excellent,works,highly,grip,ginger,perfect,lemon,fantastic,love,let,micro,best,pressure,keeps,pleased,sauce,ze,tong,nice,ri,call
others,investment,inexpensive,great,excellent,works,highly,grip,ginger,perfect,lemon,fantastic,love,let,micro,best,pressure,keeps,pleased,sauce,ze,tong,nice,ri,call
others,investment,inexpensive,great,excellent,works,highly,grip,ginger,perfect,lemon,fantastic,love,let,micro,best,pressure,keeps,pleased,sauce,ze,tong,nice,ri,call
others,investment,inexpensive,great,excellent,works,highly,grip,ginger,perfect,lemon,fantastic,love,let,micro,best,pressure,keeps,pleased,sauce,ze,tong,nice,ri,call
others,investment,inexpensive,great,excellent,works,highly,grip,ginger,perfect,lemon,fantastic,love,let,micro,best,pressure,keeps,pleased,sauce,ze,tong,nice,ri,call
others,investment,inexpensive,great,excellent,works,highly,grip,ginger,perfect,lemon,fantastic,love,let,micro,best,pressure,keeps,pleased,sauce,ze,tong,nice,ri,call
others,investment,inexpensive,great,excellent,works,highly,grip,ginger,perfect,lemon,fantastic,love,let,micro,best,pressure,keeps,pleased,sauce,ze,tong,nice,ri,call
others,investment,inexpensive,great,excellent,works,highly,grip,ginger,perfect,lemon,fantastic,love,let,micro,best,pressure,keeps,pleased,sauce,ze,tong,nice,ri,call
others,investment,powerful,inexpensive,great,excellent,works,highly,grip,ginger,perfect,lemon,fantastic,love,let,micro,best,pressure,keeps,pleased,sauce,ze,tong,nice,call
others,investment,powerful,inexpensive,great,excellent,works,highly,grip,ginger,perfect,lemon,fantastic,love,let,micro,best,pressure,keeps,pleased,sauce,ze,tong,nice,call
others,investment,powerful,inexpensive,great,excellent,works,highly,grip,ginger,perfect,lemon,fantastic,love,let,micro,best,pressure,keeps,pleased,sauce,ze,tong,nice,call
others,investment,powerful,inexpensive,great,excellent,works,highly,grip,ginger,perfect,lemon,fantastic,love,let,micro,best,pressure,keeps,pleased,sauce,ze,tong,nice,call
others,investment,powerful,inexpensive,great,excellent,works,highly,grip,ginger,perfect,lemon,fantastic,love,let,micro,best,pressure,keeps,pleased,sauce,ze,tong,nice,call
others,investment,powerful,inexpensive,great,excellent,works,highly,grip,ginger,perfect,lemon,fantastic,love,let,micro,best,pressure,keeps,pleased,sauce,ze,tong,nice,call
others,investment,powerful,inexpensive,great,excellent,works,highly,grip,ginger,perfect,lemon,fantastic,love,let,micro,best,pressure,keeps,pleased,sauce,ze,tong,nice,call
others,investment,powerful,inexpensive,great,excellent,works,highly,grip,ginger,perfect,lemon,fantastic,love,let,micro,best,pressure,keeps,pleased,sauce,ze,tong,nice,call
others,investment,powerful,inexpensive,great,excellent,works,highly,grip,ginger,perfect,lemon,fantastic,love,let,micro,best,pressure,keeps,pleased,sauce,ze,tong,nice,call
others,investment,powerful,inexpensive,great,excellent,works,highly,grip,ginger,perfect,lemon,fantastic,love,let,micro,best,pressure,keeps,pleased,sauce,ze,tong,nice,call
others,investment,powerful,inexpensive,great,excellent,works,highly,grip,ginger,perfect,lemon,fantastic,love,let,micro,best,pressure,keeps,pleased,sauce,ze,tong,nice,call
others,investment,powerful,inexpensive,great,excellent,works,highly,grip,ginger,perfect,lemon,fantastic,love,let,micro,best,pressure,keeps,pleased,sauce,ze,tong,nice,call
others,investment,powerful,inexpensive,great,excellent,works,highly,grip,ginger,perfect,lemon,fantastic,love,let,micro,best,pressure,keeps,pleased,sauce,ze,tong,nice,call
others,investment,powerful,inexpensive,great,excellent,works,highly,grip,ginger,perfect,lemon,fantastic,love,let,micro,best,pressure,keeps,pleased,sauce,ze,tong,nice,call
others,investment,powerful,inexpensive,great,excellent,works,highly,grip,ginger,perfect,lemon,fantastic,love,let,micro,best,pressure,keeps,pleased,sauce,ze,tong,nice,call
others,investment,powerful,inexpensive,great,excellent,works,highly,grip,ginger,perfect,lemon,fantastic,love,let,micro,best,pressure,keeps,pleased,sauce,ze,tong,nice,call
others,investment,powerful,inexpensive,great,excellent,works,highly,grip,ginger,perfect,lemon,fantastic,love,let,micro,best,pressure,keeps,pleased,sauce,ze,tong,nice,call
others,investment,powerful,inexpensive,great,excellent,works,highly,grip,ginger,perfect,lemon,fantastic,love,let,micro,best,pressure,keeps,pleased,sauce,ze,tong,nice,call
others,investment,powerful,inexpensive,great,excellent,works,highly,grip,ginger,perfect,lemon,fantastic,love,let,micro,best,pressure,keeps,pleased,sauce,ze,tong,nice,call
others,investment,powerful,inexpensive,great,excellent,works,highly,grip,ginger,perfect,lemon,fantastic,love,let,micro,best,pressure,keeps,pleased,sauce,ze,tong,nice,call
others,investment,powerful,inexpensive,great,excellent,works,highly,grip,ginger,perfect,lemon,fantastic,love,let,micro,best,pressure,keeps,pleased,sauce,ze,tong,nice,call
others,investment,powerful,inexpensive,great,excellent,works,highly,grip,ginger,perfect,lemon,fantastic,love,let,micro,best,pressure,keeps,pleased,sauce,ze,tong,nice,call
others,investment,powerful,inexpensive,great,excellent,works,highly,grip,ginger,perfect,lemon,fantastic,love,let,micro,best,pressure,keeps,pleased,sauce,ze,tong,nice,call
others,investment,powerful,inexpensive,great,excellent,works,highly,grip,ginger,perfect,lemon,fantastic,love,let,micro,best,pressure,keeps,pleased,sauce,ze,tong,nice,call
others,investment,powerful,inexpensive,great,excellent,works,highly,grip,ginger,perfect,lemon,fantastic,love,let,micro,best,pressure,keeps,pleased,sauce,ze,tong,nice,call
others,investment,powerful,inexpensive,great,excellent,works,highly,grip,ginger,perfect,lemon,fantastic,love,let,micro,best,pressure,keeps,pleased,sauce,ze,tong,nice,call
others,investment,powerful,inexpensive,great,excellent,works,highly,grip,ginger,perfect,lemon,fantastic,love,let,micro,best,pressure,keeps,pleased,sauce,ze,tong,nice,call
others,investment,powerful,inexpensive,great,excellent,works,highly,grip,ginger,perfect,lemon,fantastic,love,let,micro,best,pressure,keeps,pleased,sauce,ze,tong,nice,call
others,investment,powerful,inexpensive,great,excellent,works,highly,grip,ginger,perfect,lemon,fantastic,love,let,micro,best,pressure,keeps,pleased,sauce,ze,tong,nice,call
others,investment,powerful,inexpensive,great,excellent,works,highly,grip,ginger,perfect,lemon,fantastic,love,let,micro,best,pressure,keeps,pleased,sauce,ze,tong,nice,call
others,investment,powerful,inexpensive,great,excellent,works,highly,grip,ginger,perfect,lemon,fantastic,love,let,micro,best,pressure,keeps,pleased,sauce,ze,tong,nice,call
others,investment,powerful,inexpensive,great,excellent,works,highly,grip,ginger,perfect,lemon,fantastic,love,let,micro,best,pressure,keeps,pleased,sauce,ze,tong,nice,call
others,investment,powerful,inexpensive,great,excellent,works,highly,grip,ginger,perfect,lemon,fantastic,love,let,micro,best,pressure,keeps,pleased,sauce,ze,tong,nice,call
others,investment,powerful,inexpensive,great,excellent,works,highly,grip,ginger,perfect,lemon,fantastic,love,let,micro,best,pressure,keeps,pleased,sauce,ze,tong,nice,call
others,investment,powerful,inexpensive,great,excellent,works,highly,grip,ginger,perfect,lemon,fantastic,love,let,micro,best,pressure,keeps,pleased,sauce,ze,tong,nice,call
others,investment,powerful,inexpensive,great,excellent,works,highly,grip,ginger,perfect,lemon,fantastic,love,let,micro,best,pressure,keeps,pleased,sauce,ze,tong,nice,call
others,investment,powerful,inexpensive,great,excellent,works,highly,grip,ginger,perfect,lemon,fantastic,love,let,micro,best,pressure,keeps,pleased,sauce,ze,tong,nice,call
others,investment,powerful,inexpensive,great,excellent,works,highly,grip,ginger,perfect,lemon,fantastic,love,let,micro,best,pressure,keeps,pleased,sauce,ze,tong,nice,call
others,investment,powerful,inexpensive,great,excellent,works,highly,grip,ginger,perfect,lemon,fantastic,love,let,micro,best,pressure,keeps,pleased,sauce,ze,tong,nice,call
others,investment,powerful,inexpensive,great,excellent,works,highly,grip,ginger,perfect,lemon,fantastic,love,let,micro,best,pressure,keeps,pleased,sauce,ze,tong,nice,call
others,investment,powerful,inexpensive,great,excellent,works,highly,grip,ginger,perfect,lemon,fantastic,love,let,micro,best,pressure,keeps,pleased,sauce,ze,tong,nice,call
others,investment,inexpensive,great,loves,excellent,works,highly,grip,ginger,perfect,lemon,fantastic,love,let,micro,best,pressure,keeps,pleased,sauce,ze,tong,nice,call
others,investment,inexpensive,great,loves,excellent,works,highly,grip,ginger,perfect,lemon,fantastic,love,let,micro,best,pressure,keeps,pleased,sauce,ze,tong,nice,call
others,investment,inexpensive,great,loves,excellent,works,highly,grip,ginger,perfect,lemon,fantastic,love,let,micro,best,pressure,keeps,pleased,sauce,ze,tong,nice,call
others,investment,inexpensive,great,loves,excellent,works,highly,grip,ginger,perfect,lemon,fantastic,love,let,micro,best,pressure,keeps,pleased,sauce,ze,tong,nice,call
others,investment,inexpensive,great,loves,excellent,works,highly,grip,ginger,perfect,lemon,fantastic,love,let,micro,best,pressure,keeps,pleased,sauce,ze,tong,nice,call
others,investment,inexpensive,great,loves,excellent,works,highly,grip,ginger,perfect,lemon,fantastic,love,let,micro,best,pressure,keeps,pleased,sauce,ze,tong,nice,call
others,investment,inexpensive,great,loves,excellent,works,highly,grip,ginger,perfect,lemon,fantastic,love,let,micro,best,pressure,keeps,pleased,sauce,ze,tong,nice,call
others,investment,inexpensive,great,loves,excellent,works,highly,grip,ginger,perfect,lemon,fantastic,love,let,micro,best,pressure,keeps,pleased,sauce,ze,tong,nice,call
others,investment,inexpensive,great,loves,excellent,works,highly,grip,ginger,perfect,lemon,fantastic,love,let,micro,best,pressure,keeps,pleased,sauce,ze,tong,nice,call
others,investment,inexpensive,great,loves,excellent,works,highly,grip,ginger,perfect,lemon,fantastic,love,let,micro,best,pressure,keeps,pleased,sauce,ze,tong,nice,call
others,investment,inexpensive,great,loves,excellent,works,highly,grip,ginger,perfect,lemon,fantastic,love,let,micro,best,pressure,keeps,pleased,sauce,ze,tong,nice,call
others,investment,inexpensive,great,loves,excellent,works,highly,grip,ginger,perfect,lemon,fantastic,love,let,micro,best,pressure,keeps,pleased,sauce,ze,tong,nice,call
others,investment,inexpensive,great,loves,excellent,works,highly,grip,ginger,perfect,lemon,fantastic,love,let,micro,best,pressure,keeps,pleased,sauce,ze,tong,nice,call
others,investment,inexpensive,great,loves,excellent,works,highly,grip,ginger,perfect,lemon,fantastic,love,let,micro,best,pressure,keeps,pleased,sauce,ze,tong,nice,call
others,investment,inexpensive,great,loves,excellent,works,highly,grip,ginger,perfect,lemon,fantastic,love,let,micro,best,pressure,keeps,pleased,sauce,ze,tong,nice,call
others,investment,inexpensive,great,loves,excellent,works,highly,grip,ginger,perfect,lemon,fantastic,love,let,micro,best,pressure,keeps,pleased,sauce,ze,tong,nice,call
others,investment,inexpensive,great,loves,excellent,works,highly,grip,ginger,perfect,lemon,fantastic,love,let,micro,best,pressure,keeps,pleased,sauce,ze,tong,nice,call
others,investment,inexpensive,great,loves,excellent,works,highly,grip,ginger,perfect,lemon,fantastic,love,let,micro,best,pressure,keeps,pleased,sauce,ze,tong,nice,call
others,investment,inexpensive,great,loves,excellent,works,highly,grip,ginger,perfect,lemon,fantastic,love,let,micro,best,pressure,keeps,pleased,sauce,ze,tong,nice,call
others,investment,inexpensive,great,loves,excellent,works,highly,grip,ginger,perfect,lemon,fantastic,love,let,micro,best,pressure,keeps,pleased,sauce,ze,tong,nice,call
others,investment,inexpensive,great,loves,excellent,works,highly,grip,ginger,perfect,lemon,fantastic,love,let,micro,best,pressure,keeps,pleased,sauce,ze,tong,nice,call
investment,inexpensive,great,loves,excellent,works,highly,grip,ginger,perfect,lemon,fantastic,love,let,micro,best,pressure,keeps,easy,pleased,sauce,ze,tong,nice,call
investment,inexpensive,great,loves,excellent,works,highly,grip,ginger,perfect,lemon,fantastic,love,let,micro,best,pressure,keeps,easy,pleased,sauce,ze,tong,nice,call
investment,inexpensive,great,loves,excellent,works,highly,grip,ginger,perfect,lemon,fantastic,love,let,micro,best,pressure,keeps,easy,pleased,sauce,ze,tong,nice,call
investment,inexpensive,great,loves,excellent,works,highly,ginger,perfect,lemon,fantastic,love,let,micro,best,perfectly,pressure,keeps,easy,pleased,sauce,ze,tong,nice,call
investment,inexpensive,great,loves,excellent,works,highly,ginger,perfect,lemon,fantastic,love,let,micro,best,perfectly,pressure,keeps,easy,pleased,sauce,ze,tong,nice,call
investment,inexpensive,great,loves,excellent,works,highly,ginger,perfect,lemon,fantastic,love,let,micro,best,perfectly,pressure,keeps,easy,pleased,sauce,ze,tong,nice,call
investment,inexpensive,great,loves,excellent,works,highly,ginger,perfect,lemon,fantastic,love,let,micro,best,perfectly,pressure,keeps,easy,pleased,sauce,ze,tong,nice,call
investment,inexpensive,great,loves,excellent,works,highly,ginger,perfect,lemon,fantastic,love,let,micro,best,perfectly,pressure,keeps,easy,pleased,sauce,ze,tong,nice,call
investment,inexpensive,great,loves,excellent,works,highly,ginger,perfect,lemon,fantastic,love,let,micro,best,perfectly,pressure,keeps,easy,pleased,sauce,ze,tong,nice,call
investment,inexpensive,great,loves,excellent,works,highly,ginger,perfect,lemon,fantastic,love,let,micro,best,perfectly,pressure,keeps,easy,pleased,sauce,ze,tong,nice,call
investment,inexpensive,great,loves,excellent,works,highly,ginger,perfect,lemon,fantastic,love,let,micro,best,perfectly,pressure,keeps,easy,pleased,sauce,ze,tong,nice,call
investment,inexpensive,great,loves,excellent,works,highly,ginger,perfect,lemon,fantastic,love,let,micro,best,perfectly,pressure,keeps,easy,pleased,sauce,ze,tong,nice,call
investment,inexpensive,great,loves,excellent,works,highly,ginger,perfect,lemon,fantastic,love,let,micro,best,perfectly,pressure,keeps,easy,pleased,sauce,ze,tong,nice,call
investment,inexpensive,great,loves,excellent,works,highly,ginger,perfect,lemon,fantastic,love,let,micro,best,perfectly,pressure,keeps,easy,pleased,sauce,ze,tong,nice,call
investment,inexpensive,great,loves,excellent,works,highly,ginger,perfect,lemon,fantastic,love,let,micro,best,perfectly,pressure,keeps,easy,pleased,sauce,ze,tong,nice,call
investment,inexpensive,great,loves,excellent,works,highly,ginger,perfect,lemon,fantastic,love,let,micro,best,perfectly,pressure,keeps,easy,pleased,sauce,ze,tong,nice,call
investment,inexpensive,great,loves,excellent,works,highly,ginger,perfect,lemon,fantastic,love,let,micro,best,perfectly,pressure,keeps,easy,pleased,sauce,ze,tong,nice,call
investment,inexpensive,great,loves,excellent,works,highly,ginger,perfect,lemon,fantastic,love,let,micro,best,perfectly,pressure,keeps,easy,pleased,sauce,ze,tong,nice,call
investment,inexpensive,great,loves,excellent,works,highly,ginger,perfect,lemon,fantastic,love,let,micro,best,perfectly,pressure,keeps,easy,pleased,sauce,ze,tong,nice,call
investment,inexpensive,great,loves,excellent,works,highly,ginger,perfect,lemon,fantastic,love,let,micro,best,perfectly,pressure,keeps,easy,pleased,sauce,ze,tong,nice,call
investment,inexpensive,great,loves,excellent,works,highly,ginger,perfect,lemon,fantastic,love,let,micro,best,perfectly,pressure,keeps,easy,pleased,sauce,ze,tong,nice,call
investment,inexpensive,great,loves,excellent,works,highly,ginger,perfect,lemon,fantastic,love,let,micro,best,perfectly,pressure,keeps,easy,pleased,sauce,ze,tong,nice,call
investment,inexpensive,great,loves,excellent,works,highly,ginger,perfect,lemon,fantastic,love,let,micro,best,perfectly,pressure,keeps,easy,pleased,sauce,ze,tong,nice,call
investment,inexpensive,great,loves,excellent,works,highly,ginger,perfect,lemon,fantastic,love,let,micro,best,perfectly,pressure,keeps,easy,pleased,sauce,ze,tong,nice,call
investment,inexpensive,great,loves,excellent,works,highly,ginger,perfect,lemon,fantastic,love,let,micro,best,perfectly,pressure,keeps,easy,pleased,sauce,ze,tong,nice,call
investment,inexpensive,great,loves,excellent,works,highly,ginger,perfect,lemon,fantastic,love,let,micro,best,perfectly,pressure,keeps,easy,pleased,sauce,ze,tong,nice,call
investment,inexpensive,great,loves,excellent,works,highly,ginger,perfect,lemon,fantastic,love,let,micro,best,perfectly,pressure,keeps,easy,pleased,sauce,ze,tong,nice,call
investment,inexpensive,great,loves,excellent,works,highly,ginger,perfect,lemon,fantastic,love,let,micro,best,perfectly,pressure,keeps,easy,pleased,sauce,ze,tong,nice,call
investment,inexpensive,great,loves,excellent,works,highly,ginger,perfect,lemon,fantastic,love,let,micro,best,perfectly,pressure,keeps,easy,pleased,sauce,ze,tong,nice,call
investment,inexpensive,great,loves,excellent,works,highly,ginger,perfect,lemon,fantastic,love,let,micro,best,perfectly,pressure,keeps,easy,pleased,sauce,ze,tong,nice,call
investment,inexpensive,great,loves,excellent,works,highly,ginger,perfect,lemon,fantastic,love,let,micro,best,perfectly,pressure,keeps,easy,pleased,sauce,ze,tong,nice,call
investment,inexpensive,great,loves,excellent,works,highly,ginger,perfect,lemon,fantastic,love,let,micro,best,perfectly,pressure,keeps,easy,pleased,sauce,ze,tong,nice,call
investment,inexpensive,great,loves,excellent,works,highly,ginger,perfect,lemon,fantastic,love,let,micro,best,perfectly,pressure,keeps,easy,pleased,sauce,ze,tong,nice,call
investment,inexpensive,great,loves,excellent,works,highly,ginger,perfect,lemon,fantastic,love,let,micro,best,perfectly,pressure,keeps,easy,pleased,sauce,ze,tong,nice,call
investment,inexpensive,great,loves,excellent,works,highly,ginger,perfect,lemon,fantastic,love,let,micro,best,perfectly,pressure,keeps,easy,pleased,sauce,ze,tong,nice,call
investment,inexpensive,great,loves,excellent,works,highly,ginger,perfect,lemon,fantastic,love,let,micro,best,perfectly,pressure,keeps,easy,pleased,sauce,ze,tong,nice,call
investment,inexpensive,great,loves,excellent,works,highly,ginger,perfect,lemon,fantastic,love,let,micro,best,perfectly,pressure,keeps,easy,pleased,sauce,ze,tong,nice,call
investment,inexpensive,great,loves,excellent,works,highly,ginger,perfect,lemon,fantastic,love,let,micro,best,perfectly,pressure,keeps,easy,pleased,sauce,ze,tong,nice,call
investment,inexpensive,great,loves,excellent,works,highly,ginger,perfect,lemon,fantastic,love,let,micro,best,perfectly,pressure,keeps,easy,pleased,sauce,ze,tong,nice,call
investment,inexpensive,great,loves,excellent,works,highly,ginger,perfect,lemon,fantastic,love,let,micro,best,perfectly,pressure,keeps,easy,pleased,sauce,ze,tong,nice,call
investment,inexpensive,great,loves,excellent,works,highly,ginger,perfect,lemon,fantastic,love,let,micro,best,perfectly,pressure,keeps,easy,pleased,sauce,ze,tong,nice,call
investment,inexpensive,great,loves,excellent,works,highly,ginger,perfect,lemon,fantastic,love,let,micro,best,perfectly,pressure,keeps,easy,pleased,sauce,ze,tong,nice,call
investment,inexpensive,great,loves,excellent,works,highly,ginger,perfect,lemon,fantastic,love,let,micro,best,perfectly,pressure,keeps,easy,pleased,sauce,ze,tong,nice,call
investment,inexpensive,great,loves,excellent,works,highly,ginger,perfect,lemon,fantastic,love,let,micro,best,perfectly,pressure,keeps,easy,pleased,sauce,ze,tong,nice,call
investment,inexpensive,great,loves,excellent,works,highly,ginger,perfect,lemon,fantastic,love,let,micro,best,perfectly,pressure,keeps,easy,pleased,sauce,ze,tong,nice,call
investment,inexpensive,great,loves,excellent,works,highly,ginger,perfect,lemon,fantastic,love,let,micro,best,perfectly,pressure,keeps,easy,pleased,sauce,ze,tong,nice,call
investment,inexpensive,great,loves,excellent,works,highly,ginger,perfect,lemon,fantastic,love,let,micro,best,perfectly,pressure,keeps,easy,pleased,sauce,ze,tong,nice,call
inexpensive,great,loves,excellent,works,highly,ginger,perfect,lemon,fantastic,love,let,micro,best,perfectly,pressure,keeps,easy,pleased,sauce,ze,tong,nice,fan,call
inexpensive,great,loves,excellent,works,highly,ginger,perfect,lemon,fantastic,love,let,micro,best,perfectly,pressure,keeps,easy,pleased,sauce,ze,tong,nice,fan,call
inexpensive,great,loves,excellent,works,highly,ginger,perfect,lemon,fantastic,love,let,micro,best,perfectly,pressure,keeps,easy,pleased,sauce,ze,tong,nice,fan,call
inexpensive,great,loves,excellent,works,highly,ginger,perfect,lemon,fantastic,love,let,micro,best,perfectly,pressure,keeps,easy,pleased,sauce,ze,tong,nice,fan,call
inexpensive,great,loves,excellent,works,highly,ginger,perfect,lemon,fantastic,love,let,micro,best,perfectly,pressure,keeps,easy,pleased,sauce,ze,tong,nice,fan,call
inexpensive,great,loves,excellent,works,highly,ginger,perfect,lemon,fantastic,love,let,micro,best,perfectly,pressure,keeps,easy,pleased,sauce,ze,tong,nice,fan,call
inexpensive,great,loves,excellent,works,highly,ginger,perfect,lemon,fantastic,love,let,micro,best,perfectly,pressure,keeps,easy,pleased,sauce,ze,tong,nice,fan,call
inexpensive,great,loves,excellent,works,highly,ginger,perfect,lemon,fantastic,love,let,micro,best,perfectly,pressure,keeps,easy,pleased,sauce,ze,tong,nice,fan,call
inexpensive,great,loves,excellent,works,highly,ginger,perfect,lemon,fantastic,love,let,micro,best,perfectly,pressure,keeps,easy,pleased,sauce,ze,tong,nice,fan,call
inexpensive,great,loves,excellent,works,highly,ginger,perfect,lemon,fantastic,love,let,micro,best,perfectly,pressure,keeps,easy,pleased,sauce,ze,tong,nice,fan,call
inexpensive,great,loves,excellent,works,highly,ginger,perfect,lemon,fantastic,love,let,micro,best,perfectly,pressure,keeps,easy,pleased,sauce,ze,tong,nice,fan,call
inexpensive,great,loves,excellent,works,highly,ginger,perfect,lemon,fantastic,love,let,micro,best,perfectly,pressure,keeps,easy,pleased,sauce,ze,tong,nice,fan,call
inexpensive,great,loves,excellent,works,highly,ginger,perfect,lemon,fantastic,love,let,micro,best,perfectly,pressure,keeps,easy,pleased,sauce,ze,tong,nice,fan,call
inexpensive,great,loves,excellent,works,highly,ginger,perfect,lemon,fantastic,love,let,micro,best,perfectly,pressure,keeps,easy,pleased,sauce,ze,tong,nice,fan,call
inexpensive,great,loves,excellent,works,highly,ginger,perfect,lemon,fantastic,love,let,micro,best,perfectly,pressure,keeps,easy,pleased,sauce,ze,tong,nice,fan,call
inexpensive,great,loves,excellent,works,highly,ginger,perfect,lemon,fantastic,love,let,micro,best,perfectly,pressure,keeps,easy,pleased,sauce,ze,tong,nice,fan,call
inexpensive,great,loves,excellent,works,highly,ginger,perfect,lemon,fantastic,love,let,micro,best,perfectly,pressure,keeps,easy,pleased,sauce,ze,tong,nice,fan,call
inexpensive,great,loves,excellent,works,highly,ginger,perfect,lemon,fantastic,love,let,micro,best,perfectly,pressure,keeps,easy,pleased,sauce,ze,tong,nice,fan,call
great,loves,excellent,works,highly,ginger,perfect,lemon,br,fantastic,love,let,micro,best,perfectly,pressure,keeps,easy,pleased,sauce,ze,tong,nice,fan,call
great,loves,excellent,works,highly,ginger,perfect,lemon,br,fantastic,love,let,micro,best,perfectly,pressure,keeps,easy,pleased,sauce,ze,tong,nice,fan,call
great,loves,excellent,works,highly,ginger,perfect,lemon,br,fantastic,love,let,micro,best,perfectly,pressure,keeps,easy,pleased,sauce,ze,tong,nice,fan,call
great,loves,excellent,works,highly,ginger,perfect,lemon,br,fantastic,love,let,micro,best,perfectly,pressure,keeps,easy,pleased,sauce,ze,tong,nice,fan,call
great,loves,excellent,works,highly,ginger,perfect,lemon,br,fantastic,love,let,micro,best,perfectly,pressure,keeps,easy,pleased,sauce,ze,tong,nice,fan,call
great,loves,excellent,duty,works,highly,ginger,perfect,lemon,br,love,let,micro,best,perfectly,pressure,keeps,easy,pleased,sauce,ze,tong,nice,fan,call
great,loves,excellent,duty,works,highly,ginger,perfect,lemon,br,love,let,micro,best,perfectly,pressure,keeps,easy,pleased,sauce,ze,tong,nice,fan,call
great,loves,excellent,duty,works,highly,ginger,perfect,lemon,br,love,let,micro,best,perfectly,pressure,keeps,easy,pleased,sauce,ze,tong,nice,fan,call
great,loves,excellent,duty,works,highly,ginger,perfect,lemon,br,love,let,micro,best,perfectly,pressure,keeps,easy,pleased,sauce,ze,tong,nice,fan,call
great,loves,excellent,duty,works,highly,ginger,perfect,lemon,br,love,let,micro,best,perfectly,pressure,keeps,easy,pleased,sauce,ze,tong,nice,fan,call
great,loves,excellent,duty,works,highly,ginger,perfect,lemon,br,love,let,micro,best,perfectly,pressure,keeps,easy,pleased,sauce,ze,tong,nice,fan,call
great,loves,excellent,duty,works,highly,ginger,perfect,lemon,br,love,let,micro,best,perfectly,pressure,keeps,easy,pleased,sauce,ze,tong,nice,fan,call
great,loves,excellent,duty,works,highly,ginger,perfect,lemon,br,love,let,micro,best,perfectly,pressure,keeps,easy,pleased,sauce,ze,tong,nice,fan,call
great,loves,excellent,duty,works,highly,ginger,perfect,lemon,br,love,let,micro,best,perfectly,pressure,keeps,easy,pleased,sauce,ze,tong,nice,fan,call
great,loves,excellent,duty,works,highly,ginger,perfect,lemon,br,love,let,micro,best,perfectly,pressure,keeps,easy,pleased,sauce,ze,tong,nice,fan,call
great,loves,excellent,duty,works,highly,ginger,perfect,lemon,br,love,let,micro,best,perfectly,pressure,keeps,easy,pleased,sauce,ze,tong,nice,fan,call
great,loves,excellent,duty,works,highly,ginger,perfect,lemon,br,love,let,micro,best,perfectly,pressure,keeps,easy,pleased,sauce,ze,tong,nice,fan,call
great,loves,excellent,duty,works,highly,ginger,perfect,lemon,br,love,let,micro,best,perfectly,pressure,keeps,easy,pleased,sauce,ze,tong,nice,fan,call
great,loves,excellent,duty,works,highly,ginger,perfect,lemon,br,love,let,micro,best,perfectly,pressure,keeps,easy,pleased,sauce,ze,tong,nice,fan,call
great,loves,excellent,duty,works,highly,ginger,perfect,lemon,br,love,let,micro,best,perfectly,pressure,keeps,easy,pleased,sauce,ze,tong,nice,fan,call
great,loves,excellent,duty,works,highly,ginger,perfect,lemon,br,love,let,micro,best,perfectly,pressure,keeps,easy,pleased,sauce,ze,tong,nice,fan,call
great,loves,excellent,duty,works,highly,ginger,perfect,lemon,br,love,let,micro,best,perfectly,pressure,keeps,easy,pleased,sauce,ze,tong,nice,fan,call
great,loves,excellent,duty,works,highly,ginger,perfect,lemon,br,love,let,micro,best,perfectly,pressure,keeps,easy,pleased,sauce,ze,tong,nice,fan,call
great,loves,excellent,duty,works,highly,ginger,perfect,lemon,br,love,let,micro,best,perfectly,pressure,keeps,easy,pleased,sauce,ze,tong,nice,fan,call
great,loves,excellent,duty,works,highly,ginger,perfect,lemon,br,love,let,micro,best,perfectly,pressure,keeps,easy,pleased,sauce,ze,tong,nice,fan,call
great,loves,excellent,duty,works,highly,ginger,perfect,lemon,br,love,let,micro,best,perfectly,pressure,keeps,easy,pleased,sauce,ze,tong,nice,fan,call
great,loves,excellent,duty,works,highly,ginger,perfect,lemon,br,love,let,micro,best,perfectly,pressure,keeps,easy,pleased,sauce,ze,tong,nice,fan,call
great,loves,excellent,duty,works,highly,ginger,perfect,lemon,br,love,let,micro,best,perfectly,pressure,keeps,easy,pleased,sauce,ze,tong,nice,fan,call
great,loves,excellent,duty,works,highly,ginger,perfect,lemon,br,love,let,micro,best,perfectly,pressure,keeps,easy,pleased,sauce,ze,tong,nice,fan,call
great,loves,excellent,duty,works,highly,ginger,perfect,lemon,br,love,let,micro,best,perfectly,pressure,keeps,easy,pleased,sauce,ze,tong,nice,fan,call
great,loves,excellent,duty,works,highly,ginger,perfect,lemon,br,love,let,micro,best,perfectly,pressure,keeps,easy,pleased,sauce,ze,tong,nice,fan,call
great,loves,excellent,duty,works,highly,ginger,perfect,lemon,br,love,let,micro,best,perfectly,pressure,keeps,easy,pleased,sauce,ze,tong,nice,fan,call
great,loves,excellent,duty,works,highly,ginger,perfect,lemon,br,love,let,micro,best,perfectly,pressure,keeps,easy,pleased,sauce,ze,tong,nice,fan,call
great,loves,excellent,duty,works,highly,ginger,perfect,lemon,br,love,let,micro,best,perfectly,pressure,keeps,easy,pleased,sauce,ze,tong,nice,fan,call
great,loves,excellent,duty,works,highly,ginger,perfect,lemon,br,love,let,micro,best,perfectly,pressure,keeps,easy,pleased,sauce,ze,tong,nice,fan,call
great,loves,excellent,duty,works,highly,ginger,perfect,lemon,br,love,let,micro,best,perfectly,pressure,keeps,easy,pleased,sauce,ze,tong,nice,fan,call
great,loves,excellent,duty,works,highly,ginger,perfect,lemon,br,love,let,micro,best,perfectly,pressure,keeps,easy,pleased,sauce,ze,tong,nice,fan,call
great,loves,excellent,duty,works,highly,ginger,perfect,lemon,br,love,let,micro,best,perfectly,pressure,keeps,easy,pleased,sauce,ze,tong,nice,fan,call
great,loves,excellent,large,works,highly,ginger,perfect,lemon,br,love,let,micro,best,perfectly,pressure,keeps,easy,pleased,sauce,ze,tong,nice,fan,call
great,loves,excellent,large,works,highly,ginger,perfect,lemon,br,love,let,micro,best,perfectly,pressure,keeps,easy,pleased,sauce,ze,tong,nice,fan,call
great,loves,excellent,large,works,highly,ginger,perfect,lemon,br,love,let,micro,best,perfectly,pressure,keeps,easy,pleased,sauce,ze,tong,nice,fan,call
great,loves,excellent,large,works,highly,ginger,perfect,lemon,br,love,let,micro,best,perfectly,pressure,keeps,easy,pleased,sauce,ze,tong,nice,fan,call
great,loves,excellent,large,works,highly,ginger,perfect,lemon,br,love,let,micro,best,perfectly,pressure,keeps,easy,pleased,sauce,ze,tong,nice,fan,call
great,loves,excellent,large,works,highly,ginger,perfect,lemon,br,love,let,micro,best,perfectly,pressure,keeps,easy,pleased,sauce,ze,tong,nice,fan,call
great,loves,excellent,large,works,highly,ginger,perfect,lemon,br,love,let,micro,best,perfectly,pressure,keeps,easy,pleased,sauce,ze,tong,nice,fan,call
great,loves,excellent,large,works,highly,ginger,perfect,lemon,br,love,let,micro,best,perfectly,pressure,keeps,easy,pleased,sauce,ze,tong,nice,fan,call
great,loves,excellent,large,works,highly,ginger,perfect,lemon,br,love,let,micro,best,perfectly,pressure,keeps,easy,pleased,sauce,ze,tong,nice,fan,call
great,loves,excellent,large,works,highly,ginger,perfect,lemon,br,love,let,micro,best,perfectly,pressure,keeps,easy,pleased,sauce,ze,tong,nice,fan,call
great,loves,excellent,large,works,highly,ginger,perfect,lemon,br,love,let,micro,best,perfectly,pressure,keeps,easy,pleased,sauce,ze,tong,nice,fan,call
great,loves,excellent,large,works,highly,ginger,perfect,lemon,br,love,let,micro,best,perfectly,pressure,keeps,easy,pleased,sauce,ze,tong,nice,fan,call
great,loves,excellent,large,works,highly,ginger,perfect,lemon,br,love,let,micro,best,perfectly,pressure,keeps,easy,pleased,sauce,ze,tong,nice,fan,call
great,loves,excellent,large,works,highly,ginger,perfect,lemon,br,love,let,micro,best,perfectly,pressure,keeps,easy,pleased,sauce,ze,tong,nice,fan,call
great,loves,excellent,large,works,highly,ginger,perfect,lemon,br,love,let,micro,best,perfectly,pressure,keeps,easy,pleased,sauce,ze,tong,nice,fan,call
great,loves,excellent,large,works,highly,ginger,perfect,lemon,br,love,let,micro,best,perfectly,pressure,keeps,easy,pleased,sauce,ze,tong,nice,fan,call
great,loves,excellent,large,works,highly,ginger,perfect,lemon,br,love,let,micro,best,perfectly,pressure,keeps,easy,pleased,sauce,ze,tong,nice,fan,call
great,loves,excellent,large,works,highly,ginger,perfect,lemon,br,love,let,micro,best,perfectly,pressure,keeps,easy,pleased,sauce,ze,tong,nice,fan,call
great,loves,excellent,large,works,highly,ginger,perfect,lemon,br,love,let,micro,best,perfectly,pressure,keeps,easy,pleased,sauce,ze,tong,nice,fan,call
great,loves,excellent,large,works,highly,ginger,perfect,lemon,br,love,let,micro,best,perfectly,pressure,keeps,easy,pleased,sauce,ze,tong,nice,fan,call
great,loves,excellent,large,works,highly,ginger,perfect,lemon,br,love,let,micro,best,perfectly,pressure,keeps,easy,pleased,sauce,ze,tong,nice,fan,call
great,loves,excellent,large,works,highly,ginger,perfect,lemon,br,love,let,micro,best,perfectly,pressure,keeps,easy,pleased,sauce,ze,tong,nice,fan,call
great,loves,excellent,large,works,highly,ginger,perfect,lemon,br,love,let,micro,best,perfectly,pressure,keeps,easy,pleased,sauce,ze,tong,nice,fan,call
great,loves,excellent,large,works,highly,ginger,perfect,lemon,br,love,let,micro,best,perfectly,pressure,keeps,easy,pleased,sauce,ze,tong,nice,fan,call
great,loves,excellent,large,works,highly,ginger,perfect,lemon,br,love,let,micro,best,perfectly,pressure,keeps,easy,pleased,sauce,ze,tong,nice,fan,call
great,loves,excellent,large,works,highly,ginger,perfect,lemon,br,love,let,micro,best,perfectly,pressure,keeps,easy,pleased,sauce,ze,tong,nice,fan,call
great,loves,excellent,large,works,highly,ever,perfect,lemon,br,love,let,micro,best,perfectly,pressure,keeps,easy,pleased,sauce,ze,tong,nice,fan,call
great,loves,excellent,large,works,highly,ever,perfect,lemon,br,love,let,micro,best,perfectly,pressure,keeps,easy,pleased,sauce,ze,tong,nice,fan,call
great,loves,excellent,large,works,highly,ever,perfect,lemon,br,love,let,micro,best,perfectly,pressure,keeps,easy,pleased,sauce,ze,tong,nice,fan,call
great,loves,excellent,large,works,highly,ever,perfect,lemon,br,love,let,micro,best,perfectly,pressure,keeps,easy,pleased,sauce,ze,tong,nice,fan,call
great,loves,excellent,large,works,highly,ever,perfect,lemon,br,love,let,micro,best,perfectly,pressure,keeps,easy,pleased,sauce,ze,tong,nice,fan,call
great,loves,excellent,large,works,highly,ever,perfect,lemon,br,love,let,micro,best,perfectly,pressure,keeps,easy,pleased,sauce,ze,tong,nice,fan,call
great,loves,excellent,large,works,highly,ever,perfect,lemon,br,love,let,micro,best,perfectly,pressure,keeps,easy,pleased,sauce,ze,tong,nice,fan,call
great,loves,excellent,large,works,highly,ever,perfect,lemon,br,love,let,micro,best,perfectly,pressure,keeps,easy,pleased,sauce,ze,tong,nice,fan,call
great,loves,excellent,large,works,highly,ever,perfect,lemon,br,love,let,micro,best,perfectly,pressure,keeps,easy,pleased,sauce,ze,tong,nice,fan,call
great,loves,excellent,large,works,highly,ever,perfect,lemon,br,love,let,micro,best,perfectly,pressure,keeps,easy,pleased,sauce,ze,tong,nice,fan,call
great,loves,excellent,large,works,highly,ever,perfect,lemon,br,love,let,micro,best,perfectly,pressure,keeps,easy,pleased,sauce,ze,tong,nice,fan,call
great,loves,excellent,large,works,highly,ever,perfect,lemon,br,love,let,micro,best,perfectly,pressure,keeps,easy,pleased,sauce,ze,tong,nice,fan,call
great,loves,excellent,large,works,highly,ever,perfect,lemon,br,love,let,micro,best,perfectly,pressure,keeps,easy,pleased,sauce,ze,tong,nice,fan,call
great,loves,excellent,large,works,highly,ever,perfect,lemon,br,love,let,micro,best,perfectly,pressure,keeps,easy,pleased,sauce,ze,tong,nice,fan,call
great,loves,excellent,large,works,highly,ever,perfect,lemon,br,love,let,micro,best,perfectly,pressure,keeps,easy,pleased,sauce,ze,tong,nice,fan,call
great,loves,excellent,large,works,highly,ever,perfect,lemon,br,love,let,micro,best,perfectly,pressure,keeps,easy,pleased,sauce,ze,tong,nice,fan,call
great,loves,excellent,large,works,highly,potatoes,ever,perfect,lemon,love,let,micro,best,perfectly,pressure,keeps,easy,pleased,sauce,ze,tong,nice,fan,call
great,loves,excellent,large,works,highly,potatoes,ever,perfect,lemon,love,let,micro,best,perfectly,pressure,keeps,easy,pleased,sauce,ze,tong,nice,fan,call
great,loves,excellent,large,works,highly,potatoes,ever,perfect,lemon,love,let,micro,best,perfectly,pressure,keeps,easy,pleased,sauce,ze,tong,nice,fan,call
great,loves,excellent,large,works,highly,potatoes,ever,perfect,lemon,love,let,micro,best,perfectly,pressure,keeps,easy,pleased,sauce,ze,tong,nice,fan,call
great,loves,excellent,large,works,highly,potatoes,ever,perfect,lemon,love,let,micro,best,perfectly,pressure,keeps,easy,pleased,sauce,ze,tong,nice,fan,call
great,loves,excellent,large,works,highly,potatoes,ever,perfect,lemon,love,let,micro,best,perfectly,pressure,keeps,easy,pleased,sauce,ze,tong,nice,fan,call
great,loves,excellent,large,works,highly,potatoes,ever,perfect,lemon,love,let,micro,best,perfectly,pressure,keeps,easy,pleased,sauce,ze,tong,nice,fan,call
great,loves,excellent,large,works,highly,potatoes,ever,perfect,lemon,love,let,micro,best,perfectly,pressure,keeps,easy,pleased,sauce,ze,tong,nice,fan,call
great,loves,excellent,large,works,highly,potatoes,ever,perfect,lemon,love,let,micro,best,perfectly,pressure,keeps,easy,pleased,sauce,ze,tong,nice,fan,call
great,loves,excellent,large,works,highly,potatoes,ever,perfect,lemon,love,let,micro,best,perfectly,pressure,keeps,easy,pleased,sauce,ze,tong,nice,fan,call
great,loves,excellent,large,works,highly,potatoes,ever,perfect,lemon,love,let,micro,best,perfectly,salad,keeps,easy,pleased,sauce,ze,tong,nice,fan,call
great,loves,excellent,large,works,highly,potatoes,ever,perfect,lemon,love,let,micro,best,perfectly,salad,keeps,easy,pleased,sauce,ze,tong,nice,fan,call
great,loves,excellent,large,works,highly,potatoes,ever,perfect,lemon,love,let,micro,best,perfectly,salad,keeps,easy,pleased,sauce,ze,tong,nice,fan,call
great,loves,excellent,large,works,highly,potatoes,ever,perfect,lemon,love,let,micro,best,perfectly,salad,keeps,easy,pleased,sauce,ze,tong,nice,fan,call
great,loves,excellent,large,works,highly,potatoes,ever,perfect,lemon,love,let,micro,best,perfectly,salad,keeps,easy,pleased,sauce,ze,tong,nice,fan,call
great,loves,excellent,large,works,highly,potatoes,ever,perfect,lemon,love,let,micro,best,perfectly,salad,keeps,easy,pleased,sauce,ze,tong,nice,fan,call
great,loves,excellent,large,works,highly,potatoes,ever,perfect,lemon,love,let,micro,best,perfectly,salad,keeps,easy,pleased,sauce,ze,tong,nice,fan,call
great,loves,excellent,large,works,highly,potatoes,ever,perfect,lemon,love,let,micro,best,perfectly,salad,keeps,easy,pleased,sauce,ze,tong,nice,fan,call
great,loves,excellent,large,works,highly,potatoes,ever,perfect,lemon,love,let,micro,best,perfectly,salad,keeps,easy,pleased,sauce,ze,tong,nice,fan,call
great,loves,excellent,large,works,highly,potatoes,ever,perfect,lemon,love,let,micro,best,perfectly,salad,keeps,easy,pleased,sauce,ze,tong,nice,fan,call
great,loves,excellent,large,works,highly,potatoes,ever,perfect,lemon,love,let,micro,best,perfectly,salad,keeps,easy,pleased,sauce,ze,tong,nice,fan,call
great,loves,excellent,large,works,highly,potatoes,ever,perfect,lemon,love,let,micro,best,perfectly,salad,keeps,easy,pleased,sauce,ze,tong,nice,fan,call
great,loves,excellent,large,works,highly,potatoes,ever,perfect,lemon,love,let,micro,best,perfectly,salad,keeps,easy,pleased,sauce,ze,tong,nice,fan,call
great,loves,excellent,large,works,highly,potatoes,ever,perfect,lemon,love,let,micro,best,perfectly,salad,keeps,easy,pleased,ze,day,tong,nice,fan,call
great,loves,excellent,large,works,highly,potatoes,ever,perfect,lemon,love,let,micro,best,perfectly,salad,keeps,easy,pleased,ze,day,tong,nice,fan,call
great,loves,excellent,large,works,highly,potatoes,ever,perfect,lemon,love,let,micro,best,perfectly,salad,keeps,easy,pleased,ze,day,tong,nice,fan,call
great,loves,excellent,large,works,highly,potatoes,ever,perfect,lemon,love,let,micro,best,perfectly,salad,keeps,easy,pleased,ze,day,tong,nice,fan,call
great,loves,excellent,large,works,highly,potatoes,ever,perfect,lemon,love,let,micro,best,perfectly,salad,keeps,easy,pleased,ze,day,tong,nice,fan,call
great,loves,excellent,large,works,highly,potatoes,ever,perfect,lemon,love,let,micro,best,perfectly,salad,keeps,easy,pleased,ze,day,tong,nice,fan,call
great,loves,excellent,large,works,highly,potatoes,ever,perfect,lemon,love,let,micro,best,perfectly,salad,keeps,easy,pleased,ze,day,tong,nice,fan,call
great,loves,excellent,large,works,highly,potatoes,ever,perfect,lemon,love,let,micro,best,perfectly,salad,keeps,easy,pleased,ze,day,tong,nice,fan,call
great,loves,excellent,large,works,highly,potatoes,ever,perfect,lemon,love,let,micro,best,perfectly,salad,keeps,easy,pleased,ze,day,tong,nice,fan,call
great,loves,excellent,large,highly,potatoes,ever,perfect,lemon,love,let,micro,best,perfectly,salad,keeps,easy,pleased,ze,day,tong,nice,mas,fan,call
great,loves,excellent,large,highly,potatoes,ever,perfect,lemon,love,let,micro,best,perfectly,salad,keeps,easy,pleased,ze,day,tong,nice,mas,fan,call
great,loves,excellent,large,highly,potatoes,ever,perfect,lemon,love,let,micro,best,perfectly,salad,keeps,easy,pleased,ze,day,tong,nice,mas,fan,call
great,loves,excellent,large,highly,potatoes,ever,perfect,lemon,love,let,micro,best,perfectly,salad,keeps,easy,pleased,ze,day,tong,nice,mas,fan,call
cooke,great,loves,excellent,large,highly,potatoes,ever,perfect,lemon,love,let,micro,best,perfectly,salad,keeps,easy,pleased,ze,day,nice,mas,fan,call
cooke,great,loves,excellent,large,highly,potatoes,ever,perfect,lemon,love,let,micro,best,perfectly,salad,keeps,easy,pleased,ze,day,nice,mas,fan,call
cooke,great,loves,excellent,large,highly,potatoes,ever,perfect,lemon,love,let,micro,best,perfectly,salad,keeps,easy,pleased,ze,day,nice,mas,fan,call
cooke,great,loves,excellent,large,highly,potatoes,ever,perfect,lemon,love,let,micro,best,perfectly,salad,keeps,easy,pleased,ze,day,nice,mas,fan,call
cooke,great,loves,excellent,large,highly,potatoes,ever,perfect,lemon,love,let,micro,best,perfectly,salad,keeps,easy,pleased,ze,day,nice,mas,fan,call
cooke,great,loves,excellent,large,highly,potatoes,ever,perfect,lemon,love,let,micro,best,perfectly,salad,keeps,easy,pleased,ze,day,nice,mas,fan,call
cooke,great,loves,excellent,large,highly,potatoes,ever,perfect,lemon,love,let,micro,best,perfectly,salad,keeps,easy,pleased,ze,day,nice,mas,fan,call
cooke,great,loves,excellent,large,highly,potatoes,ever,perfect,lemon,love,let,micro,best,perfectly,salad,keeps,easy,pleased,ze,day,nice,mas,fan,call
cooke,great,loves,excellent,large,highly,potatoes,ever,perfect,lemon,love,let,micro,best,perfectly,salad,keeps,easy,pleased,ze,day,nice,mas,fan,call
cooke,great,loves,excellent,large,highly,potatoes,ever,perfect,lemon,love,let,micro,best,perfectly,salad,keeps,easy,pleased,ze,day,nice,mas,fan,call
cooke,great,loves,excellent,large,highly,potatoes,ever,perfect,lemon,love,let,micro,best,perfectly,salad,keeps,easy,pleased,ze,day,nice,mas,fan,call
cooke,great,loves,excellent,large,highly,potatoes,ever,perfect,lemon,love,let,micro,best,perfectly,salad,keeps,easy,pleased,ze,day,nice,mas,fan,call
cooke,great,loves,excellent,large,highly,potatoes,ever,perfect,lemon,love,let,micro,best,perfectly,salad,keeps,easy,pleased,ze,day,nice,mas,fan,call
cooke,great,loves,excellent,large,highly,potatoes,ever,perfect,lemon,love,let,micro,best,perfectly,salad,keeps,easy,pleased,ze,day,nice,mas,fan,call
cooke,great,loves,excellent,large,highly,potatoes,ever,perfect,lemon,love,let,micro,best,perfectly,salad,keeps,easy,pleased,ze,day,nice,mas,fan,call
cooke,great,loves,excellent,large,highly,potatoes,ever,perfect,lemon,love,let,micro,best,perfectly,salad,keeps,easy,pleased,ze,day,nice,mas,fan,call
cooke,great,loves,excellent,large,highly,potatoes,ever,perfect,lemon,love,let,micro,best,perfectly,salad,keeps,easy,pleased,ze,day,nice,mas,fan,call
cooke,great,loves,excellent,large,highly,potatoes,ever,perfect,lemon,love,let,micro,best,perfectly,salad,keeps,easy,pleased,ze,day,nice,mas,fan,call
cooke,great,loves,excellent,large,highly,potatoes,ever,perfect,lemon,love,let,micro,happy,best,perfectly,salad,keeps,easy,pleased,ze,day,nice,mas,fan
cooke,great,loves,excellent,large,highly,potatoes,ever,perfect,lemon,love,let,micro,happy,best,perfectly,salad,keeps,easy,pleased,ze,day,nice,mas,fan
cooke,great,loves,excellent,large,highly,potatoes,ever,perfect,lemon,love,let,micro,happy,best,perfectly,salad,keeps,easy,pleased,ze,day,nice,mas,fan
cooke,great,loves,excellent,large,highly,potatoes,ever,perfect,lemon,love,let,micro,happy,best,perfectly,salad,keeps,easy,pleased,ze,day,nice,mas,fan
cooke,great,loves,excellent,large,highly,potatoes,ever,perfect,lemon,love,let,micro,happy,best,perfectly,salad,keeps,easy,pleased,ze,day,nice,mas,fan
cooke,great,loves,excellent,large,highly,potatoes,ever,perfect,lemon,love,let,micro,happy,best,perfectly,salad,keeps,easy,pleased,ze,day,nice,mas,fan
cooke,great,loves,excellent,large,highly,potatoes,ever,perfect,lemon,love,let,micro,happy,best,perfectly,salad,keeps,easy,pleased,ze,day,nice,mas,fan
cooke,great,loves,excellent,large,highly,potatoes,ever,perfect,lemon,love,let,micro,happy,best,perfectly,salad,keeps,easy,pleased,ze,day,nice,mas,fan
cooke,great,loves,excellent,highly,potatoes,ever,perfect,lemon,love,let,micro,happy,best,perfectly,salad,keeps,easy,pleased,ze,day,hot,nice,mas,fan
cooke,great,loves,excellent,highly,potatoes,ever,perfect,lemon,love,let,micro,happy,best,perfectly,salad,keeps,easy,pleased,ze,day,hot,nice,mas,fan
cooke,great,loves,excellent,highly,potatoes,ever,perfect,lemon,love,let,micro,happy,best,perfectly,salad,keeps,easy,pleased,ze,day,hot,nice,mas,fan
cooke,great,loves,excellent,highly,potatoes,ever,perfect,lemon,love,let,micro,happy,best,perfectly,salad,keeps,easy,pleased,ze,day,hot,nice,mas,fan
cooke,great,loves,excellent,highly,potatoes,ever,perfect,lemon,love,let,micro,happy,best,perfectly,salad,keeps,easy,pleased,ze,day,hot,nice,mas,fan
cooke,great,loves,excellent,highly,potatoes,ever,perfect,lemon,love,let,micro,happy,best,perfectly,salad,keeps,easy,pleased,ze,day,hot,nice,mas,fan
cooke,great,loves,excellent,highly,potatoes,ever,perfect,lemon,love,let,micro,happy,best,perfectly,salad,keeps,easy,pleased,ze,day,hot,nice,mas,fan
cooke,great,loves,excellent,highly,potatoes,ever,perfect,lemon,love,let,micro,happy,best,perfectly,salad,keeps,easy,pleased,ze,day,hot,nice,mas,fan
cooke,great,loves,excellent,highly,potatoes,ever,perfect,lemon,love,let,micro,happy,best,perfectly,salad,keeps,easy,pleased,ze,day,hot,nice,mas,fan
cooke,great,loves,excellent,highly,potatoes,ever,perfect,lemon,love,let,micro,happy,best,perfectly,salad,keeps,easy,pleased,ze,day,hot,nice,mas,fan
cooke,great,loves,excellent,highly,potatoes,ever,perfect,lemon,love,let,micro,happy,best,perfectly,salad,keeps,easy,pleased,ze,day,hot,nice,mas,fan
cooke,great,loves,excellent,highly,potatoes,ever,perfect,lemon,love,let,micro,happy,best,perfectly,salad,keeps,easy,pleased,ze,day,hot,nice,mas,fan
cooke,great,loves,excellent,highly,potatoes,ever,perfect,lemon,love,let,micro,happy,best,perfectly,salad,keeps,easy,pleased,ze,day,hot,nice,mas,fan
cooke,great,loves,excellent,highly,potatoes,ever,perfect,lemon,love,let,micro,happy,best,perfectly,salad,keeps,easy,pleased,ze,day,hot,nice,mas,fan
cooke,great,loves,excellent,highly,potatoes,ever,perfect,lemon,love,let,micro,happy,best,perfectly,salad,keeps,easy,pleased,ze,day,hot,nice,mas,fan
cooke,great,loves,excellent,highly,potatoes,ever,perfect,lemon,love,let,micro,happy,best,perfectly,salad,keeps,easy,pleased,ze,day,hot,nice,mas,fan
cooke,great,loves,excellent,highly,potatoes,ever,perfect,lemon,love,let,micro,happy,best,perfectly,salad,keeps,easy,pleased,ze,day,hot,nice,mas,fan
cooke,great,loves,excellent,highly,potatoes,ever,perfect,lemon,love,let,micro,happy,best,perfectly,salad,keeps,easy,pleased,ze,day,hot,nice,mas,fan
cooke,great,loves,excellent,highly,potatoes,ever,perfect,lemon,love,let,micro,happy,best,perfectly,salad,keeps,easy,pleased,ze,day,hot,nice,mas,fan
cooke,great,loves,excellent,highly,potatoes,ever,perfect,lemon,love,let,micro,happy,best,perfectly,salad,keeps,easy,pleased,ze,day,hot,nice,mas,fan
cooke,great,loves,excellent,highly,potatoes,ever,perfect,lemon,love,let,micro,happy,best,perfectly,salad,keeps,easy,pleased,ze,day,hot,nice,mas,fan
cooke,great,loves,excellent,highly,potatoes,ever,perfect,lemon,love,let,micro,happy,best,perfectly,salad,keeps,easy,pleased,ze,day,hot,nice,mas,fan
cooke,great,loves,excellent,highly,potatoes,ever,perfect,lemon,love,let,micro,happy,best,perfectly,salad,keeps,easy,pleased,ze,day,hot,nice,mas,fan
cooke,great,loves,excellent,highly,potatoes,ever,perfect,lemon,love,let,micro,happy,best,perfectly,salad,keeps,easy,pleased,ze,day,hot,nice,mas,fan
cooke,great,loves,excellent,highly,potatoes,ever,perfect,lemon,love,let,micro,happy,best,perfectly,salad,keeps,easy,pleased,ze,day,hot,nice,mas,fan
cooke,great,loves,excellent,highly,potatoes,ever,perfect,lemon,love,let,micro,happy,best,perfectly,salad,keeps,easy,pleased,ze,day,hot,nice,mas,fan
cooke,great,loves,excellent,highly,potatoes,ever,perfect,lemon,love,let,micro,happy,best,perfectly,salad,keeps,easy,pleased,ze,day,hot,nice,mas,fan
cooke,great,loves,excellent,highly,potatoes,ever,perfect,lemon,love,let,micro,happy,best,perfectly,salad,keeps,easy,pleased,ze,day,hot,nice,mas,fan
cooke,great,loves,excellent,highly,potatoes,ever,perfect,lemon,love,let,micro,happy,best,perfectly,salad,keeps,easy,pleased,ze,day,hot,nice,mas,fan
cooke,great,loves,excellent,highly,potatoes,ever,perfect,lemon,love,let,micro,happy,best,perfectly,salad,keeps,easy,pleased,ze,day,hot,nice,mas,fan
cooke,great,loves,excellent,highly,potatoes,ever,perfect,lemon,love,let,micro,happy,best,perfectly,salad,keeps,easy,pleased,ze,day,hot,nice,mas,fan
cooke,great,loves,excellent,highly,potatoes,ever,perfect,lemon,love,let,micro,happy,best,perfectly,salad,keeps,easy,pleased,ze,day,hot,nice,mas,fan
cooke,great,loves,excellent,highly,potatoes,ever,perfect,lemon,love,let,micro,happy,best,perfectly,salad,keeps,easy,pleased,ze,day,hot,nice,mas,fan
cooke,great,loves,excellent,highly,potatoes,ever,perfect,lemon,love,let,micro,happy,best,perfectly,salad,keeps,easy,pleased,ze,day,hot,nice,mas,fan
cooke,great,loves,excellent,highly,potatoes,ever,perfect,lemon,love,let,micro,happy,best,perfectly,salad,keeps,easy,pleased,ze,day,hot,nice,mas,fan
cooke,great,loves,excellent,highly,potatoes,ever,perfect,lemon,love,let,micro,happy,best,perfectly,salad,keeps,easy,pleased,ze,day,hot,nice,mas,fan
cooke,great,loves,excellent,highly,potatoes,ever,perfect,lemon,love,let,micro,happy,best,perfectly,salad,keeps,easy,pleased,ze,day,hot,nice,mas,fan
cooke,great,loves,excellent,highly,potatoes,ever,perfect,lemon,love,let,micro,happy,best,perfectly,salad,keeps,easy,pleased,ze,day,hot,nice,mas,fan
cooke,great,loves,excellent,highly,potatoes,ever,perfect,lemon,love,let,micro,happy,best,perfectly,salad,keeps,easy,pleased,ze,day,hot,nice,mas,fan
cooke,great,loves,excellent,highly,potatoes,ever,perfect,lemon,love,let,micro,happy,best,perfectly,salad,keeps,easy,pleased,ze,day,hot,nice,mas,fan
cooke,great,loves,excellent,highly,potatoes,ever,perfect,lemon,love,let,micro,happy,best,perfectly,salad,keeps,easy,pleased,ze,day,hot,nice,mas,fan
cooke,great,loves,excellent,highly,potatoes,ever,perfect,lemon,love,let,micro,happy,best,perfectly,salad,keeps,easy,pleased,ze,day,hot,nice,mas,fan
cooke,great,loves,excellent,highly,potatoes,ever,perfect,lemon,love,let,micro,happy,best,perfectly,salad,keeps,easy,pleased,ze,day,hot,nice,mas,fan
cooke,great,loves,excellent,highly,potatoes,ever,perfect,lemon,love,let,micro,happy,best,perfectly,salad,keeps,easy,pleased,ze,day,hot,nice,mas,fan
cooke,great,loves,excellent,highly,potatoes,ever,perfect,lemon,love,let,micro,happy,best,perfectly,salad,keeps,easy,pleased,ze,day,hot,nice,mas,fan
cooke,great,loves,excellent,highly,potatoes,ever,perfect,lemon,love,let,micro,happy,best,perfectly,salad,keeps,easy,pleased,ze,day,hot,nice,mas,fan
cooke,great,loves,excellent,highly,potatoes,ever,perfect,lemon,love,let,micro,happy,best,perfectly,salad,keeps,easy,pleased,ze,day,hot,nice,mas,fan
cooke,great,loves,excellent,highly,potatoes,ever,perfect,lemon,love,let,micro,happy,best,perfectly,salad,keeps,easy,pleased,ze,day,hot,nice,mas,fan
cooke,great,loves,excellent,highly,potatoes,ever,perfect,lemon,love,let,micro,happy,best,perfectly,salad,keeps,easy,pleased,ze,day,hot,nice,mas,fan
cooke,great,loves,excellent,highly,potatoes,ever,perfect,lemon,love,let,micro,happy,best,perfectly,salad,keeps,easy,pleased,ze,day,hot,nice,mas,fan
cooke,great,loves,excellent,highly,potatoes,ever,perfect,lemon,love,let,micro,happy,best,perfectly,salad,keeps,easy,pleased,ze,day,hot,nice,mas,fan
cooke,great,loves,excellent,highly,potatoes,ever,perfect,lemon,love,let,micro,happy,best,perfectly,salad,keeps,easy,pleased,ze,day,hot,nice,mas,fan
cooke,great,loves,excellent,highly,potatoes,ever,perfect,lemon,love,let,micro,happy,best,perfectly,salad,keeps,easy,pleased,ze,day,hot,nice,mas,fan
cooke,great,loves,excellent,highly,potatoes,ever,perfect,lemon,love,let,micro,happy,best,perfectly,salad,keeps,easy,pleased,ze,day,hot,nice,mas,fan
cooke,great,loves,excellent,highly,potatoes,ever,perfect,lemon,love,let,micro,happy,best,perfectly,salad,keeps,easy,pleased,ze,day,hot,nice,mas,fan
cooke,great,loves,excellent,highly,potatoes,ever,perfect,lemon,love,let,micro,happy,best,perfectly,salad,keeps,easy,pleased,ze,day,hot,nice,mas,fan
cooke,great,loves,excellent,highly,potatoes,ever,perfect,lemon,love,let,micro,happy,best,perfectly,salad,keeps,easy,pleased,ze,day,hot,nice,mas,fan
cooke,great,loves,excellent,highly,potatoes,ever,perfect,lemon,love,let,micro,happy,best,perfectly,salad,keeps,easy,pleased,ze,day,hot,nice,mas,fan
cooke,great,loves,excellent,highly,potatoes,ever,perfect,lemon,love,let,micro,happy,best,perfectly,salad,keeps,easy,pleased,ze,day,hot,nice,mas,fan
cooke,great,loves,excellent,highly,potatoes,ever,perfect,lemon,love,let,micro,happy,best,perfectly,salad,keeps,easy,pleased,ze,day,hot,nice,mas,fan
cooke,great,loves,excellent,highly,potatoes,ever,perfect,lemon,love,let,micro,happy,best,perfectly,salad,keeps,easy,pleased,ze,day,hot,nice,mas,fan
cooke,great,loves,excellent,highly,potatoes,ever,perfect,lemon,love,let,micro,happy,best,perfectly,salad,keeps,easy,pleased,ze,day,hot,nice,mas,fan
cooke,great,loves,excellent,highly,potatoes,ever,perfect,lemon,love,let,micro,happy,best,perfectly,salad,keeps,easy,pleased,ze,day,hot,nice,mas,fan
cooke,great,loves,excellent,highly,potatoes,ever,perfect,lemon,love,let,micro,happy,best,perfectly,salad,keeps,easy,pleased,ze,day,hot,nice,mas,fan
cooke,great,loves,excellent,highly,potatoes,ever,perfect,lemon,love,let,micro,happy,best,perfectly,salad,keeps,easy,pleased,ze,day,hot,nice,mas,fan
cooke,great,loves,excellent,highly,potatoes,ever,perfect,lemon,love,let,micro,happy,best,perfectly,salad,keeps,easy,pleased,ze,day,hot,nice,mas,fan
cooke,great,loves,excellent,highly,potatoes,ever,perfect,lemon,love,let,micro,happy,best,perfectly,salad,keeps,easy,pleased,ze,day,hot,nice,mas,fan
cooke,great,loves,excellent,highly,potatoes,ever,perfect,lemon,love,let,micro,happy,best,perfectly,salad,keeps,easy,pleased,ze,day,hot,nice,mas,fan
cooke,great,loves,excellent,highly,potatoes,ever,perfect,lemon,love,let,micro,happy,best,perfectly,salad,keeps,easy,pleased,ze,day,hot,nice,mas,fan
cooke,great,loves,excellent,highly,potatoes,ever,perfect,lemon,love,let,micro,happy,best,perfectly,salad,keeps,easy,pleased,ze,day,hot,nice,mas,fan
cooke,great,loves,excellent,highly,potatoes,ever,perfect,lemon,love,let,micro,happy,best,perfectly,salad,keeps,easy,pleased,ze,day,hot,nice,mas,fan
cooke,great,loves,excellent,highly,potatoes,ever,perfect,lemon,love,let,micro,happy,best,perfectly,salad,keeps,easy,pleased,ze,day,hot,nice,mas,fan
cooke,great,loves,excellent,highly,potatoes,ever,perfect,lemon,love,let,micro,happy,best,perfectly,salad,keeps,easy,pleased,ze,day,hot,nice,mas,fan
cooke,great,loves,excellent,highly,potatoes,ever,perfect,lemon,love,let,micro,happy,best,perfectly,salad,keeps,easy,pleased,ze,day,hot,nice,mas,fan
cooke,great,loves,excellent,highly,potatoes,ever,perfect,lemon,love,let,micro,happy,best,perfectly,salad,keeps,easy,pleased,ze,day,hot,nice,mas,fan
cooke,great,loves,excellent,highly,potatoes,ever,perfect,lemon,love,let,micro,happy,best,perfectly,salad,keeps,easy,pleased,ze,day,hot,nice,mas,fan
cooke,great,loves,excellent,highly,potatoes,ever,perfect,lemon,love,let,micro,happy,best,perfectly,salad,keeps,easy,pleased,ze,day,hot,nice,mas,fan
cooke,great,loves,excellent,highly,potatoes,ever,perfect,lemon,love,let,micro,happy,best,perfectly,salad,keeps,easy,pleased,ze,day,hot,nice,mas,fan
cooke,great,loves,excellent,highly,potatoes,ever,perfect,lemon,love,let,micro,happy,best,perfectly,salad,keeps,easy,pleased,ze,day,hot,nice,mas,fan
cooke,great,loves,excellent,highly,potatoes,ever,perfect,lemon,love,let,micro,happy,best,perfectly,salad,keeps,easy,pleased,ze,day,hot,nice,mas,fan
cooke,great,loves,excellent,highly,potatoes,ever,perfect,lemon,love,let,micro,happy,best,perfectly,salad,keeps,easy,pleased,ze,day,hot,nice,mas,fan
cooke,great,loves,excellent,highly,potatoes,ever,perfect,lemon,love,let,micro,happy,best,perfectly,salad,keeps,easy,pleased,ze,day,hot,nice,mas,fan
cooke,great,loves,excellent,highly,potatoes,ever,perfect,lemon,love,let,micro,happy,best,perfectly,salad,keeps,easy,pleased,ze,day,hot,nice,mas,fan
cooke,great,loves,excellent,highly,potatoes,ever,perfect,lemon,love,let,micro,happy,best,perfectly,salad,keeps,easy,pleased,ze,day,hot,nice,mas,fan
cooke,great,loves,excellent,highly,potatoes,ever,perfect,lemon,love,let,micro,happy,best,perfectly,salad,keeps,easy,pleased,ze,day,hot,nice,mas,fan
cooke,great,loves,excellent,highly,potatoes,ever,perfect,lemon,love,let,micro,happy,best,perfectly,salad,keeps,easy,pleased,ze,day,hot,nice,mas,fan
cooke,great,loves,excellent,highly,potatoes,ever,perfect,lemon,love,let,micro,happy,best,perfectly,salad,keeps,easy,pleased,ze,day,hot,nice,mas,fan
cooke,great,loves,excellent,highly,potatoes,ever,perfect,lemon,love,let,micro,happy,best,perfectly,salad,keeps,easy,pleased,ze,day,hot,nice,mas,fan
cooke,great,loves,excellent,highly,potatoes,ever,perfect,lemon,love,let,micro,happy,best,perfectly,salad,keeps,easy,pleased,ze,day,hot,nice,mas,fan
cooke,great,loves,excellent,highly,potatoes,ever,perfect,lemon,love,let,micro,happy,best,perfectly,salad,keeps,easy,pleased,ze,day,hot,nice,mas,fan
cooke,great,loves,excellent,highly,potatoes,ever,perfect,lemon,love,let,micro,happy,best,perfectly,salad,keeps,easy,pleased,ze,day,hot,nice,mas,fan
cooke,great,loves,excellent,highly,potatoes,ever,perfect,lemon,love,let,micro,happy,best,perfectly,salad,keeps,easy,pleased,ze,day,hot,nice,mas,fan
cooke,great,loves,excellent,highly,potatoes,ever,perfect,lemon,love,let,micro,happy,best,perfectly,salad,keeps,easy,pleased,ze,day,hot,nice,mas,fan
cooke,great,loves,excellent,highly,potatoes,ever,perfect,lemon,love,let,micro,happy,best,perfectly,salad,keeps,easy,pleased,ze,day,hot,nice,mas,fan
cooke,great,loves,excellent,highly,potatoes,ever,perfect,lemon,love,let,micro,happy,best,perfectly,salad,keeps,easy,pleased,ze,day,hot,nice,mas,fan
cooke,great,loves,excellent,highly,potatoes,ever,perfect,lemon,love,let,micro,happy,best,perfectly,salad,keeps,easy,pleased,ze,day,hot,nice,mas,fan
cooke,great,loves,excellent,highly,potatoes,ever,perfect,lemon,love,let,micro,happy,best,perfectly,salad,keeps,easy,pleased,ze,day,hot,nice,mas,fan
cooke,great,loves,excellent,highly,potatoes,ever,perfect,lemon,love,let,micro,happy,best,perfectly,salad,keeps,easy,pleased,ze,day,hot,nice,mas,fan
cooke,great,loves,excellent,highly,potatoes,ever,perfect,lemon,love,let,micro,happy,best,perfectly,salad,keeps,easy,pleased,ze,day,hot,nice,mas,fan
cooke,great,loves,excellent,highly,potatoes,ever,perfect,lemon,love,let,micro,happy,best,perfectly,salad,keeps,easy,pleased,ze,day,hot,nice,mas,fan
cooke,great,loves,excellent,highly,potatoes,ever,perfect,lemon,love,let,micro,happy,best,perfectly,salad,keeps,easy,pleased,ze,day,hot,nice,mas,fan
cooke,great,loves,excellent,highly,potatoes,ever,perfect,lemon,love,let,micro,happy,best,perfectly,salad,keeps,easy,pleased,ze,day,hot,nice,mas,fan
cooke,great,loves,excellent,highly,potatoes,ever,perfect,lemon,love,let,micro,happy,best,perfectly,salad,keeps,easy,pleased,ze,day,hot,nice,mas,fan
cooke,great,loves,excellent,highly,potatoes,ever,perfect,lemon,love,let,micro,happy,best,perfectly,salad,keeps,easy,pleased,ze,day,hot,nice,mas,fan
cooke,great,loves,excellent,highly,potatoes,ever,perfect,lemon,love,let,micro,happy,best,perfectly,salad,keeps,easy,pleased,ze,day,hot,nice,mas,fan
cooke,great,loves,excellent,highly,potatoes,ever,perfect,lemon,love,let,micro,happy,best,perfectly,salad,keeps,easy,pleased,ze,day,hot,nice,mas,fan
cooke,great,loves,excellent,highly,potatoes,ever,perfect,lemon,love,let,micro,happy,best,perfectly,salad,keeps,easy,pleased,ze,day,hot,nice,mas,fan
cooke,great,loves,excellent,highly,potatoes,ever,perfect,lemon,love,let,micro,happy,best,perfectly,salad,keeps,easy,pleased,ze,day,hot,nice,mas,fan
cooke,great,loves,excellent,highly,potatoes,ever,perfect,lemon,love,let,micro,happy,best,perfectly,salad,keeps,easy,pleased,ze,day,hot,nice,mas,fan
cooke,great,loves,excellent,highly,potatoes,ever,perfect,lemon,love,let,micro,happy,best,perfectly,salad,keeps,easy,pleased,ze,day,hot,nice,mas,fan
cooke,great,loves,excellent,highly,potatoes,ever,perfect,lemon,love,let,micro,happy,best,perfectly,salad,keeps,easy,pleased,ze,day,hot,nice,mas,fan
cooke,great,loves,excellent,highly,potatoes,ever,perfect,lemon,love,let,micro,happy,best,perfectly,salad,keeps,easy,pleased,ze,day,hot,nice,mas,fan
cooke,great,loves,excellent,highly,potatoes,ever,perfect,lemon,love,let,micro,happy,best,perfectly,salad,keeps,easy,pleased,ze,day,hot,nice,mas,fan
cooke,great,loves,excellent,highly,potatoes,ever,perfect,lemon,love,let,micro,happy,best,perfectly,salad,keeps,easy,pleased,ze,day,hot,nice,mas,fan
cooke,great,loves,excellent,highly,potatoes,ever,perfect,lemon,love,let,micro,happy,best,perfectly,salad,keeps,easy,pleased,ze,day,hot,nice,mas,fan
cooke,great,loves,excellent,highly,potatoes,ever,perfect,lemon,love,let,micro,happy,best,perfectly,salad,keeps,easy,pleased,ze,day,hot,nice,mas,fan
cooke,great,loves,excellent,highly,potatoes,ever,perfect,lemon,love,let,micro,happy,best,perfectly,salad,keeps,easy,pleased,ze,day,hot,nice,mas,fan
cooke,great,loves,excellent,highly,potatoes,ever,perfect,lemon,love,let,micro,happy,best,perfectly,salad,keeps,easy,pleased,ze,day,hot,nice,mas,fan
cooke,great,loves,excellent,highly,potatoes,ever,perfect,lemon,love,let,micro,happy,best,perfectly,salad,keeps,easy,pleased,ze,day,hot,nice,mas,fan
cooke,great,loves,excellent,highly,potatoes,ever,perfect,lemon,love,let,micro,happy,best,perfectly,salad,keeps,easy,pleased,ze,day,hot,nice,mas,fan
cooke,great,loves,excellent,highly,potatoes,ever,perfect,lemon,love,let,micro,happy,best,perfectly,salad,keeps,easy,pleased,ze,day,hot,nice,mas,fan
cooke,great,loves,excellent,highly,potatoes,ever,perfect,lemon,love,let,micro,happy,best,perfectly,salad,keeps,easy,pleased,ze,day,hot,nice,mas,fan
cooke,great,loves,excellent,highly,potatoes,ever,perfect,lemon,love,let,micro,happy,best,perfectly,salad,keeps,easy,pleased,ze,day,hot,nice,mas,fan
cooke,great,loves,excellent,highly,potatoes,ever,perfect,lemon,love,let,micro,happy,best,perfectly,salad,keeps,easy,pleased,ze,day,hot,nice,mas,fan
cooke,great,loves,excellent,highly,potatoes,ever,perfect,lemon,love,let,micro,happy,best,perfectly,salad,keeps,easy,pleased,ze,day,hot,nice,mas,fan
cooke,great,loves,excellent,highly,potatoes,ever,perfect,lemon,love,let,micro,happy,best,perfectly,salad,keeps,easy,pleased,ze,day,hot,nice,mas,fan
cooke,great,loves,excellent,highly,potatoes,ever,perfect,lemon,love,let,micro,happy,best,perfectly,salad,keeps,easy,pleased,ze,day,hot,nice,mas,fan
cooke,great,loves,excellent,highly,potatoes,ever,perfect,lemon,love,let,micro,happy,best,perfectly,salad,keeps,easy,pleased,ze,day,hot,nice,mas,fan
cooke,great,loves,excellent,highly,potatoes,ever,perfect,lemon,love,let,micro,happy,best,perfectly,salad,keeps,easy,pleased,ze,day,hot,nice,mas,fan
cooke,great,loves,excellent,highly,potatoes,ever,perfect,lemon,love,let,micro,happy,best,perfectly,salad,keeps,easy,pleased,ze,day,hot,nice,mas,fan
cooke,great,loves,excellent,highly,potatoes,ever,perfect,lemon,love,let,micro,happy,best,perfectly,salad,keeps,easy,pleased,ze,day,hot,nice,mas,fan
cooke,great,loves,excellent,highly,potatoes,ever,perfect,lemon,love,let,micro,happy,best,perfectly,salad,keeps,easy,pleased,ze,day,hot,nice,mas,fan
cooke,great,loves,excellent,highly,potatoes,ever,perfect,lemon,love,let,micro,happy,best,perfectly,salad,keeps,easy,pleased,ze,day,hot,nice,mas,fan
cooke,great,loves,excellent,highly,potatoes,ever,perfect,lemon,love,let,micro,happy,best,perfectly,salad,keeps,easy,pleased,ze,day,hot,nice,mas,fan
cooke,great,loves,excellent,highly,potatoes,ever,perfect,lemon,love,let,micro,happy,best,perfectly,salad,keeps,easy,pleased,ze,day,hot,nice,mas,fan
cooke,great,loves,excellent,highly,potatoes,ever,perfect,lemon,love,let,micro,happy,best,perfectly,salad,keeps,easy,pleased,ze,day,hot,nice,mas,fan
cooke,great,loves,excellent,highly,potatoes,ever,perfect,lemon,love,let,micro,happy,best,perfectly,salad,keeps,easy,pleased,ze,day,hot,nice,mas,fan
cooke,great,loves,excellent,highly,potatoes,ever,perfect,lemon,love,let,micro,happy,best,perfectly,salad,keeps,easy,pleased,ze,day,hot,nice,mas,fan
cooke,great,loves,excellent,highly,potatoes,ever,perfect,lemon,love,let,micro,happy,best,perfectly,salad,keeps,easy,pleased,ze,day,hot,nice,mas,fan
cooke,great,loves,excellent,highly,potatoes,ever,perfect,lemon,love,let,micro,happy,best,perfectly,salad,keeps,easy,pleased,ze,day,hot,nice,mas,fan
cooke,great,loves,excellent,highly,potatoes,ever,perfect,lemon,love,let,micro,happy,best,perfectly,salad,keeps,easy,pleased,ze,day,hot,nice,mas,fan
cooke,great,loves,excellent,highly,potatoes,ever,perfect,lemon,love,let,micro,happy,best,perfectly,salad,keeps,easy,pleased,ze,day,hot,nice,mas,fan
cooke,great,loves,excellent,highly,potatoes,ever,perfect,lemon,love,let,micro,happy,best,perfectly,salad,keeps,easy,pleased,ze,day,hot,nice,mas,fan
cooke,great,loves,excellent,highly,potatoes,ever,perfect,lemon,love,let,micro,happy,best,perfectly,salad,keeps,easy,pleased,ze,day,hot,nice,mas,fan
cooke,great,loves,excellent,highly,potatoes,ever,perfect,lemon,love,let,micro,happy,best,perfectly,salad,keeps,easy,pleased,ze,day,hot,nice,mas,fan
cooke,great,loves,excellent,highly,potatoes,ever,perfect,lemon,love,let,micro,happy,best,perfectly,salad,keeps,easy,pleased,ze,day,hot,nice,mas,fan
cooke,great,loves,excellent,highly,potatoes,ever,perfect,lemon,love,let,micro,happy,best,perfectly,salad,keeps,easy,pleased,ze,day,hot,nice,mas,fan
cooke,great,loves,excellent,highly,potatoes,ever,perfect,lemon,love,let,micro,happy,best,perfectly,salad,keeps,easy,pleased,ze,day,hot,nice,mas,fan
cooke,great,loves,excellent,highly,potatoes,ever,perfect,lemon,love,let,micro,happy,best,perfectly,salad,keeps,easy,pleased,ze,day,hot,nice,mas,fan
cooke,great,loves,excellent,highly,potatoes,ever,perfect,lemon,love,let,micro,happy,best,perfectly,salad,keeps,easy,pleased,ze,day,hot,nice,mas,fan
cooke,great,loves,excellent,highly,potatoes,ever,perfect,lemon,love,let,micro,happy,best,perfectly,salad,keeps,easy,pleased,ze,day,hot,nice,mas,fan
cooke,great,loves,excellent,highly,potatoes,ever,perfect,lemon,love,let,micro,happy,best,perfectly,salad,keeps,easy,pleased,ze,day,hot,nice,mas,fan
cooke,great,loves,excellent,highly,potatoes,ever,perfect,lemon,love,let,micro,happy,best,perfectly,salad,keeps,easy,pleased,ze,day,hot,nice,mas,fan
cooke,great,loves,excellent,highly,potatoes,ever,perfect,lemon,love,let,micro,happy,best,perfectly,salad,keeps,easy,pleased,ze,day,hot,nice,mas,fan
cooke,great,loves,excellent,highly,potatoes,ever,perfect,lemon,love,let,micro,happy,best,perfectly,salad,keeps,easy,pleased,ze,day,hot,nice,mas,fan
cooke,great,loves,excellent,highly,potatoes,ever,perfect,lemon,love,let,micro,happy,best,perfectly,salad,keeps,easy,pleased,ze,day,hot,nice,mas,fan
cooke,great,loves,excellent,highly,potatoes,ever,perfect,lemon,love,let,micro,happy,best,perfectly,salad,keeps,easy,pleased,ze,day,hot,nice,mas,fan
cooke,great,loves,excellent,highly,potatoes,ever,perfect,lemon,love,let,micro,happy,best,perfectly,salad,keeps,easy,pleased,ze,day,hot,nice,mas,fan
cooke,great,loves,excellent,highly,potatoes,ever,perfect,lemon,love,let,micro,happy,best,perfectly,salad,keeps,easy,pleased,ze,day,hot,nice,mas,fan
cooke,great,loves,excellent,highly,potatoes,ever,perfect,lemon,love,let,micro,happy,best,perfectly,salad,keeps,easy,pleased,ze,day,hot,nice,mas,fan
cooke,great,loves,excellent,highly,potatoes,ever,perfect,lemon,love,let,micro,happy,best,perfectly,salad,keeps,easy,pleased,ze,day,hot,nice,mas,fan
cooke,great,loves,excellent,highly,potatoes,ever,perfect,lemon,love,let,micro,happy,best,perfectly,salad,keeps,easy,pleased,ze,day,hot,nice,mas,fan
cooke,great,loves,excellent,highly,potatoes,ever,perfect,lemon,love,let,micro,happy,best,perfectly,salad,keeps,easy,pleased,ze,day,hot,nice,mas,fan
cooke,great,loves,excellent,highly,potatoes,ever,perfect,lemon,love,let,micro,happy,best,perfectly,salad,keeps,easy,pleased,ze,day,hot,nice,mas,fan
cooke,great,loves,excellent,highly,potatoes,ever,perfect,lemon,love,let,micro,happy,best,perfectly,salad,keeps,easy,pleased,ze,day,hot,nice,mas,fan
cooke,great,loves,excellent,highly,potatoes,ever,perfect,lemon,love,let,micro,happy,best,perfectly,salad,keeps,easy,pleased,ze,day,hot,nice,mas,fan
cooke,great,loves,excellent,highly,potatoes,ever,perfect,lemon,love,let,micro,happy,best,perfectly,salad,keeps,easy,pleased,ze,day,hot,nice,mas,fan
cooke,great,loves,excellent,highly,potatoes,ever,perfect,lemon,love,let,micro,happy,best,perfectly,salad,keeps,easy,pleased,ze,day,hot,nice,mas,fan
cooke,great,loves,excellent,highly,potatoes,ever,perfect,lemon,love,let,micro,happy,best,perfectly,salad,keeps,easy,pleased,ze,day,hot,nice,mas,fan
cooke,great,loves,excellent,highly,potatoes,ever,perfect,lemon,love,let,micro,happy,best,perfectly,salad,keeps,easy,pleased,ze,day,hot,nice,mas,fan
cooke,great,loves,excellent,highly,potatoes,ever,perfect,lemon,love,let,micro,happy,best,perfectly,salad,keeps,easy,pleased,ze,day,hot,nice,mas,fan
cooke,great,loves,excellent,highly,potatoes,ever,perfect,lemon,love,let,micro,happy,best,perfectly,salad,keeps,easy,pleased,ze,day,hot,nice,mas,fan
cooke,great,loves,excellent,highly,potatoes,ever,perfect,lemon,love,let,micro,happy,best,perfectly,salad,keeps,easy,pleased,ze,day,hot,nice,mas,fan
cooke,great,loves,excellent,highly,potatoes,ever,perfect,lemon,love,let,micro,happy,best,perfectly,salad,keeps,easy,pleased,ze,day,hot,nice,mas,fan
cooke,great,loves,excellent,highly,potatoes,ever,perfect,lemon,love,let,micro,happy,best,perfectly,salad,keeps,easy,pleased,ze,day,hot,nice,mas,fan
cooke,great,loves,excellent,highly,potatoes,ever,perfect,lemon,love,let,micro,happy,best,perfectly,salad,keeps,easy,pleased,ze,day,hot,nice,mas,fan
cooke,great,loves,excellent,highly,potatoes,ever,perfect,lemon,love,let,micro,happy,best,perfectly,salad,keeps,easy,pleased,ze,day,hot,nice,mas,fan
cooke,great,loves,excellent,highly,potatoes,ever,perfect,lemon,love,let,micro,happy,best,perfectly,salad,keeps,easy,pleased,ze,day,hot,nice,mas,fan
cooke,great,loves,excellent,highly,potatoes,ever,perfect,lemon,love,let,micro,happy,best,perfectly,salad,keeps,easy,pleased,ze,day,hot,nice,mas,fan
cooke,great,loves,excellent,highly,potatoes,ever,perfect,lemon,love,let,micro,happy,best,perfectly,salad,keeps,easy,pleased,ze,day,hot,nice,mas,fan
cooke,great,loves,excellent,highly,potatoes,ever,perfect,lemon,love,let,micro,happy,best,perfectly,salad,keeps,easy,pleased,ze,day,hot,nice,mas,fan
cooke,great,loves,excellent,highly,potatoes,ever,perfect,lemon,love,let,micro,happy,best,perfectly,salad,keeps,easy,pleased,ze,day,hot,nice,mas,fan
cooke,great,loves,excellent,highly,potatoes,ever,perfect,lemon,love,let,micro,happy,best,perfectly,salad,keeps,easy,pleased,ze,day,hot,nice,mas,fan
cooke,great,loves,excellent,highly,potatoes,ever,perfect,lemon,love,let,micro,happy,best,perfectly,salad,keeps,easy,pleased,ze,day,hot,nice,mas,fan
cooke,great,loves,excellent,highly,potatoes,ever,perfect,lemon,love,let,micro,happy,best,perfectly,salad,keeps,easy,pleased,ze,day,hot,nice,mas,fan
cooke,great,loves,excellent,highly,potatoes,ever,perfect,lemon,love,let,micro,happy,best,perfectly,salad,keeps,easy,pleased,ze,day,hot,nice,mas,fan
cooke,great,loves,excellent,highly,potatoes,ever,perfect,lemon,love,let,micro,happy,best,perfectly,salad,keeps,easy,pleased,ze,day,hot,nice,mas,fan
cooke,great,loves,excellent,highly,potatoes,ever,perfect,lemon,love,glad,micro,happy,best,perfectly,salad,keeps,easy,pleased,ze,day,hot,nice,mas,fan
cooke,great,loves,excellent,highly,potatoes,ever,perfect,lemon,love,glad,micro,happy,best,perfectly,salad,keeps,easy,pleased,ze,day,hot,nice,mas,fan
complaints,cooke,great,loves,excellent,highly,potatoes,ever,perfect,lemon,love,glad,micro,happy,best,perfectly,salad,keeps,easy,pleased,ze,day,nice,mas,fan
complaints,cooke,great,loves,excellent,highly,potatoes,ever,perfect,lemon,love,glad,micro,happy,best,perfectly,salad,keeps,easy,pleased,ze,day,nice,mas,fan
complaints,cooke,great,loves,excellent,highly,potatoes,ever,perfect,lemon,love,glad,micro,happy,best,perfectly,salad,keeps,easy,pleased,ze,day,nice,mas,fan
complaints,cooke,great,loves,excellent,highly,potatoes,ever,perfect,lemon,love,glad,micro,happy,best,perfectly,salad,keeps,easy,pleased,ze,day,nice,mas,fan
complaints,cooke,great,loves,excellent,highly,potatoes,ever,perfect,lemon,love,glad,micro,happy,best,perfectly,salad,keeps,easy,pleased,ze,day,nice,mas,fan
complaints,cooke,great,loves,excellent,highly,potatoes,ever,perfect,lemon,love,glad,micro,happy,best,perfectly,salad,keeps,easy,pleased,ze,day,nice,mas,fan
complaints,cooke,great,loves,excellent,highly,potatoes,ever,perfect,lemon,love,glad,micro,happy,best,perfectly,salad,keeps,easy,pleased,ze,day,nice,mas,fan
complaints,cooke,great,loves,excellent,highly,potatoes,ever,perfect,lemon,love,glad,micro,happy,best,perfectly,salad,keeps,easy,pleased,ze,day,nice,mas,fan
complaints,cooke,great,loves,excellent,highly,potatoes,ever,perfect,lemon,love,glad,micro,happy,best,perfectly,salad,keeps,easy,pleased,ze,day,nice,mas,fan
complaints,cooke,great,loves,excellent,highly,potatoes,ever,perfect,lemon,love,glad,micro,happy,best,perfectly,salad,keeps,easy,pleased,ze,day,nice,mas,fan
complaints,cooke,great,loves,excellent,highly,potatoes,ever,perfect,lemon,love,glad,micro,happy,best,perfectly,salad,keeps,easy,pleased,ze,day,nice,mas,fan
complaints,cooke,great,loves,excellent,highly,potatoes,ever,perfect,lemon,love,glad,micro,happy,best,perfectly,salad,keeps,easy,pleased,ze,day,nice,mas,fan
complaints,cooke,great,loves,excellent,highly,potatoes,ever,perfect,lemon,love,glad,micro,happy,best,perfectly,salad,keeps,easy,pleased,ze,day,nice,mas,fan
complaints,cooke,great,loves,excellent,highly,potatoes,ever,perfect,lemon,love,glad,micro,happy,best,perfectly,salad,keeps,easy,pleased,ze,day,nice,mas,fan
complaints,cooke,great,loves,excellent,highly,potatoes,ever,perfect,lemon,love,glad,micro,happy,best,perfectly,salad,keeps,easy,pleased,ze,day,nice,mas,fan
complaints,cooke,great,loves,excellent,highly,potatoes,ever,perfect,lemon,love,glad,micro,happy,best,perfectly,salad,keeps,easy,pleased,ze,day,nice,mas,fan
complaints,cooke,great,loves,excellent,highly,potatoes,ever,perfect,lemon,love,glad,micro,happy,best,perfectly,salad,keeps,easy,pleased,ze,day,nice,mas,fan
complaints,cooke,great,loves,excellent,highly,potatoes,ever,perfect,lemon,love,glad,micro,happy,best,perfectly,salad,keeps,easy,pleased,ze,day,nice,mas,fan
complaints,cooke,great,loves,excellent,highly,potatoes,ever,perfect,lemon,love,glad,micro,happy,best,perfectly,salad,keeps,easy,pleased,ze,day,nice,mas,fan
complaints,cooke,great,loves,excellent,highly,potatoes,ever,perfect,lemon,love,glad,micro,happy,best,perfectly,salad,keeps,easy,pleased,ze,day,nice,mas,fan
complaints,cooke,great,loves,excellent,highly,potatoes,ever,perfect,lemon,love,glad,micro,happy,best,perfectly,salad,keeps,easy,pleased,ze,day,nice,mas,fan
complaints,cooke,great,loves,excellent,highly,potatoes,ever,perfect,lemon,love,glad,micro,happy,best,perfectly,salad,keeps,easy,pleased,ze,day,nice,mas,fan
complaints,cooke,great,loves,excellent,highly,potatoes,ever,perfect,lemon,love,glad,micro,happy,best,perfectly,salad,keeps,easy,pleased,ze,day,nice,mas,fan
complaints,cooke,great,loves,excellent,highly,potatoes,ever,perfect,lemon,love,glad,micro,happy,best,perfectly,salad,keeps,easy,pleased,ze,day,nice,mas,fan
complaints,cooke,great,loves,excellent,highly,potatoes,ever,perfect,lemon,love,glad,micro,happy,best,perfectly,salad,keeps,easy,pleased,ze,day,nice,mas,fan
complaints,cooke,great,loves,excellent,highly,potatoes,ever,perfect,lemon,love,glad,micro,happy,best,perfectly,salad,keeps,easy,pleased,ze,day,nice,mas,fan
complaints,cooke,great,loves,excellent,highly,potatoes,ever,perfect,lemon,love,glad,micro,happy,best,perfectly,salad,keeps,easy,pleased,ze,day,nice,mas,fan
complaints,cooke,great,loves,excellent,highly,potatoes,ever,perfect,lemon,love,glad,micro,happy,best,perfectly,salad,keeps,easy,pleased,ze,day,nice,mas,fan
complaints,cooke,great,loves,excellent,highly,potatoes,ever,perfect,lemon,love,glad,micro,happy,best,perfectly,salad,keeps,easy,pleased,ze,day,nice,mas,fan
complaints,cooke,great,loves,excellent,highly,potatoes,ever,perfect,lemon,love,glad,micro,happy,best,perfectly,salad,keeps,easy,pleased,ze,day,nice,mas,fan
complaints,cooke,great,loves,excellent,highly,potatoes,ever,perfect,lemon,love,glad,micro,happy,best,perfectly,salad,keeps,easy,pleased,ze,day,nice,mas,fan
complaints,cooke,great,loves,excellent,highly,potatoes,ever,perfect,lemon,love,glad,micro,happy,best,perfectly,salad,keeps,easy,pleased,ze,day,nice,mas,fan
complaints,cooke,great,loves,excellent,highly,potatoes,ever,perfect,lemon,love,glad,micro,happy,best,perfectly,salad,keeps,easy,pleased,ze,day,nice,mas,fan
complaints,cooke,great,loves,excellent,highly,potatoes,ever,perfect,lemon,love,glad,micro,happy,best,perfectly,salad,keeps,easy,pleased,ze,day,nice,mas,fan
complaints,cooke,great,loves,excellent,highly,potatoes,ever,perfect,lemon,love,glad,micro,happy,best,perfectly,salad,keeps,easy,pleased,ze,day,nice,mas,fan
complaints,cooke,great,loves,excellent,highly,potatoes,ever,perfect,lemon,love,glad,micro,happy,best,perfectly,salad,keeps,easy,pleased,ze,day,nice,mas,fan
complaints,cooke,great,loves,excellent,highly,potatoes,ever,perfect,lemon,love,glad,micro,happy,best,perfectly,salad,keeps,easy,pleased,ze,day,nice,mas,fan
complaints,cooke,great,loves,excellent,highly,potatoes,ever,perfect,lemon,love,glad,micro,happy,best,perfectly,salad,keeps,easy,pleased,ze,day,nice,mas,fan
complaints,cooke,great,loves,excellent,highly,potatoes,ever,perfect,lemon,love,glad,micro,happy,best,perfectly,salad,keeps,easy,pleased,ze,day,nice,mas,fan
complaints,cooke,great,loves,excellent,highly,potatoes,ever,perfect,lemon,love,glad,micro,happy,best,perfectly,salad,keeps,easy,pleased,ze,day,nice,mas,fan
complaints,cooke,great,loves,excellent,highly,potatoes,ever,perfect,lemon,love,glad,micro,happy,best,perfectly,salad,keeps,easy,pleased,ze,day,nice,mas,fan
complaints,cooke,great,loves,excellent,highly,potatoes,ever,perfect,lemon,love,glad,micro,happy,best,perfectly,salad,keeps,easy,pleased,ze,day,nice,mas,fan
complaints,cooke,great,loves,excellent,highly,potatoes,ever,perfect,lemon,love,glad,micro,happy,best,perfectly,salad,keeps,easy,pleased,ze,day,nice,mas,fan
complaints,cooke,great,loves,excellent,highly,potatoes,ever,perfect,lemon,love,glad,micro,happy,best,perfectly,salad,keeps,easy,pleased,ze,day,nice,mas,fan
complaints,cooke,great,loves,excellent,highly,potatoes,ever,perfect,lemon,love,glad,micro,happy,best,perfectly,salad,keeps,easy,pleased,ze,day,nice,mas,fan
complaints,cooke,great,loves,excellent,highly,potatoes,ever,perfect,lemon,love,glad,micro,happy,best,perfectly,salad,keeps,easy,pleased,ze,day,nice,mas,fan
complaints,cooke,great,loves,excellent,highly,potatoes,ever,perfect,lemon,love,glad,micro,happy,best,perfectly,salad,keeps,easy,pleased,ze,day,nice,mas,fan
complaints,cooke,great,loves,excellent,highly,potatoes,ever,perfect,lemon,love,glad,micro,happy,best,perfectly,salad,keeps,easy,pleased,ze,day,nice,mas,fan
complaints,cooke,great,loves,excellent,highly,potatoes,ever,perfect,lemon,love,glad,micro,happy,best,perfectly,salad,keeps,easy,pleased,ze,day,nice,mas,fan
complaints,cooke,great,loves,excellent,highly,potatoes,ever,perfect,lemon,love,glad,micro,happy,best,perfectly,salad,keeps,easy,pleased,ze,day,nice,mas,fan
complaints,cooke,great,loves,excellent,highly,potatoes,ever,perfect,lemon,love,glad,micro,happy,best,perfectly,salad,keeps,easy,pleased,ze,day,nice,mas,fan
complaints,cooke,great,loves,excellent,service,highly,potatoes,ever,perfect,lemon,love,glad,micro,happy,best,perfectly,salad,keeps,easy,pleased,ze,nice,mas,fan
complaints,cooke,great,loves,excellent,service,highly,potatoes,ever,perfect,lemon,love,glad,micro,happy,best,perfectly,salad,keeps,easy,pleased,ze,nice,mas,fan
complaints,cooke,great,loves,excellent,service,highly,potatoes,ever,perfect,lemon,love,glad,micro,happy,best,perfectly,salad,keeps,easy,pleased,ze,nice,mas,fan
complaints,cooke,great,loves,excellent,service,highly,potatoes,ever,perfect,lemon,love,glad,micro,happy,best,perfectly,salad,keeps,easy,pleased,ze,nice,mas,fan
complaints,cooke,great,loves,excellent,service,highly,potatoes,ever,perfect,lemon,love,glad,micro,happy,best,perfectly,salad,keeps,easy,pleased,ze,nice,mas,fan
complaints,cooke,great,loves,excellent,service,highly,potatoes,ever,perfect,lemon,love,glad,micro,happy,best,perfectly,salad,keeps,easy,pleased,ze,nice,mas,fan
complaints,cooke,great,loves,excellent,service,highly,potatoes,ever,perfect,lemon,love,glad,micro,happy,best,perfectly,salad,keeps,easy,pleased,ze,nice,mas,fan
complaints,cooke,great,loves,excellent,service,highly,potatoes,ever,perfect,lemon,love,glad,micro,happy,best,perfectly,salad,keeps,easy,pleased,ze,nice,mas,fan
complaints,cooke,great,loves,excellent,service,highly,potatoes,ever,perfect,lemon,love,glad,micro,happy,best,perfectly,salad,keeps,easy,pleased,ze,nice,mas,fan
complaints,cooke,great,loves,excellent,service,highly,potatoes,ever,perfect,lemon,love,glad,micro,happy,best,perfectly,salad,keeps,easy,pleased,ze,nice,mas,fan
complaints,cooke,great,loves,excellent,service,highly,potatoes,ever,perfect,lemon,love,glad,micro,happy,best,perfectly,salad,keeps,easy,pleased,ze,nice,mas,fan
complaints,cooke,great,loves,excellent,service,highly,potatoes,ever,perfect,lemon,love,glad,micro,happy,best,perfectly,salad,keeps,easy,pleased,ze,nice,mas,fan
complaints,cooke,great,loves,excellent,service,highly,potatoes,ever,perfect,lemon,love,glad,micro,happy,best,perfectly,salad,keeps,easy,pleased,ze,nice,mas,fan
complaints,cooke,great,loves,excellent,service,highly,potatoes,ever,perfect,lemon,love,glad,micro,happy,best,perfectly,salad,keeps,easy,pleased,ze,nice,mas,fan
complaints,cooke,great,loves,excellent,service,highly,potatoes,ever,perfect,lemon,love,glad,micro,happy,best,perfectly,salad,keeps,easy,pleased,ze,nice,mas,fan
complaints,cooke,great,loves,excellent,service,highly,potatoes,ever,perfect,lemon,love,glad,micro,happy,best,perfectly,salad,keeps,easy,pleased,ze,nice,mas,fan
complaints,cooke,great,loves,excellent,service,highly,potatoes,ever,perfect,lemon,love,glad,micro,happy,best,perfectly,salad,keeps,easy,pleased,ze,nice,mas,fan
complaints,cooke,great,loves,excellent,service,highly,potatoes,ever,perfect,lemon,love,glad,micro,happy,best,perfectly,salad,keeps,easy,pleased,ze,nice,mas,fan
complaints,cooke,great,loves,excellent,service,highly,potatoes,ever,perfect,lemon,love,glad,micro,happy,best,perfectly,salad,keeps,easy,pleased,ze,nice,mas,fan
complaints,cooke,great,loves,excellent,service,highly,potatoes,ever,perfect,lemon,love,glad,micro,happy,best,perfectly,salad,keeps,easy,pleased,ze,nice,mas,fan
complaints,cooke,great,loves,excellent,service,highly,potatoes,ever,perfect,lemon,love,glad,micro,happy,best,perfectly,salad,keeps,easy,pleased,ze,nice,mas,fan
complaints,cooke,great,loves,excellent,service,highly,potatoes,ever,perfect,lemon,love,glad,micro,happy,best,perfectly,salad,keeps,easy,pleased,ze,nice,mas,fan
complaints,cooke,great,loves,excellent,service,highly,potatoes,ever,perfect,lemon,love,glad,micro,happy,best,perfectly,salad,keeps,easy,pleased,ze,nice,mas,fan
complaints,cooke,great,loves,excellent,service,highly,potatoes,ever,perfect,lemon,love,glad,micro,happy,best,perfectly,salad,keeps,easy,pleased,ze,nice,mas,fan
complaints,cooke,great,loves,excellent,service,highly,potatoes,ever,perfect,lemon,love,glad,micro,happy,best,perfectly,salad,keeps,easy,pleased,ze,nice,mas,fan
complaints,cooke,great,loves,excellent,service,highly,potatoes,ever,perfect,lemon,love,glad,micro,happy,best,perfectly,salad,keeps,easy,pleased,ze,nice,mas,fan
complaints,cooke,great,loves,excellent,service,highly,potatoes,ever,perfect,lemon,love,glad,micro,happy,best,perfectly,salad,keeps,easy,pleased,ze,nice,mas,fan
complaints,cooke,great,loves,excellent,service,highly,potatoes,ever,perfect,lemon,love,glad,micro,happy,best,perfectly,salad,keeps,easy,pleased,ze,nice,mas,fan
complaints,cooke,great,loves,excellent,service,highly,potatoes,ever,perfect,lemon,love,glad,micro,happy,best,perfectly,salad,keeps,easy,pleased,ze,nice,mas,fan
complaints,cooke,great,loves,excellent,service,highly,potatoes,ever,perfect,lemon,love,glad,micro,happy,best,perfectly,salad,keeps,easy,pleased,ze,nice,mas,fan
complaints,great,loves,excellent,service,highly,potatoes,problems,ever,perfect,lemon,love,glad,micro,happy,best,perfectly,salad,keeps,easy,pleased,ze,nice,mas,fan
complaints,great,loves,excellent,service,highly,potatoes,problems,ever,perfect,lemon,love,glad,micro,happy,best,perfectly,salad,keeps,easy,pleased,ze,nice,mas,fan
complaints,great,loves,excellent,service,highly,potatoes,problems,ever,perfect,lemon,love,glad,micro,happy,best,perfectly,salad,keeps,easy,pleased,ze,nice,mas,fan
complaints,great,loves,excellent,service,highly,potatoes,problems,ever,perfect,lemon,love,glad,micro,happy,best,perfectly,salad,keeps,easy,pleased,ze,nice,mas,fan
complaints,great,loves,excellent,service,highly,potatoes,problems,ever,perfect,lemon,love,glad,micro,happy,best,perfectly,salad,keeps,easy,pleased,ze,nice,mas,fan
complaints,great,loves,excellent,service,highly,potatoes,problems,ever,perfect,lemon,love,glad,micro,happy,best,perfectly,salad,keeps,easy,pleased,ze,nice,mas,fan
complaints,great,loves,excellent,service,highly,potatoes,problems,ever,perfect,lemon,love,glad,micro,happy,best,perfectly,salad,keeps,easy,pleased,ze,nice,mas,fan
complaints,great,loves,excellent,service,highly,potatoes,problems,ever,perfect,lemon,love,glad,micro,happy,best,perfectly,salad,keeps,easy,pleased,ze,nice,mas,fan
complaints,great,loves,excellent,service,highly,potatoes,problems,ever,perfect,lemon,love,glad,micro,happy,best,perfectly,salad,keeps,easy,pleased,ze,nice,mas,fan
complaints,great,loves,excellent,service,highly,potatoes,problems,ever,perfect,lemon,love,glad,micro,happy,best,perfectly,salad,keeps,easy,pleased,ze,nice,mas,fan
complaints,great,loves,excellent,service,highly,potatoes,problems,ever,perfect,lemon,love,glad,micro,happy,best,perfectly,salad,keeps,easy,pleased,ze,nice,mas,fan
complaints,great,loves,excellent,service,highly,potatoes,problems,ever,perfect,lemon,love,glad,micro,happy,best,perfectly,salad,keeps,easy,pleased,ze,nice,mas,fan
complaints,great,loves,excellent,service,highly,potatoes,problems,ever,perfect,lemon,love,glad,micro,happy,best,perfectly,salad,keeps,easy,pleased,ze,nice,mas,fan
complaints,great,loves,excellent,service,highly,potatoes,problems,ever,perfect,lemon,love,glad,micro,happy,best,perfectly,salad,keeps,easy,pleased,ze,nice,mas,fan
complaints,great,loves,excellent,service,highly,potatoes,problems,ever,perfect,lemon,love,glad,micro,happy,best,perfectly,salad,keeps,easy,pleased,ze,nice,mas,fan
complaints,great,loves,excellent,service,highly,potatoes,problems,ever,perfect,lemon,love,glad,micro,happy,best,perfectly,salad,keeps,easy,pleased,ze,nice,mas,fan
complaints,great,loves,excellent,service,highly,potatoes,problems,ever,perfect,lemon,love,glad,micro,happy,best,perfectly,salad,keeps,easy,business,pleased,ze,nice,fan
complaints,great,loves,excellent,service,highly,potatoes,problems,ever,perfect,lemon,love,glad,micro,happy,best,perfectly,salad,keeps,easy,business,pleased,ze,nice,fan
complaints,great,loves,excellent,service,highly,potatoes,problems,ever,perfect,lemon,love,glad,micro,happy,best,perfectly,salad,keeps,easy,business,pleased,ze,nice,fan
complaints,great,loves,excellent,service,highly,potatoes,problems,ever,perfect,lemon,love,glad,micro,happy,best,perfectly,salad,keeps,easy,business,pleased,ze,nice,fan
complaints,great,loves,excellent,service,highly,potatoes,problems,ever,perfect,lemon,love,glad,micro,happy,best,perfectly,salad,keeps,easy,business,pleased,ze,nice,fan
complaints,great,loves,excellent,service,highly,potatoes,problems,ever,perfect,lemon,love,glad,micro,happy,best,perfectly,salad,keeps,easy,business,pleased,ze,nice,fan
complaints,great,loves,excellent,service,highly,potatoes,problems,ever,perfect,lemon,love,glad,micro,happy,best,perfectly,salad,keeps,easy,business,pleased,ze,nice,fan
complaints,great,loves,excellent,service,highly,potatoes,ever,perfect,lemon,love,glad,micro,happy,best,perfectly,salad,keeps,easy,business,pleased,ze,nice,par,fan
complaints,great,loves,excellent,service,highly,potatoes,ever,perfect,lemon,love,glad,micro,happy,best,perfectly,salad,keeps,easy,business,pleased,ze,nice,par,fan
complaints,great,loves,excellent,service,highly,potatoes,ever,perfect,lemon,love,glad,micro,happy,best,perfectly,salad,keeps,easy,business,pleased,ze,nice,par,fan
complaints,great,loves,excellent,service,highly,potatoes,ever,perfect,lemon,love,glad,micro,happy,best,perfectly,salad,keeps,easy,business,pleased,ze,nice,par,fan
complaints,great,loves,excellent,service,highly,potatoes,ever,perfect,lemon,love,glad,micro,happy,best,perfectly,salad,keeps,easy,business,pleased,ze,nice,par,fan
complaints,great,loves,excellent,service,highly,potatoes,ever,perfect,lemon,love,glad,micro,happy,best,perfectly,salad,keeps,easy,business,pleased,ze,nice,par,fan
complaints,great,loves,excellent,service,highly,potatoes,ever,perfect,lemon,love,glad,micro,happy,best,perfectly,salad,keeps,easy,business,pleased,ze,nice,par,fan
complaints,great,loves,excellent,service,highly,potatoes,ever,perfect,lemon,love,glad,micro,happy,best,perfectly,salad,keeps,easy,business,pleased,ze,nice,par,fan
complaints,great,loves,excellent,service,highly,potatoes,ever,perfect,lemon,love,glad,micro,happy,best,perfectly,salad,keeps,easy,business,pleased,ze,nice,par,fan
complaints,great,loves,excellent,service,highly,potatoes,ever,perfect,lemon,love,glad,micro,happy,best,perfectly,salad,keeps,easy,business,pleased,ze,nice,par,fan
complaints,great,loves,excellent,service,highly,potatoes,ever,perfect,lemon,love,glad,micro,happy,best,perfectly,salad,keeps,easy,business,pleased,ze,nice,par,fan
complaints,great,loves,excellent,service,highly,potatoes,ever,perfect,lemon,love,glad,micro,happy,best,perfectly,salad,keeps,easy,business,pleased,ze,nice,par,fan
complaints,great,loves,excellent,service,highly,potatoes,ever,perfect,lemon,love,glad,micro,happy,best,perfectly,salad,keeps,easy,business,pleased,ze,nice,par,fan
complaints,great,loves,excellent,service,highly,potatoes,ever,perfect,lemon,love,glad,micro,happy,best,perfectly,salad,keeps,easy,business,pleased,ze,nice,par,fan
complaints,great,loves,excellent,service,highly,potatoes,ever,perfect,lemon,love,glad,micro,happy,best,perfectly,salad,keeps,easy,business,pleased,ze,nice,par,fan
complaints,great,loves,excellent,service,highly,potatoes,ever,perfect,lemon,love,glad,micro,happy,best,perfectly,salad,keeps,easy,business,pleased,ze,nice,par,fan
complaints,great,loves,excellent,service,highly,potatoes,ever,perfect,lemon,love,glad,micro,happy,best,perfectly,salad,keeps,easy,business,pleased,ze,nice,par,fan
complaints,great,loves,excellent,service,highly,potatoes,ever,perfect,lemon,love,glad,micro,happy,best,perfectly,salad,keeps,easy,business,pleased,ze,nice,par,fan
complaints,great,loves,excellent,service,highly,potatoes,ever,perfect,lemon,love,glad,micro,happy,best,perfectly,salad,keeps,easy,business,pleased,ze,nice,par,fan
complaints,great,loves,excellent,service,highly,potatoes,ever,perfect,lemon,love,glad,micro,happy,best,perfectly,salad,keeps,easy,business,pleased,ze,nice,par,fan
complaints,great,loves,excellent,service,highly,potatoes,ever,perfect,lemon,love,glad,micro,happy,best,perfectly,salad,keeps,easy,business,pleased,ze,nice,par,fan
complaints,great,loves,excellent,service,highly,potatoes,ever,perfect,lemon,love,glad,micro,happy,best,perfectly,salad,keeps,easy,business,pleased,ze,nice,par,fan
complaints,great,loves,excellent,service,highly,potatoes,ever,perfect,lemon,love,glad,micro,happy,best,perfectly,salad,keeps,easy,business,pleased,ze,nice,par,fan
complaints,great,loves,excellent,service,highly,potatoes,ever,perfect,lemon,love,glad,micro,happy,best,perfectly,salad,keeps,easy,business,pleased,ze,nice,par,fan
complaints,great,loves,excellent,service,highly,potatoes,ever,perfect,lemon,love,glad,micro,happy,best,perfectly,salad,keeps,easy,business,pleased,ze,nice,par,fan
complaints,great,loves,excellent,service,highly,potatoes,ever,perfect,lemon,love,glad,micro,happy,best,perfectly,salad,keeps,easy,business,pleased,ze,nice,par,fan
complaints,great,loves,excellent,service,highly,potatoes,ever,perfect,lemon,love,micro,happy,best,perfectly,salad,keeps,easy,business,pleased,ze,nice,par,mas,fan
complaints,great,loves,excellent,service,highly,potatoes,ever,perfect,lemon,love,micro,happy,best,perfectly,salad,keeps,easy,business,pleased,ze,nice,par,mas,fan
complaints,great,loves,excellent,service,highly,potatoes,ever,perfect,lemon,love,micro,happy,best,perfectly,salad,keeps,easy,business,pleased,ze,nice,par,mas,fan
complaints,great,loves,excellent,service,highly,potatoes,ever,perfect,lemon,love,micro,happy,best,perfectly,salad,keeps,easy,business,pleased,ze,nice,par,mas,fan
complaints,great,loves,excellent,service,highly,potatoes,ever,perfect,lemon,love,micro,happy,best,perfectly,salad,keeps,easy,business,pleased,ze,nice,par,mas,fan
complaints,great,loves,excellent,service,highly,potatoes,ever,perfect,lemon,love,micro,happy,best,perfectly,salad,keeps,easy,business,pleased,ze,nice,par,mas,fan
complaints,great,loves,excellent,service,highly,potatoes,ever,perfect,lemon,love,micro,happy,best,perfectly,salad,keeps,easy,business,pleased,ze,nice,par,mas,fan
complaints,great,loves,excellent,service,highly,potatoes,ever,perfect,lemon,love,micro,happy,best,perfectly,salad,keeps,easy,business,pleased,ze,nice,par,mas,fan
complaints,great,loves,excellent,service,highly,potatoes,ever,perfect,lemon,love,micro,happy,best,perfectly,salad,keeps,easy,business,pleased,ze,nice,par,mas,fan
complaints,great,loves,excellent,service,highly,potatoes,ever,perfect,lemon,love,micro,happy,best,perfectly,salad,keeps,easy,business,pleased,ze,nice,par,mas,fan
complaints,great,loves,excellent,service,highly,potatoes,ever,perfect,lemon,love,micro,happy,best,perfectly,salad,keeps,easy,business,pleased,ze,nice,par,mas,fan
complaints,great,loves,excellent,service,highly,potatoes,ever,perfect,lemon,love,micro,happy,best,perfectly,salad,keeps,easy,business,pleased,ze,nice,par,mas,fan
complaints,great,loves,excellent,service,highly,potatoes,ever,perfect,lemon,love,micro,happy,best,perfectly,salad,keeps,easy,business,pleased,ze,nice,par,mas,fan
complaints,great,loves,excellent,service,highly,potatoes,ever,perfect,lemon,love,micro,happy,best,perfectly,salad,keeps,easy,business,pleased,ze,nice,par,mas,fan
complaints,great,loves,excellent,service,highly,potatoes,ginger,ever,perfect,lemon,love,micro,happy,best,salad,keeps,easy,business,pleased,ze,nice,par,mas,fan
complaints,great,loves,excellent,service,highly,potatoes,ginger,ever,perfect,lemon,love,micro,happy,best,salad,keeps,easy,business,pleased,ze,nice,par,mas,fan
complaints,great,loves,excellent,service,highly,potatoes,ginger,ever,perfect,lemon,love,micro,happy,best,salad,keeps,easy,business,pleased,ze,nice,par,mas,fan
complaints,great,loves,excellent,service,highly,potatoes,ginger,ever,perfect,lemon,love,micro,happy,best,salad,keeps,easy,business,pleased,ze,nice,par,mas,fan
complaints,great,loves,excellent,awesome,service,highly,potatoes,ginger,ever,perfect,lemon,love,micro,happy,best,salad,easy,business,pleased,ze,nice,par,mas,fan
complaints,great,loves,excellent,awesome,service,highly,potatoes,ginger,ever,perfect,lemon,love,micro,happy,best,salad,easy,business,pleased,ze,nice,par,mas,fan
complaints,great,loves,excellent,awesome,service,highly,potatoes,ginger,ever,perfect,lemon,love,micro,happy,best,salad,easy,business,pleased,ze,nice,par,mas,fan
complaints,great,loves,excellent,awesome,service,highly,potatoes,ginger,ever,perfect,lemon,love,micro,happy,best,salad,easy,business,pleased,ze,nice,par,mas,fan
complaints,great,loves,excellent,awesome,service,highly,potatoes,ginger,ever,perfect,lemon,love,micro,happy,best,salad,easy,business,pleased,ze,nice,par,mas,fan
complaints,great,loves,excellent,awesome,service,highly,potatoes,ginger,ever,perfect,lemon,love,micro,happy,best,salad,easy,business,pleased,ze,nice,par,mas,fan
complaints,great,loves,excellent,awesome,service,highly,potatoes,ginger,ever,perfect,lemon,love,micro,happy,best,salad,easy,business,pleased,ze,nice,par,mas,fan
complaints,great,loves,excellent,awesome,service,highly,potatoes,ginger,ever,perfect,lemon,love,micro,happy,best,salad,easy,business,pleased,ze,nice,par,mas,fan
complaints,great,loves,excellent,awesome,service,highly,potatoes,ginger,ever,perfect,lemon,love,micro,happy,best,salad,easy,business,pleased,ze,nice,par,mas,fan
complaints,great,loves,excellent,awesome,service,highly,potatoes,ginger,ever,perfect,lemon,love,micro,happy,best,salad,easy,business,pleased,ze,nice,par,mas,fan
complaints,great,loves,excellent,awesome,service,highly,potatoes,ginger,ever,perfect,lemon,love,micro,happy,best,salad,easy,business,pleased,ze,nice,par,mas,fan
complaints,great,loves,excellent,awesome,service,highly,potatoes,ginger,ever,perfect,lemon,love,micro,happy,best,salad,easy,business,pleased,ze,nice,par,mas,fan
complaints,great,loves,excellent,awesome,service,highly,potatoes,ginger,ever,perfect,lemon,love,micro,happy,best,salad,easy,business,pleased,ze,nice,par,mas,fan
complaints,great,loves,excellent,awesome,service,highly,potatoes,ginger,ever,perfect,lemon,love,micro,happy,best,salad,easy,business,pleased,ze,nice,par,mas,fan
complaints,great,loves,excellent,awesome,service,highly,potatoes,ginger,ever,perfect,lemon,love,micro,happy,best,salad,easy,business,pleased,ze,nice,par,mas,fan
complaints,great,loves,excellent,awesome,service,highly,potatoes,ginger,ever,perfect,lemon,love,micro,happy,best,salad,easy,business,pleased,ze,nice,par,mas,fan
complaints,great,loves,excellent,awesome,service,highly,potatoes,ginger,ever,perfect,lemon,love,micro,happy,best,salad,easy,business,pleased,ze,nice,par,mas,fan
complaints,great,loves,excellent,awesome,service,highly,potatoes,ginger,ever,perfect,lemon,love,micro,happy,best,salad,easy,business,pleased,ze,nice,par,mas,fan
complaints,great,loves,excellent,awesome,service,highly,potatoes,ginger,ever,perfect,lemon,love,micro,happy,best,salad,easy,business,pleased,ze,nice,par,mas,fan
complaints,great,loves,excellent,awesome,service,highly,potatoes,ginger,ever,perfect,lemon,love,micro,happy,best,salad,easy,business,pleased,ze,nice,par,mas,fan
complaints,great,loves,excellent,awesome,service,highly,potatoes,ginger,ever,perfect,lemon,love,micro,happy,best,salad,easy,business,pleased,ze,nice,par,mas,fan
complaints,great,loves,excellent,awesome,service,highly,potatoes,ginger,ever,perfect,lemon,love,micro,happy,best,salad,easy,business,pleased,ze,nice,par,mas,fan
complaints,great,loves,excellent,awesome,service,highly,potatoes,ginger,ever,perfect,lemon,love,micro,happy,best,salad,easy,business,pleased,ze,nice,par,mas,fan
complaints,great,loves,excellent,awesome,service,highly,potatoes,ginger,ever,perfect,lemon,love,micro,happy,best,salad,easy,business,pleased,ze,nice,par,mas,fan
complaints,great,loves,excellent,awesome,service,highly,potatoes,ginger,ever,perfect,lemon,love,happy,best,perfectly,salad,easy,business,pleased,ze,nice,par,mas,fan
complaints,great,loves,excellent,awesome,service,highly,potatoes,ginger,ever,perfect,lemon,love,happy,best,perfectly,salad,easy,business,pleased,ze,nice,par,mas,fan
complaints,great,loves,excellent,awesome,service,highly,potatoes,ginger,ever,perfect,lemon,love,happy,best,perfectly,salad,easy,business,pleased,ze,nice,par,mas,fan
complaints,great,loves,excellent,awesome,service,highly,potatoes,ginger,ever,perfect,lemon,love,happy,best,perfectly,salad,easy,business,pleased,ze,nice,par,mas,fan
complaints,great,loves,excellent,awesome,service,highly,potatoes,ginger,ever,perfect,lemon,love,happy,best,perfectly,salad,easy,business,pleased,ze,nice,par,mas,fan
complaints,great,loves,excellent,awesome,service,highly,potatoes,ginger,ever,perfect,lemon,love,happy,best,perfectly,salad,easy,business,pleased,ze,nice,par,mas,fan
complaints,great,loves,excellent,awesome,service,highly,potatoes,ginger,ever,perfect,lemon,love,happy,best,perfectly,salad,easy,business,pleased,ze,nice,par,mas,fan
complaints,great,loves,excellent,awesome,service,highly,potatoes,ginger,ever,perfect,lemon,love,happy,best,perfectly,salad,easy,business,pleased,ze,nice,par,mas,fan
complaints,great,loves,excellent,awesome,service,highly,potatoes,ginger,ever,perfect,lemon,love,happy,best,perfectly,salad,easy,business,pleased,ze,nice,par,mas,fan
complaints,great,loves,excellent,awesome,service,highly,potatoes,ginger,ever,perfect,lemon,love,happy,best,perfectly,salad,easy,business,pleased,ze,nice,par,mas,fan
complaints,great,loves,excellent,awesome,service,highly,potatoes,ginger,ever,perfect,lemon,love,happy,best,perfectly,salad,easy,business,pleased,ze,nice,par,mas,fan
complaints,great,loves,excellent,awesome,service,highly,potatoes,ginger,ever,perfect,lemon,love,happy,best,perfectly,salad,easy,business,pleased,ze,nice,par,mas,fan
complaints,great,loves,excellent,awesome,service,highly,potatoes,ginger,ever,perfect,lemon,love,happy,best,perfectly,salad,easy,business,pleased,ze,nice,par,mas,fan
complaints,great,loves,excellent,awesome,service,highly,potatoes,ginger,ever,perfect,lemon,love,happy,best,perfectly,salad,easy,business,pleased,ze,nice,par,mas,fan
complaints,great,loves,excellent,awesome,service,highly,potatoes,ginger,ever,perfect,lemon,love,happy,best,perfectly,salad,easy,business,pleased,ze,nice,par,mas,fan
complaints,great,loves,excellent,awesome,service,highly,potatoes,ginger,ever,perfect,lemon,love,happy,best,perfectly,salad,easy,business,pleased,ze,nice,par,mas,fan
complaints,great,loves,excellent,awesome,service,highly,potatoes,ginger,ever,perfect,lemon,love,happy,best,perfectly,salad,easy,business,pleased,ze,nice,par,mas,fan
complaints,great,loves,excellent,awesome,service,highly,potatoes,ginger,ever,perfect,lemon,love,happy,best,perfectly,salad,easy,business,pleased,ze,nice,par,mas,fan
complaints,great,loves,excellent,awesome,service,highly,potatoes,ginger,ever,perfect,lemon,love,happy,best,perfectly,salad,easy,business,pleased,ze,nice,par,mas,fan
complaints,great,loves,excellent,awesome,service,highly,potatoes,ginger,ever,perfect,lemon,love,happy,best,perfectly,salad,easy,business,pleased,ze,nice,par,mas,fan
complaints,great,loves,excellent,awesome,service,highly,potatoes,ginger,ever,perfect,lemon,love,happy,best,perfectly,salad,easy,business,pleased,ze,nice,par,mas,fan
complaints,great,loves,excellent,awesome,service,highly,potatoes,ginger,ever,perfect,lemon,love,happy,best,perfectly,salad,easy,business,pleased,ze,nice,par,mas,fan
complaints,great,loves,excellent,awesome,service,highly,potatoes,ginger,ever,perfect,lemon,love,happy,best,perfectly,salad,easy,business,pleased,ze,nice,par,mas,fan
complaints,great,loves,excellent,awesome,service,highly,potatoes,ginger,ever,perfect,lemon,love,happy,best,perfectly,salad,easy,business,pleased,ze,nice,par,mas,fan
complaints,great,loves,excellent,awesome,service,highly,potatoes,ginger,ever,perfect,lemon,love,happy,best,perfectly,salad,easy,business,pleased,ze,nice,par,mas,fan
complaints,great,loves,excellent,awesome,service,highly,potatoes,ginger,ever,perfect,lemon,love,happy,best,perfectly,salad,easy,business,pleased,ze,nice,par,mas,fan
complaints,great,loves,excellent,awesome,service,highly,potatoes,ginger,ever,perfect,lemon,love,happy,best,perfectly,salad,easy,business,pleased,ze,nice,par,mas,fan
complaints,great,loves,excellent,awesome,service,highly,potatoes,ginger,ever,perfect,lemon,love,happy,best,perfectly,salad,easy,business,pleased,ze,nice,par,mas,fan
complaints,great,loves,excellent,awesome,service,highly,potatoes,ginger,ever,perfect,lemon,love,happy,best,perfectly,salad,easy,business,pleased,ze,nice,par,mas,fan
complaints,great,loves,excellent,awesome,service,highly,potatoes,ginger,ever,perfect,lemon,love,happy,best,perfectly,salad,easy,business,pleased,ze,nice,par,mas,fan
complaints,great,loves,excellent,awesome,service,highly,potatoes,ginger,ever,perfect,lemon,love,happy,best,perfectly,salad,easy,business,pleased,ze,nice,par,mas,fan
complaints,great,loves,excellent,awesome,service,highly,potatoes,ginger,ever,perfect,lemon,love,happy,best,perfectly,salad,easy,business,pleased,ze,nice,par,mas,fan
complaints,great,loves,excellent,awesome,service,highly,potatoes,ginger,ever,perfect,lemon,love,happy,best,perfectly,salad,easy,business,pleased,ze,nice,par,mas,fan
complaints,great,loves,excellent,awesome,service,highly,potatoes,ginger,ever,perfect,lemon,love,happy,best,perfectly,salad,easy,business,pleased,ze,nice,par,mas,fan
complaints,great,loves,excellent,awesome,service,highly,potatoes,ginger,ever,perfect,lemon,love,happy,best,perfectly,salad,easy,business,pleased,ze,nice,par,mas,fan
complaints,great,loves,excellent,awesome,service,highly,potatoes,ginger,ever,perfect,lemon,love,happy,best,perfectly,salad,easy,business,pleased,ze,nice,par,mas,fan
complaints,great,loves,excellent,awesome,service,highly,potatoes,ginger,ever,perfect,lemon,love,happy,best,perfectly,salad,easy,business,pleased,ze,nice,par,mas,fan
complaints,great,loves,excellent,awesome,service,highly,potatoes,ginger,ever,perfect,lemon,love,happy,best,perfectly,salad,easy,business,pleased,ze,nice,par,mas,fan
complaints,great,loves,excellent,awesome,service,highly,potatoes,ginger,ever,perfect,lemon,love,happy,best,perfectly,salad,easy,business,pleased,ze,nice,par,mas,fan
complaints,great,loves,excellent,awesome,service,highly,potatoes,ginger,ever,perfect,lemon,love,happy,best,perfectly,salad,easy,business,pleased,ze,nice,par,mas,fan
complaints,great,loves,excellent,awesome,service,highly,potatoes,ginger,ever,perfect,lemon,love,happy,best,perfectly,salad,easy,business,pleased,ze,nice,par,mas,fan
complaints,great,loves,excellent,awesome,service,highly,potatoes,ginger,ever,perfect,lemon,love,happy,best,perfectly,salad,easy,business,pleased,ze,nice,par,mas,fan
complaints,great,loves,excellent,awesome,service,highly,potatoes,ginger,ever,perfect,lemon,love,happy,best,perfectly,salad,easy,business,pleased,ze,nice,par,mas,fan
complaints,great,loves,excellent,awesome,service,highly,potatoes,ginger,ever,perfect,lemon,love,happy,best,perfectly,salad,easy,business,pleased,ze,nice,par,mas,fan
complaints,great,loves,excellent,awesome,service,highly,potatoes,ginger,ever,perfect,lemon,love,happy,best,perfectly,salad,easy,business,pleased,ze,nice,par,mas,fan
complaints,great,loves,excellent,awesome,service,highly,potatoes,ginger,ever,perfect,lemon,love,happy,best,perfectly,salad,easy,business,pleased,ze,nice,par,mas,fan
complaints,great,loves,excellent,awesome,service,highly,potatoes,ginger,ever,perfect,lemon,love,happy,best,perfectly,salad,easy,business,pleased,ze,nice,par,mas,fan
complaints,great,loves,excellent,awesome,service,highly,potatoes,ginger,ever,perfect,lemon,love,happy,best,perfectly,salad,easy,business,pleased,ze,nice,par,mas,fan
complaints,great,loves,excellent,awesome,service,highly,potatoes,ginger,ever,perfect,lemon,love,happy,best,perfectly,salad,easy,business,pleased,ze,nice,par,mas,fan
complaints,great,loves,excellent,awesome,highly,potatoes,ginger,ever,perfect,lemon,love,happy,best,perfectly,salad,keeps,easy,business,pleased,ze,nice,par,mas,fan
complaints,great,loves,excellent,awesome,highly,potatoes,ginger,ever,perfect,lemon,love,happy,best,perfectly,salad,keeps,easy,business,pleased,ze,nice,par,mas,fan
great,loves,excellent,awesome,highly,potatoes,ginger,ever,perfect,lemon,love,happy,best,perfectly,salad,keeps,easy,business,pleased,ze,day,hot,nice,par,mas
great,loves,excellent,awesome,highly,potatoes,ginger,ever,perfect,lemon,love,happy,best,perfectly,salad,keeps,easy,business,pleased,ze,day,hot,nice,par,mas
great,loves,excellent,awesome,highly,potatoes,ginger,ever,perfect,lemon,love,happy,best,perfectly,salad,keeps,easy,business,pleased,ze,day,hot,nice,par,mas
great,loves,excellent,awesome,highly,potatoes,ginger,ever,perfect,lemon,love,happy,best,perfectly,salad,keeps,easy,business,pleased,ze,day,hot,nice,par,mas
great,loves,excellent,awesome,highly,potatoes,ginger,ever,perfect,lemon,love,happy,best,perfectly,salad,keeps,easy,business,pleased,ze,day,hot,nice,par,mas
great,loves,excellent,awesome,highly,potatoes,ginger,ever,perfect,lemon,love,happy,best,perfectly,salad,keeps,easy,business,pleased,ze,day,hot,nice,par,mas
great,loves,excellent,awesome,highly,potatoes,ginger,ever,perfect,lemon,love,happy,best,perfectly,salad,keeps,easy,business,pleased,ze,day,hot,nice,par,mas
great,loves,excellent,awesome,highly,potatoes,ginger,ever,perfect,lemon,love,happy,best,perfectly,salad,keeps,easy,business,pleased,ze,day,hot,nice,par,mas
great,loves,excellent,awesome,highly,potatoes,ginger,ever,perfect,lemon,love,happy,best,perfectly,salad,keeps,easy,business,pleased,ze,day,hot,nice,par,mas
great,loves,excellent,awesome,highly,potatoes,ginger,ever,perfect,lemon,love,happy,best,perfectly,salad,keeps,easy,business,pleased,ze,day,hot,nice,par,mas
great,loves,excellent,awesome,highly,potatoes,ginger,ever,perfect,lemon,love,happy,best,perfectly,salad,keeps,easy,business,pleased,ze,day,hot,nice,par,mas
great,loves,excellent,awesome,highly,potatoes,ginger,ever,perfect,lemon,love,happy,best,perfectly,salad,keeps,easy,business,pleased,ze,day,hot,nice,par,mas
great,loves,excellent,awesome,highly,potatoes,ginger,ever,perfect,lemon,love,happy,best,perfectly,salad,keeps,easy,business,pleased,ze,day,hot,nice,par,mas
great,loves,excellent,awesome,highly,potatoes,ginger,ever,perfect,lemon,love,happy,best,perfectly,salad,keeps,easy,business,pleased,ze,day,hot,nice,par,mas
great,loves,excellent,awesome,highly,potatoes,ginger,ever,perfect,lemon,love,happy,best,perfectly,salad,keeps,easy,business,pleased,ze,day,hot,nice,par,mas
great,loves,excellent,awesome,highly,potatoes,ginger,ever,perfect,lemon,love,happy,best,perfectly,salad,keeps,easy,business,pleased,ze,day,hot,nice,par,mas
great,loves,excellent,awesome,highly,potatoes,ginger,ever,perfect,lemon,love,happy,best,perfectly,salad,keeps,easy,business,pleased,ze,day,hot,nice,par,mas
great,loves,excellent,awesome,highly,potatoes,ginger,ever,perfect,lemon,love,happy,best,perfectly,salad,keeps,easy,business,pleased,ze,day,hot,nice,par,mas
great,loves,excellent,awesome,highly,potatoes,ginger,ever,perfect,lemon,love,happy,best,perfectly,salad,keeps,easy,business,pleased,ze,day,hot,nice,par,mas
great,loves,excellent,awesome,highly,potatoes,ginger,ever,perfect,lemon,love,happy,best,perfectly,salad,keeps,easy,business,pleased,ze,day,hot,nice,par,mas
great,loves,excellent,awesome,highly,potatoes,ginger,ever,perfect,lemon,love,happy,best,perfectly,salad,keeps,easy,business,pleased,ze,day,hot,nice,par,mas
great,loves,excellent,awesome,highly,potatoes,ginger,ever,perfect,lemon,love,happy,best,perfectly,salad,keeps,easy,business,pleased,ze,day,hot,nice,par,mas
great,loves,excellent,awesome,highly,potatoes,ginger,ever,perfect,lemon,love,happy,best,perfectly,salad,keeps,easy,business,pleased,ze,day,hot,nice,par,mas
great,loves,excellent,awesome,highly,potatoes,ginger,ever,perfect,lemon,love,happy,best,perfectly,salad,keeps,easy,business,pleased,ze,day,hot,nice,par,mas
great,loves,excellent,awesome,highly,potatoes,ginger,ever,perfect,lemon,love,happy,best,perfectly,salad,keeps,easy,business,pleased,ze,day,hot,nice,par,mas
great,loves,excellent,awesome,highly,potatoes,ginger,ever,perfect,lemon,love,happy,best,perfectly,salad,keeps,easy,business,pleased,ze,day,hot,nice,par,mas
great,loves,excellent,awesome,highly,potatoes,ginger,ever,perfect,lemon,love,happy,best,perfectly,salad,keeps,easy,business,pleased,ze,day,hot,nice,par,mas
great,loves,excellent,awesome,highly,potatoes,ginger,ever,perfect,lemon,love,happy,best,perfectly,salad,keeps,easy,business,pleased,ze,day,hot,nice,par,mas
great,loves,excellent,awesome,highly,potatoes,ginger,ever,perfect,lemon,love,happy,best,perfectly,salad,keeps,easy,business,pleased,ze,day,hot,nice,par,mas
great,loves,excellent,awesome,highly,potatoes,ginger,ever,perfect,lemon,love,happy,best,perfectly,salad,keeps,easy,business,pleased,ze,day,hot,nice,par,mas
great,loves,excellent,awesome,highly,potatoes,ginger,ever,perfect,lemon,love,happy,best,perfectly,salad,keeps,easy,business,pleased,ze,day,hot,nice,par,mas
great,loves,excellent,awesome,highly,potatoes,ginger,ever,perfect,lemon,love,happy,best,perfectly,salad,keeps,easy,business,pleased,ze,day,hot,nice,par,mas
great,loves,excellent,awesome,highly,potatoes,ginger,ever,perfect,lemon,love,happy,best,perfectly,salad,keeps,easy,business,pleased,ze,day,hot,nice,par,mas
great,loves,excellent,awesome,highly,potatoes,ginger,ever,perfect,lemon,love,happy,best,perfectly,salad,keeps,easy,business,pleased,ze,day,hot,nice,par,mas
great,loves,excellent,awesome,highly,potatoes,ginger,ever,perfect,lemon,love,happy,best,perfectly,salad,keeps,easy,business,pleased,ze,day,hot,nice,par,mas
great,loves,excellent,awesome,highly,potatoes,ginger,ever,perfect,lemon,love,happy,best,perfectly,salad,keeps,easy,business,pleased,ze,day,hot,nice,par,mas
great,loves,excellent,awesome,highly,potatoes,ginger,ever,perfect,lemon,love,happy,best,perfectly,salad,keeps,easy,business,pleased,ze,day,hot,nice,par,mas
great,loves,excellent,awesome,highly,potatoes,ginger,ever,perfect,lemon,love,happy,best,perfectly,salad,keeps,easy,business,pleased,ze,day,hot,nice,par,mas
great,loves,excellent,awesome,highly,potatoes,ginger,ever,perfect,lemon,love,happy,best,perfectly,salad,keeps,easy,business,pleased,ze,day,hot,nice,par,mas
great,loves,excellent,awesome,highly,potatoes,ginger,ever,perfect,lemon,love,happy,best,perfectly,salad,keeps,easy,business,pleased,ze,day,hot,nice,par,mas
great,loves,excellent,awesome,highly,potatoes,ginger,ever,perfect,lemon,love,happy,best,perfectly,salad,keeps,easy,business,pleased,ze,day,hot,nice,par,mas
great,loves,excellent,awesome,highly,potatoes,ginger,ever,perfect,lemon,love,happy,best,perfectly,salad,keeps,easy,business,pleased,ze,day,hot,nice,par,mas
great,loves,excellent,awesome,highly,potatoes,ginger,ever,perfect,lemon,love,happy,best,perfectly,salad,keeps,easy,business,pleased,ze,day,hot,nice,par,mas
great,loves,excellent,awesome,highly,potatoes,ginger,ever,perfect,lemon,love,happy,best,perfectly,salad,keeps,easy,business,pleased,ze,day,hot,nice,par,mas
great,loves,excellent,awesome,highly,potatoes,ginger,ever,perfect,lemon,love,happy,best,perfectly,salad,keeps,easy,business,pleased,ze,day,hot,nice,par,mas
great,loves,excellent,awesome,highly,potatoes,ginger,ever,perfect,lemon,love,happy,best,perfectly,salad,keeps,easy,business,pleased,ze,day,hot,nice,par,mas
great,loves,excellent,awesome,highly,potatoes,ginger,ever,perfect,lemon,love,happy,best,perfectly,salad,keeps,easy,business,pleased,ze,day,hot,nice,par,mas
great,loves,excellent,awesome,highly,potatoes,ginger,ever,perfect,lemon,love,happy,best,perfectly,salad,keeps,easy,business,pleased,ze,day,hot,nice,par,mas
great,loves,excellent,awesome,highly,potatoes,ginger,ever,perfect,lemon,love,happy,best,perfectly,salad,keeps,easy,business,pleased,ze,day,hot,nice,par,mas
great,loves,excellent,awesome,highly,potatoes,ginger,ever,perfect,lemon,love,happy,best,perfectly,salad,keeps,easy,business,pleased,ze,day,hot,nice,par,mas
great,loves,excellent,awesome,highly,potatoes,ginger,ever,perfect,lemon,love,happy,best,perfectly,salad,keeps,easy,business,pleased,ze,day,hot,nice,par,mas
great,loves,excellent,awesome,highly,potatoes,ginger,ever,perfect,lemon,love,happy,best,perfectly,salad,keeps,easy,business,pleased,ze,day,hot,nice,par,mas
great,loves,excellent,awesome,highly,potatoes,ginger,ever,perfect,lemon,love,happy,best,perfectly,salad,keeps,easy,business,pleased,ze,day,hot,nice,par,mas
great,loves,excellent,awesome,highly,potatoes,ginger,ever,perfect,lemon,love,happy,best,perfectly,salad,keeps,easy,business,pleased,ze,day,hot,nice,par,mas
great,loves,excellent,awesome,highly,potatoes,ginger,ever,perfect,lemon,love,happy,best,perfectly,salad,keeps,easy,business,pleased,ze,day,hot,nice,par,mas
great,loves,excellent,awesome,highly,potatoes,ginger,ever,perfect,lemon,love,happy,best,perfectly,salad,keeps,easy,business,pleased,ze,day,hot,nice,par,mas
great,loves,excellent,awesome,highly,potatoes,ginger,ever,perfect,lemon,love,happy,best,perfectly,salad,keeps,easy,business,pleased,ze,day,hot,nice,par,mas
great,loves,excellent,awesome,highly,potatoes,ginger,ever,perfect,lemon,love,happy,best,perfectly,salad,keeps,easy,business,pleased,ze,day,hot,nice,par,mas
great,loves,excellent,awesome,highly,potatoes,ginger,ever,perfect,lemon,love,happy,best,perfectly,salad,keeps,easy,business,pleased,ze,day,hot,nice,par,mas
great,loves,excellent,awesome,highly,potatoes,ginger,ever,perfect,lemon,love,happy,best,perfectly,salad,keeps,easy,business,pleased,ze,day,hot,nice,par,mas
great,loves,excellent,awesome,highly,potatoes,ginger,ever,perfect,lemon,love,happy,best,perfectly,salad,keeps,easy,business,pleased,ze,day,hot,nice,par,mas
great,loves,excellent,awesome,highly,potatoes,ginger,ever,perfect,lemon,love,happy,best,perfectly,salad,keeps,easy,business,pleased,ze,day,hot,nice,par,mas
great,loves,excellent,awesome,highly,potatoes,ginger,ever,perfect,lemon,love,happy,best,perfectly,salad,keeps,easy,business,pleased,ze,day,hot,nice,par,mas
great,loves,excellent,awesome,highly,potatoes,ginger,ever,perfect,lemon,love,happy,best,perfectly,salad,keeps,easy,business,pleased,ze,day,hot,nice,par,mas
great,loves,excellent,awesome,highly,potatoes,ginger,ever,perfect,lemon,love,happy,best,perfectly,salad,keeps,easy,business,pleased,ze,day,hot,nice,par,mas
great,loves,excellent,awesome,highly,potatoes,ginger,ever,perfect,lemon,love,happy,best,perfectly,salad,keeps,easy,business,pleased,ze,day,hot,nice,par,mas
great,loves,excellent,awesome,highly,potatoes,ginger,ever,perfect,lemon,love,happy,best,perfectly,salad,keeps,easy,business,pleased,ze,day,hot,nice,par,mas
great,loves,excellent,awesome,highly,potatoes,ginger,ever,perfect,lemon,love,happy,best,perfectly,salad,keeps,easy,business,pleased,ze,day,hot,nice,par,mas
great,loves,excellent,awesome,highly,potatoes,ginger,ever,perfect,lemon,love,happy,best,perfectly,salad,keeps,easy,business,pleased,ze,day,hot,nice,par,mas
great,loves,excellent,awesome,highly,potatoes,ginger,ever,perfect,lemon,love,happy,best,perfectly,salad,keeps,easy,business,pleased,ze,day,hot,nice,par,mas
great,loves,excellent,awesome,highly,potatoes,ginger,ever,perfect,lemon,love,happy,best,perfectly,salad,keeps,easy,business,pleased,ze,day,hot,nice,par,mas
great,loves,excellent,awesome,highly,potatoes,ginger,ever,perfect,lemon,love,happy,best,perfectly,salad,keeps,easy,business,pleased,ze,day,hot,nice,par,mas
great,loves,excellent,awesome,highly,potatoes,ginger,ever,perfect,lemon,love,happy,best,perfectly,salad,keeps,easy,business,pleased,ze,day,hot,nice,par,mas
great,loves,excellent,awesome,highly,potatoes,ginger,ever,perfect,lemon,love,happy,best,perfectly,salad,keeps,easy,business,pleased,ze,day,hot,nice,par,mas
great,loves,excellent,awesome,highly,potatoes,ginger,ever,perfect,lemon,love,happy,best,perfectly,salad,keeps,easy,business,pleased,ze,day,hot,nice,par,mas
great,loves,excellent,awesome,highly,potatoes,ginger,ever,perfect,lemon,love,happy,best,perfectly,salad,keeps,easy,business,pleased,ze,day,hot,nice,par,mas
great,loves,excellent,awesome,highly,potatoes,ginger,ever,perfect,lemon,love,happy,best,perfectly,salad,keeps,easy,business,pleased,ze,day,hot,nice,par,mas
great,loves,excellent,awesome,highly,potatoes,ginger,ever,perfect,lemon,love,happy,best,perfectly,salad,keeps,easy,business,pleased,ze,day,hot,nice,par,mas
great,loves,excellent,awesome,highly,potatoes,ginger,ever,perfect,lemon,love,happy,best,perfectly,salad,keeps,easy,business,pleased,ze,day,hot,nice,par,mas
great,loves,excellent,awesome,highly,potatoes,ginger,ever,perfect,lemon,love,happy,best,perfectly,salad,keeps,easy,business,pleased,ze,day,hot,nice,par,mas
great,loves,excellent,awesome,highly,potatoes,ginger,ever,perfect,lemon,love,happy,best,perfectly,salad,keeps,easy,business,pleased,ze,day,hot,nice,par,mas
great,loves,excellent,awesome,highly,potatoes,ginger,ever,perfect,lemon,love,happy,best,perfectly,salad,keeps,easy,business,pleased,ze,day,hot,nice,par,mas
great,loves,excellent,awesome,highly,potatoes,ginger,ever,perfect,lemon,love,happy,best,perfectly,salad,keeps,easy,business,pleased,ze,day,hot,nice,par,mas
great,loves,excellent,awesome,highly,potatoes,ginger,ever,perfect,lemon,love,happy,best,perfectly,salad,keeps,easy,business,pleased,ze,day,hot,nice,par,mas
great,loves,excellent,awesome,highly,potatoes,ginger,ever,perfect,lemon,love,happy,best,perfectly,salad,keeps,easy,business,pleased,ze,day,hot,nice,par,mas
great,loves,excellent,awesome,highly,potatoes,ginger,ever,perfect,lemon,love,happy,best,perfectly,salad,keeps,easy,business,pleased,ze,day,hot,nice,par,mas
great,loves,excellent,awesome,highly,potatoes,ginger,ever,perfect,lemon,love,happy,best,perfectly,salad,keeps,easy,business,pleased,ze,day,hot,nice,par,mas
great,loves,excellent,awesome,highly,potatoes,ginger,ever,perfect,lemon,love,happy,best,perfectly,salad,keeps,easy,business,pleased,ze,day,hot,nice,par,mas
great,loves,excellent,awesome,highly,potatoes,ginger,ever,perfect,lemon,love,happy,best,perfectly,salad,keeps,easy,business,pleased,ze,day,hot,nice,par,mas
great,loves,excellent,awesome,highly,potatoes,ginger,ever,perfect,lemon,love,happy,best,perfectly,salad,keeps,easy,business,pleased,ze,day,hot,nice,par,mas
great,loves,excellent,awesome,highly,potatoes,ginger,ever,perfect,lemon,love,happy,best,perfectly,salad,keeps,easy,business,pleased,ze,day,hot,nice,par,mas
great,loves,excellent,awesome,highly,potatoes,ginger,ever,perfect,lemon,love,happy,best,perfectly,salad,keeps,easy,business,pleased,ze,day,hot,nice,par,mas
great,loves,excellent,awesome,highly,potatoes,ginger,ever,perfect,lemon,love,happy,best,perfectly,salad,keeps,easy,business,pleased,ze,day,hot,nice,par,mas
great,loves,excellent,awesome,highly,potatoes,ginger,ever,perfect,lemon,love,happy,best,perfectly,salad,keeps,easy,business,pleased,ze,day,hot,nice,par,mas
great,loves,excellent,awesome,highly,potatoes,ginger,ever,perfect,lemon,love,happy,best,perfectly,salad,keeps,easy,business,pleased,ze,day,hot,nice,par,mas
great,loves,excellent,awesome,highly,potatoes,ginger,ever,perfect,lemon,love,happy,best,perfectly,salad,keeps,easy,business,pleased,ze,day,hot,nice,par,mas
great,loves,excellent,awesome,highly,potatoes,ginger,ever,perfect,lemon,love,happy,best,perfectly,salad,keeps,easy,business,pleased,ze,day,hot,nice,par,mas
great,loves,excellent,awesome,highly,potatoes,ginger,ever,perfect,lemon,love,happy,best,perfectly,salad,keeps,easy,business,pleased,ze,day,hot,nice,par,mas
great,loves,excellent,awesome,highly,potatoes,ginger,ever,perfect,lemon,love,happy,best,perfectly,salad,keeps,easy,business,pleased,ze,day,hot,nice,par,mas
great,loves,excellent,awesome,highly,potatoes,ginger,ever,perfect,lemon,love,happy,best,perfectly,salad,keeps,easy,business,pleased,ze,day,hot,nice,par,mas
great,loves,excellent,awesome,highly,potatoes,ginger,ever,perfect,lemon,love,happy,best,perfectly,salad,keeps,easy,business,pleased,ze,day,hot,nice,par,mas
great,loves,excellent,awesome,highly,potatoes,ginger,ever,perfect,lemon,love,happy,best,perfectly,salad,keeps,easy,business,pleased,ze,day,hot,nice,par,mas
great,loves,excellent,awesome,highly,potatoes,ginger,ever,perfect,lemon,love,happy,best,perfectly,salad,keeps,easy,business,pleased,ze,day,hot,nice,par,mas
great,loves,excellent,awesome,highly,potatoes,ginger,ever,perfect,lemon,love,happy,best,perfectly,salad,keeps,easy,business,pleased,ze,day,hot,nice,par,mas
great,loves,excellent,awesome,highly,potatoes,ginger,ever,perfect,lemon,love,happy,best,perfectly,salad,keeps,easy,business,pleased,ze,day,hot,nice,par,mas
great,loves,excellent,awesome,highly,potatoes,ginger,ever,perfect,lemon,love,happy,best,perfectly,salad,keeps,easy,business,pleased,ze,day,hot,nice,par,mas
great,loves,excellent,awesome,highly,potatoes,ginger,ever,perfect,lemon,love,happy,best,perfectly,salad,keeps,easy,business,pleased,ze,day,hot,nice,par,mas
great,loves,excellent,awesome,highly,potatoes,ginger,ever,perfect,lemon,love,happy,best,perfectly,salad,keeps,easy,business,pleased,ze,day,hot,nice,par,mas
great,loves,excellent,awesome,highly,potatoes,ginger,ever,perfect,lemon,love,happy,best,perfectly,salad,keeps,easy,business,pleased,ze,day,hot,nice,par,mas
great,loves,excellent,awesome,highly,potatoes,ginger,ever,perfect,lemon,love,happy,best,perfectly,salad,keeps,easy,business,pleased,ze,day,hot,nice,par,mas
great,loves,excellent,awesome,highly,potatoes,ginger,ever,perfect,lemon,love,happy,best,perfectly,salad,keeps,easy,business,pleased,ze,day,hot,nice,par,mas
great,loves,excellent,awesome,highly,potatoes,ginger,ever,perfect,lemon,love,happy,best,perfectly,salad,keeps,easy,business,pleased,ze,day,hot,nice,par,mas
great,loves,excellent,awesome,highly,potatoes,ginger,ever,perfect,lemon,love,happy,best,perfectly,salad,keeps,easy,business,pleased,ze,day,hot,nice,par,mas
great,loves,excellent,awesome,highly,potatoes,ginger,ever,perfect,lemon,love,happy,best,perfectly,salad,keeps,easy,business,pleased,ze,day,hot,nice,par,mas
great,loves,excellent,awesome,highly,potatoes,ginger,ever,perfect,lemon,love,happy,best,perfectly,salad,keeps,easy,business,pleased,ze,day,hot,nice,par,mas
great,loves,excellent,awesome,highly,potatoes,ginger,ever,perfect,lemon,love,happy,best,perfectly,salad,keeps,easy,business,pleased,ze,day,hot,nice,par,mas
great,loves,excellent,awesome,highly,potatoes,ginger,ever,perfect,lemon,love,happy,best,perfectly,salad,keeps,easy,business,pleased,ze,day,hot,nice,par,mas
great,loves,excellent,awesome,highly,potatoes,ginger,ever,perfect,lemon,love,happy,best,perfectly,salad,keeps,easy,business,pleased,ze,day,hot,nice,par,mas
great,loves,excellent,awesome,highly,potatoes,ginger,ever,perfect,lemon,love,happy,best,perfectly,salad,keeps,easy,business,pleased,ze,day,hot,nice,par,mas
great,loves,excellent,awesome,highly,potatoes,ginger,ever,perfect,lemon,love,happy,best,perfectly,salad,keeps,easy,business,pleased,ze,day,hot,nice,par,mas
great,loves,excellent,awesome,highly,potatoes,ginger,ever,perfect,lemon,love,happy,best,perfectly,salad,keeps,easy,business,pleased,ze,day,hot,nice,par,mas
great,loves,excellent,awesome,highly,potatoes,ginger,ever,perfect,lemon,love,happy,best,perfectly,salad,keeps,easy,business,pleased,ze,day,hot,nice,par,mas
great,loves,excellent,awesome,highly,potatoes,ginger,ever,perfect,lemon,love,happy,best,perfectly,salad,keeps,easy,business,pleased,ze,day,hot,nice,par,mas
great,loves,excellent,awesome,highly,potatoes,ginger,ever,perfect,lemon,love,happy,best,perfectly,salad,keeps,easy,business,pleased,ze,day,hot,nice,par,mas
great,loves,excellent,awesome,highly,potatoes,ginger,ever,perfect,lemon,love,happy,best,perfectly,salad,keeps,easy,business,pleased,ze,day,hot,nice,par,mas
great,loves,excellent,awesome,highly,potatoes,ginger,ever,perfect,lemon,love,happy,best,perfectly,salad,keeps,easy,business,pleased,ze,day,hot,nice,par,mas
great,loves,excellent,awesome,highly,potatoes,ginger,ever,perfect,lemon,love,happy,best,perfectly,salad,keeps,easy,business,pleased,ze,day,hot,nice,par,mas
great,loves,excellent,awesome,highly,potatoes,ginger,ever,perfect,lemon,love,happy,best,perfectly,salad,keeps,easy,business,pleased,ze,day,hot,nice,par,mas
great,loves,excellent,awesome,highly,potatoes,ginger,ever,perfect,lemon,love,happy,best,perfectly,salad,keeps,easy,business,pleased,ze,day,hot,nice,par,mas
great,loves,excellent,awesome,highly,potatoes,ginger,ever,perfect,lemon,love,happy,best,perfectly,salad,keeps,easy,business,pleased,ze,day,hot,nice,par,mas
great,loves,excellent,awesome,highly,potatoes,ginger,ever,perfect,lemon,love,happy,best,perfectly,salad,keeps,easy,business,pleased,ze,day,hot,nice,par,mas
great,loves,excellent,awesome,highly,potatoes,ginger,ever,perfect,lemon,love,happy,best,perfectly,salad,keeps,easy,business,pleased,ze,day,hot,nice,par,mas
great,loves,excellent,awesome,highly,potatoes,ginger,ever,perfect,lemon,love,happy,best,perfectly,salad,keeps,easy,business,pleased,ze,day,hot,nice,par,mas
great,loves,excellent,awesome,highly,potatoes,ginger,ever,perfect,lemon,love,happy,best,perfectly,salad,keeps,easy,business,pleased,ze,day,hot,nice,par,mas
great,loves,excellent,awesome,highly,potatoes,ginger,ever,perfect,lemon,love,happy,best,perfectly,salad,keeps,easy,business,pleased,ze,day,hot,nice,par,mas
great,loves,excellent,awesome,highly,potatoes,ginger,ever,perfect,lemon,love,happy,best,perfectly,salad,keeps,easy,business,pleased,ze,day,hot,nice,par,mas
great,loves,excellent,awesome,highly,potatoes,ginger,ever,perfect,lemon,love,happy,best,perfectly,salad,keeps,easy,business,pleased,ze,day,hot,nice,par,mas
great,loves,excellent,awesome,highly,potatoes,ginger,ever,perfect,lemon,love,happy,best,perfectly,salad,keeps,easy,business,pleased,ze,day,hot,nice,par,mas
great,loves,excellent,awesome,highly,potatoes,ginger,ever,perfect,lemon,love,happy,best,perfectly,salad,keeps,easy,business,pleased,ze,day,hot,nice,par,mas
great,loves,excellent,awesome,highly,potatoes,ginger,ever,perfect,lemon,love,happy,best,perfectly,salad,keeps,easy,business,pleased,ze,day,hot,nice,par,mas
great,loves,excellent,awesome,highly,potatoes,ginger,ever,perfect,lemon,love,happy,best,perfectly,salad,keeps,easy,business,pleased,ze,day,hot,nice,par,mas
great,loves,excellent,awesome,highly,potatoes,ginger,ever,perfect,lemon,love,happy,best,perfectly,salad,keeps,easy,business,pleased,ze,day,hot,nice,par,mas
great,loves,excellent,awesome,highly,potatoes,ginger,ever,perfect,lemon,love,happy,best,perfectly,salad,keeps,easy,business,pleased,ze,day,hot,nice,par,mas
great,loves,excellent,awesome,highly,potatoes,ginger,ever,perfect,lemon,love,happy,best,perfectly,salad,keeps,easy,business,pleased,ze,day,hot,nice,par,mas
great,loves,excellent,awesome,highly,potatoes,ginger,ever,perfect,lemon,love,happy,best,perfectly,salad,keeps,easy,business,pleased,ze,day,hot,nice,par,mas
great,loves,excellent,awesome,highly,potatoes,ginger,ever,perfect,lemon,love,happy,best,perfectly,salad,keeps,easy,business,pleased,ze,day,hot,nice,par,mas
great,loves,excellent,awesome,highly,potatoes,ginger,ever,perfect,lemon,love,happy,best,perfectly,salad,keeps,easy,business,pleased,ze,day,hot,nice,par,mas
great,loves,excellent,awesome,highly,potatoes,ginger,ever,perfect,lemon,love,happy,best,perfectly,salad,keeps,easy,business,pleased,ze,day,hot,nice,par,mas
great,loves,excellent,awesome,highly,potatoes,ginger,ever,perfect,lemon,love,happy,best,perfectly,salad,keeps,easy,business,pleased,ze,day,hot,nice,par,mas
great,loves,excellent,awesome,highly,potatoes,ginger,ever,perfect,lemon,love,happy,best,perfectly,salad,keeps,easy,business,pleased,ze,day,hot,nice,par,mas
great,loves,excellent,awesome,highly,potatoes,ginger,ever,perfect,lemon,love,happy,best,perfectly,salad,keeps,easy,business,pleased,ze,day,hot,nice,par,mas
great,loves,excellent,awesome,highly,potatoes,ginger,ever,perfect,lemon,love,happy,best,perfectly,salad,keeps,easy,business,pleased,ze,day,hot,nice,par,mas
great,loves,excellent,awesome,highly,potatoes,ginger,ever,perfect,lemon,love,happy,best,perfectly,salad,keeps,easy,business,pleased,ze,day,hot,nice,par,mas
great,loves,excellent,awesome,highly,potatoes,ginger,ever,perfect,lemon,love,happy,best,perfectly,salad,keeps,easy,business,pleased,ze,day,hot,nice,par,mas
great,loves,excellent,awesome,highly,potatoes,ginger,ever,perfect,lemon,love,happy,best,perfectly,salad,keeps,easy,business,pleased,ze,day,hot,nice,par,mas
great,loves,excellent,awesome,highly,potatoes,ginger,ever,perfect,lemon,love,happy,best,perfectly,salad,keeps,easy,business,pleased,ze,day,hot,nice,par,mas
great,loves,excellent,awesome,highly,potatoes,ginger,ever,perfect,lemon,love,happy,best,perfectly,salad,keeps,easy,business,pleased,ze,day,hot,nice,par,mas
great,loves,excellent,awesome,highly,potatoes,ginger,ever,perfect,lemon,love,happy,best,perfectly,salad,keeps,easy,business,pleased,ze,day,hot,nice,par,mas
great,loves,excellent,awesome,highly,potatoes,ginger,ever,perfect,lemon,love,happy,best,perfectly,salad,keeps,easy,business,pleased,ze,day,hot,nice,par,mas
great,loves,excellent,awesome,highly,potatoes,ginger,ever,perfect,lemon,love,happy,best,perfectly,salad,keeps,easy,business,pleased,ze,day,hot,nice,par,mas
great,loves,excellent,awesome,highly,potatoes,ginger,ever,perfect,lemon,love,happy,best,perfectly,salad,keeps,easy,business,pleased,ze,day,hot,nice,par,mas
great,loves,excellent,awesome,highly,potatoes,ginger,ever,perfect,lemon,love,happy,best,perfectly,salad,keeps,easy,business,pleased,ze,day,hot,nice,par,mas
great,loves,excellent,awesome,highly,potatoes,ginger,ever,perfect,lemon,love,happy,best,perfectly,salad,keeps,easy,business,pleased,ze,day,hot,nice,par,mas
great,loves,excellent,awesome,highly,potatoes,ginger,ever,perfect,lemon,love,happy,best,perfectly,salad,keeps,easy,business,pleased,ze,day,hot,nice,par,mas
great,loves,excellent,awesome,highly,potatoes,ginger,ever,perfect,lemon,love,happy,best,perfectly,salad,keeps,easy,business,pleased,ze,day,hot,nice,par,mas
great,loves,excellent,awesome,highly,potatoes,ginger,ever,perfect,lemon,love,happy,best,perfectly,salad,keeps,easy,business,pleased,ze,day,hot,nice,par,mas
great,loves,excellent,awesome,highly,potatoes,ginger,ever,perfect,lemon,love,happy,best,perfectly,salad,keeps,easy,business,pleased,ze,day,hot,nice,par,mas
great,loves,excellent,awesome,highly,potatoes,ginger,ever,perfect,lemon,love,happy,best,perfectly,salad,keeps,easy,business,pleased,ze,day,hot,nice,par,mas
great,loves,excellent,awesome,highly,potatoes,ginger,ever,perfect,lemon,love,happy,best,perfectly,salad,keeps,easy,business,pleased,ze,day,hot,nice,par,mas
great,loves,excellent,awesome,highly,potatoes,ginger,ever,perfect,lemon,love,happy,best,perfectly,salad,keeps,easy,business,pleased,ze,day,hot,nice,par,mas
great,loves,excellent,awesome,highly,potatoes,ginger,ever,perfect,lemon,love,happy,best,perfectly,salad,keeps,easy,business,pleased,ze,day,hot,nice,par,mas
great,loves,excellent,awesome,highly,potatoes,ginger,ever,perfect,lemon,love,happy,best,perfectly,salad,keeps,easy,business,pleased,ze,day,hot,nice,par,mas
great,loves,excellent,awesome,highly,potatoes,ginger,ever,perfect,lemon,love,happy,best,perfectly,salad,keeps,easy,business,pleased,ze,day,hot,nice,par,mas
great,loves,excellent,awesome,highly,potatoes,ginger,ever,perfect,lemon,love,happy,best,perfectly,salad,keeps,easy,business,pleased,ze,day,hot,nice,par,mas
great,loves,excellent,awesome,highly,potatoes,ginger,ever,perfect,lemon,love,happy,best,perfectly,salad,keeps,easy,business,pleased,ze,day,hot,nice,par,mas
great,loves,excellent,awesome,highly,potatoes,ginger,ever,perfect,lemon,love,happy,best,perfectly,salad,keeps,easy,business,pleased,ze,day,hot,nice,par,mas
great,loves,excellent,awesome,highly,potatoes,ginger,ever,perfect,lemon,love,happy,best,perfectly,salad,keeps,easy,business,pleased,ze,day,hot,nice,par,mas
great,loves,excellent,awesome,highly,potatoes,ginger,ever,perfect,lemon,love,happy,best,perfectly,salad,keeps,easy,business,pleased,ze,day,hot,nice,par,mas
great,loves,excellent,awesome,highly,potatoes,ginger,ever,perfect,lemon,love,happy,best,perfectly,salad,keeps,easy,business,pleased,ze,day,hot,nice,par,mas
great,loves,excellent,awesome,highly,potatoes,ginger,ever,perfect,lemon,love,happy,best,perfectly,salad,keeps,easy,business,pleased,ze,day,hot,nice,par,mas
great,loves,excellent,awesome,highly,potatoes,ginger,ever,perfect,lemon,love,happy,best,perfectly,salad,keeps,easy,business,pleased,ze,day,hot,nice,par,mas
great,loves,excellent,awesome,highly,potatoes,ginger,ever,perfect,lemon,love,happy,best,perfectly,salad,keeps,easy,business,pleased,ze,day,hot,nice,par,mas
great,loves,excellent,awesome,highly,potatoes,ginger,ever,perfect,lemon,love,happy,best,perfectly,salad,keeps,easy,business,pleased,ze,day,hot,nice,par,mas
great,loves,excellent,awesome,highly,potatoes,ginger,ever,perfect,lemon,love,happy,best,perfectly,salad,keeps,easy,business,pleased,ze,day,hot,nice,par,mas
great,loves,excellent,awesome,highly,potatoes,ginger,ever,perfect,lemon,love,happy,best,perfectly,salad,keeps,easy,business,pleased,ze,day,hot,nice,par,mas
great,loves,excellent,awesome,highly,potatoes,ginger,ever,perfect,lemon,love,happy,best,perfectly,salad,keeps,easy,business,pleased,ze,day,hot,nice,par,mas
great,loves,excellent,awesome,highly,potatoes,ginger,ever,perfect,lemon,love,happy,best,perfectly,salad,keeps,easy,business,pleased,ze,day,hot,nice,par,mas
great,loves,excellent,awesome,highly,potatoes,ginger,ever,perfect,lemon,love,happy,best,perfectly,salad,keeps,easy,business,pleased,ze,day,hot,nice,par,mas
great,loves,excellent,awesome,highly,potatoes,ginger,ever,perfect,lemon,love,happy,best,perfectly,salad,keeps,easy,business,pleased,ze,day,hot,nice,par,mas
great,loves,excellent,awesome,highly,potatoes,ginger,ever,perfect,lemon,love,happy,best,perfectly,salad,keeps,easy,business,pleased,ze,day,hot,nice,par,mas
great,loves,excellent,awesome,highly,potatoes,ginger,ever,perfect,lemon,love,happy,best,perfectly,salad,keeps,easy,business,pleased,ze,day,hot,nice,par,mas
great,loves,excellent,awesome,highly,potatoes,ginger,ever,perfect,lemon,love,happy,best,perfectly,salad,keeps,easy,business,pleased,ze,day,hot,nice,par,mas
great,loves,excellent,awesome,highly,potatoes,ginger,ever,perfect,lemon,love,happy,best,perfectly,salad,keeps,easy,business,pleased,ze,day,hot,nice,par,mas
great,loves,excellent,awesome,highly,potatoes,ginger,ever,perfect,lemon,love,happy,best,perfectly,salad,keeps,easy,business,pleased,ze,day,hot,nice,par,mas
great,loves,excellent,awesome,highly,potatoes,ginger,ever,perfect,lemon,love,happy,best,perfectly,salad,keeps,easy,business,pleased,ze,day,hot,nice,par,mas
great,loves,excellent,awesome,highly,potatoes,ginger,ever,perfect,lemon,love,happy,best,perfectly,salad,keeps,easy,business,pleased,ze,day,hot,nice,par,mas
great,loves,excellent,awesome,highly,potatoes,ginger,ever,perfect,lemon,love,happy,best,perfectly,salad,keeps,easy,business,pleased,ze,day,hot,nice,par,mas
great,loves,excellent,awesome,highly,potatoes,ginger,ever,perfect,lemon,love,happy,best,perfectly,salad,keeps,easy,business,pleased,ze,day,hot,nice,par,mas
great,loves,excellent,awesome,highly,potatoes,ginger,ever,perfect,lemon,love,happy,best,perfectly,salad,keeps,easy,business,pleased,ze,day,hot,nice,par,mas
great,loves,excellent,awesome,highly,potatoes,ginger,ever,perfect,lemon,love,happy,best,perfectly,salad,keeps,easy,business,pleased,ze,day,hot,nice,par,mas
great,loves,excellent,awesome,highly,potatoes,ginger,ever,perfect,lemon,love,happy,best,perfectly,salad,keeps,easy,business,pleased,ze,day,hot,nice,par,mas
great,loves,excellent,awesome,highly,potatoes,ginger,ever,perfect,lemon,love,happy,best,perfectly,salad,keeps,easy,business,pleased,ze,day,hot,nice,par,mas
great,loves,excellent,awesome,highly,potatoes,ginger,ever,perfect,lemon,love,happy,best,perfectly,salad,keeps,easy,business,pleased,ze,day,hot,nice,par,mas
great,loves,excellent,awesome,highly,potatoes,ginger,ever,perfect,lemon,love,happy,best,perfectly,salad,keeps,easy,business,pleased,ze,day,hot,nice,par,mas
great,loves,excellent,awesome,highly,potatoes,ginger,ever,perfect,lemon,love,happy,best,perfectly,salad,keeps,easy,business,pleased,ze,day,hot,nice,par,mas
great,loves,excellent,awesome,highly,potatoes,ginger,ever,perfect,lemon,love,happy,best,perfectly,salad,keeps,easy,business,pleased,ze,day,hot,nice,par,mas
great,loves,excellent,awesome,highly,potatoes,ginger,ever,perfect,lemon,love,happy,best,perfectly,salad,keeps,easy,business,pleased,ze,day,hot,nice,par,mas
great,loves,excellent,awesome,highly,potatoes,ginger,ever,perfect,lemon,love,happy,best,perfectly,salad,keeps,easy,business,pleased,ze,day,hot,nice,par,mas
great,loves,excellent,awesome,highly,potatoes,ginger,ever,perfect,lemon,love,happy,best,perfectly,salad,keeps,easy,business,pleased,ze,day,hot,nice,par,mas
great,loves,excellent,awesome,highly,potatoes,ginger,ever,perfect,lemon,love,happy,best,perfectly,salad,keeps,easy,business,pleased,ze,day,hot,nice,par,mas
great,loves,excellent,awesome,highly,potatoes,ginger,ever,perfect,lemon,love,happy,best,perfectly,salad,keeps,easy,business,pleased,ze,day,hot,nice,par,mas
great,loves,excellent,awesome,highly,potatoes,ginger,ever,perfect,lemon,love,happy,best,perfectly,salad,keeps,easy,business,pleased,ze,day,hot,nice,par,mas
great,loves,excellent,awesome,highly,potatoes,ginger,ever,perfect,lemon,love,happy,best,perfectly,salad,keeps,easy,business,pleased,ze,day,hot,nice,par,mas
great,loves,excellent,awesome,highly,potatoes,ginger,ever,perfect,lemon,love,happy,best,perfectly,salad,keeps,easy,business,pleased,ze,day,hot,nice,par,mas
great,loves,excellent,awesome,highly,potatoes,ginger,ever,perfect,lemon,love,happy,best,perfectly,salad,keeps,easy,business,pleased,ze,day,hot,nice,par,mas
great,loves,excellent,awesome,highly,potatoes,ginger,ever,perfect,lemon,love,happy,best,perfectly,salad,keeps,easy,business,pleased,ze,day,hot,nice,par,mas
great,loves,excellent,awesome,highly,potatoes,ginger,ever,perfect,lemon,love,happy,best,perfectly,salad,keeps,easy,business,pleased,ze,day,hot,nice,par,mas
great,loves,excellent,awesome,highly,potatoes,ginger,ever,perfect,lemon,love,happy,best,perfectly,salad,keeps,easy,business,pleased,ze,day,hot,nice,par,mas
great,loves,excellent,awesome,highly,potatoes,ginger,ever,perfect,lemon,love,happy,best,perfectly,salad,keeps,easy,business,pleased,ze,day,hot,nice,par,mas
great,loves,excellent,awesome,highly,potatoes,ginger,ever,perfect,lemon,love,happy,best,perfectly,salad,keeps,easy,business,pleased,ze,day,hot,nice,par,mas
great,loves,excellent,awesome,highly,potatoes,ginger,ever,perfect,lemon,love,happy,best,perfectly,salad,keeps,easy,business,pleased,ze,day,hot,nice,par,mas
great,loves,excellent,awesome,highly,potatoes,ginger,ever,perfect,lemon,love,happy,best,perfectly,salad,keeps,easy,business,pleased,ze,day,hot,nice,par,mas
great,loves,excellent,awesome,highly,potatoes,ginger,ever,perfect,lemon,love,happy,best,perfectly,salad,keeps,easy,business,pleased,ze,day,hot,nice,par,mas
great,loves,excellent,awesome,highly,potatoes,ginger,ever,perfect,lemon,love,happy,best,perfectly,salad,keeps,easy,business,pleased,ze,day,hot,nice,par,mas
great,loves,excellent,awesome,highly,potatoes,ginger,ever,perfect,lemon,love,happy,best,perfectly,salad,keeps,easy,business,pleased,ze,day,hot,nice,par,mas
great,loves,excellent,awesome,highly,potatoes,ginger,ever,perfect,lemon,love,happy,best,perfectly,salad,keeps,easy,business,pleased,ze,day,hot,nice,par,mas
great,loves,excellent,awesome,highly,potatoes,ginger,ever,perfect,lemon,love,happy,best,perfectly,salad,keeps,easy,business,pleased,ze,day,hot,nice,par,mas
great,loves,excellent,awesome,highly,potatoes,ginger,ever,perfect,lemon,love,happy,best,perfectly,salad,keeps,easy,business,pleased,ze,day,hot,nice,par,mas
great,loves,excellent,awesome,highly,potatoes,ginger,ever,perfect,lemon,love,happy,best,perfectly,salad,keeps,easy,business,pleased,ze,day,hot,nice,par,mas
great,loves,excellent,awesome,highly,potatoes,ginger,ever,perfect,lemon,love,happy,best,perfectly,salad,keeps,easy,business,pleased,ze,day,hot,nice,par,mas
great,loves,excellent,awesome,highly,potatoes,ginger,ever,perfect,lemon,love,happy,best,perfectly,salad,keeps,easy,business,pleased,ze,day,hot,nice,par,mas
great,loves,excellent,awesome,highly,potatoes,ginger,ever,perfect,lemon,love,happy,best,perfectly,salad,keeps,easy,business,pleased,ze,day,hot,nice,par,mas
great,loves,excellent,awesome,highly,potatoes,ginger,ever,perfect,lemon,love,happy,best,perfectly,salad,keeps,easy,business,pleased,ze,day,hot,nice,par,mas
great,loves,excellent,awesome,highly,potatoes,ginger,ever,perfect,lemon,love,happy,best,perfectly,salad,keeps,easy,business,pleased,ze,day,hot,nice,par,mas
cooke,great,loves,excellent,awesome,highly,potatoes,ginger,ever,perfect,lemon,love,happy,best,perfectly,salad,keeps,easy,business,pleased,ze,day,hot,nice,mas
cooke,great,loves,excellent,awesome,highly,potatoes,ginger,ever,perfect,lemon,love,happy,best,perfectly,salad,keeps,easy,business,pleased,ze,day,hot,nice,mas
cooke,great,loves,excellent,awesome,highly,potatoes,ginger,ever,perfect,lemon,love,happy,best,perfectly,salad,keeps,easy,business,pleased,ze,day,hot,nice,mas
cooke,great,loves,excellent,awesome,highly,potatoes,ginger,ever,perfect,lemon,love,happy,best,perfectly,salad,keeps,easy,business,pleased,ze,day,hot,nice,mas
cooke,great,loves,excellent,awesome,highly,potatoes,ginger,ever,perfect,lemon,love,happy,best,perfectly,salad,keeps,easy,business,pleased,ze,day,hot,nice,mas
cooke,great,loves,excellent,awesome,highly,potatoes,ginger,ever,perfect,lemon,love,happy,best,perfectly,salad,keeps,easy,business,pleased,ze,day,hot,nice,mas
cooke,great,loves,excellent,awesome,highly,potatoes,ginger,ever,perfect,lemon,love,happy,best,perfectly,salad,keeps,easy,business,pleased,ze,day,hot,nice,mas
cooke,great,loves,excellent,awesome,highly,potatoes,ginger,ever,perfect,lemon,love,happy,best,perfectly,salad,keeps,easy,business,pleased,ze,day,hot,nice,mas
cooke,great,loves,excellent,awesome,highly,potatoes,ginger,ever,perfect,lemon,love,happy,best,perfectly,salad,keeps,easy,business,pleased,ze,day,hot,nice,mas
cooke,great,loves,excellent,awesome,highly,potatoes,ginger,ever,perfect,lemon,love,happy,best,perfectly,salad,keeps,easy,business,pleased,ze,day,hot,nice,mas
cooke,great,loves,excellent,awesome,highly,potatoes,ginger,ever,perfect,lemon,love,happy,best,perfectly,salad,keeps,easy,business,pleased,ze,day,hot,nice,mas
cooke,great,loves,excellent,awesome,highly,potatoes,ginger,ever,perfect,lemon,love,happy,best,perfectly,salad,keeps,easy,business,pleased,ze,day,hot,nice,mas
cooke,great,loves,excellent,awesome,highly,potatoes,ginger,ever,perfect,lemon,love,happy,best,perfectly,salad,keeps,easy,business,pleased,ze,day,hot,nice,mas
cooke,great,loves,excellent,awesome,highly,potatoes,ginger,ever,perfect,lemon,love,happy,best,perfectly,salad,keeps,easy,business,pleased,ze,day,hot,nice,mas
cooke,great,loves,excellent,awesome,highly,potatoes,ginger,ever,perfect,lemon,love,happy,best,perfectly,salad,keeps,easy,business,pleased,ze,day,hot,nice,mas
cooke,great,loves,excellent,awesome,highly,potatoes,ginger,ever,perfect,lemon,love,happy,best,perfectly,salad,keeps,easy,business,pleased,ze,day,hot,nice,mas
cooke,great,loves,excellent,awesome,highly,potatoes,ginger,ever,perfect,lemon,love,happy,best,perfectly,salad,keeps,easy,business,pleased,ze,day,hot,nice,mas
cooke,great,loves,excellent,awesome,highly,potatoes,ginger,ever,perfect,lemon,love,happy,best,perfectly,salad,keeps,easy,business,pleased,ze,day,hot,nice,mas
cooke,great,loves,excellent,awesome,highly,potatoes,ginger,ever,perfect,lemon,love,happy,best,perfectly,salad,keeps,easy,business,pleased,ze,day,hot,nice,mas
cooke,great,loves,excellent,awesome,highly,potatoes,ginger,ever,perfect,lemon,love,happy,best,perfectly,salad,keeps,easy,business,pleased,ze,day,hot,nice,mas
cooke,great,loves,excellent,awesome,highly,potatoes,ginger,ever,perfect,lemon,love,happy,best,perfectly,salad,keeps,easy,business,pleased,ze,day,hot,nice,mas
cooke,great,loves,excellent,awesome,highly,potatoes,ginger,ever,perfect,lemon,love,happy,best,perfectly,salad,keeps,easy,business,pleased,ze,day,hot,nice,mas
cooke,great,loves,excellent,awesome,highly,potatoes,ginger,ever,perfect,lemon,love,happy,best,perfectly,salad,keeps,easy,business,pleased,ze,day,hot,nice,mas
cooke,great,loves,excellent,awesome,highly,potatoes,ginger,ever,perfect,lemon,love,happy,best,perfectly,salad,keeps,easy,business,pleased,ze,day,hot,nice,mas
cooke,great,loves,excellent,awesome,highly,potatoes,ginger,ever,perfect,lemon,love,happy,best,perfectly,salad,keeps,easy,business,pleased,ze,day,hot,nice,mas
cooke,great,loves,excellent,awesome,highly,potatoes,ginger,ever,perfect,lemon,love,happy,best,perfectly,salad,keeps,easy,business,pleased,ze,day,hot,nice,mas
ice,cooke,great,loves,excellent,awesome,highly,potatoes,ginger,ever,perfect,lemon,love,happy,best,perfectly,salad,keeps,easy,business,pleased,ze,day,hot,mas
ice,cooke,great,loves,excellent,awesome,highly,potatoes,ginger,ever,perfect,lemon,love,happy,best,perfectly,salad,keeps,easy,business,pleased,ze,day,hot,mas
ice,cooke,great,loves,excellent,awesome,highly,potatoes,ginger,ever,perfect,lemon,love,happy,best,perfectly,salad,keeps,easy,business,pleased,ze,day,hot,mas
ice,cooke,great,loves,excellent,awesome,highly,potatoes,ginger,ever,perfect,lemon,love,happy,best,perfectly,salad,keeps,easy,business,pleased,ze,day,hot,mas
ice,cooke,great,loves,excellent,awesome,highly,potatoes,cube,ginger,ever,perfect,lemon,love,happy,best,perfectly,salad,keeps,easy,business,pleased,ze,day,mas
ice,cooke,great,loves,excellent,awesome,highly,potatoes,cube,ginger,ever,perfect,lemon,love,happy,best,perfectly,salad,keeps,easy,business,pleased,ze,day,mas
ice,cooke,great,loves,excellent,awesome,highly,potatoes,cube,ginger,ever,perfect,lemon,love,happy,best,perfectly,salad,keeps,easy,business,pleased,ze,day,mas
ice,cooke,great,loves,excellent,awesome,highly,potatoes,cube,ginger,ever,perfect,lemon,love,happy,best,perfectly,salad,keeps,easy,business,pleased,ze,day,mas
ice,cooke,great,loves,excellent,awesome,highly,potatoes,cube,ginger,ever,perfect,lemon,love,happy,best,perfectly,salad,keeps,easy,business,pleased,ze,day,mas
ice,cooke,great,loves,excellent,awesome,highly,potatoes,cube,ginger,ever,perfect,lemon,love,happy,best,perfectly,salad,keeps,easy,business,pleased,ze,day,mas
ice,cooke,great,loves,excellent,awesome,highly,potatoes,cube,ginger,ever,perfect,lemon,love,happy,best,perfectly,salad,keeps,easy,business,pleased,ze,day,mas
ice,cooke,great,loves,excellent,awesome,highly,potatoes,cube,ginger,ever,perfect,lemon,love,happy,best,perfectly,salad,keeps,easy,business,pleased,ze,day,mas
ice,cooke,great,loves,excellent,awesome,highly,potatoes,cube,ginger,ever,perfect,lemon,love,happy,best,perfectly,salad,keeps,easy,business,pleased,ze,day,mas
ice,cooke,great,loves,excellent,awesome,highly,potatoes,cube,ginger,ever,perfect,lemon,love,happy,best,perfectly,salad,keeps,easy,business,pleased,ze,day,mas
ice,cooke,great,loves,excellent,awesome,highly,potatoes,cube,ginger,ever,perfect,lemon,love,happy,best,perfectly,salad,keeps,easy,business,pleased,ze,day,mas
ice,cooke,great,loves,excellent,awesome,highly,potatoes,cube,ginger,ever,perfect,lemon,love,happy,best,perfectly,salad,keeps,easy,business,pleased,ze,day,mas
ice,cooke,great,loves,excellent,awesome,highly,potatoes,cube,ginger,ever,perfect,lemon,love,happy,best,perfectly,salad,keeps,easy,business,pleased,ze,day,mas
ice,cooke,great,loves,excellent,awesome,highly,potatoes,cube,ginger,ever,perfect,lemon,love,happy,best,perfectly,salad,keeps,easy,business,pleased,ze,day,mas
ice,cooke,great,loves,excellent,awesome,highly,potatoes,cube,ginger,ever,perfect,lemon,love,happy,best,perfectly,salad,keeps,easy,business,pleased,ze,day,mas
ice,cooke,great,loves,excellent,awesome,highly,potatoes,cube,ginger,ever,perfect,lemon,love,happy,best,perfectly,salad,keeps,easy,business,pleased,ze,day,mas
ice,cooke,great,loves,excellent,awesome,highly,potatoes,cube,ginger,ever,perfect,lemon,love,happy,best,perfectly,salad,keeps,easy,business,pleased,ze,day,mas
ice,cooke,great,loves,excellent,awesome,highly,potatoes,cube,ginger,ever,perfect,lemon,love,happy,best,perfectly,salad,keeps,easy,business,pleased,ze,day,mas
ice,cooke,great,loves,excellent,awesome,highly,potatoes,cube,ginger,ever,perfect,lemon,love,happy,best,perfectly,salad,keeps,easy,business,pleased,ze,day,mas
ice,cooke,great,loves,excellent,awesome,highly,potatoes,cube,ginger,ever,perfect,lemon,love,happy,best,perfectly,salad,keeps,easy,business,pleased,ze,day,mas
ice,cooke,great,loves,excellent,awesome,highly,potatoes,cube,ginger,ever,perfect,lemon,love,happy,best,perfectly,salad,keeps,easy,business,pleased,ze,day,mas
ice,cooke,great,loves,excellent,awesome,highly,potatoes,cube,ginger,ever,perfect,lemon,love,happy,best,perfectly,salad,keeps,easy,business,pleased,ze,day,mas
ice,cooke,great,loves,excellent,awesome,highly,potatoes,cube,ginger,ever,perfect,lemon,love,happy,best,perfectly,salad,keeps,easy,business,pleased,ze,day,mas
ice,cooke,great,loves,excellent,awesome,highly,potatoes,cube,ginger,ever,perfect,lemon,love,happy,best,perfectly,salad,keeps,easy,business,pleased,ze,day,mas
ice,cooke,great,loves,excellent,awesome,highly,potatoes,cube,ginger,ever,perfect,lemon,love,happy,best,perfectly,salad,keeps,easy,business,pleased,ze,day,mas
ice,cooke,great,loves,excellent,awesome,highly,potatoes,cube,ginger,ever,perfect,lemon,love,happy,best,perfectly,salad,keeps,easy,business,pleased,ze,day,mas
ice,cooke,great,loves,excellent,awesome,highly,potatoes,cube,ginger,ever,perfect,lemon,love,happy,best,perfectly,salad,keeps,easy,business,pleased,ze,day,mas
ice,cooke,great,loves,excellent,awesome,highly,potatoes,cube,ginger,ever,perfect,lemon,love,happy,best,perfectly,salad,keeps,easy,business,pleased,ze,day,mas
ice,cooke,great,loves,excellent,awesome,highly,potatoes,cube,ginger,ever,perfect,lemon,love,happy,best,perfectly,salad,keeps,easy,business,pleased,ze,day,mas
ice,cooke,great,loves,excellent,awesome,highly,potatoes,cube,ginger,ever,perfect,lemon,love,happy,best,perfectly,salad,keeps,easy,business,pleased,ze,day,mas
ice,cooke,great,loves,excellent,awesome,highly,potatoes,cube,ginger,ever,perfect,lemon,love,happy,best,perfectly,salad,keeps,easy,business,pleased,ze,day,mas
ice,cooke,great,loves,excellent,awesome,highly,potatoes,cube,ginger,ever,perfect,lemon,love,happy,best,perfectly,salad,keeps,easy,business,pleased,ze,day,mas
ice,cooke,great,loves,excellent,awesome,highly,potatoes,cube,ginger,ever,perfect,lemon,love,happy,best,perfectly,salad,keeps,easy,business,pleased,ze,day,mas
ice,cooke,great,loves,excellent,awesome,highly,potatoes,cube,ginger,ever,perfect,lemon,love,happy,best,perfectly,salad,keeps,easy,business,pleased,ze,day,mas
ice,cooke,great,loves,excellent,awesome,highly,potatoes,cube,ginger,ever,perfect,lemon,love,happy,best,perfectly,salad,keeps,easy,business,pleased,ze,day,mas
ice,cooke,great,loves,excellent,awesome,highly,potatoes,cube,ginger,ever,perfect,lemon,love,happy,best,perfectly,salad,keeps,easy,business,pleased,ze,day,mas
ice,cooke,great,loves,excellent,awesome,highly,potatoes,cube,ginger,ever,perfect,lemon,love,happy,best,perfectly,salad,keeps,easy,business,pleased,ze,day,mas
ice,cooke,great,loves,excellent,awesome,highly,potatoes,cube,ginger,ever,perfect,lemon,love,happy,best,perfectly,salad,keeps,easy,business,pleased,ze,day,mas
ice,cooke,great,loves,excellent,awesome,highly,potatoes,cube,ginger,ever,perfect,lemon,love,happy,best,perfectly,salad,keeps,easy,business,pleased,ze,day,mas
ice,cooke,great,loves,excellent,awesome,highly,potatoes,cube,ginger,ever,perfect,lemon,love,happy,best,perfectly,salad,keeps,easy,business,pleased,ze,day,mas
ice,cooke,great,loves,excellent,awesome,highly,potatoes,cube,ginger,ever,perfect,lemon,love,happy,best,perfectly,salad,keeps,easy,business,pleased,ze,day,mas
ice,cooke,great,loves,excellent,awesome,highly,potatoes,cube,ginger,ever,perfect,lemon,love,happy,best,perfectly,salad,keeps,easy,business,pleased,ze,day,mas
ice,cooke,great,loves,excellent,awesome,highly,potatoes,cube,ginger,ever,perfect,lemon,love,happy,best,perfectly,salad,keeps,easy,business,pleased,ze,day,mas
ice,cooke,great,loves,excellent,awesome,highly,potatoes,cube,ginger,ever,perfect,lemon,love,happy,best,perfectly,salad,keeps,easy,business,pleased,ze,day,mas
ice,cooke,great,loves,excellent,awesome,highly,potatoes,cube,ginger,ever,perfect,lemon,love,happy,best,perfectly,salad,keeps,easy,business,pleased,ze,day,mas
ice,cooke,great,loves,excellent,awesome,highly,potatoes,cube,ginger,ever,perfect,lemon,love,happy,best,perfectly,salad,keeps,easy,business,pleased,ze,day,mas
ice,cooke,great,loves,excellent,awesome,highly,potatoes,cube,ginger,ever,perfect,lemon,love,happy,best,perfectly,salad,keeps,easy,business,pleased,ze,day,mas
ice,cooke,great,loves,excellent,awesome,highly,potatoes,cube,ginger,ever,perfect,lemon,love,happy,best,perfectly,salad,keeps,easy,business,pleased,ze,day,mas
ice,cooke,great,loves,excellent,awesome,highly,potatoes,cube,ginger,ever,perfect,lemon,love,happy,best,perfectly,salad,keeps,easy,business,pleased,ze,day,mas
ice,cooke,great,loves,excellent,awesome,highly,potatoes,cube,ginger,ever,perfect,lemon,love,happy,best,perfectly,salad,keeps,easy,business,pleased,ze,day,mas
ice,cooke,great,loves,excellent,awesome,highly,potatoes,cube,ginger,ever,perfect,lemon,love,happy,best,perfectly,salad,keeps,easy,business,pleased,ze,day,mas
ice,cooke,great,loves,excellent,awesome,highly,potatoes,cube,ginger,ever,perfect,lemon,love,happy,best,perfectly,salad,keeps,easy,business,pleased,ze,day,mas
ice,cooke,great,loves,excellent,awesome,highly,potatoes,cube,ginger,ever,perfect,lemon,love,happy,best,perfectly,salad,keeps,easy,business,pleased,ze,day,mas
ice,cooke,great,loves,excellent,awesome,highly,potatoes,cube,ginger,ever,perfect,lemon,love,happy,best,perfectly,salad,keeps,easy,business,pleased,ze,day,mas
ice,cooke,great,loves,excellent,awesome,highly,potatoes,cube,ginger,ever,perfect,lemon,love,happy,best,perfectly,salad,keeps,easy,business,pleased,ze,day,mas
ice,cooke,great,loves,excellent,awesome,highly,potatoes,cube,ginger,ever,perfect,lemon,love,happy,best,perfectly,salad,keeps,easy,business,pleased,ze,day,mas
ice,cooke,great,loves,excellent,awesome,highly,potatoes,cube,ginger,ever,perfect,lemon,love,happy,best,perfectly,salad,keeps,easy,business,pleased,ze,day,mas
ice,cooke,great,loves,excellent,awesome,highly,potatoes,cube,ginger,ever,perfect,lemon,love,happy,best,perfectly,salad,keeps,easy,business,pleased,ze,day,mas
ice,cooke,great,loves,excellent,awesome,highly,potatoes,cube,ginger,ever,perfect,lemon,love,happy,best,perfectly,salad,keeps,easy,business,pleased,ze,day,mas
ice,cooke,great,loves,excellent,awesome,highly,potatoes,cube,ginger,ever,perfect,lemon,love,happy,best,perfectly,salad,keeps,easy,business,pleased,ze,day,mas
ice,cooke,great,loves,excellent,awesome,highly,potatoes,cube,ginger,ever,perfect,lemon,love,happy,best,perfectly,salad,keeps,easy,business,pleased,ze,day,mas
ice,cooke,great,loves,excellent,awesome,highly,potatoes,cube,ginger,ever,perfect,lemon,love,happy,best,perfectly,salad,keeps,easy,business,pleased,ze,day,mas
ice,cooke,great,loves,excellent,awesome,highly,potatoes,cube,ginger,ever,perfect,lemon,love,happy,best,perfectly,salad,keeps,easy,business,pleased,ze,day,mas
ice,cooke,great,loves,excellent,awesome,highly,potatoes,cube,ginger,ever,perfect,lemon,love,happy,best,perfectly,salad,keeps,easy,business,pleased,ze,day,mas
ice,cooke,great,loves,excellent,awesome,highly,potatoes,cube,ginger,ever,perfect,lemon,love,happy,best,perfectly,salad,keeps,easy,business,pleased,ze,day,mas
ice,cooke,great,loves,excellent,awesome,highly,potatoes,cube,ginger,ever,perfect,lemon,love,happy,best,perfectly,salad,keeps,easy,business,pleased,ze,day,mas
ice,cooke,great,loves,excellent,awesome,highly,potatoes,cube,ginger,ever,perfect,lemon,love,happy,best,perfectly,salad,keeps,easy,business,pleased,ze,day,mas
ice,cooke,great,loves,excellent,awesome,highly,potatoes,cube,ginger,ever,perfect,lemon,love,happy,best,perfectly,salad,keeps,easy,business,pleased,ze,day,mas
ice,cooke,great,loves,excellent,awesome,highly,potatoes,cube,ginger,ever,perfect,lemon,love,happy,best,perfectly,salad,keeps,easy,business,pleased,ze,day,mas
ice,cooke,great,loves,excellent,awesome,highly,potatoes,cube,ginger,ever,perfect,lemon,love,happy,best,perfectly,salad,keeps,easy,business,pleased,ze,day,mas
ice,cooke,great,loves,excellent,awesome,highly,potatoes,cube,ginger,ever,perfect,lemon,love,happy,best,perfectly,salad,keeps,easy,business,pleased,ze,day,mas
ice,cooke,great,loves,excellent,awesome,highly,potatoes,cube,ginger,ever,perfect,lemon,love,happy,best,perfectly,salad,keeps,easy,business,pleased,ze,day,mas
ice,cooke,great,loves,excellent,awesome,highly,potatoes,cube,ginger,ever,perfect,lemon,love,happy,best,perfectly,salad,keeps,easy,business,pleased,ze,day,mas
ice,cooke,great,loves,excellent,awesome,highly,potatoes,cube,ginger,ever,perfect,lemon,love,happy,best,perfectly,salad,keeps,easy,business,pleased,ze,day,mas
ice,cooke,great,loves,excellent,awesome,highly,potatoes,cube,ginger,ever,perfect,lemon,love,happy,best,perfectly,salad,keeps,easy,business,pleased,ze,day,mas
ice,cooke,great,loves,excellent,awesome,highly,potatoes,cube,ginger,ever,perfect,lemon,love,happy,best,perfectly,salad,keeps,easy,business,pleased,ze,day,mas
ice,cooke,great,loves,excellent,awesome,highly,potatoes,cube,ginger,ever,perfect,lemon,love,happy,best,perfectly,salad,keeps,easy,business,pleased,ze,day,mas
ice,cooke,great,loves,excellent,awesome,highly,potatoes,cube,ginger,ever,perfect,lemon,love,happy,best,perfectly,salad,keeps,easy,business,pleased,ze,day,mas
ice,cooke,great,loves,excellent,awesome,highly,potatoes,cube,ginger,ever,perfect,lemon,love,happy,best,perfectly,salad,keeps,easy,business,pleased,ze,day,mas
ice,cooke,great,loves,excellent,awesome,highly,potatoes,cube,ginger,ever,perfect,lemon,love,happy,best,perfectly,salad,keeps,easy,business,pleased,ze,day,mas
ice,cooke,great,loves,excellent,awesome,highly,potatoes,cube,ginger,ever,perfect,lemon,love,happy,best,perfectly,salad,keeps,easy,business,pleased,ze,day,mas
ice,cooke,great,loves,excellent,awesome,highly,potatoes,cube,ginger,ever,perfect,lemon,love,happy,best,perfectly,salad,keeps,easy,business,pleased,ze,day,mas
ice,cooke,great,loves,excellent,awesome,highly,potatoes,cube,ginger,ever,perfect,lemon,love,happy,best,perfectly,salad,keeps,easy,business,pleased,ze,day,mas
ice,cooke,great,loves,excellent,awesome,highly,potatoes,cube,ginger,ever,perfect,lemon,love,happy,best,perfectly,salad,keeps,easy,business,pleased,ze,day,mas
ice,cooke,great,loves,excellent,awesome,highly,potatoes,cube,ginger,ever,perfect,lemon,love,happy,best,perfectly,salad,keeps,easy,business,pleased,ze,day,mas
ice,cooke,great,loves,excellent,awesome,highly,potatoes,cube,ginger,ever,perfect,lemon,love,happy,best,perfectly,salad,keeps,easy,business,pleased,ze,day,mas
ice,cooke,great,loves,excellent,awesome,highly,potatoes,cube,ginger,ever,perfect,lemon,love,happy,best,perfectly,salad,keeps,easy,business,pleased,ze,day,mas
ice,cooke,great,loves,excellent,awesome,highly,potatoes,cube,ginger,ever,perfect,lemon,love,happy,best,perfectly,salad,keeps,easy,business,pleased,ze,day,mas
ice,cooke,great,loves,excellent,awesome,highly,potatoes,cube,ginger,ever,perfect,lemon,love,happy,best,perfectly,salad,keeps,easy,business,pleased,ze,day,mas
ice,cooke,great,loves,excellent,awesome,highly,potatoes,cube,ginger,ever,perfect,lemon,love,happy,best,perfectly,salad,keeps,easy,business,pleased,ze,day,mas
ice,cooke,great,loves,excellent,awesome,highly,potatoes,cube,ginger,ever,perfect,lemon,love,happy,best,perfectly,salad,keeps,easy,business,pleased,ze,day,mas
ice,cooke,great,loves,excellent,awesome,highly,potatoes,cube,ginger,ever,perfect,lemon,love,happy,best,perfectly,salad,keeps,easy,business,pleased,ze,day,mas
ice,cooke,great,loves,excellent,awesome,highly,potatoes,cube,ginger,ever,perfect,lemon,love,happy,best,perfectly,salad,keeps,easy,business,pleased,ze,day,mas
ice,cooke,great,loves,excellent,awesome,highly,potatoes,cube,ginger,ever,perfect,lemon,love,happy,best,perfectly,salad,keeps,easy,business,pleased,ze,day,mas
ice,cooke,great,loves,excellent,awesome,highly,potatoes,cube,ginger,ever,perfect,lemon,love,happy,best,perfectly,salad,keeps,easy,business,pleased,ze,day,mas
ice,cooke,great,loves,excellent,awesome,highly,potatoes,cube,ginger,ever,perfect,lemon,love,happy,best,perfectly,salad,keeps,easy,business,pleased,ze,day,mas
ice,cooke,great,loves,excellent,awesome,highly,potatoes,cube,ginger,ever,perfect,lemon,love,happy,best,perfectly,salad,keeps,easy,business,pleased,ze,day,mas
ice,cooke,great,loves,excellent,awesome,highly,potatoes,cube,ginger,ever,perfect,lemon,love,happy,best,perfectly,salad,keeps,easy,business,pleased,ze,day,mas
ice,cooke,great,loves,excellent,awesome,highly,potatoes,cube,ginger,ever,perfect,lemon,love,happy,best,perfectly,salad,keeps,easy,business,pleased,ze,day,mas
ice,cooke,great,loves,excellent,awesome,highly,potatoes,cube,ginger,ever,perfect,lemon,love,happy,best,perfectly,salad,keeps,easy,business,pleased,ze,day,mas
ice,cooke,great,loves,excellent,awesome,highly,potatoes,cube,ginger,ever,perfect,lemon,love,happy,best,perfectly,salad,keeps,easy,business,pleased,ze,day,mas
ice,cooke,great,loves,excellent,awesome,highly,potatoes,cube,ginger,ever,perfect,lemon,love,happy,best,perfectly,salad,keeps,easy,business,pleased,ze,day,mas
ice,cooke,great,loves,excellent,awesome,highly,potatoes,cube,ginger,ever,perfect,lemon,love,happy,best,perfectly,salad,keeps,easy,business,pleased,ze,day,mas
ice,cooke,great,loves,excellent,awesome,highly,potatoes,cube,ginger,ever,perfect,lemon,love,happy,best,perfectly,salad,keeps,easy,business,pleased,ze,day,mas
ice,cooke,great,loves,excellent,awesome,highly,potatoes,cube,ginger,ever,perfect,lemon,love,happy,best,perfectly,salad,keeps,easy,business,pleased,ze,day,mas
ice,cooke,great,loves,excellent,awesome,highly,potatoes,cube,ginger,ever,perfect,lemon,love,happy,best,perfectly,salad,keeps,easy,business,pleased,ze,day,mas
ice,cooke,great,loves,excellent,awesome,highly,potatoes,cube,ginger,ever,perfect,lemon,love,happy,best,perfectly,salad,keeps,easy,business,pleased,ze,day,mas
ice,cooke,great,loves,excellent,awesome,highly,potatoes,cube,ginger,ever,perfect,lemon,love,happy,best,perfectly,salad,keeps,easy,business,pleased,ze,day,mas
ice,cooke,great,loves,excellent,awesome,highly,potatoes,cube,ginger,ever,perfect,lemon,love,happy,best,perfectly,salad,keeps,easy,business,pleased,ze,day,mas
ice,cooke,great,loves,excellent,awesome,highly,potatoes,cube,ginger,ever,perfect,lemon,love,happy,best,perfectly,salad,keeps,easy,business,pleased,ze,day,mas
ice,cooke,great,loves,excellent,awesome,highly,potatoes,cube,ginger,ever,perfect,lemon,love,happy,best,perfectly,salad,keeps,easy,business,pleased,ze,day,mas
ice,cooke,great,loves,excellent,awesome,highly,potatoes,cube,ginger,ever,perfect,lemon,love,happy,best,perfectly,salad,keeps,easy,business,pleased,ze,day,mas
ice,cooke,great,loves,excellent,awesome,highly,potatoes,cube,ginger,ever,perfect,lemon,love,happy,best,perfectly,salad,keeps,easy,business,pleased,ze,day,mas
ice,cooke,great,loves,excellent,awesome,highly,potatoes,cube,ginger,ever,perfect,lemon,love,happy,best,perfectly,salad,keeps,easy,business,pleased,ze,day,mas
ice,cooke,great,loves,excellent,awesome,highly,potatoes,cube,ginger,ever,perfect,lemon,love,happy,best,perfectly,salad,keeps,easy,business,pleased,ze,day,mas
ice,cooke,great,loves,excellent,awesome,highly,potatoes,cube,ginger,ever,perfect,lemon,love,happy,best,perfectly,salad,keeps,easy,business,pleased,ze,day,mas
ice,cooke,great,loves,excellent,awesome,highly,potatoes,cube,ginger,ever,perfect,lemon,love,happy,best,perfectly,salad,keeps,easy,business,pleased,ze,day,mas
ice,cooke,great,loves,excellent,awesome,highly,potatoes,cube,ginger,ever,perfect,lemon,love,happy,best,perfectly,salad,keeps,easy,business,pleased,ze,day,mas
ice,cooke,great,loves,excellent,awesome,highly,potatoes,cube,ginger,ever,perfect,lemon,love,happy,best,perfectly,salad,keeps,easy,business,pleased,ze,day,mas
ice,cooke,great,loves,excellent,awesome,highly,potatoes,cube,ginger,ever,perfect,lemon,love,happy,best,perfectly,salad,keeps,easy,business,pleased,ze,day,mas
ice,cooke,great,loves,excellent,awesome,highly,potatoes,cube,ginger,ever,perfect,lemon,love,happy,best,perfectly,salad,keeps,easy,business,pleased,ze,day,mas
ice,cooke,great,loves,excellent,awesome,highly,potatoes,cube,ginger,ever,perfect,lemon,love,happy,best,perfectly,salad,keeps,easy,business,pleased,ze,day,mas
ice,cooke,great,loves,excellent,awesome,highly,potatoes,cube,ginger,ever,perfect,lemon,love,happy,best,perfectly,salad,keeps,easy,business,pleased,ze,day,mas
ice,cooke,great,loves,excellent,awesome,highly,potatoes,cube,ginger,ever,perfect,lemon,love,happy,best,perfectly,salad,keeps,easy,business,pleased,ze,day,mas
ice,cooke,great,loves,excellent,awesome,highly,potatoes,cube,ginger,ever,perfect,lemon,love,happy,best,perfectly,salad,keeps,easy,business,pleased,ze,day,mas
ice,cooke,great,loves,excellent,awesome,highly,potatoes,cube,ginger,ever,perfect,lemon,love,happy,best,perfectly,salad,keeps,easy,business,pleased,ze,day,mas
ice,cooke,great,loves,excellent,awesome,highly,potatoes,cube,ginger,ever,perfect,lemon,love,happy,best,perfectly,salad,keeps,easy,business,pleased,ze,day,mas
ice,cooke,great,loves,excellent,awesome,highly,potatoes,cube,ginger,ever,perfect,lemon,love,happy,best,perfectly,salad,keeps,easy,business,pleased,ze,day,mas
ice,cooke,great,loves,excellent,awesome,highly,potatoes,cube,ginger,ever,perfect,lemon,love,happy,best,perfectly,salad,keeps,easy,business,pleased,ze,day,mas
ice,cooke,great,loves,excellent,awesome,highly,potatoes,cube,ginger,ever,perfect,lemon,love,happy,best,perfectly,salad,keeps,easy,business,pleased,ze,day,mas
ice,cooke,great,loves,excellent,awesome,highly,potatoes,cube,ginger,ever,perfect,lemon,love,happy,best,perfectly,salad,keeps,easy,business,pleased,ze,day,mas
ice,cooke,great,loves,excellent,awesome,highly,potatoes,cube,ginger,ever,perfect,lemon,love,happy,best,perfectly,salad,keeps,easy,business,pleased,ze,day,mas
ice,cooke,great,loves,excellent,awesome,highly,potatoes,cube,ginger,ever,perfect,lemon,love,happy,best,perfectly,salad,keeps,easy,business,pleased,ze,day,mas
ice,cooke,great,loves,excellent,awesome,highly,potatoes,cube,ginger,ever,perfect,lemon,love,happy,best,perfectly,salad,keeps,easy,business,pleased,ze,day,mas
ice,cooke,great,loves,excellent,awesome,highly,potatoes,cube,ginger,ever,perfect,lemon,love,happy,best,perfectly,salad,keeps,easy,business,pleased,ze,day,mas
ice,cooke,great,loves,excellent,awesome,highly,potatoes,cube,ginger,ever,perfect,lemon,love,happy,best,perfectly,salad,keeps,easy,business,pleased,ze,day,mas
ice,cooke,great,loves,excellent,awesome,highly,potatoes,cube,ginger,ever,perfect,lemon,love,happy,best,perfectly,salad,keeps,easy,business,pleased,ze,day,mas
ice,cooke,great,loves,excellent,awesome,highly,potatoes,cube,ginger,ever,perfect,lemon,love,happy,best,perfectly,salad,keeps,easy,business,pleased,ze,day,mas
ice,cooke,great,loves,excellent,awesome,highly,potatoes,cube,ginger,ever,perfect,lemon,love,happy,best,perfectly,salad,keeps,easy,business,pleased,ze,day,mas
ice,cooke,great,loves,excellent,awesome,highly,potatoes,cube,ginger,ever,perfect,lemon,love,happy,best,perfectly,salad,keeps,easy,business,pleased,ze,day,mas
ice,cooke,great,loves,excellent,awesome,highly,potatoes,cube,ginger,ever,perfect,lemon,love,happy,best,perfectly,salad,keeps,easy,business,pleased,ze,day,mas
ice,cooke,great,loves,excellent,awesome,highly,potatoes,cube,ginger,ever,perfect,lemon,love,happy,best,perfectly,salad,keeps,easy,business,pleased,ze,day,mas
ice,cooke,great,loves,excellent,awesome,highly,potatoes,cube,ginger,ever,perfect,lemon,love,happy,best,perfectly,salad,keeps,easy,business,pleased,ze,day,mas
ice,cooke,great,loves,excellent,awesome,highly,potatoes,cube,ginger,ever,perfect,lemon,love,happy,best,perfectly,salad,keeps,easy,business,pleased,ze,day,mas
ice,cooke,great,loves,excellent,awesome,highly,potatoes,cube,ginger,ever,perfect,lemon,love,happy,best,perfectly,salad,keeps,easy,business,pleased,ze,day,mas
ice,cooke,great,loves,excellent,awesome,highly,potatoes,cube,ginger,ever,perfect,lemon,love,happy,best,perfectly,salad,keeps,easy,business,pleased,ze,day,mas
ice,cooke,great,loves,excellent,awesome,highly,potatoes,cube,ginger,ever,perfect,lemon,love,happy,best,perfectly,salad,keeps,easy,business,pleased,ze,day,mas
ice,cooke,great,loves,excellent,awesome,highly,potatoes,cube,ginger,ever,perfect,lemon,love,happy,best,perfectly,salad,keeps,easy,business,pleased,ze,day,mas
ice,cooke,great,loves,excellent,awesome,highly,potatoes,cube,ginger,ever,perfect,lemon,love,happy,best,perfectly,salad,keeps,easy,business,pleased,ze,day,mas
ice,cooke,great,loves,excellent,awesome,highly,potatoes,cube,ginger,ever,perfect,lemon,love,happy,best,perfectly,salad,keeps,easy,business,pleased,ze,day,mas
ice,cooke,great,loves,excellent,awesome,highly,potatoes,cube,ginger,ever,perfect,lemon,love,happy,best,perfectly,salad,keeps,easy,business,pleased,ze,day,mas
ice,cooke,great,loves,excellent,awesome,highly,potatoes,cube,ginger,ever,perfect,lemon,love,happy,best,perfectly,salad,keeps,easy,business,pleased,ze,day,mas
ice,cooke,great,loves,excellent,awesome,highly,potatoes,cube,ginger,ever,perfect,lemon,love,happy,best,perfectly,salad,keeps,easy,business,pleased,ze,day,mas
ice,cooke,great,loves,excellent,awesome,highly,potatoes,cube,ginger,ever,perfect,lemon,love,happy,best,perfectly,salad,keeps,easy,business,pleased,ze,day,mas
ice,cooke,great,loves,excellent,awesome,highly,potatoes,cube,ginger,ever,perfect,lemon,love,happy,best,perfectly,salad,keeps,easy,business,pleased,ze,day,mas
ice,cooke,great,loves,excellent,awesome,highly,potatoes,cube,ginger,ever,perfect,lemon,love,happy,best,perfectly,salad,keeps,easy,business,pleased,ze,day,mas
ice,cooke,great,loves,excellent,awesome,highly,potatoes,cube,ginger,ever,perfect,lemon,love,happy,best,perfectly,salad,keeps,easy,business,pleased,ze,day,mas
ice,cooke,great,loves,excellent,awesome,highly,potatoes,cube,ginger,ever,perfect,lemon,love,happy,best,perfectly,salad,keeps,easy,business,pleased,ze,day,mas
ice,cooke,great,loves,excellent,awesome,highly,potatoes,cube,ginger,ever,perfect,lemon,love,happy,best,perfectly,salad,keeps,easy,business,pleased,ze,day,mas
ice,cooke,great,loves,excellent,awesome,highly,potatoes,cube,ginger,ever,perfect,lemon,love,happy,best,perfectly,salad,keeps,easy,business,pleased,ze,day,mas
ice,cooke,great,loves,excellent,awesome,highly,potatoes,cube,ginger,ever,perfect,lemon,love,happy,best,perfectly,salad,keeps,easy,business,pleased,ze,day,mas
ice,cooke,great,loves,excellent,awesome,highly,potatoes,cube,ginger,ever,perfect,lemon,love,happy,best,perfectly,salad,keeps,easy,business,pleased,ze,day,mas
ice,cooke,great,loves,excellent,awesome,highly,potatoes,cube,ginger,ever,perfect,lemon,love,happy,best,perfectly,salad,keeps,easy,business,pleased,ze,day,mas
ice,cooke,great,loves,excellent,awesome,highly,potatoes,cube,ginger,ever,perfect,lemon,love,happy,best,perfectly,salad,keeps,easy,business,pleased,ze,day,mas
ice,cooke,great,loves,excellent,awesome,highly,potatoes,cube,ginger,ever,perfect,lemon,love,happy,best,perfectly,salad,keeps,easy,business,pleased,ze,day,mas
ice,cooke,great,loves,excellent,awesome,highly,potatoes,cube,ginger,ever,perfect,lemon,love,happy,best,perfectly,salad,keeps,easy,business,pleased,ze,day,mas
ice,cooke,great,loves,excellent,awesome,highly,potatoes,cube,ginger,ever,perfect,lemon,love,happy,best,perfectly,salad,keeps,easy,business,pleased,ze,day,mas
ice,cooke,great,loves,excellent,awesome,highly,potatoes,cube,ginger,ever,perfect,lemon,love,happy,best,perfectly,salad,keeps,easy,business,pleased,ze,day,mas
ice,cooke,great,loves,excellent,awesome,highly,potatoes,cube,ginger,ever,perfect,lemon,love,happy,best,perfectly,salad,keeps,easy,business,pleased,ze,day,mas
ice,cooke,great,loves,excellent,awesome,highly,potatoes,cube,ginger,ever,perfect,lemon,love,happy,best,perfectly,salad,keeps,easy,business,pleased,ze,day,mas
ice,cooke,great,loves,excellent,awesome,highly,potatoes,cube,ginger,ever,perfect,lemon,love,happy,best,perfectly,salad,keeps,easy,business,pleased,ze,day,mas
ice,cooke,great,loves,excellent,awesome,highly,potatoes,cube,ginger,ever,perfect,lemon,love,happy,best,perfectly,salad,keeps,easy,business,pleased,ze,day,mas
ice,cooke,great,loves,excellent,awesome,highly,potatoes,cube,ginger,ever,perfect,lemon,love,happy,best,perfectly,salad,keeps,easy,business,pleased,ze,day,mas
ice,cooke,great,loves,excellent,awesome,highly,potatoes,cube,ginger,ever,perfect,lemon,love,happy,best,perfectly,salad,keeps,easy,business,pleased,ze,day,mas
ice,cooke,great,loves,excellent,awesome,highly,potatoes,cube,ginger,ever,perfect,lemon,love,happy,best,perfectly,salad,keeps,easy,business,pleased,ze,day,mas
ice,cooke,great,loves,excellent,awesome,highly,wonderful,potatoes,cube,ever,perfect,lemon,love,happy,best,perfectly,salad,keeps,easy,business,pleased,ze,day,mas
ice,cooke,great,loves,excellent,awesome,highly,wonderful,potatoes,cube,ever,perfect,lemon,love,happy,best,perfectly,salad,keeps,easy,business,pleased,ze,day,mas
ice,cooke,great,loves,excellent,awesome,highly,wonderful,potatoes,cube,ever,perfect,lemon,love,happy,best,perfectly,salad,keeps,easy,business,pleased,ze,day,mas
ice,cooke,great,loves,excellent,awesome,highly,wonderful,potatoes,cube,ever,perfect,lemon,love,happy,best,perfectly,salad,keeps,easy,business,pleased,ze,day,mas
ice,cooke,great,loves,excellent,awesome,highly,wonderful,potatoes,cube,ever,perfect,lemon,love,happy,best,perfectly,salad,keeps,easy,business,pleased,ze,day,mas
ice,cooke,great,loves,excellent,awesome,highly,wonderful,potatoes,cube,ever,perfect,lemon,love,happy,best,perfectly,salad,keeps,easy,business,pleased,ze,day,mas
ice,cooke,great,loves,excellent,awesome,highly,wonderful,potatoes,cube,ever,perfect,lemon,love,happy,best,perfectly,salad,keeps,easy,business,pleased,ze,day,mas
ice,cooke,great,loves,excellent,awesome,highly,wonderful,potatoes,cube,ever,perfect,lemon,love,happy,best,perfectly,salad,keeps,easy,business,pleased,ze,day,mas
ice,cooke,great,loves,excellent,awesome,highly,wonderful,potatoes,cube,ever,perfect,lemon,love,happy,best,perfectly,salad,keeps,easy,business,pleased,ze,day,mas
ice,cooke,great,loves,excellent,awesome,highly,wonderful,potatoes,cube,ever,perfect,lemon,love,happy,best,perfectly,salad,keeps,easy,business,pleased,ze,day,mas
ice,cooke,great,loves,excellent,awesome,highly,wonderful,potatoes,cube,ever,perfect,lemon,love,happy,best,perfectly,salad,keeps,easy,business,pleased,ze,day,mas
ice,cooke,great,loves,excellent,awesome,highly,wonderful,potatoes,cube,ever,perfect,lemon,love,happy,best,perfectly,salad,keeps,easy,business,pleased,ze,day,mas
ice,cooke,great,loves,excellent,awesome,highly,wonderful,potatoes,cube,ever,perfect,lemon,love,happy,best,perfectly,salad,keeps,easy,business,pleased,ze,day,mas
ice,cooke,great,loves,excellent,awesome,highly,wonderful,potatoes,cube,ever,perfect,lemon,love,happy,best,perfectly,salad,keeps,easy,business,pleased,ze,day,mas
ice,cooke,great,loves,excellent,awesome,highly,wonderful,potatoes,cube,ever,perfect,lemon,love,happy,best,perfectly,salad,keeps,easy,business,pleased,ze,day,mas
ice,cooke,great,loves,excellent,awesome,highly,wonderful,potatoes,cube,ever,perfect,lemon,love,happy,best,perfectly,salad,keeps,easy,business,pleased,ze,day,mas
ice,cooke,great,loves,excellent,awesome,highly,wonderful,potatoes,cube,ever,perfect,lemon,love,happy,best,perfectly,salad,keeps,easy,business,pleased,ze,day,mas
ice,cooke,great,loves,excellent,awesome,highly,wonderful,potatoes,cube,ever,perfect,lemon,love,happy,best,perfectly,salad,keeps,easy,business,pleased,ze,day,mas
ice,cooke,great,loves,excellent,awesome,highly,wonderful,potatoes,cube,ever,perfect,lemon,love,happy,best,perfectly,salad,keeps,easy,business,pleased,ze,day,mas
ice,cooke,great,loves,excellent,awesome,highly,wonderful,potatoes,cube,ever,perfect,lemon,love,happy,best,perfectly,salad,keeps,easy,business,pleased,ze,day,mas
ice,cooke,great,loves,excellent,awesome,highly,wonderful,potatoes,cube,ever,perfect,lemon,love,happy,best,perfectly,salad,keeps,easy,business,pleased,ze,day,mas
ice,cooke,great,loves,excellent,awesome,highly,wonderful,potatoes,cube,ever,perfect,lemon,love,happy,best,perfectly,salad,keeps,easy,business,pleased,ze,day,mas
ice,cooke,great,loves,excellent,awesome,highly,wonderful,potatoes,cube,ever,perfect,lemon,love,happy,best,perfectly,salad,keeps,easy,business,pleased,ze,day,mas
ice,cooke,great,loves,excellent,awesome,highly,wonderful,potatoes,cube,ever,perfect,lemon,love,happy,best,perfectly,salad,keeps,easy,business,pleased,ze,day,mas
ice,cooke,great,loves,excellent,awesome,highly,wonderful,potatoes,cube,ever,perfect,lemon,love,happy,best,perfectly,salad,keeps,easy,business,pleased,ze,day,mas
ice,cooke,great,loves,excellent,awesome,highly,wonderful,potatoes,cube,ever,perfect,lemon,love,happy,best,perfectly,salad,keeps,easy,business,pleased,ze,day,mas
ice,cooke,great,loves,excellent,awesome,highly,wonderful,potatoes,cube,ever,perfect,lemon,love,happy,best,perfectly,salad,keeps,easy,business,pleased,ze,day,mas
ice,cooke,great,loves,excellent,awesome,highly,wonderful,potatoes,cube,ever,perfect,lemon,love,happy,best,perfectly,salad,keeps,easy,business,pleased,ze,day,mas
ice,cooke,great,loves,excellent,awesome,highly,wonderful,potatoes,cube,ever,perfect,lemon,love,happy,best,perfectly,salad,keeps,easy,business,pleased,ze,day,mas
ice,cooke,great,loves,excellent,awesome,highly,wonderful,potatoes,cube,ever,perfect,lemon,love,happy,best,perfectly,salad,keeps,easy,business,pleased,ze,day,mas
ice,cooke,great,loves,excellent,awesome,highly,wonderful,potatoes,cube,ever,perfect,lemon,love,happy,best,perfectly,salad,keeps,easy,business,pleased,ze,day,mas
ice,cooke,great,loves,excellent,awesome,highly,wonderful,potatoes,cube,ever,perfect,lemon,love,happy,best,perfectly,salad,keeps,easy,business,pleased,ze,day,mas
ice,cooke,great,loves,excellent,awesome,highly,wonderful,potatoes,cube,ever,perfect,lemon,love,happy,best,perfectly,salad,keeps,easy,business,pleased,ze,day,mas
ice,cooke,great,loves,excellent,awesome,highly,wonderful,potatoes,cube,ever,perfect,lemon,love,happy,best,perfectly,salad,keeps,easy,business,pleased,ze,day,mas
ice,great,loves,excellent,awesome,highly,wonderful,potatoes,cube,ever,perfect,lemon,love,glad,happy,best,perfectly,salad,keeps,easy,business,pleased,ze,day,mas
ice,great,loves,excellent,awesome,highly,wonderful,potatoes,cube,ever,perfect,lemon,love,glad,happy,best,perfectly,salad,keeps,easy,business,pleased,ze,day,mas
ice,great,loves,excellent,awesome,highly,wonderful,potatoes,cube,ever,perfect,lemon,love,glad,happy,best,perfectly,salad,keeps,easy,business,pleased,ze,day,mas
ice,great,loves,excellent,awesome,highly,wonderful,potatoes,cube,ever,perfect,lemon,love,glad,happy,best,perfectly,salad,keeps,easy,business,pleased,ze,day,mas
ice,great,loves,excellent,awesome,highly,wonderful,potatoes,cube,ever,perfect,lemon,love,glad,happy,best,perfectly,salad,keeps,easy,business,pleased,ze,day,mas
ice,great,loves,excellent,awesome,highly,wonderful,potatoes,cube,ever,perfect,lemon,love,glad,happy,best,perfectly,salad,keeps,easy,business,pleased,ze,day,mas
ice,great,loves,excellent,awesome,highly,wonderful,potatoes,cube,ever,perfect,lemon,love,glad,happy,best,perfectly,salad,keeps,easy,business,pleased,ze,day,mas
ice,great,loves,excellent,awesome,highly,wonderful,potatoes,cube,ever,perfect,lemon,love,glad,happy,best,perfectly,salad,keeps,easy,business,pleased,ze,day,mas
ice,great,loves,excellent,awesome,highly,wonderful,potatoes,cube,ever,perfect,lemon,love,glad,happy,best,perfectly,salad,keeps,easy,business,pleased,ze,day,mas
ice,great,loves,excellent,awesome,highly,wonderful,potatoes,cube,ever,perfect,lemon,love,glad,happy,best,perfectly,salad,keeps,easy,business,pleased,ze,day,mas
ice,great,loves,excellent,awesome,highly,wonderful,potatoes,cube,ever,perfect,lemon,love,glad,happy,best,perfectly,salad,keeps,easy,business,pleased,ze,day,mas
ice,great,loves,excellent,awesome,highly,wonderful,potatoes,cube,ever,perfect,lemon,love,glad,happy,best,perfectly,salad,keeps,easy,business,pleased,ze,day,mas
ice,great,loves,excellent,awesome,highly,wonderful,potatoes,cube,ever,perfect,lemon,love,glad,happy,best,perfectly,salad,keeps,easy,business,pleased,ze,day,mas
ice,great,loves,excellent,awesome,highly,wonderful,potatoes,cube,ever,perfect,lemon,love,glad,happy,best,perfectly,salad,keeps,easy,business,pleased,ze,day,mas
ice,great,loves,excellent,awesome,highly,wonderful,potatoes,cube,ever,perfect,lemon,love,glad,happy,best,perfectly,salad,keeps,easy,business,pleased,ze,day,mas
ice,great,loves,excellent,awesome,highly,wonderful,potatoes,cube,ever,perfect,lemon,love,glad,happy,best,perfectly,salad,keeps,easy,business,pleased,ze,day,mas
ice,great,loves,excellent,awesome,highly,wonderful,potatoes,cube,ever,perfect,lemon,love,glad,happy,best,perfectly,salad,keeps,easy,business,pleased,ze,day,mas
ice,great,loves,excellent,awesome,highly,wonderful,potatoes,cube,ever,perfect,lemon,love,glad,happy,best,perfectly,salad,keeps,easy,business,pleased,ze,day,mas
ice,great,loves,excellent,awesome,highly,wonderful,potatoes,cube,ever,perfect,lemon,love,glad,happy,best,perfectly,salad,keeps,easy,business,pleased,ze,day,mas
ice,great,loves,excellent,awesome,highly,wonderful,potatoes,cube,ever,perfect,lemon,love,glad,happy,best,perfectly,salad,easy,business,pleased,ze,day,mas,fan
ice,great,loves,excellent,awesome,highly,wonderful,potatoes,cube,ever,perfect,lemon,love,glad,happy,best,perfectly,salad,easy,business,pleased,ze,day,mas,fan
ice,great,loves,excellent,awesome,highly,wonderful,potatoes,cube,ever,perfect,lemon,love,glad,happy,best,perfectly,salad,easy,business,pleased,ze,day,mas,fan
ice,great,loves,excellent,awesome,highly,wonderful,potatoes,cube,ever,perfect,lemon,love,glad,happy,best,perfectly,salad,easy,business,pleased,ze,day,mas,fan
ice,great,loves,excellent,awesome,highly,wonderful,potatoes,cube,ever,perfect,lemon,love,glad,happy,best,perfectly,salad,easy,business,pleased,ze,day,mas,fan
ice,great,loves,excellent,awesome,highly,wonderful,potatoes,cube,ever,perfect,lemon,love,glad,happy,best,perfectly,salad,easy,business,pleased,ze,day,mas,fan
ice,great,loves,excellent,awesome,highly,wonderful,potatoes,cube,ever,perfect,lemon,love,glad,happy,best,perfectly,salad,easy,business,pleased,ze,day,mas,fan
ice,great,loves,excellent,awesome,highly,wonderful,potatoes,cube,ever,perfect,lemon,love,glad,happy,best,perfectly,salad,easy,business,pleased,ze,day,mas,fan
ice,great,loves,excellent,awesome,highly,wonderful,potatoes,cube,ever,perfect,lemon,love,glad,happy,best,perfectly,salad,easy,business,pleased,ze,day,mas,fan
ice,great,loves,excellent,awesome,highly,wonderful,potatoes,cube,ever,perfect,lemon,love,glad,happy,best,perfectly,salad,easy,business,pleased,ze,day,mas,fan
ice,great,loves,excellent,awesome,highly,wonderful,potatoes,cube,ever,perfect,lemon,love,glad,happy,best,perfectly,salad,easy,business,pleased,ze,day,mas,fan
ice,great,loves,excellent,awesome,highly,wonderful,potatoes,cube,ever,perfect,lemon,love,glad,happy,best,perfectly,salad,easy,business,pleased,ze,day,mas,fan
ice,great,loves,excellent,awesome,highly,wonderful,potatoes,cube,ever,perfect,lemon,love,glad,happy,best,perfectly,salad,easy,business,pleased,ze,day,mas,fan
ice,great,loves,excellent,awesome,highly,wonderful,potatoes,cube,ever,perfect,lemon,love,glad,happy,best,perfectly,salad,easy,business,pleased,ze,day,mas,fan
ice,great,loves,excellent,awesome,highly,wonderful,potatoes,cube,ever,perfect,lemon,love,glad,happy,best,perfectly,salad,easy,business,pleased,ze,day,mas,fan
ice,great,loves,excellent,awesome,highly,wonderful,potatoes,cube,ever,perfect,lemon,love,glad,happy,best,perfectly,salad,easy,business,pleased,ze,day,mas,fan
ice,great,loves,excellent,awesome,highly,wonderful,potatoes,cube,ever,perfect,lemon,love,glad,happy,best,perfectly,salad,easy,business,pleased,ze,day,mas,fan
ice,great,loves,excellent,awesome,highly,wonderful,potatoes,cube,ever,perfect,lemon,love,glad,happy,best,perfectly,salad,easy,business,pleased,ze,day,mas,fan
ice,great,loves,excellent,awesome,highly,wonderful,potatoes,cube,ever,perfect,lemon,love,glad,happy,best,perfectly,salad,easy,business,pleased,ze,day,mas,fan
ice,great,loves,excellent,awesome,highly,wonderful,potatoes,cube,ever,perfect,lemon,love,glad,happy,best,perfectly,salad,easy,business,pleased,ze,day,mas,fan
ice,great,loves,excellent,awesome,highly,wonderful,potatoes,cube,ever,perfect,lemon,love,glad,happy,best,perfectly,salad,easy,business,pleased,ze,day,mas,fan
ice,great,loves,excellent,awesome,highly,wonderful,potatoes,cube,ever,perfect,lemon,love,glad,happy,best,perfectly,salad,easy,business,pleased,ze,day,mas,fan
ice,great,loves,excellent,awesome,highly,wonderful,potatoes,cube,ever,perfect,lemon,love,glad,happy,best,perfectly,salad,easy,business,pleased,ze,day,mas,fan
ice,great,loves,excellent,awesome,highly,wonderful,potatoes,cube,ever,perfect,lemon,love,glad,happy,best,perfectly,salad,easy,business,pleased,ze,day,mas,fan
ice,great,loves,excellent,awesome,highly,wonderful,potatoes,cube,ever,perfect,lemon,love,glad,happy,best,perfectly,salad,easy,business,pleased,ze,day,mas,fan
ice,great,loves,excellent,awesome,highly,wonderful,potatoes,cube,ever,perfect,lemon,love,glad,happy,best,perfectly,salad,easy,business,pleased,ze,day,mas,fan
ice,great,loves,excellent,awesome,highly,wonderful,potatoes,cube,ever,perfect,lemon,love,glad,happy,best,perfectly,salad,easy,business,pleased,ze,day,mas,fan
ice,great,loves,excellent,awesome,highly,wonderful,potatoes,cube,ever,perfect,lemon,love,glad,happy,best,perfectly,salad,easy,business,pleased,ze,day,mas,fan
ice,great,loves,excellent,awesome,highly,wonderful,potatoes,cube,ever,perfect,lemon,love,glad,happy,best,perfectly,salad,easy,business,pleased,ze,day,mas,fan
ice,great,loves,excellent,awesome,highly,wonderful,potatoes,cube,ever,perfect,lemon,love,glad,happy,best,perfectly,salad,easy,business,pleased,ze,day,mas,fan
ice,great,loves,excellent,awesome,highly,wonderful,potatoes,cube,ever,perfect,lemon,love,glad,happy,best,perfectly,salad,easy,business,pleased,ze,day,mas,fan
ice,great,loves,excellent,awesome,highly,wonderful,potatoes,cube,ever,perfect,lemon,love,glad,happy,best,perfectly,salad,easy,business,pleased,ze,day,mas,fan
ice,great,loves,excellent,awesome,highly,wonderful,potatoes,cube,ever,perfect,lemon,love,glad,happy,best,perfectly,salad,easy,business,pleased,ze,day,mas,fan
ice,great,loves,excellent,awesome,highly,wonderful,potatoes,cube,ever,perfect,lemon,love,glad,happy,best,perfectly,salad,easy,business,pleased,ze,day,mas,fan
ice,great,loves,excellent,awesome,highly,wonderful,potatoes,cube,ever,perfect,lemon,love,glad,happy,best,perfectly,salad,easy,business,pleased,ze,day,mas,fan
ice,great,loves,excellent,awesome,highly,wonderful,potatoes,cube,ever,perfect,lemon,love,glad,happy,best,perfectly,salad,easy,business,pleased,ze,day,mas,fan
ice,great,loves,excellent,awesome,highly,wonderful,potatoes,cube,ever,perfect,lemon,love,glad,happy,best,perfectly,salad,easy,business,pleased,ze,day,mas,fan
ice,great,loves,excellent,awesome,highly,wonderful,potatoes,cube,ever,perfect,lemon,love,glad,happy,best,perfectly,salad,easy,business,pleased,ze,day,mas,fan
ice,great,loves,excellent,awesome,highly,wonderful,potatoes,cube,ever,perfect,lemon,love,glad,happy,best,perfectly,salad,easy,business,pleased,ze,day,mas,fan
ice,great,loves,excellent,awesome,highly,wonderful,potatoes,cube,ever,perfect,lemon,love,glad,happy,best,perfectly,salad,easy,business,pleased,ze,day,mas,fan
ice,great,loves,excellent,awesome,highly,wonderful,potatoes,cube,ever,perfect,lemon,love,glad,happy,best,perfectly,salad,easy,pleased,ze,day,mas,fan,thank
ice,great,loves,excellent,awesome,highly,wonderful,potatoes,cube,ever,perfect,lemon,love,glad,happy,best,perfectly,salad,easy,pleased,ze,day,mas,fan,thank
ice,great,loves,excellent,awesome,highly,wonderful,potatoes,cube,ever,perfect,lemon,love,glad,happy,best,perfectly,salad,easy,pleased,ze,day,mas,fan,thank
ice,great,loves,excellent,awesome,highly,wonderful,potatoes,cube,ever,perfect,lemon,love,glad,happy,best,perfectly,salad,easy,pleased,ze,day,mas,fan,thank
ice,great,loves,excellent,awesome,highly,wonderful,potatoes,cube,ever,perfect,lemon,love,glad,happy,best,perfectly,salad,easy,pleased,ze,day,mas,fan,thank
ice,great,loves,excellent,awesome,highly,wonderful,potatoes,cube,ever,perfect,lemon,love,glad,happy,best,perfectly,salad,easy,pleased,ze,day,mas,fan,thank
ice,great,loves,excellent,awesome,highly,wonderful,potatoes,cube,ever,perfect,lemon,love,glad,happy,best,perfectly,salad,easy,pleased,ze,day,mas,fan,thank
ice,great,loves,excellent,awesome,highly,wonderful,potatoes,cube,ever,perfect,lemon,love,glad,happy,best,perfectly,salad,easy,pleased,ze,day,mas,fan,thank
ice,great,loves,excellent,awesome,highly,wonderful,potatoes,cube,ever,perfect,lemon,love,glad,happy,best,perfectly,salad,easy,pleased,ze,day,mas,fan,thank
ice,great,loves,excellent,awesome,highly,wonderful,potatoes,cube,ever,perfect,lemon,love,glad,happy,best,perfectly,salad,easy,pleased,ze,day,mas,fan,thank
ice,great,loves,excellent,awesome,highly,wonderful,potatoes,cube,ever,perfect,lemon,love,glad,happy,best,perfectly,salad,easy,pleased,ze,day,mas,fan,thank
ice,great,loves,excellent,awesome,highly,wonderful,potatoes,cube,ever,perfect,lemon,love,glad,happy,best,perfectly,salad,easy,pleased,ze,day,mas,fan,thank
ice,great,loves,excellent,awesome,highly,wonderful,potatoes,cube,ever,perfect,lemon,love,glad,happy,best,perfectly,salad,easy,pleased,ze,day,mas,fan,thank
ice,great,loves,excellent,awesome,highly,wonderful,potatoes,cube,ever,perfect,lemon,love,glad,happy,best,perfectly,salad,easy,pleased,ze,day,mas,fan,thank
ice,great,loves,excellent,awesome,highly,wonderful,potatoes,cube,ever,perfect,lemon,love,glad,happy,best,perfectly,salad,easy,pleased,ze,day,mas,fan,thank
ice,great,loves,excellent,awesome,highly,wonderful,potatoes,cube,ever,perfect,lemon,love,glad,happy,best,perfectly,salad,easy,pleased,ze,day,mas,fan,thank
ice,great,loves,excellent,awesome,highly,wonderful,potatoes,cube,ever,perfect,lemon,love,glad,happy,best,perfectly,salad,easy,pleased,ze,day,mas,fan,thank
ice,great,loves,excellent,awesome,highly,wonderful,potatoes,cube,ever,perfect,lemon,love,glad,happy,best,perfectly,salad,easy,pleased,ze,day,mas,fan,thank
ice,great,loves,excellent,awesome,highly,wonderful,potatoes,cube,ever,perfect,lemon,love,glad,happy,best,perfectly,salad,easy,pleased,ze,day,mas,fan,thank
ice,great,loves,excellent,awesome,highly,wonderful,potatoes,cube,ever,perfect,lemon,love,glad,happy,best,perfectly,salad,easy,pleased,ze,day,mas,fan,thank
ice,great,loves,excellent,awesome,highly,wonderful,potatoes,cube,ever,perfect,lemon,love,glad,happy,best,perfectly,salad,easy,pleased,ze,day,mas,fan,thank
ice,great,loves,excellent,awesome,highly,wonderful,potatoes,cube,ever,perfect,lemon,love,glad,happy,best,perfectly,salad,easy,pleased,ze,day,mas,fan,thank
ice,great,loves,excellent,awesome,highly,wonderful,potatoes,cube,ever,perfect,lemon,love,glad,happy,best,perfectly,salad,easy,pleased,ze,day,mas,fan,thank
ice,great,loves,excellent,awesome,highly,wonderful,potatoes,cube,ever,perfect,lemon,love,glad,happy,best,perfectly,salad,easy,pleased,ze,day,mas,fan,thank
ice,great,loves,excellent,awesome,highly,wonderful,potatoes,cube,ever,perfect,lemon,love,glad,happy,best,perfectly,salad,easy,pleased,ze,day,mas,fan,thank
ice,great,loves,excellent,awesome,highly,wonderful,potatoes,cube,ever,perfect,lemon,love,glad,happy,best,perfectly,salad,easy,pleased,ze,day,mas,fan,thank
ice,great,loves,excellent,awesome,highly,wonderful,potatoes,cube,ever,perfect,lemon,love,glad,happy,best,perfectly,salad,easy,pleased,ze,day,mas,fan,thank
ice,great,loves,excellent,awesome,highly,wonderful,potatoes,cube,ever,perfect,lemon,love,glad,happy,best,perfectly,salad,easy,pleased,ze,day,mas,fan,thank
ice,great,loves,excellent,awesome,highly,wonderful,potatoes,cube,ever,perfect,lemon,love,glad,happy,best,perfectly,salad,easy,pleased,ze,day,mas,fan,thank
ice,great,loves,excellent,awesome,highly,wonderful,potatoes,cube,ever,perfect,lemon,love,glad,happy,best,perfectly,salad,easy,pleased,ze,day,mas,fan,thank
ice,great,loves,excellent,awesome,highly,wonderful,potatoes,cube,ever,perfect,lemon,love,glad,happy,best,perfectly,salad,easy,pleased,ze,day,mas,fan,thank
ice,great,loves,excellent,awesome,highly,wonderful,potatoes,cube,ever,perfect,lemon,love,glad,happy,best,perfectly,salad,easy,pleased,ze,day,mas,fan,thank
ice,great,loves,excellent,awesome,highly,wonderful,potatoes,cube,ever,perfect,lemon,love,glad,happy,best,perfectly,salad,easy,pleased,ze,day,mas,fan,thank
ice,great,loves,excellent,awesome,highly,wonderful,potatoes,cube,ever,perfect,lemon,love,glad,happy,best,perfectly,salad,easy,pleased,ze,day,mas,fan,thank
ice,great,loves,excellent,awesome,highly,wonderful,potatoes,cube,ever,perfect,lemon,love,glad,happy,best,perfectly,salad,easy,pleased,ze,day,mas,fan,thank
ice,great,loves,excellent,awesome,highly,wonderful,potatoes,cube,ever,perfect,lemon,love,glad,happy,best,perfectly,salad,easy,pleased,ze,day,mas,fan,thank
ice,great,loves,excellent,awesome,highly,wonderful,potatoes,cube,ever,perfect,lemon,love,glad,happy,best,perfectly,salad,easy,pleased,ze,day,mas,fan,thank
ice,great,loves,excellent,awesome,highly,wonderful,potatoes,cube,ever,perfect,lemon,love,glad,happy,best,perfectly,salad,easy,pleased,ze,day,mas,fan,thank
ice,great,loves,excellent,awesome,highly,wonderful,potatoes,cube,ever,perfect,lemon,love,glad,happy,best,perfectly,salad,easy,pleased,ze,day,mas,fan,thank
ice,great,loves,excellent,awesome,highly,wonderful,potatoes,cube,ever,perfect,lemon,love,glad,happy,best,perfectly,salad,easy,pleased,ze,day,mas,fan,thank
ice,great,loves,excellent,awesome,highly,wonderful,potatoes,cube,ever,perfect,lemon,love,glad,happy,best,perfectly,salad,easy,pleased,ze,day,mas,fan,thank
ice,great,loves,excellent,awesome,highly,wonderful,potatoes,cube,ever,perfect,lemon,love,glad,happy,best,perfectly,salad,easy,pleased,ze,day,mas,fan,thank
ice,great,loves,excellent,awesome,highly,wonderful,potatoes,cube,ever,perfect,lemon,love,glad,happy,best,perfectly,salad,easy,pleased,ze,day,mas,fan,thank
ice,great,loves,excellent,awesome,highly,wonderful,potatoes,cube,ever,perfect,lemon,love,glad,happy,best,perfectly,salad,easy,pleased,ze,day,mas,fan,thank
ice,great,loves,excellent,awesome,highly,wonderful,potatoes,cube,ever,perfect,lemon,love,glad,happy,best,perfectly,salad,easy,pleased,ze,day,mas,fan,thank
ice,great,loves,excellent,awesome,highly,wonderful,potatoes,cube,ever,perfect,lemon,love,glad,happy,best,perfectly,salad,easy,pleased,ze,day,mas,fan,thank
ice,great,loves,excellent,awesome,highly,wonderful,potatoes,cube,ever,perfect,lemon,love,glad,happy,best,perfectly,salad,easy,pleased,ze,day,mas,fan,thank
ice,great,loves,excellent,awesome,highly,wonderful,potatoes,cube,ever,perfect,lemon,love,glad,happy,best,perfectly,salad,easy,pleased,ze,day,mas,fan,thank
ice,great,loves,excellent,awesome,highly,wonderful,potatoes,cube,ever,perfect,lemon,love,glad,happy,best,perfectly,salad,easy,pleased,ze,day,mas,fan,thank
ice,great,loves,excellent,awesome,highly,wonderful,potatoes,cube,ever,perfect,lemon,love,glad,happy,best,perfectly,salad,easy,pleased,ze,day,mas,fan,thank
ice,great,loves,excellent,awesome,highly,wonderful,potatoes,cube,ever,perfect,lemon,love,glad,happy,best,perfectly,salad,easy,pleased,ze,day,mas,fan,thank
ice,great,loves,excellent,awesome,highly,wonderful,potatoes,cube,ever,perfect,lemon,love,glad,happy,best,perfectly,salad,easy,pleased,ze,day,mas,fan,thank
ice,great,loves,excellent,awesome,highly,wonderful,potatoes,cube,ever,perfect,lemon,love,glad,happy,best,perfectly,salad,easy,pleased,ze,day,mas,fan,thank
ice,great,loves,excellent,awesome,highly,wonderful,potatoes,cube,ever,perfect,lemon,love,glad,happy,best,perfectly,salad,easy,pleased,ze,day,mas,fan,thank
ice,great,loves,excellent,awesome,highly,wonderful,potatoes,cube,ever,perfect,lemon,love,glad,happy,best,perfectly,salad,easy,pleased,ze,day,mas,fan,thank
ice,great,loves,excellent,awesome,highly,wonderful,potatoes,cube,ever,perfect,lemon,love,glad,happy,best,perfectly,salad,easy,pleased,ze,day,mas,fan,thank
ice,great,loves,excellent,awesome,highly,wonderful,potatoes,cube,ever,perfect,lemon,love,glad,happy,best,perfectly,salad,easy,pleased,ze,day,mas,fan,thank
ice,great,loves,excellent,awesome,highly,wonderful,potatoes,cube,ever,perfect,lemon,love,glad,happy,best,perfectly,salad,easy,pleased,ze,day,mas,fan,thank
ice,great,loves,excellent,awesome,highly,wonderful,potatoes,cube,ever,perfect,lemon,love,glad,happy,best,perfectly,salad,easy,pleased,ze,day,mas,fan,thank
ice,great,loves,excellent,awesome,highly,wonderful,potatoes,cube,ever,perfect,lemon,love,glad,happy,best,perfectly,salad,easy,pleased,ze,day,mas,fan,thank
ice,great,loves,excellent,awesome,highly,wonderful,potatoes,cube,ever,perfect,lemon,love,glad,happy,best,perfectly,salad,easy,pleased,ze,day,mas,fan,thank
ice,great,loves,excellent,awesome,highly,wonderful,potatoes,cube,ever,perfect,lemon,love,glad,happy,best,perfectly,salad,easy,pleased,ze,day,mas,fan,thank
ice,great,loves,excellent,awesome,highly,wonderful,potatoes,cube,ever,perfect,lemon,love,glad,happy,best,perfectly,salad,easy,pleased,ze,day,mas,fan,thank
ice,great,loves,excellent,awesome,highly,wonderful,potatoes,cube,ever,perfect,lemon,love,glad,happy,best,perfectly,salad,easy,pleased,ze,day,mas,fan,thank
ice,great,loves,excellent,awesome,highly,wonderful,potatoes,cube,ever,perfect,lemon,love,glad,happy,best,perfectly,salad,easy,pleased,ze,day,mas,fan,thank
ice,great,loves,excellent,awesome,highly,wonderful,potatoes,cube,ever,perfect,lemon,love,glad,happy,best,perfectly,salad,easy,pleased,ze,day,mas,fan,thank
ice,great,loves,excellent,awesome,highly,wonderful,potatoes,cube,ever,perfect,lemon,love,glad,happy,best,perfectly,salad,easy,pleased,ze,day,mas,fan,thank
ice,great,loves,excellent,awesome,highly,wonderful,potatoes,cube,ever,perfect,lemon,love,glad,happy,best,perfectly,salad,easy,pleased,ze,day,mas,fan,thank
ice,great,loves,excellent,awesome,highly,wonderful,potatoes,cube,ever,perfect,lemon,love,glad,happy,best,perfectly,salad,easy,pleased,ze,day,mas,fan,thank
ice,great,loves,excellent,awesome,highly,wonderful,potatoes,cube,ever,perfect,lemon,love,glad,happy,best,perfectly,salad,easy,pleased,ze,day,mas,fan,thank
ice,great,loves,excellent,awesome,highly,wonderful,potatoes,cube,ever,perfect,lemon,love,glad,happy,best,perfectly,salad,easy,pleased,ze,day,mas,fan,thank
ice,great,loves,excellent,awesome,highly,wonderful,potatoes,cube,ever,perfect,lemon,love,glad,happy,best,perfectly,salad,easy,pleased,ze,day,mas,fan,thank
ice,great,loves,excellent,awesome,highly,wonderful,potatoes,cube,ever,perfect,lemon,love,glad,happy,best,perfectly,salad,easy,pleased,ze,day,mas,fan,thank
ice,great,loves,excellent,awesome,highly,wonderful,potatoes,cube,ever,perfect,lemon,love,glad,happy,best,perfectly,salad,easy,pleased,ze,day,mas,fan,thank
ice,great,loves,excellent,awesome,highly,wonderful,potatoes,cube,ever,perfect,lemon,love,glad,happy,best,perfectly,salad,easy,pleased,ze,day,mas,fan,thank
ice,great,loves,excellent,awesome,highly,wonderful,potatoes,cube,ever,perfect,lemon,love,glad,happy,best,perfectly,salad,easy,pleased,ze,day,mas,fan,thank
ice,great,loves,excellent,awesome,highly,wonderful,potatoes,cube,ever,perfect,lemon,love,glad,happy,best,perfectly,salad,easy,pleased,ze,day,mas,fan,thank
ice,great,loves,excellent,awesome,highly,wonderful,potatoes,cube,ever,perfect,lemon,love,glad,happy,best,perfectly,salad,easy,pleased,ze,day,mas,fan,thank
ice,great,loves,excellent,awesome,highly,wonderful,potatoes,cube,ever,perfect,lemon,love,glad,happy,best,perfectly,salad,easy,pleased,ze,day,mas,fan,thank
ice,great,loves,excellent,awesome,highly,wonderful,potatoes,cube,ever,perfect,lemon,love,glad,happy,best,perfectly,salad,easy,pleased,ze,day,mas,fan,thank
ice,great,loves,excellent,awesome,highly,wonderful,potatoes,cube,ever,perfect,lemon,love,glad,happy,best,perfectly,salad,easy,pleased,ze,day,mas,fan,thank
ice,great,loves,excellent,awesome,highly,wonderful,potatoes,cube,ever,perfect,lemon,love,glad,happy,best,perfectly,salad,easy,pleased,ze,day,mas,fan,thank
ice,great,loves,excellent,awesome,highly,wonderful,potatoes,cube,ever,perfect,lemon,love,glad,happy,best,perfectly,salad,easy,pleased,ze,day,mas,fan,thank
ice,great,loves,excellent,awesome,highly,wonderful,potatoes,cube,ever,perfect,lemon,love,glad,happy,best,perfectly,salad,easy,pleased,ze,day,mas,fan,thank
ice,great,loves,excellent,awesome,highly,wonderful,potatoes,cube,ever,perfect,lemon,love,glad,happy,best,perfectly,salad,easy,pleased,ze,day,mas,fan,thank
ice,great,loves,excellent,awesome,highly,wonderful,potatoes,cube,ever,perfect,lemon,love,glad,happy,best,perfectly,salad,easy,pleased,ze,day,mas,fan,thank
ice,great,loves,excellent,awesome,highly,wonderful,potatoes,cube,ever,perfect,lemon,love,glad,happy,best,perfectly,salad,easy,pleased,ze,day,mas,fan,thank
ice,great,loves,excellent,awesome,highly,wonderful,potatoes,cube,ever,perfect,lemon,love,glad,happy,best,perfectly,salad,easy,pleased,ze,day,mas,fan,thank
ice,great,loves,excellent,awesome,highly,wonderful,potatoes,cube,ever,perfect,lemon,love,glad,happy,best,perfectly,salad,easy,pleased,ze,day,mas,fan,thank
ice,great,loves,excellent,awesome,highly,wonderful,potatoes,cube,ever,perfect,lemon,love,glad,happy,best,perfectly,salad,easy,pleased,ze,day,mas,fan,thank
ice,great,loves,excellent,awesome,highly,wonderful,potatoes,cube,ever,perfect,lemon,love,glad,happy,best,perfectly,salad,easy,pleased,ze,day,mas,fan,thank
ice,great,loves,excellent,awesome,highly,wonderful,potatoes,cube,ever,perfect,lemon,love,glad,happy,best,perfectly,salad,easy,pleased,ze,day,mas,fan,thank
ice,great,loves,excellent,awesome,highly,wonderful,potatoes,cube,ever,perfect,lemon,love,glad,happy,best,perfectly,salad,easy,pleased,ze,day,mas,fan,thank
ice,great,loves,excellent,awesome,highly,wonderful,potatoes,cube,ever,perfect,lemon,love,glad,happy,best,perfectly,salad,easy,pleased,ze,day,mas,fan,thank
ice,great,loves,excellent,awesome,highly,wonderful,potatoes,cube,ever,perfect,lemon,love,glad,happy,best,perfectly,salad,easy,pleased,ze,day,mas,fan,thank
ice,great,loves,excellent,awesome,highly,wonderful,potatoes,cube,ever,perfect,lemon,love,glad,happy,citrus,best,perfectly,easy,pleased,ze,day,mas,fan,thank
ice,great,loves,excellent,awesome,highly,wonderful,potatoes,cube,ever,perfect,lemon,love,glad,happy,citrus,best,perfectly,easy,pleased,ze,day,mas,fan,thank
ice,great,loves,excellent,awesome,highly,wonderful,potatoes,cube,ever,perfect,lemon,love,glad,happy,citrus,best,perfectly,easy,pleased,ze,day,mas,fan,thank
ice,great,loves,excellent,awesome,highly,wonderful,potatoes,cube,ever,perfect,lemon,love,glad,happy,citrus,best,perfectly,easy,pleased,ze,day,mas,fan,thank
ice,great,loves,excellent,awesome,highly,wonderful,potatoes,cube,ever,perfect,lemon,love,glad,happy,citrus,best,perfectly,easy,pleased,ze,day,mas,fan,thank
ice,great,loves,excellent,awesome,highly,wonderful,potatoes,cube,ever,perfect,lemon,love,glad,happy,citrus,best,perfectly,easy,pleased,ze,day,mas,fan,thank
ice,great,loves,excellent,awesome,highly,wonderful,potatoes,cube,ever,perfect,lemon,love,glad,happy,citrus,best,perfectly,easy,pleased,ze,day,mas,fan,thank
ice,great,loves,excellent,awesome,highly,wonderful,potatoes,cube,ever,perfect,lemon,love,glad,happy,citrus,best,perfectly,easy,pleased,ze,day,mas,fan,thank
ice,great,loves,excellent,awesome,highly,wonderful,potatoes,cube,ever,perfect,lemon,love,glad,happy,citrus,best,perfectly,easy,pleased,ze,day,mas,fan,thank
ice,great,loves,excellent,awesome,highly,wonderful,potatoes,cube,ever,perfect,lemon,love,glad,happy,citrus,best,perfectly,easy,pleased,ze,day,mas,fan,thank
ice,great,loves,excellent,awesome,highly,wonderful,potatoes,cube,ever,perfect,lemon,love,glad,happy,citrus,best,perfectly,easy,pleased,ze,day,mas,fan,thank
ice,great,loves,excellent,awesome,highly,wonderful,potatoes,cube,ever,perfect,lemon,love,glad,happy,citrus,best,perfectly,easy,pleased,ze,day,mas,fan,thank
ice,great,loves,excellent,awesome,highly,wonderful,potatoes,cube,ever,perfect,lemon,love,glad,happy,citrus,best,perfectly,easy,pleased,ze,day,mas,fan,thank
ice,great,loves,excellent,awesome,highly,wonderful,potatoes,cube,ever,perfect,lemon,love,glad,happy,citrus,best,perfectly,easy,pleased,ze,day,mas,fan,thank
ice,great,loves,excellent,awesome,highly,wonderful,potatoes,cube,ever,perfect,lemon,love,glad,happy,citrus,best,perfectly,easy,pleased,ze,day,mas,fan,thank
ice,great,loves,excellent,awesome,highly,wonderful,potatoes,cube,ever,perfect,lemon,love,glad,happy,citrus,best,perfectly,easy,pleased,ze,day,mas,fan,thank
ice,great,loves,excellent,awesome,highly,wonderful,potatoes,cube,ever,perfect,lemon,love,glad,happy,citrus,best,perfectly,easy,pleased,ze,day,mas,fan,thank
ice,great,loves,excellent,awesome,highly,wonderful,potatoes,cube,ever,perfect,lemon,love,glad,happy,citrus,best,perfectly,easy,pleased,ze,day,mas,fan,thank
ice,great,loves,excellent,awesome,highly,wonderful,potatoes,cube,ever,perfect,lemon,love,glad,happy,citrus,best,perfectly,easy,pleased,ze,day,mas,fan,thank
ice,great,loves,excellent,awesome,highly,wonderful,potatoes,cube,ever,perfect,lemon,love,glad,happy,best,opens,perfectly,easy,pleased,ze,day,mas,fan,thank
ice,great,loves,excellent,awesome,highly,wonderful,potatoes,cube,ever,perfect,lemon,love,glad,happy,best,opens,perfectly,easy,pleased,ze,day,mas,fan,thank
ice,great,loves,excellent,awesome,highly,wonderful,potatoes,cube,ever,perfect,lemon,love,glad,happy,best,opens,perfectly,easy,pleased,ze,day,mas,fan,thank
ice,great,loves,excellent,awesome,highly,wonderful,potatoes,cube,ever,perfect,lemon,love,glad,happy,best,opens,perfectly,easy,pleased,ze,day,mas,fan,thank
ice,great,loves,excellent,awesome,highly,wonderful,potatoes,cube,ever,perfect,lemon,love,glad,happy,best,opens,perfectly,easy,pleased,ze,day,mas,fan,thank
ice,great,loves,excellent,awesome,highly,wonderful,potatoes,cube,ever,perfect,lemon,love,glad,happy,best,opens,perfectly,easy,pleased,ze,day,mas,fan,thank
ice,great,loves,excellent,awesome,highly,wonderful,potatoes,cube,ever,perfect,lemon,love,glad,happy,best,opens,perfectly,easy,pleased,ze,day,mas,fan,thank
ice,great,loves,excellent,awesome,highly,wonderful,potatoes,cube,ever,perfect,lemon,love,glad,happy,best,opens,perfectly,easy,pleased,ze,day,mas,fan,thank
ice,great,loves,excellent,awesome,highly,wonderful,potatoes,cube,ever,perfect,lemon,love,glad,happy,best,opens,perfectly,easy,pleased,ze,day,mas,fan,thank
ice,great,loves,excellent,awesome,highly,wonderful,potatoes,cube,ever,perfect,lemon,love,glad,happy,best,opens,perfectly,easy,pleased,ze,day,mas,fan,thank
ice,great,loves,excellent,awesome,highly,wonderful,potatoes,cube,ever,perfect,lemon,love,glad,happy,best,opens,perfectly,easy,pleased,ze,day,mas,fan,thank
ice,great,loves,excellent,awesome,highly,wonderful,potatoes,cube,ever,perfect,lemon,love,glad,happy,best,opens,perfectly,easy,pleased,ze,day,mas,fan,thank
ice,great,loves,excellent,awesome,highly,wonderful,potatoes,cube,ever,perfect,lemon,love,glad,happy,best,opens,perfectly,easy,pleased,ze,day,mas,fan,thank
ice,great,loves,excellent,awesome,highly,wonderful,potatoes,cube,ever,perfect,lemon,love,glad,happy,best,opens,perfectly,easy,pleased,ze,day,mas,fan,thank
ice,great,loves,excellent,awesome,highly,wonderful,potatoes,cube,ever,perfect,lemon,love,glad,happy,best,opens,perfectly,easy,pleased,ze,day,mas,fan,thank
ice,great,loves,excellent,awesome,highly,wonderful,potatoes,cube,ever,perfect,lemon,love,glad,happy,best,opens,perfectly,easy,pleased,ze,day,mas,fan,thank
ice,great,loves,excellent,awesome,highly,wonderful,potatoes,cube,ever,perfect,lemon,love,glad,happy,best,opens,perfectly,easy,pleased,ze,day,mas,fan,thank
ice,great,loves,excellent,awesome,highly,wonderful,potatoes,cube,ever,perfect,lemon,love,glad,happy,best,opens,perfectly,easy,pleased,ze,day,mas,fan,thank
ice,great,loves,excellent,awesome,highly,wonderful,potatoes,cube,ever,perfect,lemon,love,glad,happy,best,opens,perfectly,easy,pleased,ze,day,mas,fan,thank
ice,great,loves,excellent,awesome,highly,wonderful,potatoes,cube,ever,perfect,lemon,love,glad,happy,best,opens,perfectly,easy,pleased,ze,day,mas,fan,thank
ice,great,loves,excellent,awesome,highly,wonderful,potatoes,cube,ever,perfect,lemon,love,glad,happy,best,opens,perfectly,easy,pleased,ze,day,mas,fan,thank
ice,great,loves,excellent,awesome,highly,wonderful,potatoes,cube,ever,perfect,lemon,love,glad,happy,best,opens,perfectly,easy,pleased,ze,day,mas,fan,thank
ice,great,loves,excellent,awesome,highly,wonderful,potatoes,cube,ever,perfect,lemon,love,glad,happy,best,opens,perfectly,easy,pleased,ze,day,mas,fan,thank
ice,great,loves,excellent,awesome,highly,wonderful,potatoes,cube,ever,perfect,lemon,love,glad,happy,best,opens,perfectly,easy,pleased,ze,day,mas,fan,thank
ice,great,loves,excellent,awesome,highly,wonderful,potatoes,cube,ever,perfect,lemon,love,glad,happy,best,opens,perfectly,easy,pleased,ze,day,mas,fan,thank
ice,great,loves,excellent,awesome,highly,wonderful,potatoes,cube,ever,perfect,lemon,love,glad,happy,best,opens,perfectly,easy,pleased,ze,day,mas,fan,thank
ice,great,loves,excellent,awesome,highly,wonderful,potatoes,cube,ever,perfect,lemon,love,glad,happy,best,opens,perfectly,easy,pleased,ze,day,mas,fan,thank
ice,great,loves,excellent,awesome,highly,wonderful,potatoes,cube,ever,perfect,lemon,love,glad,happy,best,opens,perfectly,easy,pleased,ze,day,mas,fan,thank
ice,great,loves,excellent,awesome,highly,wonderful,potatoes,cube,ever,perfect,lemon,love,glad,happy,best,opens,perfectly,easy,pleased,ze,day,mas,fan,thank
ice,great,loves,excellent,awesome,highly,wonderful,potatoes,cube,ever,perfect,lemon,love,glad,happy,best,opens,perfectly,easy,pleased,ze,day,mas,fan,thank
ice,great,loves,excellent,awesome,highly,wonderful,potatoes,cube,ever,perfect,lemon,love,glad,happy,best,opens,perfectly,easy,pleased,ze,day,mas,fan,thank
ice,great,loves,excellent,awesome,highly,wonderful,potatoes,cube,ever,perfect,lemon,love,glad,happy,best,opens,perfectly,easy,pleased,ze,day,mas,fan,thank
ice,great,loves,excellent,awesome,highly,wonderful,potatoes,cube,ever,perfect,lemon,love,glad,happy,best,opens,perfectly,easy,pleased,ze,day,mas,fan,thank
ice,great,loves,excellent,awesome,highly,wonderful,potatoes,cube,ever,perfect,lemon,love,glad,happy,best,opens,perfectly,easy,pleased,ze,day,mas,fan,thank
ice,great,loves,excellent,awesome,highly,wonderful,potatoes,cube,ever,perfect,lemon,love,glad,happy,best,opens,perfectly,easy,pleased,ze,day,mas,fan,thank
ice,great,loves,excellent,awesome,highly,wonderful,potatoes,cube,ever,perfect,lemon,love,glad,happy,best,opens,perfectly,easy,pleased,ze,day,mas,fan,thank
ice,great,loves,excellent,awesome,highly,wonderful,potatoes,cube,ever,perfect,lemon,love,glad,happy,best,opens,perfectly,easy,pleased,ze,day,mas,fan,thank
ice,great,loves,excellent,awesome,highly,wonderful,potatoes,cube,ever,perfect,lemon,love,glad,happy,best,opens,perfectly,easy,pleased,ze,day,mas,fan,thank
ice,great,loves,excellent,awesome,highly,wonderful,potatoes,cube,ever,perfect,lemon,love,glad,happy,best,opens,perfectly,easy,pleased,ze,day,mas,fan,thank
ice,great,loves,excellent,awesome,highly,wonderful,potatoes,cube,ever,perfect,lemon,love,glad,happy,best,opens,perfectly,easy,pleased,ze,day,mas,fan,thank
ice,great,loves,excellent,awesome,highly,wonderful,potatoes,cube,ever,perfect,lemon,love,glad,happy,best,opens,perfectly,easy,pleased,ze,day,mas,fan,thank
ice,great,loves,excellent,awesome,highly,wonderful,potatoes,cube,ever,perfect,lemon,love,glad,happy,best,opens,perfectly,easy,pleased,ze,day,mas,fan,thank
ice,great,loves,excellent,awesome,highly,wonderful,potatoes,cube,ever,perfect,lemon,love,glad,happy,best,opens,perfectly,easy,pleased,ze,day,mas,fan,thank
ice,great,loves,excellent,awesome,highly,wonderful,potatoes,cube,ever,perfect,lemon,love,glad,happy,best,opens,perfectly,easy,pleased,ze,day,mas,fan,thank
ice,great,loves,excellent,awesome,highly,wonderful,potatoes,cube,ever,perfect,lemon,love,glad,happy,best,opens,perfectly,easy,pleased,ze,day,mas,fan,thank
ice,great,loves,excellent,awesome,highly,wonderful,potatoes,cube,ever,perfect,lemon,love,glad,happy,best,opens,perfectly,easy,pleased,ze,day,mas,fan,thank
ice,great,loves,excellent,awesome,highly,wonderful,potatoes,cube,ever,perfect,lemon,love,glad,happy,best,opens,perfectly,easy,pleased,ze,day,mas,fan,thank
ice,great,loves,excellent,awesome,highly,wonderful,potatoes,cube,ever,perfect,lemon,love,glad,happy,best,opens,perfectly,easy,pleased,ze,day,mas,fan,thank
ice,great,loves,excellent,awesome,highly,wonderful,potatoes,cube,ever,perfect,lemon,love,glad,happy,best,opens,perfectly,easy,pleased,ze,day,mas,fan,thank
ice,great,loves,excellent,awesome,highly,wonderful,potatoes,cube,ever,perfect,lemon,love,glad,happy,best,opens,perfectly,easy,pleased,ze,day,mas,fan,thank
ice,great,loves,excellent,awesome,highly,wonderful,potatoes,cube,ever,perfect,lemon,love,glad,happy,best,opens,perfectly,easy,pleased,ze,day,mas,fan,thank
ice,great,loves,excellent,awesome,highly,wonderful,potatoes,cube,ever,perfect,lemon,love,glad,happy,best,opens,perfectly,easy,pleased,ze,day,mas,fan,thank
ice,great,loves,excellent,awesome,highly,wonderful,potatoes,cube,ever,perfect,lemon,love,glad,happy,best,opens,perfectly,easy,pleased,ze,day,mas,fan,thank
ice,great,loves,excellent,awesome,highly,wonderful,potatoes,cube,ever,perfect,lemon,love,glad,happy,best,opens,perfectly,easy,pleased,ze,day,mas,fan,thank
ice,great,loves,excellent,awesome,highly,wonderful,potatoes,cube,ever,perfect,lemon,love,glad,happy,best,opens,perfectly,easy,pleased,ze,day,mas,fan,thank
ice,great,loves,excellent,awesome,highly,wonderful,potatoes,cube,ever,perfect,lemon,love,glad,happy,best,opens,perfectly,easy,pleased,ze,day,mas,fan,thank
ice,great,loves,excellent,awesome,highly,wonderful,potatoes,cube,ever,perfect,lemon,love,glad,happy,best,opens,perfectly,easy,pleased,ze,day,mas,fan,thank
ice,great,loves,excellent,awesome,highly,wonderful,potatoes,cube,ever,perfect,lemon,love,glad,happy,best,opens,perfectly,easy,pleased,ze,day,mas,fan,thank
ice,great,loves,excellent,awesome,highly,wonderful,potatoes,cube,ever,perfect,lemon,love,glad,happy,best,opens,perfectly,easy,pleased,ze,day,mas,fan,thank
ice,great,loves,excellent,awesome,highly,wonderful,potatoes,cube,ever,perfect,lemon,love,glad,happy,best,opens,perfectly,easy,pleased,ze,day,mas,fan,thank
ice,great,loves,excellent,awesome,highly,wonderful,potatoes,cube,ever,perfect,lemon,love,glad,happy,best,opens,perfectly,easy,pleased,ze,day,mas,fan,thank
ice,great,loves,excellent,awesome,highly,wonderful,potatoes,cube,ever,perfect,lemon,love,glad,happy,best,opens,perfectly,easy,pleased,ze,day,mas,fan,thank
ice,great,loves,excellent,awesome,highly,wonderful,potatoes,cube,ever,perfect,lemon,love,glad,happy,best,opens,perfectly,easy,pleased,ze,day,mas,fan,thank
ice,great,loves,excellent,awesome,highly,wonderful,potatoes,cube,ever,perfect,lemon,love,glad,happy,best,opens,perfectly,easy,pleased,ze,day,mas,fan,thank
ice,great,loves,excellent,awesome,highly,wonderful,potatoes,cube,ever,perfect,lemon,love,glad,happy,best,opens,perfectly,easy,pleased,ze,day,mas,fan,thank
ice,great,loves,excellent,awesome,highly,wonderful,potatoes,cube,ever,perfect,lemon,love,glad,happy,best,opens,perfectly,easy,pleased,ze,day,mas,fan,thank
ice,great,loves,excellent,awesome,highly,wonderful,potatoes,cube,ever,perfect,lemon,love,glad,happy,best,opens,perfectly,easy,pleased,ze,day,mas,fan,thank
ice,great,loves,excellent,awesome,highly,wonderful,potatoes,cube,ever,perfect,lemon,love,glad,happy,best,opens,perfectly,easy,pleased,ze,day,mas,fan,thank
ice,great,loves,excellent,awesome,highly,wonderful,potatoes,cube,ever,perfect,lemon,love,glad,happy,best,opens,perfectly,easy,pleased,ze,day,mas,fan,thank
ice,great,loves,excellent,awesome,highly,wonderful,potatoes,cube,ever,perfect,lemon,love,glad,happy,best,opens,perfectly,easy,pleased,ze,day,mas,fan,thank
ice,great,loves,excellent,awesome,highly,wonderful,potatoes,cube,ever,perfect,lemon,love,glad,happy,best,opens,perfectly,easy,pleased,ze,day,mas,fan,thank
ice,great,loves,excellent,awesome,highly,wonderful,potatoes,cube,ever,perfect,lemon,love,glad,happy,best,opens,perfectly,easy,pleased,ze,day,mas,fan,thank
ice,great,loves,excellent,awesome,highly,wonderful,potatoes,cube,ever,perfect,lemon,love,glad,happy,best,opens,perfectly,easy,pleased,ze,day,mas,fan,thank
ice,great,loves,excellent,awesome,highly,wonderful,potatoes,cube,ever,perfect,lemon,love,glad,happy,best,opens,perfectly,easy,pleased,ze,day,mas,fan,thank
ice,great,loves,excellent,awesome,highly,wonderful,potatoes,cube,ever,perfect,lemon,love,glad,happy,best,opens,perfectly,easy,pleased,ze,day,mas,fan,thank
ice,great,loves,excellent,awesome,highly,wonderful,potatoes,cube,ever,perfect,lemon,love,glad,happy,best,opens,perfectly,easy,pleased,ze,day,mas,fan,thank
ice,great,loves,excellent,awesome,highly,wonderful,potatoes,cube,ever,perfect,lemon,love,glad,happy,best,opens,perfectly,easy,pleased,ze,day,mas,fan,thank
ice,great,loves,excellent,awesome,highly,wonderful,potatoes,cube,ever,perfect,lemon,love,glad,happy,best,opens,perfectly,easy,pleased,ze,day,mas,fan,thank
ice,great,loves,excellent,awesome,highly,wonderful,potatoes,cube,ever,perfect,lemon,love,glad,happy,best,opens,perfectly,easy,pleased,ze,day,mas,fan,thank
ice,great,loves,excellent,awesome,highly,wonderful,potatoes,cube,ever,perfect,lemon,love,glad,happy,best,opens,perfectly,easy,pleased,ze,day,mas,fan,thank
ice,great,loves,excellent,awesome,highly,wonderful,potatoes,cube,ever,perfect,lemon,love,glad,happy,best,opens,perfectly,easy,pleased,ze,day,mas,fan,thank
ice,great,loves,excellent,awesome,highly,wonderful,potatoes,cube,ever,perfect,lemon,love,glad,happy,best,opens,perfectly,easy,pleased,ze,day,mas,fan,thank
ice,great,loves,excellent,awesome,highly,wonderful,potatoes,cube,ever,perfect,lemon,love,glad,happy,best,opens,perfectly,easy,pleased,ze,day,mas,fan,thank
ice,great,loves,excellent,awesome,highly,wonderful,potatoes,cube,ever,perfect,lemon,love,glad,happy,best,opens,perfectly,easy,pleased,ze,day,mas,fan,thank
ice,great,loves,excellent,awesome,highly,wonderful,potatoes,cube,ever,perfect,lemon,love,glad,happy,best,opens,perfectly,easy,pleased,ze,day,mas,fan,thank
ice,great,loves,excellent,awesome,highly,wonderful,potatoes,cube,ever,perfect,lemon,love,glad,happy,best,opens,perfectly,easy,pleased,ze,day,mas,fan,thank
ice,great,loves,excellent,awesome,highly,wonderful,potatoes,cube,ever,perfect,lemon,love,glad,happy,best,opens,perfectly,easy,pleased,ze,day,mas,fan,thank
ice,great,loves,excellent,awesome,highly,wonderful,potatoes,cube,ever,perfect,lemon,love,glad,happy,best,opens,perfectly,easy,pleased,ze,day,mas,fan,thank
ice,great,loves,excellent,awesome,highly,wonderful,potatoes,cube,ever,perfect,lemon,love,glad,happy,best,opens,perfectly,easy,pleased,ze,day,mas,fan,thank
ice,great,loves,excellent,awesome,highly,wonderful,potatoes,cube,ever,perfect,lemon,love,glad,happy,best,opens,perfectly,easy,pleased,ze,day,mas,fan,thank
ice,great,loves,excellent,awesome,highly,wonderful,potatoes,cube,ever,perfect,lemon,love,glad,happy,best,opens,perfectly,easy,pleased,ze,day,mas,fan,thank
ice,great,loves,excellent,awesome,highly,wonderful,potatoes,cube,ever,perfect,lemon,love,glad,happy,best,opens,perfectly,easy,pleased,ze,day,mas,fan,thank
ice,great,loves,excellent,awesome,highly,wonderful,potatoes,cube,ever,perfect,lemon,love,glad,happy,best,opens,perfectly,easy,pleased,ze,day,mas,fan,thank
ice,great,loves,excellent,awesome,highly,wonderful,potatoes,cube,ever,perfect,lemon,love,glad,happy,best,opens,perfectly,easy,pleased,ze,day,mas,fan,thank
ice,great,loves,excellent,awesome,highly,wonderful,potatoes,cube,ever,perfect,lemon,love,glad,happy,best,opens,perfectly,easy,pleased,ze,day,mas,fan,thank
ice,great,loves,excellent,awesome,highly,wonderful,potatoes,cube,ever,perfect,lemon,love,glad,happy,best,opens,perfectly,easy,pleased,ze,day,mas,fan,thank
ice,great,loves,excellent,awesome,highly,wonderful,potatoes,cube,ever,perfect,lemon,love,glad,happy,best,opens,perfectly,easy,pleased,ze,day,mas,fan,thank
ice,great,loves,excellent,awesome,highly,wonderful,potatoes,cube,ever,perfect,lemon,love,glad,happy,best,opens,perfectly,easy,pleased,ze,day,mas,fan,thank
ice,great,loves,excellent,awesome,highly,wonderful,potatoes,cube,ever,perfect,lemon,love,glad,happy,best,opens,perfectly,easy,pleased,ze,day,mas,fan,thank
ice,great,loves,excellent,awesome,highly,wonderful,potatoes,cube,ever,perfect,lemon,love,glad,happy,best,opens,perfectly,easy,pleased,ze,day,mas,fan,thank
ice,great,loves,excellent,awesome,highly,wonderful,potatoes,cube,ever,perfect,lemon,love,glad,happy,best,opens,perfectly,easy,pleased,ze,day,mas,fan,thank
ice,great,loves,excellent,awesome,highly,wonderful,potatoes,cube,ever,perfect,lemon,love,glad,happy,best,opens,perfectly,easy,pleased,ze,day,mas,fan,thank
ice,great,loves,excellent,awesome,highly,wonderful,potatoes,cube,ever,perfect,lemon,love,glad,happy,best,opens,perfectly,easy,pleased,ze,day,mas,fan,thank
ice,great,loves,excellent,awesome,highly,wonderful,potatoes,cube,ever,perfect,lemon,love,glad,happy,best,opens,perfectly,easy,pleased,ze,day,mas,fan,thank
ice,great,loves,excellent,awesome,highly,wonderful,potatoes,cube,ever,perfect,lemon,love,glad,happy,best,opens,perfectly,easy,pleased,ze,day,mas,fan,thank
ice,great,loves,excellent,awesome,highly,wonderful,potatoes,cube,ever,perfect,lemon,love,glad,happy,best,opens,perfectly,easy,pleased,ze,day,mas,fan,thank
ice,great,loves,excellent,awesome,highly,wonderful,potatoes,cube,ever,perfect,lemon,love,glad,happy,best,opens,perfectly,easy,pleased,ze,day,mas,fan,thank
ice,great,loves,excellent,awesome,highly,wonderful,potatoes,cube,ever,perfect,lemon,love,glad,happy,best,opens,perfectly,easy,pleased,ze,day,mas,fan,thank
ice,great,loves,excellent,awesome,highly,wonderful,potatoes,cube,ever,perfect,lemon,love,glad,happy,best,opens,perfectly,easy,pleased,ze,day,mas,fan,thank
ice,great,loves,excellent,awesome,highly,wonderful,potatoes,cube,ever,perfect,lemon,love,glad,happy,best,opens,perfectly,easy,pleased,ze,day,mas,fan,thank
ice,great,loves,excellent,awesome,highly,wonderful,potatoes,cube,ever,perfect,lemon,love,glad,happy,best,opens,perfectly,easy,pleased,ze,day,mas,fan,thank
ice,great,loves,excellent,awesome,highly,wonderful,potatoes,cube,ever,perfect,lemon,love,glad,happy,best,opens,perfectly,easy,pleased,ze,day,mas,fan,thank
ice,great,loves,excellent,awesome,highly,wonderful,potatoes,cube,ever,perfect,lemon,love,glad,happy,best,opens,perfectly,easy,pleased,ze,day,mas,fan,thank
ice,great,loves,excellent,awesome,highly,wonderful,potatoes,cube,ever,perfect,lemon,love,glad,happy,best,opens,perfectly,easy,pleased,ze,day,mas,fan,thank
ice,great,loves,excellent,awesome,highly,wonderful,potatoes,cube,ever,perfect,lemon,love,glad,happy,best,opens,perfectly,easy,pleased,ze,day,mas,fan,thank
ice,great,loves,excellent,awesome,highly,wonderful,potatoes,cube,ever,perfect,lemon,love,glad,happy,best,opens,perfectly,easy,pleased,ze,day,mas,fan,thank
ice,great,loves,excellent,awesome,highly,wonderful,potatoes,cube,ever,perfect,lemon,love,glad,happy,best,opens,perfectly,easy,pleased,ze,day,mas,fan,thank
ice,great,loves,excellent,awesome,highly,wonderful,potatoes,cube,ever,perfect,lemon,love,glad,happy,best,opens,perfectly,easy,pleased,ze,day,mas,fan,thank
ice,great,loves,excellent,awesome,highly,wonderful,potatoes,cube,ever,perfect,lemon,love,glad,happy,best,opens,perfectly,easy,pleased,ze,day,mas,fan,thank
ice,great,loves,excellent,awesome,highly,wonderful,potatoes,cube,ever,perfect,lemon,love,glad,happy,best,opens,perfectly,easy,pleased,ze,day,mas,fan,thank
ice,great,loves,excellent,awesome,highly,wonderful,potatoes,cube,ever,perfect,lemon,love,glad,happy,best,opens,perfectly,easy,pleased,ze,day,mas,fan,thank
ice,great,loves,excellent,awesome,highly,wonderful,potatoes,cube,ever,perfect,lemon,love,glad,happy,best,opens,perfectly,easy,pleased,ze,day,mas,fan,thank
ice,great,loves,excellent,awesome,highly,wonderful,potatoes,cube,ever,perfect,lemon,love,glad,happy,best,opens,perfectly,easy,pleased,ze,day,mas,fan,thank
ice,great,loves,excellent,awesome,highly,wonderful,potatoes,cube,ever,perfect,lemon,love,glad,happy,best,opens,perfectly,easy,pleased,ze,day,mas,fan,thank
ice,great,loves,excellent,awesome,highly,wonderful,potatoes,cube,ever,perfect,lemon,love,glad,happy,best,opens,perfectly,easy,pleased,ze,day,mas,fan,thank
ice,great,loves,excellent,awesome,highly,wonderful,potatoes,cube,ever,perfect,lemon,love,glad,happy,best,opens,perfectly,easy,pleased,ze,day,mas,fan,thank
ice,great,loves,excellent,awesome,highly,wonderful,potatoes,cube,ever,perfect,lemon,love,glad,happy,best,opens,perfectly,easy,pleased,ze,day,mas,fan,thank
ice,great,loves,excellent,awesome,highly,wonderful,potatoes,cube,ever,perfect,lemon,love,glad,happy,best,opens,perfectly,easy,pleased,ze,day,mas,fan,thank
ice,great,loves,excellent,awesome,highly,wonderful,potatoes,cube,ever,perfect,lemon,love,glad,happy,best,opens,perfectly,easy,pleased,ze,day,mas,fan,thank
ice,great,loves,excellent,awesome,highly,wonderful,potatoes,cube,ever,perfect,lemon,love,glad,happy,best,opens,perfectly,easy,pleased,ze,day,mas,fan,thank
ice,great,loves,excellent,awesome,highly,wonderful,potatoes,cube,ever,perfect,lemon,love,glad,happy,best,opens,perfectly,easy,pleased,ze,day,mas,fan,thank
ice,great,loves,excellent,awesome,highly,wonderful,potatoes,cube,ever,perfect,lemon,love,glad,happy,best,opens,perfectly,easy,pleased,ze,day,mas,fan,thank
ice,great,loves,excellent,awesome,highly,wonderful,potatoes,cube,ever,perfect,lemon,love,glad,happy,best,opens,perfectly,easy,pleased,ze,day,mas,fan,thank
ice,great,loves,excellent,awesome,highly,wonderful,potatoes,cube,ever,perfect,lemon,love,glad,happy,best,perfectly,easy,business,pleased,ze,day,mas,fan,thank
ice,great,loves,excellent,awesome,highly,wonderful,potatoes,cube,ever,perfect,lemon,love,glad,happy,best,perfectly,easy,business,pleased,ze,day,mas,fan,thank
ice,great,loves,excellent,awesome,highly,wonderful,potatoes,cube,ever,perfect,lemon,love,glad,happy,best,perfectly,easy,business,pleased,ze,day,mas,fan,thank
ice,great,loves,excellent,awesome,highly,wonderful,potatoes,cube,ever,perfect,lemon,love,glad,happy,best,perfectly,easy,business,pleased,ze,day,mas,fan,thank
ice,great,loves,excellent,awesome,highly,wonderful,potatoes,cube,ever,perfect,lemon,love,glad,happy,best,perfectly,easy,business,pleased,ze,day,mas,fan,thank
ice,great,loves,excellent,awesome,highly,wonderful,potatoes,cube,ever,perfect,lemon,love,glad,happy,best,perfectly,easy,business,pleased,ze,day,mas,fan,thank
ice,great,loves,excellent,awesome,highly,wonderful,potatoes,cube,ever,perfect,lemon,love,glad,happy,best,perfectly,easy,business,pleased,ze,day,mas,fan,thank
ice,great,loves,excellent,awesome,highly,wonderful,potatoes,cube,ever,perfect,lemon,love,glad,happy,best,perfectly,easy,business,pleased,ze,day,mas,fan,thank
ice,great,loves,excellent,awesome,highly,wonderful,potatoes,cube,ever,perfect,lemon,love,glad,happy,best,perfectly,easy,business,pleased,ze,day,mas,fan,thank
ice,great,loves,excellent,awesome,highly,wonderful,potatoes,cube,ever,perfect,lemon,love,glad,happy,best,perfectly,easy,business,pleased,ze,day,mas,fan,thank
ice,great,loves,excellent,awesome,highly,wonderful,potatoes,cube,ever,perfect,lemon,love,glad,happy,best,perfectly,easy,business,pleased,ze,day,mas,fan,thank
ice,great,loves,excellent,awesome,highly,wonderful,potatoes,cube,ever,perfect,lemon,love,glad,happy,best,perfectly,easy,business,pleased,ze,day,mas,fan,thank
ice,great,loves,excellent,awesome,highly,wonderful,potatoes,cube,ever,perfect,lemon,love,glad,happy,best,perfectly,easy,business,pleased,ze,day,mas,fan,thank
ice,great,loves,excellent,awesome,highly,wonderful,potatoes,cube,ever,perfect,lemon,love,glad,happy,best,perfectly,easy,business,pleased,ze,day,mas,fan,thank
ice,great,loves,excellent,awesome,highly,wonderful,potatoes,cube,ever,perfect,lemon,love,glad,happy,best,perfectly,easy,business,pleased,ze,day,mas,fan,thank
ice,great,loves,excellent,awesome,highly,wonderful,potatoes,cube,ever,perfect,lemon,love,glad,happy,best,perfectly,easy,business,pleased,ze,day,mas,fan,thank
ice,great,loves,excellent,awesome,highly,wonderful,potatoes,cube,ever,perfect,lemon,love,glad,happy,best,perfectly,easy,business,pleased,ze,day,mas,fan,thank
ice,great,loves,excellent,awesome,highly,wonderful,potatoes,cube,ever,perfect,lemon,love,glad,happy,best,perfectly,easy,business,pleased,ze,day,mas,fan,thank
ice,great,loves,excellent,awesome,highly,wonderful,potatoes,cube,ever,perfect,lemon,love,glad,happy,best,perfectly,easy,business,pleased,ze,day,mas,fan,thank
ice,great,loves,excellent,awesome,highly,wonderful,potatoes,cube,ever,perfect,lemon,love,glad,happy,best,perfectly,easy,business,pleased,ze,day,mas,fan,thank
ice,great,loves,excellent,awesome,highly,wonderful,potatoes,cube,ever,perfect,lemon,love,glad,happy,best,perfectly,easy,business,pleased,ze,day,mas,fan,thank
ice,great,loves,excellent,awesome,highly,wonderful,potatoes,cube,ever,perfect,lemon,love,glad,happy,best,perfectly,easy,business,pleased,ze,day,mas,fan,thank
ice,great,loves,excellent,awesome,highly,wonderful,potatoes,cube,ever,perfect,lemon,love,glad,happy,best,perfectly,easy,business,garlic,pleased,ze,day,mas,thank
ice,great,loves,excellent,awesome,highly,wonderful,potatoes,cube,ever,perfect,lemon,love,glad,happy,best,perfectly,easy,business,garlic,pleased,ze,day,mas,thank
ice,great,loves,excellent,awesome,highly,wonderful,potatoes,cube,ever,perfect,lemon,love,happy,best,citrus,perfectly,easy,business,garlic,pleased,ze,day,mas,thank
ice,great,loves,excellent,awesome,highly,wonderful,potatoes,cube,ever,perfect,lemon,love,happy,best,citrus,perfectly,easy,business,garlic,pleased,ze,day,mas,thank
ice,great,loves,excellent,awesome,highly,wonderful,potatoes,cube,ever,perfect,lemon,love,happy,best,citrus,perfectly,easy,business,garlic,pleased,ze,day,mas,thank
ice,great,loves,excellent,awesome,highly,wonderful,potatoes,cube,ever,perfect,lemon,love,happy,best,citrus,perfectly,easy,business,garlic,pleased,ze,day,mas,thank
ice,great,loves,excellent,awesome,highly,wonderful,potatoes,cube,ever,perfect,lemon,love,happy,best,citrus,perfectly,easy,business,garlic,pleased,ze,day,mas,thank
ice,great,loves,excellent,awesome,highly,wonderful,potatoes,cube,ever,perfect,lemon,love,happy,best,citrus,perfectly,easy,business,garlic,pleased,ze,day,mas,thank
ice,great,loves,excellent,awesome,highly,wonderful,potatoes,cube,ever,perfect,lemon,love,happy,best,citrus,perfectly,easy,business,garlic,pleased,ze,day,mas,thank
ice,great,loves,excellent,awesome,highly,wonderful,potatoes,cube,ever,perfect,lemon,love,happy,best,citrus,perfectly,easy,business,garlic,pleased,ze,day,mas,thank
ice,great,loves,excellent,awesome,highly,wonderful,potatoes,cube,ever,perfect,lemon,love,happy,best,citrus,perfectly,easy,business,garlic,pleased,ze,day,mas,thank
ice,great,loves,excellent,awesome,highly,wonderful,potatoes,cube,ever,perfect,lemon,love,happy,best,citrus,perfectly,easy,business,garlic,pleased,ze,day,mas,thank
ice,great,loves,excellent,awesome,highly,wonderful,potatoes,cube,ever,perfect,lemon,love,happy,best,citrus,perfectly,easy,business,garlic,pleased,ze,day,mas,thank
ice,great,loves,excellent,awesome,highly,wonderful,potatoes,cube,ever,perfect,lemon,love,happy,best,citrus,perfectly,easy,business,garlic,pleased,ze,day,mas,thank
ice,great,loves,excellent,awesome,highly,wonderful,potatoes,cube,ever,perfect,lemon,love,happy,best,citrus,perfectly,easy,business,garlic,pleased,ze,day,mas,thank
ice,great,loves,excellent,awesome,highly,wonderful,potatoes,cube,ever,perfect,lemon,love,happy,best,citrus,perfectly,easy,business,garlic,pleased,ze,day,mas,thank
ice,great,loves,excellent,awesome,highly,wonderful,potatoes,cube,ever,perfect,lemon,love,happy,best,citrus,perfectly,easy,business,garlic,pleased,ze,day,mas,thank
ice,great,loves,excellent,awesome,highly,wonderful,potatoes,cube,ever,perfect,lemon,love,happy,best,citrus,perfectly,easy,business,garlic,pleased,ze,day,mas,thank
ice,great,loves,excellent,awesome,highly,wonderful,potatoes,cube,ever,perfect,lemon,love,happy,best,citrus,perfectly,easy,business,garlic,pleased,ze,day,mas,thank
ice,great,loves,excellent,awesome,highly,wonderful,potatoes,cube,ever,perfect,lemon,love,happy,best,citrus,perfectly,easy,business,garlic,pleased,ze,day,mas,thank
ice,great,loves,excellent,awesome,highly,wonderful,potatoes,cube,ever,perfect,lemon,love,happy,best,citrus,perfectly,easy,business,garlic,pleased,ze,day,mas,thank
ice,great,loves,excellent,awesome,highly,wonderful,potatoes,cube,ever,perfect,lemon,love,happy,best,citrus,perfectly,easy,business,garlic,pleased,ze,day,mas,thank
ice,great,loves,excellent,awesome,highly,wonderful,potatoes,cube,ever,perfect,lemon,love,happy,best,citrus,perfectly,easy,business,garlic,pleased,ze,day,mas,thank
ice,great,loves,excellent,awesome,highly,wonderful,potatoes,cube,ever,perfect,lemon,love,happy,best,citrus,perfectly,easy,business,garlic,pleased,ze,day,mas,thank
ice,great,loves,excellent,awesome,highly,wonderful,potatoes,cube,ever,perfect,lemon,love,happy,best,citrus,perfectly,easy,business,garlic,pleased,ze,day,mas,thank
ice,great,loves,excellent,awesome,highly,wonderful,potatoes,cube,ever,perfect,lemon,love,happy,best,citrus,perfectly,easy,business,garlic,pleased,ze,day,mas,thank
ice,great,loves,excellent,awesome,highly,wonderful,potatoes,cube,ever,perfect,lemon,love,happy,best,citrus,perfectly,easy,business,garlic,pleased,ze,day,mas,thank
ice,great,loves,excellent,awesome,highly,wonderful,potatoes,cube,ever,perfect,lemon,love,happy,best,citrus,perfectly,easy,business,garlic,pleased,ze,day,mas,thank
ice,great,loves,excellent,awesome,highly,wonderful,potatoes,cube,ever,perfect,lemon,love,happy,best,citrus,perfectly,easy,business,garlic,pleased,ze,day,mas,thank
ice,great,loves,excellent,awesome,highly,wonderful,potatoes,cube,ever,perfect,lemon,love,happy,best,citrus,perfectly,easy,business,garlic,pleased,ze,day,mas,thank
ice,great,loves,excellent,awesome,highly,wonderful,potatoes,cube,ever,perfect,lemon,love,happy,best,citrus,perfectly,easy,business,garlic,pleased,ze,day,mas,thank
ice,great,loves,excellent,awesome,highly,wonderful,potatoes,cube,ever,perfect,lemon,love,happy,best,citrus,perfectly,easy,business,garlic,pleased,ze,day,mas,thank
ice,great,loves,excellent,awesome,highly,wonderful,potatoes,cube,ever,perfect,lemon,love,happy,best,citrus,perfectly,easy,business,garlic,pleased,ze,day,mas,thank
ice,great,loves,excellent,awesome,highly,wonderful,potatoes,cube,ever,perfect,lemon,love,happy,best,citrus,perfectly,easy,business,garlic,pleased,ze,day,mas,thank
ice,great,loves,excellent,awesome,highly,wonderful,potatoes,cube,ever,perfect,lemon,love,happy,best,citrus,perfectly,easy,business,garlic,pleased,ze,day,mas,thank
ice,great,loves,excellent,awesome,highly,wonderful,potatoes,cube,ever,perfect,lemon,love,happy,best,citrus,perfectly,easy,business,garlic,pleased,ze,day,mas,thank
ice,great,loves,excellent,awesome,highly,wonderful,potatoes,cube,ever,perfect,lemon,love,happy,best,citrus,perfectly,easy,business,garlic,pleased,ze,day,mas,thank
ice,great,loves,excellent,awesome,highly,wonderful,potatoes,cube,ever,perfect,lemon,love,happy,best,citrus,perfectly,easy,business,garlic,pleased,ze,day,mas,thank
ice,great,loves,excellent,awesome,highly,wonderful,potatoes,cube,ever,perfect,lemon,love,happy,best,citrus,perfectly,easy,business,garlic,pleased,ze,day,mas,thank
ice,great,loves,excellent,awesome,highly,wonderful,potatoes,cube,ever,perfect,lemon,love,happy,best,citrus,perfectly,easy,business,garlic,pleased,ze,day,mas,thank
ice,great,loves,excellent,awesome,highly,wonderful,potatoes,cube,ever,perfect,lemon,love,happy,best,citrus,perfectly,easy,business,garlic,pleased,ze,day,mas,thank
ice,great,loves,excellent,awesome,highly,wonderful,potatoes,cube,ever,perfect,lemon,love,happy,best,citrus,perfectly,easy,business,garlic,pleased,ze,day,mas,thank
ice,great,loves,excellent,awesome,highly,wonderful,potatoes,cube,ever,perfect,lemon,love,happy,best,citrus,perfectly,easy,business,garlic,pleased,ze,day,mas,thank
ice,great,loves,excellent,awesome,highly,wonderful,potatoes,cube,ever,perfect,lemon,love,happy,best,citrus,perfectly,easy,business,garlic,pleased,ze,day,mas,thank
ice,great,loves,excellent,awesome,highly,wonderful,potatoes,cube,ever,perfect,lemon,love,happy,best,citrus,perfectly,easy,business,garlic,pleased,ze,day,mas,thank
ice,great,loves,excellent,awesome,highly,wonderful,potatoes,cube,ever,perfect,lemon,love,happy,best,citrus,perfectly,easy,business,garlic,pleased,ze,day,mas,thank
ice,great,loves,excellent,awesome,highly,wonderful,potatoes,cube,ever,perfect,lemon,love,happy,best,citrus,perfectly,easy,business,garlic,pleased,ze,day,mas,thank
ice,great,loves,excellent,awesome,highly,wonderful,potatoes,cube,ever,perfect,lemon,love,happy,best,citrus,perfectly,easy,business,garlic,pleased,ze,day,mas,thank
ice,great,loves,excellent,awesome,highly,wonderful,potatoes,cube,ever,perfect,lemon,love,happy,best,citrus,perfectly,easy,business,garlic,pleased,ze,day,mas,thank
ice,great,loves,excellent,awesome,highly,wonderful,potatoes,cube,ever,perfect,lemon,love,happy,best,citrus,perfectly,easy,business,garlic,pleased,ze,day,mas,thank
ice,great,loves,excellent,awesome,highly,wonderful,potatoes,cube,ever,perfect,lemon,love,happy,best,citrus,perfectly,easy,business,garlic,pleased,ze,day,mas,thank
ice,great,loves,excellent,awesome,highly,wonderful,potatoes,cube,ever,perfect,lemon,love,happy,best,citrus,perfectly,easy,business,garlic,pleased,ze,day,mas,thank
ice,great,loves,excellent,awesome,highly,wonderful,potatoes,cube,ever,perfect,lemon,love,happy,best,citrus,perfectly,easy,business,garlic,pleased,ze,day,mas,thank
ice,great,loves,excellent,awesome,highly,wonderful,potatoes,cube,ever,perfect,lemon,love,happy,best,citrus,perfectly,easy,business,garlic,pleased,ze,day,mas,thank
ice,great,loves,excellent,awesome,highly,wonderful,potatoes,cube,ever,perfect,lemon,love,happy,best,citrus,perfectly,easy,business,garlic,pleased,ze,day,mas,thank
ice,great,loves,excellent,awesome,highly,wonderful,potatoes,cube,ever,perfect,lemon,love,happy,best,citrus,perfectly,easy,business,garlic,pleased,ze,day,mas,thank
ice,great,loves,excellent,awesome,highly,wonderful,potatoes,cube,ever,perfect,lemon,love,happy,best,citrus,perfectly,easy,business,garlic,pleased,ze,day,mas,thank
ice,great,loves,excellent,awesome,highly,wonderful,potatoes,cube,ever,perfect,lemon,love,happy,best,citrus,perfectly,easy,business,garlic,pleased,ze,day,mas,thank
ice,great,loves,excellent,awesome,highly,wonderful,potatoes,cube,ever,perfect,lemon,love,happy,best,citrus,perfectly,easy,business,garlic,pleased,ze,day,mas,thank
ice,great,loves,excellent,awesome,highly,wonderful,potatoes,cube,ever,perfect,lemon,love,happy,best,citrus,perfectly,easy,business,garlic,pleased,ze,day,mas,thank
ice,great,loves,excellent,awesome,highly,wonderful,potatoes,cube,ever,perfect,lemon,love,happy,best,citrus,perfectly,easy,business,garlic,pleased,ze,day,mas,thank
ice,great,loves,excellent,awesome,highly,wonderful,potatoes,cube,ever,perfect,lemon,love,happy,best,citrus,perfectly,easy,business,garlic,pleased,ze,day,mas,thank
ice,great,loves,excellent,awesome,highly,wonderful,potatoes,cube,ever,perfect,lemon,love,happy,best,citrus,perfectly,easy,business,garlic,pleased,ze,day,mas,thank
ice,great,loves,excellent,awesome,highly,wonderful,potatoes,cube,ever,perfect,lemon,love,happy,best,citrus,perfectly,easy,business,garlic,pleased,ze,day,mas,thank
ice,great,loves,excellent,awesome,highly,wonderful,potatoes,cube,ever,perfect,lemon,love,happy,best,citrus,perfectly,easy,business,garlic,pleased,ze,day,mas,thank
ice,great,loves,excellent,awesome,highly,wonderful,potatoes,cube,ever,perfect,lemon,love,happy,best,citrus,perfectly,easy,business,garlic,pleased,ze,day,mas,thank
ice,great,loves,excellent,awesome,highly,wonderful,potatoes,cube,ever,perfect,lemon,love,happy,best,citrus,perfectly,easy,business,garlic,pleased,ze,day,mas,thank
ice,great,loves,excellent,awesome,highly,wonderful,potatoes,cube,ever,perfect,lemon,love,happy,best,citrus,perfectly,easy,business,garlic,pleased,ze,day,mas,thank
ice,great,loves,excellent,awesome,highly,wonderful,potatoes,cube,ever,perfect,lemon,love,happy,best,citrus,perfectly,easy,business,garlic,pleased,ze,day,mas,thank
ice,great,loves,excellent,awesome,highly,wonderful,potatoes,cube,ever,perfect,lemon,love,happy,best,citrus,perfectly,easy,business,garlic,pleased,ze,day,mas,thank
ice,great,loves,excellent,awesome,highly,wonderful,potatoes,cube,ever,perfect,lemon,love,happy,best,citrus,perfectly,easy,business,garlic,pleased,ze,day,mas,thank
ice,great,loves,excellent,awesome,highly,wonderful,potatoes,cube,ever,perfect,lemon,love,happy,best,citrus,perfectly,easy,business,garlic,pleased,ze,day,mas,thank
ice,great,loves,excellent,awesome,highly,wonderful,potatoes,cube,ever,perfect,lemon,love,happy,best,citrus,perfectly,easy,business,garlic,pleased,ze,day,mas,thank
ice,great,loves,excellent,awesome,highly,wonderful,potatoes,cube,ever,perfect,lemon,love,happy,best,citrus,perfectly,easy,business,garlic,pleased,ze,day,mas,thank
ice,great,loves,excellent,awesome,highly,wonderful,potatoes,cube,ever,perfect,lemon,love,happy,best,citrus,perfectly,easy,business,garlic,pleased,ze,day,mas,thank
ice,great,loves,excellent,awesome,highly,wonderful,potatoes,cube,ever,perfect,lemon,love,happy,best,citrus,perfectly,easy,business,garlic,pleased,ze,day,mas,thank
ice,great,loves,excellent,awesome,highly,wonderful,potatoes,cube,ever,perfect,lemon,love,happy,best,citrus,perfectly,easy,business,garlic,pleased,ze,day,mas,thank
ice,great,loves,excellent,awesome,highly,wonderful,potatoes,cube,ever,perfect,lemon,love,happy,best,citrus,perfectly,easy,business,garlic,pleased,ze,day,mas,thank
ice,great,loves,excellent,awesome,highly,wonderful,potatoes,cube,ever,perfect,lemon,love,happy,best,citrus,perfectly,easy,business,garlic,pleased,ze,day,mas,thank
ice,great,loves,excellent,awesome,highly,wonderful,potatoes,cube,ever,perfect,lemon,love,happy,best,citrus,perfectly,easy,business,garlic,pleased,ze,day,mas,thank
ice,great,loves,excellent,awesome,highly,wonderful,potatoes,cube,ever,perfect,lemon,love,happy,best,citrus,perfectly,easy,business,garlic,pleased,ze,day,mas,thank
ice,great,loves,excellent,awesome,highly,wonderful,potatoes,cube,ever,perfect,lemon,love,happy,best,citrus,perfectly,easy,business,garlic,pleased,ze,day,mas,thank
ice,great,loves,excellent,awesome,highly,wonderful,potatoes,cube,ever,perfect,lemon,love,happy,best,citrus,perfectly,easy,business,garlic,pleased,ze,day,mas,thank
ice,great,loves,excellent,awesome,highly,wonderful,potatoes,cube,ever,perfect,lemon,love,happy,best,citrus,perfectly,easy,business,garlic,pleased,ze,day,mas,thank
ice,great,loves,excellent,awesome,highly,wonderful,potatoes,cube,ever,perfect,lemon,love,happy,best,citrus,perfectly,easy,business,garlic,pleased,ze,day,mas,thank
ice,great,loves,excellent,awesome,highly,wonderful,potatoes,cube,ever,perfect,lemon,love,happy,best,citrus,perfectly,easy,business,garlic,pleased,ze,day,mas,thank
ice,great,loves,excellent,awesome,highly,wonderful,potatoes,cube,ever,perfect,lemon,love,happy,best,citrus,perfectly,easy,business,garlic,pleased,ze,day,mas,thank
ice,great,loves,excellent,awesome,highly,wonderful,potatoes,cube,ever,perfect,lemon,love,happy,best,citrus,perfectly,easy,business,garlic,pleased,ze,day,mas,thank
ice,great,loves,excellent,awesome,highly,wonderful,potatoes,cube,ever,perfect,lemon,love,happy,best,citrus,perfectly,easy,business,garlic,pleased,ze,day,mas,thank
ice,great,loves,excellent,awesome,highly,wonderful,potatoes,cube,ever,perfect,lemon,love,happy,best,citrus,perfectly,easy,business,garlic,pleased,ze,day,mas,thank
ice,great,loves,excellent,awesome,highly,wonderful,potatoes,cube,ever,perfect,lemon,love,happy,best,citrus,perfectly,easy,business,garlic,pleased,ze,day,mas,thank
ice,great,loves,excellent,awesome,highly,wonderful,potatoes,cube,ever,perfect,lemon,love,happy,best,citrus,perfectly,easy,business,garlic,pleased,ze,day,mas,thank
ice,great,loves,excellent,awesome,highly,wonderful,potatoes,cube,ever,perfect,lemon,love,happy,best,citrus,perfectly,easy,business,garlic,pleased,ze,day,mas,thank
ice,great,loves,excellent,awesome,highly,wonderful,potatoes,cube,ever,perfect,lemon,love,happy,best,citrus,perfectly,easy,business,garlic,pleased,ze,day,mas,thank
ice,great,loves,excellent,awesome,highly,wonderful,potatoes,cube,ever,perfect,lemon,love,happy,best,citrus,perfectly,easy,business,garlic,pleased,ze,day,mas,thank
ice,great,loves,excellent,awesome,highly,wonderful,potatoes,cube,ever,perfect,lemon,love,happy,best,citrus,perfectly,easy,business,garlic,pleased,ze,day,mas,thank
ice,great,loves,excellent,awesome,highly,wonderful,potatoes,cube,ever,perfect,lemon,love,happy,best,citrus,perfectly,easy,business,garlic,pleased,ze,day,mas,thank
ice,great,loves,excellent,awesome,highly,wonderful,potatoes,cube,ever,perfect,lemon,love,happy,best,citrus,perfectly,easy,business,garlic,pleased,ze,day,mas,thank
ice,great,loves,excellent,awesome,highly,wonderful,potatoes,cube,ever,perfect,lemon,love,happy,best,citrus,perfectly,easy,business,garlic,pleased,ze,day,mas,thank
ice,great,loves,excellent,awesome,highly,wonderful,potatoes,cube,ever,perfect,lemon,love,happy,best,citrus,perfectly,easy,business,garlic,pleased,ze,day,mas,thank
ice,great,loves,excellent,awesome,highly,wonderful,potatoes,cube,ever,perfect,lemon,love,happy,best,citrus,perfectly,easy,business,garlic,pleased,ze,day,mas,thank
ice,great,loves,excellent,awesome,highly,wonderful,potatoes,cube,ever,perfect,lemon,love,happy,best,citrus,perfectly,easy,business,garlic,pleased,ze,day,mas,thank
ice,great,loves,excellent,awesome,highly,wonderful,potatoes,cube,ever,perfect,lemon,love,happy,best,citrus,perfectly,easy,business,garlic,pleased,ze,day,mas,thank
ice,great,loves,excellent,awesome,highly,wonderful,potatoes,cube,ever,perfect,lemon,love,happy,best,citrus,perfectly,easy,business,garlic,pleased,ze,day,mas,thank
ice,great,loves,excellent,awesome,highly,wonderful,potatoes,cube,ever,perfect,lemon,love,happy,best,citrus,perfectly,easy,business,garlic,pleased,ze,day,mas,thank
ice,great,loves,excellent,awesome,highly,wonderful,potatoes,cube,ever,perfect,lemon,love,happy,best,citrus,perfectly,easy,business,garlic,pleased,ze,day,mas,thank
ice,great,loves,excellent,awesome,highly,wonderful,potatoes,cube,ever,perfect,lemon,love,happy,best,citrus,perfectly,easy,business,garlic,pleased,ze,day,mas,thank
ice,great,loves,excellent,awesome,highly,wonderful,potatoes,cube,ever,perfect,lemon,love,happy,best,citrus,perfectly,easy,business,garlic,pleased,ze,day,mas,thank
ice,great,loves,excellent,awesome,highly,wonderful,potatoes,cube,ever,perfect,lemon,love,happy,best,citrus,perfectly,easy,business,garlic,pleased,ze,day,mas,thank
ice,great,loves,excellent,awesome,highly,wonderful,potatoes,cube,ever,perfect,lemon,love,happy,best,citrus,perfectly,easy,business,garlic,pleased,ze,day,mas,thank
ice,great,loves,excellent,awesome,highly,wonderful,potatoes,cube,ever,perfect,lemon,love,happy,best,citrus,perfectly,easy,business,garlic,pleased,ze,day,mas,thank
ice,great,loves,excellent,awesome,highly,wonderful,potatoes,cube,ever,perfect,lemon,love,happy,best,citrus,perfectly,easy,business,garlic,pleased,ze,day,mas,thank
ice,great,loves,excellent,awesome,highly,wonderful,potatoes,cube,ever,perfect,lemon,love,happy,best,citrus,perfectly,easy,business,garlic,pleased,ze,day,mas,thank
ice,great,loves,excellent,awesome,highly,wonderful,potatoes,cube,ever,perfect,lemon,love,happy,best,citrus,perfectly,easy,business,garlic,pleased,ze,day,mas,thank
ice,great,loves,excellent,awesome,highly,wonderful,potatoes,cube,ever,perfect,lemon,love,happy,best,citrus,perfectly,easy,business,garlic,pleased,ze,day,mas,thank
ice,great,loves,excellent,awesome,highly,wonderful,potatoes,cube,ever,perfect,lemon,love,happy,best,citrus,perfectly,easy,business,garlic,pleased,ze,day,mas,thank
ice,great,loves,excellent,awesome,highly,wonderful,potatoes,cube,ever,perfect,lemon,love,happy,best,citrus,perfectly,easy,business,garlic,pleased,ze,day,mas,thank
ice,great,loves,excellent,awesome,highly,wonderful,potatoes,cube,ever,perfect,lemon,love,happy,best,citrus,perfectly,easy,business,garlic,pleased,ze,day,mas,thank
ice,great,loves,excellent,awesome,highly,wonderful,potatoes,cube,ever,perfect,lemon,love,happy,best,citrus,perfectly,easy,business,garlic,pleased,ze,day,mas,thank
ice,great,loves,excellent,awesome,highly,wonderful,potatoes,cube,ever,perfect,lemon,love,happy,best,citrus,perfectly,easy,business,garlic,pleased,ze,day,mas,thank
ice,great,loves,excellent,awesome,highly,wonderful,potatoes,cube,ever,perfect,lemon,love,happy,best,citrus,perfectly,easy,business,garlic,pleased,ze,day,mas,thank
ice,great,loves,excellent,awesome,highly,wonderful,potatoes,cube,ever,perfect,lemon,love,happy,best,citrus,perfectly,easy,business,garlic,pleased,ze,day,mas,thank
ice,great,loves,excellent,awesome,highly,wonderful,potatoes,cube,ever,perfect,lemon,love,happy,best,citrus,perfectly,easy,business,garlic,pleased,ze,day,mas,thank
ice,great,loves,excellent,awesome,highly,wonderful,potatoes,cube,ever,perfect,lemon,love,happy,best,citrus,perfectly,easy,business,garlic,pleased,ze,day,mas,thank
ice,great,loves,excellent,awesome,highly,wonderful,potatoes,cube,ever,perfect,lemon,love,happy,best,citrus,perfectly,easy,business,garlic,pleased,ze,day,mas,thank
ice,great,loves,excellent,awesome,highly,wonderful,potatoes,cube,ever,perfect,lemon,love,happy,best,citrus,perfectly,easy,business,garlic,pleased,ze,day,mas,thank
ice,great,loves,excellent,awesome,highly,wonderful,potatoes,cube,ever,perfect,lemon,love,happy,best,citrus,perfectly,easy,business,garlic,pleased,ze,day,mas,thank
ice,great,loves,excellent,awesome,highly,wonderful,potatoes,cube,ever,perfect,lemon,love,happy,best,citrus,perfectly,easy,business,garlic,pleased,ze,day,mas,thank
ice,great,loves,excellent,awesome,highly,wonderful,potatoes,cube,ever,perfect,lemon,love,happy,best,citrus,perfectly,easy,business,garlic,pleased,ze,day,mas,thank
ice,great,loves,excellent,awesome,highly,wonderful,potatoes,cube,ever,perfect,lemon,love,happy,best,citrus,perfectly,easy,business,garlic,pleased,ze,day,mas,thank
ice,great,loves,excellent,awesome,highly,wonderful,potatoes,cube,ever,perfect,lemon,love,happy,best,citrus,perfectly,easy,business,garlic,pleased,ze,day,mas,thank
ice,great,loves,excellent,awesome,highly,wonderful,potatoes,cube,ever,perfect,lemon,love,happy,best,citrus,perfectly,easy,business,garlic,pleased,ze,day,mas,thank
ice,great,loves,excellent,awesome,highly,wonderful,potatoes,cube,ever,perfect,lemon,love,happy,best,citrus,perfectly,easy,business,garlic,pleased,ze,day,mas,thank
ice,great,loves,excellent,awesome,highly,wonderful,potatoes,cube,ever,perfect,lemon,love,happy,best,citrus,perfectly,easy,business,garlic,pleased,ze,day,mas,thank
ice,great,loves,excellent,awesome,highly,wonderful,potatoes,cube,ever,perfect,lemon,love,happy,best,citrus,perfectly,easy,business,garlic,pleased,ze,day,mas,thank
ice,great,loves,excellent,awesome,highly,wonderful,potatoes,cube,ever,perfect,lemon,love,happy,best,citrus,perfectly,easy,business,garlic,pleased,ze,day,mas,thank
ice,great,loves,excellent,awesome,highly,wonderful,potatoes,cube,ever,perfect,lemon,love,happy,best,citrus,perfectly,easy,business,garlic,pleased,ze,day,mas,thank
ice,great,loves,excellent,awesome,highly,wonderful,potatoes,cube,ever,perfect,lemon,love,happy,best,citrus,perfectly,easy,business,garlic,pleased,ze,day,mas,thank
ice,great,loves,excellent,awesome,highly,wonderful,potatoes,cube,ever,perfect,lemon,love,happy,best,citrus,perfectly,easy,business,garlic,pleased,ze,day,mas,thank
ice,great,loves,excellent,awesome,highly,wonderful,potatoes,cube,ever,perfect,lemon,love,happy,best,citrus,perfectly,easy,business,garlic,pleased,ze,day,mas,thank
ice,great,loves,excellent,awesome,highly,wonderful,potatoes,cube,ever,perfect,lemon,love,happy,best,citrus,perfectly,easy,business,garlic,pleased,ze,day,mas,thank
ice,great,loves,excellent,awesome,highly,wonderful,potatoes,cube,ever,perfect,lemon,love,happy,best,citrus,perfectly,easy,business,garlic,pleased,ze,day,mas,thank
ice,great,loves,excellent,awesome,highly,wonderful,potatoes,cube,ever,perfect,lemon,love,happy,best,citrus,perfectly,easy,business,garlic,pleased,ze,day,mas,thank
ice,great,loves,excellent,awesome,highly,wonderful,potatoes,cube,ever,perfect,lemon,love,happy,best,citrus,perfectly,easy,business,garlic,pleased,ze,day,mas,thank
brush,ice,great,loves,excellent,awesome,highly,wonderful,potatoes,cube,ever,perfect,lemon,love,happy,best,citrus,perfectly,easy,business,garlic,pleased,ze,day,mas
brush,ice,great,loves,excellent,awesome,highly,wonderful,potatoes,cube,ever,perfect,lemon,love,happy,best,citrus,perfectly,easy,business,garlic,pleased,ze,day,mas
brush,ice,great,loves,excellent,awesome,highly,wonderful,potatoes,cube,ever,perfect,lemon,love,happy,best,citrus,perfectly,easy,business,garlic,pleased,ze,day,mas
brush,ice,great,loves,excellent,awesome,highly,wonderful,potatoes,cube,ever,perfect,lemon,love,happy,best,citrus,perfectly,easy,business,garlic,pleased,ze,day,mas
brush,ice,great,loves,excellent,awesome,highly,wonderful,potatoes,cube,ever,perfect,lemon,love,happy,best,citrus,perfectly,easy,business,garlic,pleased,ze,day,mas
brush,ice,great,loves,excellent,awesome,highly,wonderful,potatoes,cube,ever,perfect,lemon,love,happy,best,citrus,perfectly,easy,business,garlic,pleased,ze,day,mas
brush,ice,great,loves,excellent,awesome,highly,wonderful,potatoes,cube,ever,perfect,lemon,love,happy,best,citrus,perfectly,easy,business,garlic,pleased,ze,day,mas
brush,ice,great,loves,excellent,awesome,highly,wonderful,potatoes,cube,ever,perfect,lemon,love,happy,best,citrus,perfectly,easy,business,garlic,pleased,ze,day,mas
brush,ice,great,loves,excellent,awesome,highly,wonderful,potatoes,cube,ever,perfect,lemon,love,happy,best,citrus,perfectly,easy,business,garlic,pleased,ze,day,mas
brush,ice,great,loves,excellent,awesome,highly,wonderful,potatoes,cube,ever,perfect,lemon,love,happy,best,citrus,perfectly,easy,business,garlic,pleased,ze,day,mas
brush,ice,great,loves,excellent,awesome,highly,wonderful,potatoes,cube,ever,perfect,lemon,love,happy,best,citrus,perfectly,easy,business,garlic,pleased,ze,day,mas
brush,ice,great,loves,excellent,awesome,highly,wonderful,potatoes,cube,ever,perfect,lemon,love,happy,best,citrus,perfectly,easy,business,garlic,pleased,ze,day,mas
brush,ice,great,loves,excellent,awesome,highly,wonderful,potatoes,cube,ever,perfect,lemon,love,happy,best,citrus,perfectly,easy,business,garlic,pleased,ze,day,mas
brush,ice,great,loves,excellent,awesome,highly,wonderful,potatoes,cube,ever,perfect,lemon,love,happy,best,citrus,perfectly,easy,business,garlic,pleased,ze,day,mas
brush,ice,great,loves,excellent,awesome,highly,wonderful,potatoes,cube,ever,perfect,lemon,love,happy,best,citrus,perfectly,easy,business,garlic,pleased,ze,day,mas
brush,ice,great,loves,excellent,awesome,highly,wonderful,potatoes,cube,ever,perfect,lemon,love,happy,best,citrus,perfectly,easy,business,garlic,pleased,ze,day,mas
brush,ice,great,loves,excellent,awesome,highly,wonderful,potatoes,cube,ever,perfect,lemon,love,happy,best,citrus,perfectly,easy,business,garlic,pleased,ze,day,mas
brush,ice,great,loves,excellent,awesome,highly,wonderful,potatoes,cube,ever,perfect,lemon,love,happy,best,citrus,perfectly,easy,business,garlic,pleased,ze,day,mas
brush,ice,great,loves,excellent,awesome,highly,wonderful,potatoes,cube,ever,perfect,lemon,love,happy,best,citrus,perfectly,easy,business,garlic,pleased,ze,day,mas
brush,ice,great,loves,excellent,awesome,highly,wonderful,potatoes,cube,ever,perfect,lemon,love,happy,best,citrus,perfectly,easy,business,garlic,pleased,ze,day,mas
brush,ice,great,loves,excellent,awesome,highly,wonderful,potatoes,cube,ever,perfect,lemon,love,happy,best,citrus,perfectly,easy,business,garlic,pleased,ze,day,mas
brush,ice,great,loves,excellent,awesome,highly,wonderful,potatoes,cube,ever,perfect,lemon,love,happy,best,citrus,perfectly,easy,business,garlic,pleased,ze,day,mas
brush,ice,great,loves,excellent,awesome,highly,wonderful,potatoes,cube,ever,perfect,lemon,love,happy,best,citrus,perfectly,easy,business,garlic,pleased,ze,day,mas
brush,ice,great,loves,excellent,awesome,highly,wonderful,potatoes,cube,ever,perfect,lemon,love,happy,best,citrus,perfectly,easy,business,garlic,pleased,ze,day,mas
brush,ice,great,loves,excellent,awesome,highly,wonderful,potatoes,cube,ever,perfect,lemon,love,happy,best,citrus,perfectly,easy,business,garlic,pleased,ze,day,mas
brush,ice,great,loves,excellent,awesome,highly,wonderful,potatoes,cube,ever,perfect,lemon,love,happy,best,citrus,perfectly,easy,business,garlic,pleased,ze,day,mas
brush,ice,great,loves,excellent,awesome,highly,wonderful,potatoes,cube,ever,perfect,lemon,love,happy,best,citrus,perfectly,easy,business,garlic,pleased,ze,day,mas
brush,ice,great,loves,excellent,awesome,highly,wonderful,potatoes,cube,ever,perfect,lemon,love,happy,best,citrus,perfectly,easy,business,garlic,pleased,ze,day,mas
brush,ice,great,loves,excellent,awesome,highly,wonderful,potatoes,cube,ever,perfect,lemon,love,happy,best,citrus,perfectly,easy,business,garlic,pleased,ze,day,mas
brush,ice,great,loves,excellent,awesome,highly,wonderful,potatoes,cube,ever,perfect,lemon,love,happy,best,citrus,perfectly,easy,business,garlic,pleased,ze,day,mas
brush,ice,great,loves,excellent,awesome,highly,wonderful,potatoes,cube,ever,perfect,lemon,love,happy,best,citrus,perfectly,easy,business,garlic,pleased,ze,day,mas
brush,ice,great,loves,excellent,awesome,highly,wonderful,potatoes,cube,ever,perfect,lemon,love,happy,best,citrus,perfectly,easy,business,garlic,pleased,ze,day,mas
brush,ice,great,loves,excellent,awesome,highly,wonderful,potatoes,cube,ever,perfect,lemon,love,happy,best,citrus,perfectly,easy,business,garlic,pleased,ze,day,mas
brush,ice,great,loves,excellent,awesome,highly,wonderful,potatoes,cube,ever,perfect,lemon,love,happy,best,citrus,perfectly,easy,business,garlic,pleased,ze,day,mas
brush,ice,great,loves,excellent,awesome,highly,wonderful,potatoes,cube,ever,perfect,lemon,love,happy,best,citrus,perfectly,easy,business,garlic,pleased,ze,day,mas
brush,ice,great,loves,excellent,awesome,highly,wonderful,potatoes,cube,ever,perfect,lemon,love,happy,best,citrus,perfectly,easy,business,garlic,pleased,ze,day,mas
brush,ice,great,loves,excellent,awesome,highly,wonderful,potatoes,cube,ever,perfect,lemon,love,happy,best,citrus,perfectly,easy,business,garlic,pleased,ze,day,mas
brush,ice,great,loves,excellent,awesome,highly,wonderful,potatoes,cube,ever,perfect,lemon,love,happy,best,citrus,perfectly,easy,business,garlic,pleased,ze,day,mas
brush,ice,great,loves,excellent,awesome,highly,wonderful,potatoes,cube,ever,perfect,lemon,love,happy,best,citrus,perfectly,easy,business,garlic,pleased,ze,day,mas
brush,ice,great,loves,excellent,awesome,highly,wonderful,potatoes,cube,ever,perfect,lemon,love,happy,best,citrus,perfectly,easy,business,garlic,pleased,ze,day,mas
brush,ice,great,loves,excellent,awesome,highly,wonderful,potatoes,cube,ever,perfect,lemon,love,happy,glad,best,citrus,perfectly,easy,business,pleased,ze,day,mas
brush,ice,great,loves,excellent,awesome,highly,wonderful,potatoes,cube,ever,perfect,lemon,love,happy,glad,best,citrus,perfectly,easy,business,pleased,ze,day,mas
brush,ice,great,loves,excellent,awesome,highly,wonderful,potatoes,cube,ever,perfect,lemon,love,happy,glad,best,citrus,perfectly,easy,business,pleased,ze,day,mas
brush,ice,great,loves,excellent,awesome,highly,wonderful,potatoes,cube,ever,perfect,lemon,love,happy,glad,best,citrus,perfectly,easy,business,pleased,ze,day,mas
brush,ice,great,loves,excellent,awesome,highly,wonderful,potatoes,cube,ever,perfect,lemon,love,happy,glad,best,citrus,perfectly,easy,business,pleased,ze,day,mas
brush,ice,great,loves,excellent,awesome,highly,wonderful,potatoes,cube,ever,perfect,lemon,love,happy,glad,best,citrus,perfectly,easy,business,pleased,ze,day,mas
brush,ice,great,loves,excellent,awesome,highly,wonderful,potatoes,cube,ever,perfect,lemon,love,happy,glad,best,citrus,perfectly,easy,business,pleased,ze,day,mas
brush,ice,great,loves,excellent,awesome,highly,wonderful,potatoes,cube,ever,perfect,lemon,love,happy,glad,best,citrus,perfectly,easy,business,pleased,ze,day,mas
brush,ice,great,loves,excellent,awesome,highly,wonderful,potatoes,cube,ever,perfect,lemon,love,happy,glad,best,citrus,perfectly,easy,business,pleased,ze,day,mas
brush,ice,great,loves,excellent,awesome,highly,wonderful,potatoes,cube,ever,perfect,lemon,love,happy,glad,best,citrus,perfectly,easy,business,pleased,ze,day,mas
brush,ice,great,loves,excellent,awesome,highly,wonderful,potatoes,cube,ever,perfect,lemon,love,happy,glad,best,citrus,perfectly,easy,business,pleased,ze,day,mas
brush,ice,great,loves,excellent,awesome,highly,wonderful,potatoes,cube,ever,perfect,lemon,love,happy,glad,best,citrus,perfectly,easy,business,pleased,ze,day,mas
brush,ice,great,loves,excellent,awesome,highly,wonderful,potatoes,cube,ever,perfect,lemon,love,happy,glad,best,citrus,perfectly,easy,business,pleased,ze,day,mas
brush,ice,great,loves,excellent,awesome,highly,wonderful,potatoes,cube,ever,perfect,lemon,love,happy,glad,best,citrus,perfectly,easy,business,pleased,ze,day,mas
brush,ice,great,loves,excellent,awesome,highly,wonderful,potatoes,cube,ever,perfect,lemon,love,happy,glad,best,citrus,perfectly,easy,business,pleased,ze,day,mas
brush,ice,great,loves,excellent,awesome,highly,wonderful,potatoes,cube,ever,perfect,lemon,love,happy,glad,best,citrus,perfectly,easy,business,pleased,ze,day,mas
brush,ice,great,loves,excellent,awesome,highly,wonderful,potatoes,cube,ever,perfect,lemon,love,happy,glad,best,citrus,perfectly,easy,business,pleased,ze,day,mas
brush,ice,great,loves,excellent,awesome,highly,wonderful,potatoes,cube,ever,perfect,lemon,love,happy,glad,best,citrus,perfectly,easy,business,pleased,ze,day,mas
brush,ice,great,loves,excellent,awesome,highly,wonderful,potatoes,cube,ever,perfect,lemon,love,happy,glad,best,citrus,perfectly,easy,business,pleased,ze,day,mas
brush,ice,great,loves,excellent,awesome,highly,wonderful,potatoes,cube,ever,perfect,lemon,love,happy,glad,best,citrus,perfectly,easy,business,pleased,ze,day,mas
brush,ice,great,loves,excellent,awesome,highly,wonderful,potatoes,cube,ever,perfect,lemon,love,happy,glad,best,citrus,perfectly,easy,business,pleased,ze,day,mas
brush,ice,great,loves,excellent,awesome,highly,wonderful,potatoes,cube,ever,perfect,lemon,love,happy,glad,best,citrus,perfectly,easy,business,pleased,ze,day,mas
brush,ice,great,loves,excellent,awesome,highly,wonderful,potatoes,cube,ever,perfect,lemon,love,happy,glad,best,citrus,perfectly,easy,business,pleased,ze,day,mas
brush,ice,great,loves,excellent,awesome,highly,wonderful,potatoes,cube,ever,perfect,lemon,cake,love,happy,glad,best,perfectly,easy,business,pleased,ze,day,mas
brush,ice,great,loves,excellent,awesome,highly,wonderful,potatoes,cube,ever,perfect,lemon,cake,love,happy,glad,best,perfectly,easy,business,pleased,ze,day,mas
brush,ice,great,loves,excellent,awesome,highly,wonderful,potatoes,cube,ever,perfect,lemon,cake,love,happy,glad,best,perfectly,easy,business,pleased,ze,day,mas
brush,ice,great,loves,excellent,awesome,highly,wonderful,potatoes,cube,ever,perfect,lemon,cake,love,happy,glad,best,perfectly,easy,business,pleased,ze,day,mas
brush,ice,great,loves,excellent,awesome,highly,wonderful,potatoes,cube,ever,perfect,lemon,cake,love,happy,glad,best,perfectly,easy,business,pleased,ze,day,mas
brush,ice,great,loves,excellent,awesome,highly,wonderful,potatoes,cube,ever,perfect,lemon,cake,love,happy,glad,best,perfectly,easy,business,pleased,ze,day,mas
brush,ice,great,loves,excellent,awesome,highly,wonderful,potatoes,cube,ever,perfect,lemon,cake,love,happy,glad,best,perfectly,easy,business,pleased,ze,day,mas
brush,ice,great,loves,excellent,awesome,highly,wonderful,potatoes,cube,ever,perfect,lemon,love,happy,glad,best,opens,perfectly,easy,business,pleased,ze,day,mas
brush,ice,great,loves,excellent,awesome,highly,wonderful,potatoes,cube,ever,perfect,lemon,love,happy,glad,best,opens,perfectly,easy,business,pleased,ze,day,mas
brush,ice,great,loves,excellent,awesome,highly,wonderful,potatoes,cube,ever,perfect,lemon,love,happy,glad,best,opens,perfectly,easy,business,pleased,ze,day,mas
brush,ice,great,loves,excellent,awesome,highly,wonderful,potatoes,cube,ever,perfect,lemon,love,happy,glad,best,opens,perfectly,easy,business,pleased,ze,day,mas
brush,ice,great,loves,excellent,awesome,highly,wonderful,potatoes,cube,ever,perfect,lemon,love,happy,glad,best,opens,perfectly,easy,business,pleased,ze,day,mas
brush,ice,great,loves,excellent,awesome,highly,wonderful,potatoes,cube,ever,perfect,lemon,love,happy,glad,best,opens,perfectly,easy,business,pleased,ze,day,mas
brush,ice,great,loves,excellent,awesome,highly,wonderful,potatoes,cube,ever,perfect,lemon,love,happy,glad,best,opens,perfectly,easy,business,pleased,ze,day,mas
brush,ice,great,loves,excellent,awesome,highly,wonderful,potatoes,cube,ever,perfect,lemon,love,happy,glad,best,opens,perfectly,easy,business,pleased,ze,day,mas
brush,ice,great,loves,excellent,awesome,highly,wonderful,potatoes,cube,ever,perfect,lemon,love,happy,glad,best,opens,perfectly,easy,business,pleased,ze,day,mas
brush,ice,great,loves,excellent,awesome,highly,wonderful,potatoes,cube,ever,perfect,lemon,love,happy,glad,best,opens,perfectly,easy,business,pleased,ze,day,mas
brush,ice,great,loves,excellent,awesome,highly,wonderful,potatoes,cube,ever,perfect,lemon,love,happy,glad,best,opens,perfectly,easy,business,pleased,ze,day,mas
brush,ice,great,loves,excellent,awesome,highly,wonderful,potatoes,cube,ever,perfect,lemon,love,happy,glad,best,opens,perfectly,easy,business,pleased,ze,day,mas
brush,ice,great,loves,excellent,awesome,highly,wonderful,potatoes,cube,ever,perfect,lemon,love,happy,glad,best,opens,perfectly,easy,business,pleased,ze,day,mas
brush,ice,great,loves,excellent,awesome,highly,wonderful,potatoes,cube,ever,perfect,lemon,love,happy,glad,best,opens,perfectly,easy,business,pleased,ze,day,mas
brush,ice,great,loves,excellent,awesome,highly,wonderful,potatoes,cube,ever,perfect,lemon,love,happy,glad,best,opens,perfectly,easy,business,pleased,ze,day,mas
brush,ice,great,loves,excellent,awesome,highly,wonderful,potatoes,cube,ever,perfect,lemon,love,happy,glad,best,opens,perfectly,easy,business,pleased,ze,day,mas
brush,ice,great,loves,excellent,awesome,highly,wonderful,potatoes,cube,ever,perfect,lemon,love,happy,glad,best,opens,perfectly,easy,business,pleased,ze,day,mas
brush,ice,great,loves,excellent,awesome,highly,wonderful,potatoes,cube,ever,perfect,lemon,love,happy,glad,best,opens,perfectly,easy,business,pleased,ze,day,mas
brush,ice,great,loves,excellent,awesome,highly,wonderful,potatoes,cube,ever,perfect,lemon,love,happy,glad,best,opens,perfectly,easy,business,pleased,ze,day,mas
brush,ice,great,loves,excellent,awesome,highly,wonderful,potatoes,cube,ever,perfect,lemon,love,happy,glad,best,opens,perfectly,easy,business,pleased,ze,day,mas
brush,ice,great,loves,excellent,awesome,highly,wonderful,potatoes,cube,ever,perfect,lemon,love,happy,glad,best,opens,perfectly,easy,business,pleased,ze,day,mas
brush,ice,great,loves,excellent,awesome,highly,wonderful,potatoes,cube,ever,perfect,lemon,love,happy,glad,best,opens,perfectly,easy,business,pleased,ze,day,mas
brush,ice,great,loves,excellent,awesome,highly,wonderful,potatoes,cube,ever,perfect,lemon,love,happy,glad,best,opens,perfectly,easy,business,pleased,ze,day,mas
brush,ice,great,loves,excellent,awesome,highly,wonderful,potatoes,cube,ever,perfect,lemon,love,happy,glad,best,opens,perfectly,easy,business,pleased,ze,day,mas
brush,ice,great,loves,excellent,awesome,highly,wonderful,potatoes,cube,ever,perfect,lemon,love,happy,glad,best,opens,perfectly,easy,business,pleased,ze,day,mas
brush,ice,great,loves,excellent,awesome,highly,wonderful,potatoes,cube,ever,perfect,lemon,love,happy,glad,best,opens,perfectly,easy,business,pleased,ze,day,mas
brush,ice,great,loves,excellent,awesome,highly,wonderful,potatoes,cube,ever,perfect,lemon,love,happy,glad,best,opens,perfectly,easy,business,pleased,ze,day,mas
brush,ice,great,loves,excellent,awesome,highly,wonderful,potatoes,cube,ever,perfect,lemon,love,happy,glad,best,opens,perfectly,easy,business,pleased,ze,day,mas
brush,ice,great,loves,excellent,awesome,highly,wonderful,potatoes,cube,ever,perfect,lemon,love,happy,glad,best,opens,perfectly,easy,business,pleased,ze,day,mas
brush,ice,great,loves,excellent,awesome,highly,wonderful,potatoes,cube,ever,perfect,lemon,love,happy,glad,best,opens,perfectly,easy,business,pleased,ze,day,mas
brush,ice,great,loves,excellent,awesome,highly,wonderful,potatoes,cube,ever,perfect,lemon,love,happy,glad,best,opens,perfectly,easy,business,pleased,ze,day,mas
brush,ice,great,loves,excellent,awesome,highly,wonderful,potatoes,cube,ever,perfect,love,happy,glad,best,opens,perfectly,easy,business,pleased,thank,ze,day,mas
brush,ice,great,loves,excellent,awesome,highly,wonderful,potatoes,cube,ever,perfect,love,happy,glad,best,opens,perfectly,easy,business,pleased,thank,ze,day,mas
brush,ice,great,loves,excellent,awesome,highly,wonderful,potatoes,cube,ever,perfect,love,happy,glad,best,opens,perfectly,easy,business,pleased,thank,ze,day,mas
brush,ice,great,loves,excellent,awesome,highly,wonderful,potatoes,cube,ever,perfect,love,happy,glad,best,opens,perfectly,easy,business,pleased,thank,ze,day,mas
brush,ice,great,loves,excellent,awesome,highly,wonderful,potatoes,cube,ever,perfect,love,happy,glad,best,opens,perfectly,easy,business,pleased,thank,ze,day,mas
brush,ice,great,loves,excellent,awesome,highly,wonderful,potatoes,cube,ever,perfect,love,happy,glad,best,opens,perfectly,easy,business,pleased,thank,ze,day,mas
brush,ice,great,loves,excellent,awesome,highly,wonderful,potatoes,cube,ever,perfect,love,happy,glad,best,opens,perfectly,easy,business,pleased,thank,ze,day,mas
brush,ice,great,loves,excellent,awesome,highly,wonderful,potatoes,cube,ever,perfect,love,happy,glad,best,opens,perfectly,easy,business,pleased,thank,ze,day,mas
brush,ice,great,loves,excellent,awesome,highly,wonderful,potatoes,cube,ever,perfect,love,happy,glad,best,opens,perfectly,easy,business,pleased,thank,ze,day,mas
brush,ice,great,loves,excellent,awesome,highly,wonderful,potatoes,cube,ever,perfect,love,happy,glad,best,opens,perfectly,easy,business,pleased,thank,ze,day,mas
brush,ice,great,loves,excellent,awesome,highly,wonderful,potatoes,cube,ever,perfect,love,happy,glad,best,opens,perfectly,easy,business,pleased,thank,ze,day,mas
brush,ice,great,loves,excellent,awesome,highly,wonderful,potatoes,cube,ever,perfect,love,happy,glad,best,opens,perfectly,easy,business,pleased,thank,ze,day,mas
brush,ice,great,loves,excellent,awesome,highly,wonderful,potatoes,cube,ever,perfect,love,happy,glad,best,opens,perfectly,easy,business,pleased,thank,ze,day,mas
brush,ice,great,loves,excellent,awesome,highly,wonderful,potatoes,cube,ever,perfect,love,happy,glad,best,opens,perfectly,easy,business,pleased,thank,ze,day,mas
brush,ice,great,loves,excellent,awesome,highly,wonderful,potatoes,cube,ever,perfect,love,happy,glad,best,opens,perfectly,easy,business,pleased,thank,ze,day,mas
brush,ice,great,loves,excellent,awesome,highly,wonderful,potatoes,cube,ever,perfect,love,happy,glad,best,opens,perfectly,easy,business,pleased,thank,ze,day,mas
brush,ice,great,loves,excellent,awesome,highly,wonderful,potatoes,cube,ever,perfect,love,happy,glad,best,opens,perfectly,easy,business,pleased,thank,ze,day,mas
brush,ice,great,loves,excellent,awesome,highly,wonderful,potatoes,cube,ever,perfect,love,happy,glad,best,opens,perfectly,easy,business,pleased,thank,ze,day,mas
brush,ice,great,loves,excellent,awesome,highly,wonderful,potatoes,cube,ever,perfect,love,happy,glad,best,opens,perfectly,easy,business,pleased,thank,ze,day,mas
brush,ice,great,loves,excellent,awesome,highly,wonderful,potatoes,cube,ever,perfect,love,happy,glad,best,opens,perfectly,easy,business,pleased,thank,ze,day,mas
brush,ice,great,loves,excellent,awesome,highly,wonderful,potatoes,cube,ever,perfect,love,happy,glad,best,opens,perfectly,easy,business,pleased,thank,ze,day,mas
brush,ice,great,loves,excellent,awesome,highly,wonderful,potatoes,cube,ever,perfect,love,happy,glad,best,opens,perfectly,easy,business,pleased,thank,ze,day,mas
brush,ice,great,loves,excellent,awesome,highly,wonderful,potatoes,cube,ever,perfect,love,happy,glad,best,opens,perfectly,easy,business,pleased,thank,ze,day,mas
brush,ice,great,loves,excellent,awesome,highly,wonderful,potatoes,cube,ever,perfect,love,happy,glad,best,opens,perfectly,easy,business,pleased,thank,ze,day,mas
brush,ice,great,loves,excellent,awesome,highly,wonderful,potatoes,cube,ever,perfect,love,happy,glad,best,opens,perfectly,easy,business,pleased,thank,ze,day,mas
brush,ice,great,loves,excellent,awesome,highly,wonderful,potatoes,cube,ever,perfect,love,happy,glad,best,opens,perfectly,easy,business,pleased,thank,ze,day,mas
brush,ice,great,loves,excellent,awesome,highly,wonderful,potatoes,cube,ever,perfect,love,happy,glad,best,opens,perfectly,easy,business,pleased,thank,ze,day,mas
brush,ice,great,loves,excellent,awesome,highly,wonderful,potatoes,cube,ever,perfect,love,happy,glad,best,opens,perfectly,easy,business,pleased,thank,ze,day,mas
brush,ice,great,loves,excellent,awesome,highly,wonderful,potatoes,cube,ever,perfect,love,happy,glad,best,opens,perfectly,easy,business,pleased,thank,ze,day,mas
brush,ice,great,loves,excellent,awesome,highly,wonderful,potatoes,cube,ever,perfect,love,happy,glad,best,opens,perfectly,easy,business,pleased,thank,ze,day,mas
brush,ice,great,loves,excellent,awesome,highly,wonderful,potatoes,cube,ever,perfect,love,happy,glad,best,opens,perfectly,easy,business,pleased,thank,ze,day,mas
brush,ice,great,loves,excellent,awesome,highly,wonderful,potatoes,cube,ever,perfect,love,happy,glad,best,opens,perfectly,easy,business,pleased,thank,ze,day,mas
brush,ice,great,loves,excellent,awesome,highly,wonderful,potatoes,cube,ever,perfect,love,happy,glad,best,opens,perfectly,easy,business,pleased,thank,ze,day,mas
brush,ice,great,loves,excellent,awesome,highly,wonderful,potatoes,cube,ever,perfect,love,happy,glad,best,opens,perfectly,easy,business,pleased,thank,ze,day,mas
brush,ice,great,loves,excellent,awesome,highly,wonderful,potatoes,cube,ever,perfect,love,happy,glad,best,opens,perfectly,easy,business,pleased,thank,ze,day,mas
brush,ice,great,loves,excellent,awesome,highly,wonderful,potatoes,cube,ever,perfect,love,happy,glad,best,opens,perfectly,easy,business,pleased,thank,ze,day,mas
brush,ice,great,loves,excellent,awesome,highly,wonderful,potatoes,cube,ever,perfect,love,happy,glad,best,opens,perfectly,easy,business,pleased,thank,ze,day,mas
brush,ice,great,loves,excellent,awesome,highly,wonderful,potatoes,cube,ever,perfect,love,happy,glad,best,opens,perfectly,easy,business,pleased,thank,ze,day,mas
brush,ice,great,loves,excellent,awesome,highly,wonderful,potatoes,cube,ever,perfect,love,happy,glad,best,opens,perfectly,easy,business,pleased,thank,ze,day,mas
brush,ice,great,loves,excellent,awesome,highly,wonderful,potatoes,cube,ever,perfect,love,happy,glad,best,opens,perfectly,easy,business,pleased,thank,ze,day,mas
brush,ice,great,loves,excellent,awesome,highly,wonderful,potatoes,cube,ever,perfect,love,happy,glad,best,opens,perfectly,easy,business,pleased,thank,ze,day,mas
brush,ice,great,loves,excellent,awesome,highly,wonderful,potatoes,cube,ever,perfect,love,happy,glad,best,opens,perfectly,easy,business,pleased,thank,ze,day,mas
brush,ice,great,loves,excellent,awesome,highly,wonderful,potatoes,cube,ever,perfect,love,happy,glad,best,opens,perfectly,easy,business,pleased,thank,ze,day,mas
brush,ice,great,loves,excellent,awesome,highly,wonderful,potatoes,cube,ever,perfect,love,happy,glad,best,opens,perfectly,easy,business,pleased,thank,ze,day,mas
brush,ice,great,loves,excellent,awesome,highly,wonderful,potatoes,cube,ever,perfect,love,happy,glad,best,opens,perfectly,easy,business,pleased,thank,ze,day,mas
brush,ice,great,loves,excellent,awesome,highly,wonderful,potatoes,cube,ever,perfect,love,happy,glad,best,opens,perfectly,easy,business,pleased,thank,ze,day,mas
brush,ice,great,loves,excellent,awesome,highly,wonderful,potatoes,cube,ever,perfect,love,happy,glad,best,opens,perfectly,easy,business,pleased,thank,ze,day,mas
brush,ice,great,loves,excellent,awesome,highly,wonderful,potatoes,cube,ever,perfect,love,happy,glad,best,opens,perfectly,easy,business,pleased,thank,ze,day,mas
brush,ice,great,loves,excellent,awesome,highly,wonderful,potatoes,cube,ever,perfect,love,happy,glad,best,opens,perfectly,easy,business,pleased,thank,ze,day,mas
brush,ice,great,loves,excellent,awesome,highly,wonderful,potatoes,cube,ever,perfect,love,happy,glad,best,opens,perfectly,easy,business,pleased,thank,ze,day,mas
brush,ice,great,loves,excellent,awesome,highly,wonderful,potatoes,cube,ever,perfect,love,happy,glad,best,opens,perfectly,easy,business,pleased,thank,ze,day,mas
brush,ice,great,loves,excellent,awesome,highly,wonderful,potatoes,cube,ever,perfect,love,happy,glad,best,opens,perfectly,easy,business,pleased,thank,ze,day,mas
brush,ice,great,loves,excellent,awesome,highly,wonderful,potatoes,cube,ever,perfect,love,happy,glad,best,opens,perfectly,easy,business,pleased,thank,ze,day,mas
brush,ice,great,loves,excellent,awesome,highly,wonderful,potatoes,cube,ever,perfect,love,happy,glad,best,opens,perfectly,easy,business,pleased,thank,ze,day,mas
brush,ice,great,loves,excellent,awesome,highly,wonderful,potatoes,cube,ever,perfect,love,happy,glad,best,opens,perfectly,easy,business,pleased,thank,ze,day,mas
brush,ice,great,loves,excellent,awesome,highly,wonderful,potatoes,cube,ever,perfect,love,happy,glad,best,opens,perfectly,easy,business,pleased,thank,ze,day,mas
brush,ice,great,loves,excellent,awesome,highly,wonderful,potatoes,cube,ever,perfect,love,happy,glad,best,opens,perfectly,easy,business,pleased,thank,ze,day,mas
brush,ice,great,loves,excellent,awesome,highly,wonderful,potatoes,cube,ever,perfect,love,happy,glad,best,opens,perfectly,easy,business,pleased,thank,ze,day,mas
brush,ice,great,loves,excellent,awesome,highly,wonderful,potatoes,cube,ever,perfect,love,happy,glad,best,opens,perfectly,easy,business,pleased,thank,ze,day,mas
brush,ice,great,loves,excellent,awesome,highly,wonderful,potatoes,cube,ever,perfect,love,happy,glad,best,opens,perfectly,easy,business,pleased,thank,ze,day,mas
brush,ice,great,loves,excellent,awesome,highly,wonderful,potatoes,cube,ever,perfect,love,happy,glad,best,opens,perfectly,easy,business,pleased,thank,ze,day,mas
brush,ice,great,loves,excellent,awesome,highly,wonderful,potatoes,cube,ever,perfect,love,happy,glad,best,opens,perfectly,easy,business,pleased,thank,ze,day,mas
brush,ice,great,loves,excellent,awesome,highly,wonderful,potatoes,cube,ever,perfect,love,happy,glad,best,opens,perfectly,easy,business,pleased,thank,ze,day,mas
brush,ice,great,loves,excellent,awesome,highly,wonderful,potatoes,cube,ever,perfect,love,happy,glad,best,opens,perfectly,easy,business,pleased,thank,ze,day,mas
brush,ice,great,loves,excellent,awesome,highly,wonderful,potatoes,cube,ever,perfect,love,happy,glad,best,opens,perfectly,easy,business,pleased,thank,ze,day,mas
brush,ice,great,loves,excellent,awesome,highly,wonderful,potatoes,cube,ever,perfect,love,happy,glad,best,opens,perfectly,easy,business,pleased,thank,ze,day,mas
brush,ice,great,loves,excellent,awesome,highly,wonderful,potatoes,cube,ever,perfect,love,happy,glad,best,opens,perfectly,easy,business,pleased,thank,ze,day,mas
brush,ice,great,loves,excellent,awesome,highly,wonderful,potatoes,cube,ever,perfect,love,happy,glad,best,opens,perfectly,easy,business,pleased,thank,ze,day,mas
brush,ice,great,loves,excellent,awesome,highly,wonderful,potatoes,cube,ever,perfect,love,happy,glad,best,opens,perfectly,easy,business,pleased,thank,ze,day,mas
brush,ice,great,loves,excellent,awesome,highly,wonderful,potatoes,cube,ever,perfect,love,happy,glad,best,opens,perfectly,easy,business,pleased,thank,ze,day,mas
brush,ice,great,loves,excellent,awesome,highly,wonderful,potatoes,cube,ever,perfect,love,happy,glad,best,opens,perfectly,easy,business,pleased,thank,ze,day,mas
brush,ice,great,loves,excellent,awesome,highly,wonderful,potatoes,cube,ever,perfect,love,happy,glad,best,opens,perfectly,easy,business,pleased,thank,ze,day,mas
brush,ice,great,loves,excellent,awesome,highly,wonderful,potatoes,cube,ever,perfect,love,happy,glad,best,opens,perfectly,easy,business,pleased,thank,ze,day,mas
brush,ice,great,loves,excellent,awesome,highly,wonderful,potatoes,cube,ever,perfect,love,happy,glad,best,opens,perfectly,easy,business,pleased,thank,ze,day,mas
brush,ice,great,loves,excellent,awesome,highly,wonderful,potatoes,cube,ever,perfect,love,happy,glad,best,opens,perfectly,easy,business,pleased,thank,ze,day,mas
brush,ice,great,loves,excellent,awesome,highly,wonderful,potatoes,cube,ever,perfect,love,happy,glad,best,opens,perfectly,easy,business,pleased,thank,ze,day,mas
brush,ice,great,loves,excellent,awesome,highly,wonderful,potatoes,cube,ever,perfect,love,happy,glad,best,opens,perfectly,easy,business,pleased,thank,ze,day,mas
brush,ice,great,loves,excellent,awesome,highly,wonderful,potatoes,cube,ever,perfect,love,happy,glad,best,opens,perfectly,easy,business,pleased,thank,ze,day,mas
brush,ice,great,loves,excellent,awesome,highly,wonderful,potatoes,cube,ever,perfect,love,happy,glad,best,opens,perfectly,easy,business,pleased,thank,ze,day,mas
brush,ice,great,loves,excellent,awesome,highly,wonderful,potatoes,cube,ever,perfect,love,happy,glad,best,opens,perfectly,easy,business,pleased,thank,ze,day,mas
brush,ice,great,loves,excellent,awesome,highly,wonderful,potatoes,cube,ever,perfect,love,happy,glad,best,opens,perfectly,easy,business,pleased,thank,ze,day,mas
brush,ice,great,loves,excellent,awesome,highly,wonderful,potatoes,cube,ever,perfect,love,happy,glad,best,opens,perfectly,easy,business,pleased,thank,ze,day,mas
brush,ice,great,loves,excellent,awesome,highly,wonderful,potatoes,cube,ever,perfect,love,happy,glad,best,opens,perfectly,easy,business,pleased,thank,ze,day,mas
brush,ice,great,loves,excellent,awesome,highly,wonderful,potatoes,cube,ever,perfect,love,happy,glad,best,opens,perfectly,easy,business,pleased,thank,ze,day,mas
brush,ice,great,loves,excellent,awesome,highly,wonderful,potatoes,cube,ever,perfect,love,happy,glad,best,opens,perfectly,easy,business,pleased,thank,ze,day,mas
brush,ice,great,loves,excellent,awesome,highly,wonderful,potatoes,cube,ever,perfect,love,happy,glad,best,opens,perfectly,easy,business,pleased,thank,ze,day,mas
brush,ice,great,loves,excellent,awesome,highly,wonderful,potatoes,cube,ever,perfect,love,happy,glad,best,opens,perfectly,easy,business,pleased,thank,ze,day,mas
brush,ice,great,loves,excellent,awesome,highly,wonderful,potatoes,cube,ever,perfect,love,happy,glad,best,opens,perfectly,easy,business,pleased,thank,ze,day,mas
brush,ice,great,loves,excellent,awesome,highly,wonderful,potatoes,cube,ever,perfect,love,happy,glad,best,opens,perfectly,easy,business,pleased,thank,ze,day,mas
brush,ice,great,loves,excellent,awesome,highly,wonderful,potatoes,cube,ever,perfect,love,happy,glad,best,opens,perfectly,easy,business,pleased,thank,ze,day,mas
brush,ice,great,loves,excellent,awesome,highly,wonderful,potatoes,cube,ever,perfect,love,happy,glad,best,opens,perfectly,easy,business,pleased,thank,ze,day,mas
brush,ice,great,loves,excellent,awesome,highly,wonderful,potatoes,cube,ever,perfect,love,happy,glad,best,opens,perfectly,easy,business,pleased,thank,ze,day,mas
brush,ice,great,loves,excellent,awesome,highly,wonderful,potatoes,cube,ever,perfect,love,happy,glad,best,opens,perfectly,easy,business,pleased,thank,ze,day,mas
brush,ice,great,loves,excellent,awesome,highly,wonderful,potatoes,cube,ever,perfect,love,happy,glad,best,opens,perfectly,easy,business,pleased,thank,ze,day,mas
brush,ice,great,loves,excellent,awesome,highly,wonderful,potatoes,cube,ever,perfect,love,happy,glad,best,opens,perfectly,easy,business,pleased,thank,ze,day,mas
brush,ice,great,loves,excellent,awesome,highly,wonderful,potatoes,cube,ever,perfect,love,happy,glad,best,opens,perfectly,easy,business,pleased,thank,ze,day,mas
brush,ice,great,loves,excellent,awesome,highly,wonderful,potatoes,cube,ever,perfect,love,happy,glad,best,opens,perfectly,easy,business,pleased,thank,ze,day,mas
brush,ice,great,loves,excellent,awesome,highly,wonderful,potatoes,cube,ever,perfect,love,happy,glad,best,opens,perfectly,easy,business,pleased,thank,ze,day,mas
brush,ice,great,loves,excellent,awesome,highly,wonderful,potatoes,cube,ever,perfect,love,happy,glad,best,opens,perfectly,easy,business,pleased,thank,ze,day,mas
brush,ice,great,loves,excellent,awesome,highly,wonderful,potatoes,cube,ever,perfect,love,happy,glad,best,opens,perfectly,easy,business,pleased,thank,ze,day,mas
brush,ice,great,loves,excellent,awesome,highly,wonderful,potatoes,cube,ever,perfect,love,happy,glad,best,opens,perfectly,easy,business,pleased,thank,ze,day,mas
brush,ice,great,loves,excellent,awesome,highly,wonderful,potatoes,cube,ever,perfect,love,happy,glad,best,opens,perfectly,easy,business,pleased,thank,ze,day,mas
brush,ice,great,loves,excellent,awesome,highly,wonderful,potatoes,cube,ever,perfect,love,happy,glad,best,opens,perfectly,easy,business,pleased,thank,ze,day,mas
brush,ice,great,loves,excellent,awesome,highly,wonderful,potatoes,cube,ever,perfect,love,happy,glad,best,opens,perfectly,easy,business,pleased,thank,ze,day,mas
brush,ice,great,loves,excellent,awesome,highly,wonderful,potatoes,cube,ever,perfect,love,happy,glad,best,opens,perfectly,easy,business,pleased,thank,ze,day,mas
brush,ice,great,loves,excellent,awesome,highly,wonderful,potatoes,cube,ever,perfect,love,happy,glad,best,opens,perfectly,easy,business,pleased,thank,ze,day,mas
brush,ice,great,loves,excellent,awesome,highly,wonderful,potatoes,cube,ever,perfect,love,happy,glad,best,opens,perfectly,easy,business,pleased,thank,ze,day,mas
brush,ice,great,loves,excellent,awesome,highly,wonderful,potatoes,cube,ever,perfect,love,happy,glad,best,opens,perfectly,easy,business,pleased,thank,ze,day,mas
brush,ice,great,loves,excellent,awesome,highly,wonderful,potatoes,cube,ever,perfect,love,happy,glad,best,opens,perfectly,easy,business,pleased,thank,ze,day,mas
brush,ice,great,loves,excellent,awesome,highly,wonderful,potatoes,cube,ever,perfect,love,happy,glad,best,opens,perfectly,easy,business,pleased,thank,ze,day,mas
brush,ice,great,loves,excellent,awesome,highly,wonderful,potatoes,cube,ever,perfect,love,happy,glad,best,opens,perfectly,easy,business,pleased,thank,ze,day,mas
brush,ice,great,loves,excellent,awesome,highly,wonderful,potatoes,cube,ever,perfect,love,happy,glad,best,opens,perfectly,easy,business,pleased,thank,ze,day,mas
brush,ice,great,loves,excellent,awesome,highly,wonderful,potatoes,cube,ever,perfect,love,happy,glad,best,opens,perfectly,easy,business,pleased,thank,ze,day,mas
brush,ice,great,loves,excellent,awesome,highly,wonderful,potatoes,cube,ever,perfect,love,happy,glad,best,opens,perfectly,easy,business,pleased,thank,ze,day,mas
brush,ice,great,loves,excellent,awesome,highly,wonderful,potatoes,cube,ever,perfect,love,happy,glad,best,opens,perfectly,easy,business,pleased,thank,ze,day,mas
brush,ice,great,loves,excellent,awesome,highly,wonderful,potatoes,cube,ever,perfect,love,happy,glad,best,opens,perfectly,easy,business,pleased,thank,ze,day,mas
brush,ice,great,loves,excellent,awesome,highly,wonderful,potatoes,cube,ever,perfect,love,happy,glad,best,opens,perfectly,easy,business,pleased,thank,ze,day,mas
brush,ice,great,loves,excellent,awesome,highly,wonderful,potatoes,cube,ever,perfect,love,happy,glad,best,opens,perfectly,easy,business,pleased,thank,ze,day,mas
brush,ice,great,loves,excellent,awesome,highly,wonderful,potatoes,cube,ever,perfect,love,happy,glad,best,opens,perfectly,easy,business,pleased,thank,ze,day,mas
brush,ice,great,loves,excellent,awesome,highly,wonderful,potatoes,cube,ever,perfect,love,happy,glad,best,opens,perfectly,easy,business,pleased,thank,ze,day,mas
brush,ice,great,loves,excellent,awesome,highly,wonderful,potatoes,cube,ever,perfect,love,happy,glad,best,opens,perfectly,easy,business,pleased,thank,ze,day,mas
brush,ice,great,loves,excellent,awesome,highly,wonderful,potatoes,cube,ever,perfect,love,happy,glad,best,opens,perfectly,easy,business,pleased,thank,ze,day,mas
brush,ice,great,loves,excellent,awesome,highly,wonderful,potatoes,cube,ever,perfect,love,happy,glad,best,opens,perfectly,easy,business,pleased,thank,ze,day,mas
brush,ice,great,loves,excellent,awesome,highly,wonderful,potatoes,cube,ever,perfect,love,happy,glad,best,opens,perfectly,easy,business,pleased,thank,ze,day,mas
brush,ice,great,loves,excellent,awesome,highly,wonderful,potatoes,cube,ever,perfect,love,happy,glad,best,opens,perfectly,easy,business,pleased,thank,ze,day,mas
brush,ice,great,loves,excellent,awesome,highly,wonderful,potatoes,cube,ever,perfect,love,happy,glad,best,opens,perfectly,easy,business,pleased,thank,ze,day,mas
brush,ice,great,loves,excellent,awesome,highly,wonderful,potatoes,cube,ever,perfect,love,happy,glad,best,opens,perfectly,easy,business,pleased,thank,ze,day,mas
brush,ice,great,loves,excellent,awesome,highly,wonderful,potatoes,cube,ever,perfect,love,happy,glad,best,opens,perfectly,easy,business,pleased,thank,ze,day,mas
brush,ice,great,loves,excellent,awesome,highly,wonderful,potatoes,cube,ever,perfect,love,happy,glad,best,opens,perfectly,easy,business,pleased,thank,ze,day,mas
brush,ice,great,loves,excellent,awesome,highly,wonderful,potatoes,cube,ever,perfect,love,happy,glad,best,opens,perfectly,easy,business,pleased,thank,ze,day,mas
brush,ice,great,loves,excellent,awesome,highly,wonderful,potatoes,cube,ever,perfect,love,happy,glad,best,opens,perfectly,easy,business,pleased,thank,ze,day,mas
brush,ice,great,loves,excellent,awesome,highly,wonderful,potatoes,cube,ever,perfect,love,happy,glad,best,opens,perfectly,easy,business,pleased,thank,ze,day,mas
brush,ice,great,loves,excellent,awesome,highly,wonderful,potatoes,cube,ever,perfect,love,happy,glad,best,opens,perfectly,easy,business,pleased,thank,ze,day,mas
brush,ice,great,loves,excellent,awesome,highly,wonderful,potatoes,cube,ever,perfect,love,happy,glad,best,opens,perfectly,easy,business,pleased,thank,ze,day,mas
brush,ice,great,loves,excellent,awesome,highly,wonderful,potatoes,cube,ever,perfect,love,happy,glad,best,opens,perfectly,easy,business,pleased,thank,ze,day,mas
brush,ice,great,loves,excellent,awesome,highly,wonderful,potatoes,cube,ever,perfect,love,happy,glad,best,opens,perfectly,easy,business,pleased,thank,ze,day,mas
brush,ice,great,loves,excellent,awesome,highly,wonderful,potatoes,cube,ever,perfect,love,happy,glad,best,opens,perfectly,easy,business,pleased,thank,ze,day,mas
brush,ice,great,loves,excellent,awesome,highly,wonderful,potatoes,cube,ever,perfect,love,happy,glad,best,opens,perfectly,easy,business,pleased,thank,ze,day,mas
brush,ice,great,loves,excellent,awesome,highly,wonderful,potatoes,cube,ever,perfect,love,happy,glad,best,opens,perfectly,easy,business,pleased,thank,ze,day,mas
brush,ice,great,loves,excellent,awesome,highly,wonderful,potatoes,cube,ever,perfect,love,happy,glad,best,opens,perfectly,easy,business,pleased,thank,ze,day,mas
brush,ice,great,loves,excellent,awesome,highly,wonderful,potatoes,cube,ever,perfect,love,happy,glad,best,opens,perfectly,easy,business,pleased,thank,ze,day,mas
brush,ice,great,loves,excellent,awesome,highly,wonderful,potatoes,cube,ever,perfect,love,happy,glad,best,opens,perfectly,easy,business,pleased,thank,ze,day,mas
brush,ice,great,loves,excellent,awesome,highly,wonderful,potatoes,cube,ever,perfect,love,happy,glad,best,opens,perfectly,easy,business,pleased,thank,ze,day,mas
brush,ice,great,loves,excellent,awesome,highly,wonderful,potatoes,cube,ever,perfect,love,happy,glad,best,opens,perfectly,easy,business,pleased,thank,ze,day,mas
brush,ice,great,loves,excellent,awesome,highly,wonderful,potatoes,cube,ever,perfect,love,happy,glad,best,opens,perfectly,easy,business,pleased,thank,ze,day,mas
brush,ice,great,loves,excellent,awesome,highly,wonderful,potatoes,cube,ever,perfect,love,happy,glad,best,opens,perfectly,easy,business,pleased,thank,ze,day,mas
brush,ice,great,loves,excellent,awesome,highly,wonderful,potatoes,cube,ever,perfect,love,happy,glad,best,opens,perfectly,easy,business,pleased,thank,ze,day,mas
brush,ice,great,loves,excellent,awesome,highly,wonderful,potatoes,cube,ever,perfect,love,happy,glad,best,opens,perfectly,easy,business,pleased,thank,ze,day,mas
brush,ice,great,loves,excellent,awesome,highly,wonderful,potatoes,cube,ever,perfect,love,happy,glad,best,opens,perfectly,easy,business,pleased,thank,ze,day,mas
brush,ice,great,loves,excellent,awesome,highly,wonderful,potatoes,cube,ever,perfect,love,happy,glad,best,opens,perfectly,easy,business,pleased,thank,ze,day,mas
brush,ice,great,loves,excellent,awesome,highly,wonderful,potatoes,cube,ever,perfect,love,happy,glad,best,opens,perfectly,easy,business,pleased,thank,ze,day,mas
brush,ice,great,loves,excellent,awesome,highly,wonderful,potatoes,cube,ever,perfect,love,happy,glad,best,opens,perfectly,easy,business,pleased,thank,ze,day,mas
brush,ice,great,loves,excellent,awesome,highly,wonderful,potatoes,cube,ever,perfect,love,happy,glad,best,opens,perfectly,easy,business,pleased,thank,ze,day,mas
brush,ice,great,loves,excellent,awesome,highly,wonderful,potatoes,cube,ever,perfect,love,happy,glad,best,opens,perfectly,easy,business,pleased,thank,ze,day,mas
brush,ice,great,loves,excellent,awesome,highly,wonderful,potatoes,cube,ever,perfect,love,happy,glad,best,opens,perfectly,easy,business,pleased,thank,ze,day,mas
brush,ice,great,loves,excellent,awesome,highly,wonderful,potatoes,cube,ever,perfect,love,happy,glad,best,opens,perfectly,easy,business,pleased,thank,ze,day,mas
brush,ice,great,loves,excellent,awesome,highly,wonderful,potatoes,cube,ever,perfect,love,happy,glad,best,opens,perfectly,easy,business,pleased,thank,ze,day,mas
brush,ice,great,loves,excellent,awesome,highly,wonderful,potatoes,cube,ever,perfect,love,happy,glad,best,opens,perfectly,easy,business,pleased,thank,ze,day,mas
brush,ice,great,loves,excellent,awesome,highly,wonderful,potatoes,cube,ever,perfect,love,happy,glad,best,opens,perfectly,easy,business,pleased,thank,ze,day,mas
brush,ice,great,loves,excellent,awesome,highly,wonderful,potatoes,cube,ever,perfect,love,happy,glad,best,opens,perfectly,easy,business,pleased,thank,ze,day,mas
brush,ice,great,loves,excellent,awesome,highly,wonderful,potatoes,cube,ever,perfect,love,happy,glad,best,opens,perfectly,easy,business,pleased,thank,ze,day,mas
brush,ice,great,loves,excellent,awesome,highly,wonderful,potatoes,cube,ever,perfect,love,happy,glad,best,opens,perfectly,easy,business,pleased,thank,ze,day,mas
brush,ice,great,loves,excellent,awesome,highly,wonderful,potatoes,cube,ever,perfect,love,happy,glad,best,opens,perfectly,easy,business,pleased,thank,ze,day,mas
brush,ice,great,loves,excellent,awesome,highly,wonderful,potatoes,cube,ever,perfect,love,happy,glad,best,opens,perfectly,easy,business,pleased,thank,ze,day,mas
brush,ice,great,loves,excellent,awesome,highly,wonderful,potatoes,cube,ever,perfect,love,happy,glad,best,opens,perfectly,easy,business,pleased,thank,ze,day,mas
brush,ice,great,loves,excellent,awesome,highly,wonderful,potatoes,cube,ever,perfect,love,happy,glad,best,opens,perfectly,easy,business,pleased,thank,ze,day,mas
brush,ice,great,loves,excellent,awesome,highly,wonderful,potatoes,cube,ever,perfect,love,happy,glad,best,opens,perfectly,easy,business,pleased,thank,ze,day,mas
brush,ice,great,loves,excellent,awesome,highly,wonderful,potatoes,cube,ever,perfect,love,happy,glad,best,opens,perfectly,easy,business,pleased,thank,ze,day,mas
brush,ice,great,loves,excellent,awesome,highly,wonderful,potatoes,cube,ever,perfect,love,happy,glad,best,opens,perfectly,easy,business,pleased,thank,ze,day,mas
brush,ice,great,loves,excellent,awesome,highly,wonderful,potatoes,cube,ever,perfect,love,happy,glad,best,opens,perfectly,easy,business,pleased,thank,ze,day,mas
brush,ice,great,loves,excellent,awesome,highly,wonderful,potatoes,cube,ever,perfect,love,happy,glad,best,opens,perfectly,easy,business,pleased,thank,ze,day,mas
brush,ice,great,loves,excellent,awesome,highly,wonderful,potatoes,cube,ever,perfect,love,happy,glad,best,opens,perfectly,easy,business,pleased,thank,ze,day,mas
brush,ice,great,loves,excellent,awesome,highly,wonderful,potatoes,cube,ever,perfect,love,happy,glad,best,opens,perfectly,easy,business,pleased,thank,ze,day,mas
brush,ice,great,loves,excellent,awesome,highly,wonderful,potatoes,cube,ever,perfect,love,happy,glad,best,opens,perfectly,easy,business,pleased,thank,ze,day,mas
brush,ice,great,loves,excellent,awesome,highly,wonderful,potatoes,cube,ever,perfect,love,happy,glad,best,opens,perfectly,easy,business,pleased,thank,ze,day,mas
brush,ice,great,loves,excellent,awesome,highly,wonderful,potatoes,cube,ever,perfect,love,happy,glad,best,opens,perfectly,easy,business,pleased,thank,ze,day,mas
brush,ice,great,loves,excellent,awesome,highly,wonderful,potatoes,cube,ever,perfect,love,happy,glad,best,opens,perfectly,easy,business,pleased,thank,ze,day,mas
brush,ice,great,loves,excellent,awesome,highly,wonderful,potatoes,cube,ever,perfect,love,happy,glad,best,opens,perfectly,easy,business,pleased,thank,ze,day,mas
brush,ice,great,loves,excellent,awesome,highly,wonderful,potatoes,cube,ever,perfect,love,happy,glad,best,opens,perfectly,easy,business,pleased,thank,ze,day,mas
brush,ice,great,loves,excellent,awesome,highly,wonderful,potatoes,cube,ever,perfect,love,happy,glad,best,opens,perfectly,easy,business,pleased,thank,ze,day,mas
brush,ice,great,loves,excellent,awesome,highly,wonderful,potatoes,cube,ever,perfect,love,happy,glad,best,opens,perfectly,easy,business,pleased,thank,ze,day,mas
brush,ice,great,loves,excellent,awesome,highly,wonderful,potatoes,cube,ever,perfect,love,happy,glad,best,opens,perfectly,easy,business,pleased,thank,ze,day,mas
brush,ice,great,loves,excellent,awesome,highly,wonderful,potatoes,cube,ever,perfect,love,happy,glad,best,opens,perfectly,easy,business,pleased,thank,ze,day,mas
brush,ice,great,loves,excellent,awesome,highly,wonderful,potatoes,cube,ever,perfect,love,happy,glad,best,opens,perfectly,easy,business,pleased,thank,ze,day,mas
brush,ice,great,loves,excellent,awesome,highly,wonderful,potatoes,cube,ever,perfect,love,happy,glad,best,opens,perfectly,easy,business,pleased,thank,ze,day,mas
brush,ice,great,loves,excellent,awesome,highly,wonderful,potatoes,cube,ever,perfect,love,happy,glad,best,opens,perfectly,easy,business,pleased,thank,ze,day,mas
brush,ice,great,loves,excellent,awesome,highly,wonderful,potatoes,cube,ever,perfect,love,happy,glad,best,opens,perfectly,easy,business,pleased,thank,ze,day,mas
brush,ice,great,loves,excellent,awesome,highly,wonderful,potatoes,cube,ever,perfect,love,happy,glad,best,opens,perfectly,easy,business,pleased,thank,ze,day,mas
brush,ice,great,loves,excellent,awesome,highly,wonderful,potatoes,cube,ever,perfect,love,happy,glad,best,opens,perfectly,easy,business,pleased,thank,ze,day,mas
brush,ice,great,loves,excellent,awesome,highly,wonderful,potatoes,cube,ever,perfect,love,happy,glad,best,opens,perfectly,easy,business,pleased,thank,ze,day,mas
brush,ice,great,loves,excellent,awesome,highly,wonderful,potatoes,cube,ever,perfect,love,happy,glad,best,opens,perfectly,easy,business,pleased,thank,ze,day,mas
brush,ice,great,loves,excellent,awesome,highly,wonderful,potatoes,cube,ever,perfect,love,happy,glad,best,opens,perfectly,easy,business,pleased,thank,ze,day,mas
brush,ice,great,loves,excellent,awesome,highly,wonderful,potatoes,cube,ever,perfect,love,happy,glad,best,opens,perfectly,easy,business,pleased,thank,ze,day,mas
brush,ice,great,loves,excellent,awesome,highly,wonderful,potatoes,cube,ever,perfect,love,happy,glad,best,opens,perfectly,easy,business,pleased,thank,ze,day,mas
brush,ice,great,loves,excellent,awesome,highly,wonderful,potatoes,cube,ever,perfect,love,happy,glad,best,opens,perfectly,easy,business,pleased,thank,ze,day,mas
brush,ice,great,loves,excellent,awesome,highly,wonderful,potatoes,cube,ever,perfect,love,happy,glad,best,opens,perfectly,easy,business,pleased,thank,ze,day,mas
brush,ice,great,loves,excellent,awesome,highly,wonderful,potatoes,cube,ever,perfect,love,happy,glad,best,opens,perfectly,easy,business,pleased,thank,ze,day,mas
brush,ice,great,loves,excellent,awesome,highly,wonderful,potatoes,cube,ever,perfect,love,happy,glad,best,opens,perfectly,easy,business,pleased,thank,ze,day,mas
brush,ice,great,loves,excellent,awesome,highly,wonderful,potatoes,cube,ever,perfect,love,happy,glad,best,opens,perfectly,easy,business,pleased,thank,ze,day,mas
brush,ice,great,loves,excellent,awesome,highly,wonderful,potatoes,cube,ever,perfect,love,happy,glad,best,opens,perfectly,easy,business,pleased,thank,ze,day,mas
brush,ice,great,loves,excellent,awesome,highly,wonderful,potatoes,cube,ever,perfect,love,happy,glad,best,opens,perfectly,easy,business,pleased,thank,ze,day,mas
brush,ice,great,loves,excellent,awesome,highly,wonderful,potatoes,cube,ever,perfect,love,happy,glad,best,opens,perfectly,easy,business,pleased,thank,ze,day,mas
brush,ice,great,loves,excellent,awesome,highly,wonderful,potatoes,cube,ever,perfect,love,happy,glad,best,opens,perfectly,easy,business,pleased,thank,ze,day,mas
brush,ice,great,loves,excellent,awesome,highly,wonderful,potatoes,cube,ever,perfect,love,happy,glad,best,opens,perfectly,easy,business,pleased,thank,ze,day,mas
brush,ice,great,loves,excellent,awesome,highly,wonderful,potatoes,cube,ever,perfect,love,happy,glad,best,opens,perfectly,easy,business,pleased,thank,ze,day,mas
brush,ice,great,loves,excellent,awesome,highly,wonderful,potatoes,cube,ever,perfect,love,happy,glad,best,opens,perfectly,easy,business,pleased,thank,ze,day,mas
brush,ice,great,loves,excellent,awesome,highly,wonderful,potatoes,cube,ever,perfect,love,happy,glad,best,opens,perfectly,easy,business,pleased,thank,ze,day,mas
brush,ice,great,loves,excellent,awesome,highly,wonderful,potatoes,cube,ever,perfect,love,happy,glad,best,opens,perfectly,easy,business,pleased,thank,ze,day,mas
brush,ice,great,loves,excellent,awesome,highly,wonderful,potatoes,cube,ever,perfect,love,happy,glad,best,opens,perfectly,easy,business,pleased,thank,ze,day,mas
brush,ice,great,loves,excellent,awesome,highly,wonderful,potatoes,cube,ever,perfect,love,happy,glad,best,opens,perfectly,easy,business,pleased,thank,ze,day,mas
brush,ice,great,loves,excellent,awesome,highly,wonderful,potatoes,cube,ever,perfect,love,happy,glad,best,opens,perfectly,easy,business,pleased,thank,ze,day,mas
brush,ice,great,loves,excellent,awesome,highly,wonderful,potatoes,cube,ever,perfect,love,happy,glad,best,opens,perfectly,easy,business,pleased,thank,ze,day,mas
brush,ice,great,loves,excellent,awesome,highly,wonderful,potatoes,cube,ever,perfect,love,happy,glad,best,opens,perfectly,easy,business,pleased,thank,ze,day,mas
brush,ice,great,loves,excellent,awesome,highly,wonderful,potatoes,cube,ever,perfect,love,happy,glad,best,opens,perfectly,easy,business,pleased,thank,ze,day,mas
brush,ice,great,loves,excellent,awesome,highly,wonderful,potatoes,cube,ever,perfect,love,happy,glad,best,opens,perfectly,easy,business,pleased,thank,ze,day,mas
brush,ice,great,loves,excellent,awesome,highly,wonderful,potatoes,cube,ever,perfect,love,happy,glad,best,opens,perfectly,easy,business,pleased,thank,ze,day,mas
brush,ice,great,loves,excellent,awesome,highly,wonderful,potatoes,cube,ever,perfect,love,happy,glad,best,opens,perfectly,easy,business,pleased,thank,ze,day,mas
brush,ice,great,loves,excellent,awesome,highly,wonderful,potatoes,cube,ever,perfect,love,happy,glad,best,opens,perfectly,easy,business,pleased,thank,ze,day,mas
brush,ice,great,loves,excellent,awesome,highly,wonderful,potatoes,cube,ever,perfect,love,happy,glad,best,opens,perfectly,easy,business,pleased,thank,ze,day,mas
brush,ice,great,loves,excellent,awesome,highly,wonderful,potatoes,cube,ever,perfect,love,happy,glad,best,opens,perfectly,easy,business,pleased,thank,ze,day,mas
brush,ice,great,loves,excellent,awesome,highly,wonderful,potatoes,cube,ever,perfect,love,happy,glad,best,opens,perfectly,easy,business,pleased,thank,ze,day,mas
brush,ice,great,loves,excellent,awesome,highly,wonderful,potatoes,cube,ever,perfect,love,happy,glad,best,opens,perfectly,easy,business,pleased,thank,ze,day,mas
brush,ice,great,loves,excellent,awesome,highly,wonderful,potatoes,cube,ever,perfect,love,happy,glad,best,opens,perfectly,easy,business,pleased,thank,ze,day,mas
brush,ice,great,loves,excellent,awesome,highly,wonderful,potatoes,cube,ever,perfect,love,happy,glad,best,opens,perfectly,easy,business,pleased,thank,ze,day,mas
brush,ice,great,loves,excellent,awesome,highly,wonderful,potatoes,cube,ever,perfect,love,happy,glad,best,opens,perfectly,easy,business,pleased,thank,ze,day,mas
brush,ice,great,loves,excellent,awesome,highly,wonderful,potatoes,cube,ever,perfect,love,happy,glad,best,opens,perfectly,easy,business,pleased,thank,ze,day,mas
brush,ice,great,loves,excellent,awesome,highly,wonderful,potatoes,cube,ever,perfect,love,happy,glad,best,opens,perfectly,easy,business,pleased,thank,ze,day,mas
brush,ice,great,loves,excellent,awesome,highly,wonderful,potatoes,cube,ever,perfect,love,happy,glad,best,opens,perfectly,easy,business,pleased,thank,ze,day,mas
brush,ice,great,loves,excellent,awesome,highly,wonderful,potatoes,cube,ever,perfect,love,happy,glad,best,opens,perfectly,easy,business,pleased,thank,ze,day,mas
brush,ice,great,loves,excellent,awesome,highly,wonderful,potatoes,cube,ever,perfect,love,happy,glad,best,opens,perfectly,easy,business,pleased,thank,ze,day,mas
brush,ice,great,loves,excellent,awesome,highly,wonderful,potatoes,cube,ever,perfect,love,happy,glad,best,opens,perfectly,easy,business,pleased,thank,ze,day,mas
brush,ice,great,loves,excellent,awesome,highly,wonderful,potatoes,cube,ever,perfect,love,happy,glad,best,opens,perfectly,easy,business,pleased,thank,ze,day,mas
brush,ice,great,loves,excellent,awesome,highly,wonderful,potatoes,cube,ever,perfect,love,happy,glad,best,opens,perfectly,easy,business,pleased,thank,ze,day,mas
brush,ice,great,loves,excellent,awesome,highly,wonderful,potatoes,cube,ever,perfect,love,happy,glad,best,opens,perfectly,easy,business,pleased,thank,ze,day,mas
brush,ice,great,loves,excellent,awesome,highly,wonderful,potatoes,cube,ever,perfect,love,happy,glad,best,opens,perfectly,easy,business,pleased,thank,ze,day,mas
brush,ice,great,loves,excellent,awesome,highly,wonderful,potatoes,cube,ever,perfect,love,happy,glad,best,opens,perfectly,easy,business,pleased,thank,ze,day,mas
brush,ice,great,loves,excellent,awesome,highly,wonderful,potatoes,cube,ever,perfect,love,happy,glad,best,opens,perfectly,easy,business,pleased,thank,ze,day,mas
brush,ice,great,loves,excellent,awesome,highly,wonderful,potatoes,cube,ever,perfect,love,happy,glad,best,opens,perfectly,easy,business,pleased,thank,ze,day,mas
brush,ice,great,loves,excellent,awesome,highly,wonderful,potatoes,cube,ever,perfect,love,happy,glad,best,opens,perfectly,easy,business,pleased,thank,ze,day,mas
brush,ice,great,loves,excellent,awesome,highly,wonderful,potatoes,cube,ever,perfect,love,happy,glad,best,opens,perfectly,easy,business,pleased,thank,ze,day,mas
brush,ice,great,loves,excellent,awesome,highly,wonderful,potatoes,cube,ever,perfect,love,happy,glad,best,opens,perfectly,easy,business,pleased,thank,ze,day,mas
brush,ice,great,loves,excellent,awesome,highly,wonderful,potatoes,cube,ever,perfect,love,happy,glad,best,opens,perfectly,easy,business,pleased,thank,ze,day,mas
brush,ice,great,loves,excellent,awesome,highly,wonderful,potatoes,cube,ever,perfect,love,happy,glad,best,opens,perfectly,easy,business,pleased,thank,ze,day,mas
brush,ice,great,loves,excellent,awesome,highly,wonderful,potatoes,cube,ever,perfect,love,happy,glad,best,opens,perfectly,easy,business,pleased,thank,ze,day,mas
brush,ice,great,loves,excellent,awesome,highly,wonderful,potatoes,cube,ever,perfect,love,happy,glad,best,opens,perfectly,easy,business,pleased,thank,ze,day,mas
brush,ice,great,loves,excellent,awesome,highly,wonderful,potatoes,cube,ever,perfect,love,happy,glad,best,opens,perfectly,easy,business,pleased,thank,ze,day,mas
brush,ice,great,loves,excellent,awesome,highly,wonderful,potatoes,cube,ever,perfect,love,happy,glad,best,opens,perfectly,easy,business,pleased,thank,ze,day,mas
brush,ice,great,loves,excellent,awesome,highly,wonderful,potatoes,cube,ever,perfect,love,happy,glad,best,opens,perfectly,easy,business,pleased,thank,ze,day,mas
brush,ice,great,loves,excellent,awesome,highly,wonderful,potatoes,cube,ever,perfect,love,happy,glad,best,opens,perfectly,easy,business,pleased,thank,ze,day,mas
brush,ice,great,loves,excellent,awesome,highly,wonderful,potatoes,cube,ever,perfect,love,happy,glad,best,opens,perfectly,easy,business,pleased,thank,ze,day,mas
brush,ice,great,loves,excellent,awesome,highly,wonderful,potatoes,cube,ever,perfect,love,happy,glad,best,opens,perfectly,easy,business,pleased,thank,ze,day,mas
brush,ice,great,loves,excellent,awesome,highly,wonderful,potatoes,cube,ever,perfect,love,happy,glad,best,opens,perfectly,easy,business,pleased,thank,ze,day,mas
brush,ice,great,loves,excellent,awesome,highly,wonderful,potatoes,cube,ever,perfect,love,happy,glad,best,opens,perfectly,easy,business,pleased,thank,ze,day,mas
brush,ice,great,loves,excellent,awesome,highly,wonderful,potatoes,cube,ever,perfect,love,happy,glad,best,opens,perfectly,easy,business,pleased,thank,ze,day,mas
brush,ice,great,loves,excellent,awesome,highly,wonderful,potatoes,cube,ever,perfect,love,happy,glad,best,opens,perfectly,easy,business,pleased,thank,ze,day,mas
brush,ice,great,loves,excellent,awesome,highly,wonderful,potatoes,cube,ever,perfect,love,happy,glad,best,opens,perfectly,easy,business,pleased,thank,ze,day,mas
brush,ice,great,loves,excellent,awesome,highly,wonderful,potatoes,cube,ever,perfect,love,happy,glad,best,opens,perfectly,easy,business,pleased,thank,ze,day,mas
brush,ice,great,loves,excellent,awesome,highly,wonderful,potatoes,cube,ever,perfect,love,happy,glad,best,opens,perfectly,easy,business,pleased,thank,ze,day,mas
brush,ice,great,loves,excellent,awesome,highly,wonderful,potatoes,cube,ever,perfect,love,happy,glad,best,opens,perfectly,easy,business,pleased,thank,ze,day,mas
brush,ice,great,loves,excellent,awesome,highly,wonderful,potatoes,cube,ever,perfect,love,happy,glad,best,opens,perfectly,easy,business,pleased,thank,ze,day,mas
brush,ice,great,loves,excellent,awesome,highly,wonderful,potatoes,cube,ever,perfect,love,happy,glad,best,opens,perfectly,easy,business,pleased,thank,ze,day,mas
brush,ice,great,loves,excellent,awesome,highly,wonderful,potatoes,cube,ever,perfect,love,happy,glad,best,opens,perfectly,easy,business,pleased,thank,ze,day,mas
brush,ice,great,loves,excellent,awesome,highly,wonderful,potatoes,cube,ever,perfect,love,happy,glad,best,opens,perfectly,easy,business,pleased,thank,ze,day,mas
brush,ice,great,loves,excellent,awesome,highly,wonderful,potatoes,cube,ever,perfect,love,happy,glad,best,opens,perfectly,easy,business,pleased,thank,ze,day,mas
brush,ice,great,loves,excellent,awesome,highly,wonderful,potatoes,cube,ever,perfect,love,happy,glad,best,opens,perfectly,easy,business,pleased,thank,ze,day,mas
brush,ice,great,loves,excellent,awesome,highly,wonderful,potatoes,cube,ever,perfect,love,happy,glad,best,opens,perfectly,easy,business,pleased,thank,ze,day,mas
brush,ice,great,loves,excellent,awesome,highly,wonderful,potatoes,cube,ever,perfect,love,happy,glad,best,opens,perfectly,easy,business,pleased,thank,ze,day,mas
brush,ice,great,loves,excellent,awesome,highly,wonderful,potatoes,cube,ever,perfect,love,happy,glad,best,opens,perfectly,easy,business,pleased,thank,ze,day,mas
brush,ice,great,loves,excellent,awesome,highly,wonderful,potatoes,cube,ever,perfect,love,happy,glad,best,opens,perfectly,easy,business,pleased,thank,ze,day,mas
brush,ice,great,loves,excellent,awesome,highly,wonderful,potatoes,cube,ever,perfect,love,happy,glad,best,opens,perfectly,easy,business,pleased,thank,ze,day,mas
brush,ice,great,loves,excellent,awesome,highly,wonderful,potatoes,cube,ever,perfect,love,happy,glad,best,opens,perfectly,easy,business,pleased,thank,ze,day,mas
brush,ice,great,loves,excellent,awesome,highly,wonderful,potatoes,cube,ever,perfect,love,happy,glad,best,opens,perfectly,easy,business,pleased,thank,ze,day,mas
brush,ice,great,loves,excellent,awesome,highly,wonderful,potatoes,cube,ever,perfect,love,happy,glad,best,opens,perfectly,easy,business,pleased,thank,ze,day,mas
brush,ice,great,loves,excellent,awesome,highly,wonderful,potatoes,cube,ever,perfect,love,happy,glad,best,opens,perfectly,easy,business,pleased,thank,ze,day,mas
brush,ice,great,loves,excellent,awesome,highly,wonderful,potatoes,cube,ever,perfect,love,happy,glad,best,opens,perfectly,easy,business,pleased,thank,ze,day,mas
brush,ice,great,loves,excellent,awesome,highly,wonderful,potatoes,cube,ever,perfect,love,happy,glad,best,opens,perfectly,easy,business,pleased,thank,ze,day,mas
brush,ice,great,loves,excellent,awesome,highly,wonderful,potatoes,cube,ever,perfect,love,happy,glad,best,opens,perfectly,easy,business,pleased,thank,ze,day,mas
brush,ice,great,loves,excellent,awesome,highly,wonderful,potatoes,cube,ever,perfect,love,happy,glad,best,opens,perfectly,easy,business,pleased,thank,ze,day,mas
brush,ice,great,loves,excellent,awesome,highly,wonderful,potatoes,cube,ever,perfect,love,happy,glad,best,opens,perfectly,easy,business,pleased,thank,ze,day,mas
brush,ice,great,loves,excellent,awesome,highly,wonderful,potatoes,cube,ever,perfect,love,happy,glad,best,opens,perfectly,easy,business,pleased,thank,ze,day,mas
brush,ice,great,loves,excellent,awesome,highly,wonderful,potatoes,cube,ever,perfect,love,happy,glad,best,opens,perfectly,easy,business,pleased,thank,ze,day,mas
brush,ice,great,loves,excellent,awesome,highly,wonderful,potatoes,cube,ever,perfect,love,happy,glad,best,opens,perfectly,easy,business,pleased,thank,ze,day,mas
brush,ice,great,loves,excellent,awesome,highly,wonderful,potatoes,cube,ever,perfect,love,happy,glad,best,opens,perfectly,easy,business,pleased,thank,ze,day,mas
brush,ice,great,loves,excellent,awesome,highly,wonderful,potatoes,cube,ever,perfect,love,happy,glad,best,opens,perfectly,easy,business,pleased,thank,ze,day,mas
brush,ice,great,loves,excellent,awesome,highly,wonderful,potatoes,cube,ever,perfect,love,happy,glad,best,opens,perfectly,easy,business,pleased,thank,ze,day,mas
brush,ice,great,loves,excellent,awesome,highly,wonderful,potatoes,cube,ever,perfect,love,happy,glad,best,opens,perfectly,easy,business,pleased,thank,ze,day,mas
brush,ice,great,loves,excellent,awesome,highly,wonderful,potatoes,cube,ever,perfect,love,happy,glad,best,opens,perfectly,easy,business,pleased,thank,ze,day,mas
brush,ice,great,loves,excellent,awesome,highly,wonderful,potatoes,cube,ever,perfect,love,happy,glad,best,opens,perfectly,easy,business,pleased,thank,ze,day,mas
brush,ice,great,loves,excellent,awesome,highly,wonderful,potatoes,cube,ever,perfect,love,happy,glad,best,opens,perfectly,easy,business,pleased,thank,ze,day,mas
brush,ice,great,loves,excellent,awesome,highly,wonderful,potatoes,cube,ever,perfect,love,happy,glad,best,opens,perfectly,easy,business,pleased,thank,ze,day,mas
brush,ice,great,loves,excellent,awesome,highly,wonderful,potatoes,cube,ever,perfect,love,happy,glad,best,opens,perfectly,easy,business,pleased,thank,ze,day,mas
brush,ice,great,loves,excellent,awesome,highly,wonderful,potatoes,cube,ever,perfect,love,happy,glad,best,opens,perfectly,easy,business,pleased,thank,ze,day,mas
brush,ice,great,loves,excellent,awesome,highly,wonderful,potatoes,cube,ever,perfect,love,happy,glad,best,opens,perfectly,easy,business,pleased,thank,ze,day,mas
brush,ice,great,loves,excellent,awesome,highly,wonderful,potatoes,cube,ever,perfect,love,happy,glad,best,opens,perfectly,easy,business,pleased,thank,ze,day,mas
brush,ice,great,loves,excellent,awesome,highly,wonderful,potatoes,cube,ever,perfect,love,happy,glad,best,opens,perfectly,easy,business,pleased,thank,ze,day,mas
brush,ice,great,loves,excellent,awesome,highly,wonderful,potatoes,cube,ever,perfect,love,happy,glad,best,opens,perfectly,easy,business,pleased,thank,ze,day,mas
brush,ice,great,loves,excellent,awesome,highly,wonderful,potatoes,cube,ever,perfect,love,happy,glad,best,opens,perfectly,easy,business,pleased,thank,ze,day,mas
brush,ice,great,loves,excellent,awesome,highly,wonderful,potatoes,cube,ever,perfect,love,happy,glad,best,opens,perfectly,easy,business,pleased,thank,ze,day,mas
brush,ice,great,loves,excellent,awesome,highly,wonderful,potatoes,cube,ever,perfect,love,happy,glad,best,opens,perfectly,easy,business,pleased,thank,ze,day,mas
brush,ice,great,loves,excellent,awesome,highly,wonderful,potatoes,cube,ever,perfect,love,happy,glad,best,opens,perfectly,easy,business,pleased,thank,ze,day,mas
brush,ice,great,loves,excellent,awesome,highly,wonderful,potatoes,cube,ever,perfect,love,happy,glad,best,opens,perfectly,easy,business,pleased,thank,ze,day,mas
brush,ice,great,loves,excellent,awesome,highly,wonderful,potatoes,cube,ever,perfect,love,happy,glad,best,opens,perfectly,easy,business,pleased,thank,ze,day,mas
brush,ice,great,loves,excellent,awesome,highly,wonderful,potatoes,cube,ever,perfect,love,happy,glad,best,opens,perfectly,easy,business,pleased,thank,ze,day,mas
brush,ice,great,loves,excellent,awesome,highly,wonderful,potatoes,cube,ever,perfect,love,happy,glad,best,opens,perfectly,easy,business,pleased,thank,ze,day,mas
brush,ice,great,loves,excellent,awesome,highly,wonderful,potatoes,cube,ever,perfect,love,happy,glad,best,opens,perfectly,easy,business,pleased,thank,ze,day,mas
brush,ice,great,loves,excellent,awesome,highly,wonderful,potatoes,cube,ever,perfect,love,happy,glad,best,opens,perfectly,easy,business,pleased,thank,ze,day,mas
brush,ice,great,loves,excellent,awesome,highly,wonderful,potatoes,cube,ever,perfect,love,happy,glad,best,opens,perfectly,easy,business,pleased,thank,ze,day,mas
brush,ice,great,loves,excellent,awesome,highly,wonderful,potatoes,cube,ever,perfect,love,happy,glad,best,opens,perfectly,easy,business,pleased,thank,ze,day,mas
brush,ice,great,loves,excellent,awesome,highly,wonderful,potatoes,cube,ever,perfect,love,happy,glad,best,opens,perfectly,easy,business,pleased,thank,ze,day,mas
brush,ice,great,loves,excellent,awesome,highly,wonderful,potatoes,cube,ever,perfect,love,happy,glad,best,opens,perfectly,easy,business,pleased,thank,ze,day,mas
brush,ice,great,loves,excellent,awesome,highly,wonderful,potatoes,cube,ever,perfect,love,happy,glad,best,opens,perfectly,easy,business,pleased,thank,ze,day,mas
brush,ice,great,loves,excellent,awesome,highly,wonderful,potatoes,cube,ever,perfect,love,happy,glad,best,opens,perfectly,easy,business,pleased,thank,ze,day,mas
brush,ice,great,loves,excellent,awesome,highly,wonderful,potatoes,cube,ever,perfect,love,happy,glad,best,opens,perfectly,easy,business,pleased,thank,ze,day,mas
brush,ice,great,loves,excellent,awesome,highly,wonderful,potatoes,cube,ever,perfect,love,happy,glad,best,opens,perfectly,easy,business,pleased,thank,ze,day,mas
brush,ice,great,loves,excellent,awesome,highly,wonderful,potatoes,cube,ever,perfect,love,happy,glad,best,opens,perfectly,easy,business,pleased,thank,ze,day,mas
brush,ice,great,loves,excellent,awesome,highly,wonderful,potatoes,cube,ever,perfect,love,happy,glad,best,opens,perfectly,easy,business,pleased,thank,ze,day,mas
brush,ice,great,loves,excellent,awesome,highly,wonderful,potatoes,cube,ever,perfect,love,happy,glad,best,opens,perfectly,easy,business,pleased,thank,ze,day,mas
brush,ice,great,loves,excellent,awesome,highly,wonderful,potatoes,cube,ever,perfect,love,happy,glad,best,opens,perfectly,easy,business,pleased,thank,ze,day,mas
brush,ice,great,loves,excellent,awesome,highly,wonderful,potatoes,cube,ever,perfect,love,happy,glad,best,opens,perfectly,easy,business,pleased,thank,ze,day,mas
brush,ice,great,loves,excellent,awesome,highly,wonderful,potatoes,cube,ever,perfect,love,happy,glad,best,opens,perfectly,easy,business,pleased,thank,ze,day,mas
brush,ice,great,loves,excellent,awesome,highly,wonderful,potatoes,cube,ever,perfect,love,happy,glad,best,opens,perfectly,easy,business,pleased,thank,ze,day,mas
brush,ice,great,loves,excellent,awesome,highly,wonderful,potatoes,cube,ever,perfect,love,happy,glad,best,opens,perfectly,easy,business,pleased,thank,ze,day,mas
brush,ice,great,loves,excellent,awesome,highly,wonderful,potatoes,cube,ever,perfect,love,happy,glad,best,opens,perfectly,easy,business,pleased,thank,ze,day,mas
brush,ice,great,loves,excellent,awesome,highly,wonderful,potatoes,cube,ever,perfect,love,happy,glad,best,opens,perfectly,easy,business,pleased,thank,ze,day,mas
brush,ice,great,loves,excellent,awesome,highly,wonderful,potatoes,cube,ever,perfect,love,happy,glad,best,opens,perfectly,easy,business,pleased,thank,ze,day,mas
brush,ice,great,loves,excellent,awesome,highly,wonderful,potatoes,cube,ever,perfect,love,happy,glad,best,opens,perfectly,easy,business,pleased,thank,ze,day,mas
brush,ice,great,loves,excellent,awesome,highly,wonderful,potatoes,cube,ever,perfect,love,happy,glad,best,opens,perfectly,easy,business,pleased,thank,ze,day,mas
brush,ice,great,loves,excellent,awesome,highly,wonderful,potatoes,cube,ever,perfect,love,happy,glad,best,opens,perfectly,easy,business,pleased,thank,ze,day,mas
brush,ice,great,loves,excellent,awesome,highly,wonderful,potatoes,cube,ever,perfect,love,happy,glad,best,opens,perfectly,easy,business,pleased,thank,ze,day,mas
brush,ice,great,loves,excellent,awesome,highly,wonderful,potatoes,cube,ever,perfect,love,happy,glad,best,opens,perfectly,easy,business,pleased,thank,ze,day,mas
brush,ice,great,loves,excellent,awesome,highly,wonderful,potatoes,cube,ever,perfect,love,happy,glad,best,opens,perfectly,easy,business,pleased,thank,ze,day,mas
brush,ice,great,loves,excellent,awesome,highly,wonderful,potatoes,cube,ever,perfect,love,happy,glad,best,opens,perfectly,easy,business,pleased,thank,ze,day,mas
brush,ice,great,loves,excellent,awesome,highly,wonderful,potatoes,cube,ever,perfect,love,happy,glad,best,opens,perfectly,easy,business,pleased,thank,ze,day,mas
brush,ice,great,loves,excellent,awesome,highly,wonderful,potatoes,cube,ever,perfect,love,happy,glad,best,opens,perfectly,easy,business,pleased,thank,ze,day,mas
brush,ice,great,loves,excellent,awesome,highly,wonderful,potatoes,cube,ever,perfect,love,happy,glad,best,opens,perfectly,easy,business,pleased,thank,ze,day,mas
brush,ice,great,loves,excellent,awesome,highly,wonderful,potatoes,cube,ever,perfect,love,happy,glad,best,opens,perfectly,easy,business,pleased,thank,ze,day,mas
brush,ice,great,loves,excellent,awesome,highly,wonderful,potatoes,cube,ever,perfect,love,happy,glad,best,opens,perfectly,easy,business,pleased,thank,ze,day,mas
brush,ice,great,loves,excellent,awesome,highly,wonderful,potatoes,cube,ever,perfect,love,happy,glad,best,opens,perfectly,easy,business,pleased,thank,ze,day,mas
brush,ice,great,loves,excellent,awesome,highly,wonderful,potatoes,cube,ever,perfect,love,happy,glad,best,opens,perfectly,easy,business,pleased,thank,ze,day,mas
brush,ice,great,loves,excellent,awesome,highly,wonderful,potatoes,cube,ever,perfect,love,happy,glad,best,opens,perfectly,easy,business,pleased,thank,ze,day,mas
brush,ice,great,loves,excellent,awesome,highly,wonderful,potatoes,cube,ever,perfect,love,happy,glad,best,opens,perfectly,easy,business,pleased,thank,ze,day,mas
brush,ice,great,loves,excellent,awesome,highly,wonderful,potatoes,cube,ever,perfect,love,happy,glad,best,opens,perfectly,easy,business,pleased,thank,ze,day,mas
brush,ice,great,loves,excellent,awesome,highly,wonderful,potatoes,cube,ever,perfect,love,happy,glad,best,opens,perfectly,easy,business,pleased,thank,ze,day,mas
brush,ice,great,loves,excellent,awesome,highly,wonderful,potatoes,cube,ever,perfect,love,happy,glad,best,opens,perfectly,easy,business,pleased,thank,ze,day,mas
brush,ice,great,loves,excellent,awesome,highly,wonderful,potatoes,cube,ever,perfect,love,happy,glad,best,opens,perfectly,easy,business,pleased,thank,ze,day,mas
brush,ice,great,loves,excellent,awesome,highly,wonderful,potatoes,cube,ever,perfect,love,happy,glad,best,opens,perfectly,easy,business,pleased,thank,ze,day,mas
brush,ice,great,loves,excellent,awesome,highly,wonderful,potatoes,cube,ever,perfect,love,happy,glad,best,opens,perfectly,easy,business,pleased,thank,ze,day,mas
brush,ice,great,loves,excellent,awesome,highly,wonderful,potatoes,cube,ever,perfect,love,happy,glad,best,opens,perfectly,easy,business,pleased,thank,ze,day,mas
brush,ice,great,loves,excellent,awesome,highly,wonderful,potatoes,cube,ever,perfect,love,happy,glad,best,opens,perfectly,easy,business,pleased,thank,ze,day,mas
brush,ice,great,loves,excellent,awesome,highly,wonderful,potatoes,cube,ever,perfect,love,happy,glad,best,opens,perfectly,easy,business,pleased,thank,ze,day,mas
brush,ice,great,loves,excellent,awesome,highly,wonderful,potatoes,cube,ever,perfect,love,happy,glad,best,opens,perfectly,easy,business,pleased,thank,ze,day,mas
brush,ice,great,loves,excellent,awesome,highly,wonderful,potatoes,cube,ever,perfect,love,happy,glad,best,opens,perfectly,easy,business,pleased,thank,ze,day,mas
brush,ice,great,loves,excellent,awesome,highly,wonderful,potatoes,cube,ever,perfect,love,happy,glad,best,opens,perfectly,easy,business,pleased,thank,ze,day,mas
brush,ice,great,loves,excellent,awesome,highly,wonderful,potatoes,cube,ever,perfect,love,happy,glad,best,opens,perfectly,easy,business,pleased,thank,ze,day,mas
brush,ice,great,loves,excellent,awesome,highly,wonderful,potatoes,cube,ever,perfect,love,happy,glad,best,opens,perfectly,easy,business,pleased,thank,ze,day,mas
brush,ice,great,loves,excellent,awesome,highly,wonderful,potatoes,cube,ever,perfect,love,happy,glad,best,opens,perfectly,easy,business,pleased,thank,ze,day,mas
brush,ice,great,loves,excellent,awesome,highly,wonderful,potatoes,cube,ever,perfect,love,happy,glad,best,opens,perfectly,easy,business,pleased,thank,ze,day,mas
brush,ice,great,loves,excellent,awesome,highly,wonderful,potatoes,cube,ever,perfect,love,happy,glad,best,opens,perfectly,easy,business,pleased,thank,ze,day,mas
brush,ice,great,loves,excellent,awesome,highly,wonderful,potatoes,cube,ever,perfect,love,happy,glad,best,opens,perfectly,easy,business,pleased,thank,ze,day,mas
brush,ice,great,loves,excellent,awesome,highly,wonderful,potatoes,cube,ever,perfect,love,happy,glad,best,opens,perfectly,easy,business,pleased,thank,ze,day,mas
brush,ice,great,loves,excellent,awesome,highly,wonderful,potatoes,cube,ever,perfect,love,happy,glad,best,opens,perfectly,easy,business,pleased,thank,ze,day,mas
brush,ice,great,loves,excellent,awesome,highly,wonderful,potatoes,cube,ever,perfect,love,happy,glad,best,opens,perfectly,easy,business,pleased,thank,ze,day,mas
brush,ice,great,loves,excellent,awesome,highly,wonderful,potatoes,cube,ever,perfect,love,happy,glad,best,opens,perfectly,easy,business,pleased,thank,ze,day,mas
brush,ice,great,loves,excellent,awesome,highly,wonderful,potatoes,cube,ever,perfect,love,happy,glad,best,opens,perfectly,easy,business,pleased,thank,ze,day,mas
brush,ice,great,loves,excellent,awesome,highly,wonderful,potatoes,cube,ever,perfect,love,happy,glad,best,opens,perfectly,easy,business,pleased,thank,ze,day,mas
brush,ice,great,loves,excellent,awesome,highly,wonderful,potatoes,cube,ever,perfect,love,happy,glad,best,opens,perfectly,easy,business,pleased,thank,ze,day,mas
brush,ice,great,loves,excellent,awesome,highly,wonderful,potatoes,cube,ever,perfect,love,happy,glad,best,opens,perfectly,easy,business,pleased,thank,ze,day,mas
brush,ice,great,loves,excellent,awesome,highly,wonderful,potatoes,cube,ever,perfect,love,happy,glad,best,opens,perfectly,easy,business,pleased,thank,ze,day,mas
brush,ice,great,loves,excellent,awesome,highly,wonderful,potatoes,cube,ever,perfect,love,happy,glad,best,opens,perfectly,easy,business,pleased,thank,ze,day,mas
brush,ice,great,loves,excellent,awesome,highly,wonderful,potatoes,cube,ever,perfect,love,happy,glad,best,opens,perfectly,easy,business,pleased,thank,ze,day,mas
brush,ice,great,loves,excellent,awesome,highly,wonderful,potatoes,cube,ever,perfect,love,happy,glad,best,opens,perfectly,easy,business,pleased,thank,ze,day,mas
brush,ice,great,loves,excellent,awesome,highly,wonderful,potatoes,cube,ever,perfect,love,happy,glad,best,opens,perfectly,easy,business,pleased,thank,ze,day,mas
brush,ice,great,loves,excellent,awesome,highly,wonderful,potatoes,cube,ever,perfect,love,happy,glad,best,opens,perfectly,easy,business,pleased,thank,ze,day,mas
brush,ice,great,loves,excellent,awesome,highly,wonderful,potatoes,cube,ever,perfect,love,happy,glad,best,opens,perfectly,easy,business,pleased,thank,ze,day,mas
brush,ice,great,loves,excellent,awesome,highly,wonderful,potatoes,cube,ever,perfect,love,happy,glad,best,opens,perfectly,easy,business,pleased,thank,ze,day,mas
brush,ice,great,loves,excellent,awesome,highly,wonderful,potatoes,cube,ever,perfect,love,happy,glad,best,opens,perfectly,easy,business,pleased,thank,ze,day,mas
brush,ice,great,loves,excellent,awesome,highly,wonderful,potatoes,cube,ever,perfect,love,happy,glad,best,opens,perfectly,easy,business,pleased,thank,ze,day,mas
brush,ice,great,loves,excellent,awesome,highly,wonderful,potatoes,cube,ever,perfect,love,happy,glad,best,opens,perfectly,easy,business,pleased,thank,ze,day,mas
brush,ice,great,loves,excellent,awesome,highly,wonderful,potatoes,cube,ever,perfect,love,happy,glad,best,opens,perfectly,easy,business,pleased,thank,ze,day,mas
brush,ice,great,loves,excellent,awesome,highly,wonderful,potatoes,cube,ever,perfect,love,happy,glad,best,opens,perfectly,easy,business,pleased,thank,ze,day,mas
brush,ice,great,loves,excellent,awesome,highly,wonderful,potatoes,cube,ever,perfect,love,happy,glad,best,opens,perfectly,easy,business,pleased,thank,ze,day,mas
brush,ice,great,loves,excellent,awesome,highly,wonderful,potatoes,cube,ever,perfect,love,happy,glad,best,opens,perfectly,easy,business,pleased,thank,ze,day,mas
brush,ice,great,loves,excellent,awesome,highly,wonderful,potatoes,cube,ever,perfect,love,happy,glad,best,opens,perfectly,easy,business,pleased,thank,ze,day,mas
brush,ice,great,loves,excellent,awesome,highly,wonderful,potatoes,cube,ever,perfect,love,happy,glad,best,opens,perfectly,easy,business,pleased,thank,ze,day,mas
brush,ice,great,loves,excellent,awesome,highly,wonderful,potatoes,cube,ever,perfect,love,happy,glad,best,opens,perfectly,easy,business,pleased,thank,ze,day,mas
brush,ice,great,loves,excellent,awesome,highly,wonderful,potatoes,cube,ever,perfect,love,happy,glad,best,opens,perfectly,easy,business,pleased,thank,ze,day,mas
brush,ice,great,loves,excellent,awesome,highly,wonderful,potatoes,cube,ever,perfect,love,happy,glad,best,opens,perfectly,easy,business,pleased,thank,ze,day,mas
brush,ice,great,loves,excellent,awesome,highly,wonderful,potatoes,cube,ever,perfect,love,happy,glad,best,opens,perfectly,easy,business,pleased,thank,ze,day,mas
brush,ice,great,loves,excellent,awesome,highly,wonderful,potatoes,cube,ever,perfect,love,happy,glad,best,opens,perfectly,easy,business,pleased,thank,ze,day,mas
brush,ice,great,loves,excellent,awesome,highly,wonderful,potatoes,cube,ever,perfect,love,happy,glad,best,opens,perfectly,easy,business,pleased,thank,ze,day,mas
brush,ice,great,loves,excellent,awesome,highly,wonderful,potatoes,cube,ever,perfect,love,happy,glad,best,opens,perfectly,easy,business,pleased,thank,ze,day,mas
brush,ice,great,loves,excellent,awesome,highly,wonderful,potatoes,cube,ever,perfect,love,happy,glad,best,opens,perfectly,easy,business,pleased,thank,ze,day,mas
brush,ice,great,loves,excellent,awesome,highly,wonderful,potatoes,cube,ever,perfect,love,happy,glad,best,opens,perfectly,easy,business,pleased,thank,ze,day,mas
brush,ice,great,loves,excellent,awesome,highly,wonderful,potatoes,cube,ever,perfect,love,happy,glad,best,opens,perfectly,easy,business,pleased,thank,ze,day,mas
brush,ice,great,loves,excellent,awesome,highly,wonderful,potatoes,cube,ever,perfect,love,happy,glad,best,opens,perfectly,easy,business,pleased,thank,ze,day,mas
brush,ice,great,loves,excellent,awesome,highly,wonderful,potatoes,cube,ever,perfect,love,happy,glad,best,opens,perfectly,easy,business,pleased,thank,ze,day,mas
brush,ice,great,loves,excellent,awesome,highly,wonderful,potatoes,cube,ever,perfect,love,happy,glad,best,opens,perfectly,easy,business,pleased,thank,ze,day,mas
brush,ice,great,loves,excellent,awesome,highly,wonderful,potatoes,cube,ever,perfect,love,happy,glad,best,opens,perfectly,easy,business,pleased,thank,ze,day,mas
brush,ice,great,loves,excellent,awesome,highly,wonderful,potatoes,cube,ever,perfect,love,happy,glad,best,opens,perfectly,easy,business,pleased,thank,ze,day,mas
brush,ice,great,loves,excellent,awesome,highly,wonderful,potatoes,cube,ever,perfect,love,happy,glad,best,opens,perfectly,easy,business,pleased,thank,ze,day,mas
brush,ice,great,loves,excellent,awesome,highly,wonderful,potatoes,cube,ever,perfect,love,happy,glad,best,opens,perfectly,easy,business,pleased,thank,ze,day,mas
brush,ice,great,loves,excellent,awesome,highly,wonderful,potatoes,cube,ever,perfect,love,happy,glad,best,opens,perfectly,easy,business,pleased,thank,ze,day,mas
brush,ice,great,loves,excellent,awesome,highly,wonderful,potatoes,cube,ever,perfect,love,happy,glad,best,opens,perfectly,easy,business,pleased,thank,ze,day,mas
brush,ice,great,loves,excellent,awesome,highly,wonderful,potatoes,cube,ever,perfect,love,happy,glad,best,opens,perfectly,easy,business,pleased,thank,ze,day,mas
brush,ice,great,loves,excellent,awesome,highly,wonderful,potatoes,cube,ever,perfect,love,happy,glad,best,opens,perfectly,easy,business,pleased,thank,ze,day,mas
brush,ice,great,loves,excellent,awesome,highly,wonderful,potatoes,cube,ever,perfect,love,happy,glad,best,opens,perfectly,easy,business,pleased,thank,ze,day,mas
brush,ice,great,loves,excellent,awesome,highly,wonderful,potatoes,cube,ever,perfect,love,happy,glad,best,opens,perfectly,easy,business,pleased,thank,ze,day,mas
brush,ice,great,loves,excellent,awesome,highly,wonderful,potatoes,cube,ever,perfect,love,happy,glad,best,opens,perfectly,easy,business,pleased,thank,ze,day,mas
brush,ice,great,loves,excellent,awesome,highly,wonderful,potatoes,cube,ever,perfect,love,happy,glad,best,opens,perfectly,easy,business,pleased,thank,ze,day,mas
brush,ice,great,loves,excellent,awesome,highly,wonderful,potatoes,cube,ever,perfect,love,happy,glad,best,opens,perfectly,easy,business,pleased,thank,ze,day,mas
brush,ice,great,loves,excellent,awesome,highly,wonderful,potatoes,cube,ever,perfect,love,happy,glad,best,opens,perfectly,easy,business,pleased,thank,ze,day,mas
brush,ice,great,loves,excellent,awesome,highly,wonderful,potatoes,cube,ever,perfect,love,happy,glad,best,opens,perfectly,easy,business,pleased,thank,ze,day,mas
brush,ice,great,loves,excellent,awesome,highly,wonderful,potatoes,cube,ever,perfect,love,happy,glad,best,opens,perfectly,easy,business,pleased,thank,ze,day,mas
brush,ice,great,loves,excellent,awesome,highly,wonderful,potatoes,cube,ever,perfect,love,happy,glad,best,opens,perfectly,easy,business,pleased,thank,ze,day,mas
brush,ice,great,loves,excellent,awesome,highly,wonderful,potatoes,cube,ever,perfect,love,happy,glad,best,opens,perfectly,easy,business,pleased,thank,ze,day,mas
brush,ice,great,loves,excellent,awesome,highly,wonderful,potatoes,cube,ever,perfect,love,happy,glad,best,opens,perfectly,easy,business,pleased,thank,ze,day,mas
brush,ice,great,loves,excellent,awesome,highly,wonderful,potatoes,cube,ever,perfect,love,happy,glad,best,opens,perfectly,easy,business,pleased,thank,ze,day,mas
brush,ice,great,loves,excellent,awesome,highly,wonderful,potatoes,cube,ever,perfect,love,happy,glad,best,opens,perfectly,easy,business,pleased,thank,ze,day,mas
brush,ice,great,loves,excellent,awesome,highly,wonderful,potatoes,cube,ever,perfect,love,happy,glad,best,opens,perfectly,easy,business,pleased,thank,ze,day,mas
brush,ice,great,loves,excellent,awesome,highly,wonderful,potatoes,cube,ever,perfect,love,happy,glad,best,opens,perfectly,easy,business,pleased,thank,ze,day,mas
brush,ice,great,loves,excellent,awesome,highly,wonderful,potatoes,cube,ever,perfect,love,happy,glad,best,opens,perfectly,easy,business,pleased,thank,ze,day,mas
brush,ice,great,loves,excellent,awesome,highly,wonderful,potatoes,cube,ever,perfect,love,happy,glad,best,opens,perfectly,easy,business,pleased,thank,ze,day,mas
brush,ice,great,loves,excellent,awesome,highly,wonderful,potatoes,cube,ever,perfect,love,happy,glad,best,opens,perfectly,easy,business,pleased,thank,ze,day,mas
brush,ice,great,loves,excellent,awesome,highly,wonderful,potatoes,cube,ever,perfect,love,happy,glad,best,opens,perfectly,easy,business,pleased,thank,ze,day,mas
brush,ice,great,loves,excellent,awesome,highly,wonderful,potatoes,cube,ever,perfect,love,happy,glad,best,opens,perfectly,easy,business,pleased,thank,ze,day,mas
brush,ice,great,loves,excellent,awesome,highly,wonderful,potatoes,cube,ever,perfect,love,happy,glad,best,opens,perfectly,easy,business,pleased,thank,ze,day,mas
brush,ice,great,loves,excellent,awesome,highly,wonderful,potatoes,cube,ever,perfect,love,happy,glad,best,opens,perfectly,easy,business,pleased,thank,ze,day,mas
brush,ice,great,loves,excellent,awesome,highly,wonderful,potatoes,cube,ever,perfect,love,happy,glad,best,opens,perfectly,easy,business,pleased,thank,ze,day,mas
brush,ice,great,loves,excellent,awesome,highly,wonderful,potatoes,cube,ever,perfect,love,happy,glad,best,opens,perfectly,easy,business,pleased,thank,ze,day,mas
brush,ice,great,loves,excellent,awesome,highly,wonderful,potatoes,cube,ever,perfect,love,happy,glad,best,opens,perfectly,easy,business,pleased,thank,ze,day,mas
brush,ice,great,loves,excellent,awesome,highly,wonderful,potatoes,cube,ever,perfect,love,happy,glad,best,opens,perfectly,easy,business,pleased,thank,ze,day,mas
brush,ice,great,loves,excellent,awesome,highly,wonderful,potatoes,cube,ever,perfect,love,happy,glad,best,opens,perfectly,easy,business,pleased,thank,ze,day,mas
brush,ice,great,loves,excellent,awesome,highly,wonderful,potatoes,cube,ever,perfect,love,happy,glad,best,opens,perfectly,easy,business,pleased,thank,ze,day,mas
brush,ice,great,loves,excellent,awesome,highly,wonderful,potatoes,cube,ever,perfect,love,happy,glad,best,opens,perfectly,easy,business,pleased,thank,ze,day,mas
brush,ice,great,loves,excellent,awesome,highly,wonderful,potatoes,cube,ever,perfect,love,happy,glad,best,opens,perfectly,easy,business,pleased,thank,ze,day,mas
brush,ice,great,loves,excellent,awesome,highly,wonderful,potatoes,cube,ever,perfect,love,happy,glad,best,opens,perfectly,easy,business,pleased,thank,ze,day,mas
brush,ice,great,loves,excellent,awesome,highly,wonderful,potatoes,cube,ever,perfect,love,happy,glad,best,opens,perfectly,easy,business,pleased,thank,ze,day,mas
brush,ice,great,loves,excellent,awesome,highly,wonderful,potatoes,cube,ever,perfect,love,happy,glad,best,opens,perfectly,easy,business,pleased,thank,ze,day,mas
brush,ice,great,loves,excellent,awesome,highly,wonderful,potatoes,cube,ever,perfect,love,happy,glad,best,opens,perfectly,easy,business,pleased,thank,ze,day,mas
brush,ice,great,loves,excellent,awesome,highly,wonderful,potatoes,cube,ever,perfect,love,happy,glad,best,opens,perfectly,easy,business,pleased,thank,ze,day,mas
brush,ice,great,loves,excellent,awesome,highly,wonderful,potatoes,cube,ever,perfect,love,happy,glad,best,opens,perfectly,easy,business,pleased,thank,ze,day,mas
brush,ice,great,loves,excellent,awesome,highly,wonderful,potatoes,cube,ever,perfect,love,happy,glad,best,opens,perfectly,easy,business,pleased,thank,ze,day,mas
brush,ice,great,loves,excellent,awesome,highly,wonderful,potatoes,cube,ever,perfect,love,happy,glad,best,opens,perfectly,easy,business,pleased,thank,ze,day,mas
brush,ice,great,loves,excellent,awesome,highly,wonderful,potatoes,cube,ever,perfect,love,happy,glad,best,opens,perfectly,easy,business,pleased,thank,ze,day,mas
brush,ice,great,loves,excellent,awesome,highly,wonderful,potatoes,cube,ever,perfect,love,happy,glad,best,opens,perfectly,easy,business,pleased,thank,ze,day,mas
brush,ice,great,loves,excellent,awesome,highly,wonderful,potatoes,cube,ever,perfect,love,happy,glad,best,opens,perfectly,easy,business,pleased,thank,ze,day,mas
brush,ice,great,loves,excellent,awesome,highly,wonderful,potatoes,cube,ever,perfect,love,happy,glad,best,opens,perfectly,easy,business,pleased,thank,ze,day,mas
brush,ice,great,loves,excellent,awesome,highly,wonderful,potatoes,cube,ever,perfect,love,happy,glad,best,opens,perfectly,easy,business,pleased,thank,ze,day,mas
brush,ice,great,loves,excellent,awesome,highly,wonderful,potatoes,cube,ever,perfect,love,happy,glad,best,opens,perfectly,easy,business,pleased,thank,ze,day,mas
brush,ice,great,loves,excellent,awesome,highly,wonderful,potatoes,cube,ever,perfect,love,happy,glad,best,opens,perfectly,easy,business,pleased,thank,ze,day,mas
brush,ice,great,loves,excellent,awesome,highly,wonderful,potatoes,cube,ever,perfect,love,happy,glad,best,opens,perfectly,easy,business,pleased,thank,ze,day,mas
brush,ice,great,loves,excellent,awesome,highly,wonderful,potatoes,cube,ever,perfect,love,happy,glad,best,opens,perfectly,easy,business,pleased,thank,ze,day,mas
brush,ice,great,loves,excellent,awesome,highly,wonderful,potatoes,cube,ever,perfect,love,happy,glad,best,opens,perfectly,easy,business,pleased,thank,ze,day,mas
brush,ice,great,loves,excellent,awesome,highly,wonderful,potatoes,cube,ever,perfect,love,happy,glad,best,opens,perfectly,easy,business,pleased,thank,ze,day,mas
brush,ice,great,loves,excellent,awesome,highly,wonderful,potatoes,cube,ever,perfect,love,happy,glad,best,opens,perfectly,easy,business,pleased,thank,ze,day,mas
brush,ice,great,loves,excellent,awesome,highly,wonderful,potatoes,cube,ever,perfect,love,happy,glad,best,opens,perfectly,easy,business,pleased,thank,ze,day,mas
brush,ice,great,loves,excellent,awesome,highly,wonderful,potatoes,cube,ever,perfect,love,happy,glad,best,opens,perfectly,easy,business,pleased,thank,ze,day,mas
brush,ice,great,loves,excellent,awesome,highly,wonderful,potatoes,cube,ever,perfect,love,happy,glad,best,opens,perfectly,easy,business,pleased,thank,ze,day,mas
brush,ice,great,loves,excellent,awesome,highly,wonderful,potatoes,cube,ever,perfect,love,happy,glad,best,opens,perfectly,easy,business,pleased,thank,ze,day,mas
brush,ice,great,loves,excellent,awesome,highly,wonderful,potatoes,cube,ever,perfect,love,happy,glad,best,opens,perfectly,easy,business,pleased,thank,ze,day,mas
brush,ice,great,loves,excellent,awesome,highly,wonderful,potatoes,cube,ever,perfect,love,happy,glad,best,opens,perfectly,easy,business,pleased,thank,ze,day,mas
brush,ice,great,loves,excellent,awesome,highly,wonderful,potatoes,cube,ever,perfect,love,happy,glad,best,opens,perfectly,easy,business,pleased,thank,ze,day,mas
brush,ice,great,loves,excellent,awesome,highly,wonderful,potatoes,cube,ever,perfect,love,happy,glad,best,opens,perfectly,easy,business,pleased,thank,ze,day,mas
brush,ice,great,loves,excellent,awesome,highly,wonderful,potatoes,cube,ever,perfect,love,happy,glad,best,opens,perfectly,easy,business,pleased,thank,ze,day,mas
brush,ice,great,loves,excellent,awesome,highly,wonderful,potatoes,cube,ever,perfect,love,happy,glad,best,opens,perfectly,easy,business,pleased,thank,ze,day,mas
brush,ice,great,loves,excellent,awesome,highly,wonderful,potatoes,cube,ever,perfect,love,happy,glad,best,opens,perfectly,easy,business,pleased,thank,ze,day,mas
brush,ice,great,loves,excellent,awesome,highly,wonderful,potatoes,cube,ever,perfect,love,happy,glad,best,opens,perfectly,easy,business,pleased,thank,ze,day,mas
brush,ice,great,loves,excellent,awesome,highly,wonderful,potatoes,cube,ever,perfect,love,happy,glad,best,opens,perfectly,easy,business,pleased,thank,ze,day,mas
brush,ice,great,loves,excellent,awesome,highly,wonderful,potatoes,cube,ever,perfect,love,happy,glad,best,opens,perfectly,easy,business,pleased,thank,ze,day,mas
brush,ice,great,loves,excellent,awesome,highly,wonderful,potatoes,cube,ever,perfect,love,happy,glad,best,opens,perfectly,easy,business,pleased,thank,ze,day,mas
brush,ice,great,loves,excellent,awesome,highly,wonderful,potatoes,cube,ever,perfect,love,happy,glad,best,opens,perfectly,easy,business,pleased,thank,ze,day,mas
brush,ice,great,loves,excellent,awesome,highly,wonderful,potatoes,cube,ever,perfect,love,happy,glad,best,opens,perfectly,easy,business,pleased,thank,ze,day,mas
brush,ice,great,loves,excellent,awesome,highly,wonderful,potatoes,cube,ever,perfect,love,happy,glad,best,opens,perfectly,easy,business,pleased,thank,ze,day,mas
brush,ice,great,loves,excellent,awesome,highly,wonderful,potatoes,cube,ever,perfect,love,happy,glad,best,opens,perfectly,easy,business,pleased,thank,ze,day,mas
brush,ice,great,loves,excellent,awesome,highly,wonderful,potatoes,cube,ever,perfect,love,happy,glad,best,opens,perfectly,easy,business,pleased,thank,ze,day,mas
brush,ice,great,loves,excellent,awesome,highly,wonderful,potatoes,cube,ever,perfect,love,happy,glad,best,opens,perfectly,easy,business,pleased,thank,ze,day,mas
brush,ice,great,loves,excellent,awesome,highly,wonderful,potatoes,cube,ever,perfect,love,happy,glad,best,opens,perfectly,easy,business,pleased,thank,ze,day,mas
brush,ice,great,loves,excellent,awesome,highly,wonderful,potatoes,cube,ever,perfect,love,happy,glad,best,opens,perfectly,easy,business,pleased,thank,ze,day,mas
brush,ice,great,loves,excellent,awesome,highly,wonderful,potatoes,cube,ever,perfect,love,happy,glad,best,opens,perfectly,easy,business,pleased,thank,ze,day,mas
brush,ice,great,loves,excellent,awesome,highly,wonderful,potatoes,cube,ever,perfect,love,happy,glad,best,opens,perfectly,easy,business,pleased,thank,ze,day,mas
brush,ice,great,loves,excellent,awesome,highly,wonderful,potatoes,cube,ever,perfect,love,happy,glad,best,opens,perfectly,easy,business,pleased,thank,ze,day,mas
brush,ice,great,loves,excellent,awesome,highly,wonderful,potatoes,cube,ever,perfect,love,happy,glad,best,opens,perfectly,easy,business,pleased,thank,ze,day,mas
brush,ice,great,loves,excellent,awesome,highly,wonderful,potatoes,cube,ever,perfect,love,happy,glad,best,opens,perfectly,easy,business,pleased,thank,ze,day,mas
brush,ice,great,loves,excellent,awesome,highly,wonderful,potatoes,cube,ever,perfect,love,happy,glad,best,opens,perfectly,easy,business,pleased,thank,ze,day,mas
brush,ice,great,loves,excellent,awesome,highly,wonderful,potatoes,cube,ever,perfect,love,happy,glad,best,opens,perfectly,easy,business,pleased,thank,ze,day,mas
brush,ice,great,loves,excellent,awesome,highly,wonderful,potatoes,cube,ever,perfect,love,happy,glad,best,opens,perfectly,easy,business,pleased,thank,ze,day,mas
brush,ice,great,loves,excellent,awesome,highly,wonderful,potatoes,cube,ever,perfect,love,happy,glad,best,opens,perfectly,easy,business,pleased,thank,ze,day,mas
brush,ice,great,loves,excellent,awesome,highly,wonderful,potatoes,cube,ever,perfect,love,happy,glad,best,opens,perfectly,easy,business,pleased,thank,ze,day,mas
brush,ice,great,loves,excellent,awesome,highly,wonderful,potatoes,cube,ever,perfect,love,happy,glad,best,opens,perfectly,easy,business,pleased,thank,ze,day,mas
brush,ice,great,loves,excellent,awesome,highly,wonderful,potatoes,cube,ever,perfect,love,happy,glad,best,opens,perfectly,easy,business,pleased,thank,ze,day,mas
brush,ice,great,loves,excellent,awesome,highly,wonderful,potatoes,cube,ever,perfect,love,happy,glad,best,opens,perfectly,easy,business,pleased,thank,ze,day,mas
brush,ice,great,loves,excellent,awesome,highly,wonderful,potatoes,cube,ever,perfect,love,happy,glad,best,opens,perfectly,easy,business,pleased,thank,ze,day,mas
brush,ice,great,loves,excellent,awesome,highly,wonderful,potatoes,cube,ever,perfect,love,happy,glad,best,opens,perfectly,easy,business,pleased,thank,ze,day,mas
brush,ice,great,loves,excellent,awesome,highly,wonderful,potatoes,cube,ever,perfect,love,happy,glad,best,opens,perfectly,easy,business,pleased,thank,ze,day,mas
brush,ice,great,loves,excellent,awesome,highly,wonderful,potatoes,cube,ever,perfect,love,happy,glad,best,opens,perfectly,easy,business,pleased,thank,ze,day,mas
brush,ice,great,loves,excellent,awesome,highly,wonderful,potatoes,cube,ever,perfect,love,happy,glad,best,opens,perfectly,easy,business,pleased,thank,ze,day,mas
brush,ice,great,loves,excellent,awesome,highly,wonderful,potatoes,cube,ever,perfect,love,happy,glad,best,opens,perfectly,easy,business,pleased,thank,ze,day,mas
brush,ice,great,loves,excellent,awesome,highly,wonderful,potatoes,cube,ever,perfect,love,happy,glad,best,opens,perfectly,easy,business,pleased,thank,ze,day,mas
brush,ice,great,loves,excellent,awesome,highly,wonderful,potatoes,cube,ever,perfect,love,happy,glad,best,opens,perfectly,easy,business,pleased,thank,ze,day,mas
brush,ice,great,loves,excellent,awesome,highly,wonderful,potatoes,cube,ever,perfect,love,happy,glad,best,opens,perfectly,easy,business,pleased,thank,ze,day,mas
brush,ice,great,loves,excellent,awesome,highly,wonderful,potatoes,cube,ever,perfect,love,happy,glad,best,opens,perfectly,easy,business,pleased,thank,ze,day,mas
brush,ice,great,loves,excellent,awesome,highly,wonderful,potatoes,cube,ever,perfect,love,happy,glad,best,opens,perfectly,easy,business,pleased,thank,ze,day,mas
brush,ice,great,loves,excellent,awesome,highly,wonderful,potatoes,cube,ever,perfect,love,happy,glad,best,opens,perfectly,easy,business,pleased,thank,ze,day,mas
brush,ice,great,loves,excellent,awesome,highly,wonderful,potatoes,cube,ever,perfect,love,happy,glad,best,opens,perfectly,easy,business,pleased,thank,ze,day,mas
brush,ice,great,loves,excellent,awesome,highly,wonderful,potatoes,cube,ever,perfect,love,happy,glad,best,opens,perfectly,easy,business,pleased,thank,ze,day,mas
brush,ice,great,loves,excellent,awesome,highly,wonderful,potatoes,cube,ever,perfect,love,happy,glad,best,opens,perfectly,easy,business,pleased,thank,ze,day,mas
brush,ice,great,loves,excellent,awesome,highly,wonderful,potatoes,cube,ever,perfect,love,happy,glad,best,opens,perfectly,easy,business,pleased,thank,ze,day,mas
brush,ice,great,loves,excellent,awesome,highly,wonderful,potatoes,cube,ever,perfect,love,happy,glad,best,opens,perfectly,easy,business,pleased,thank,ze,day,mas
brush,ice,great,loves,excellent,awesome,highly,wonderful,potatoes,cube,ever,perfect,love,happy,glad,best,opens,perfectly,easy,business,pleased,thank,ze,day,mas
brush,ice,great,loves,excellent,awesome,highly,wonderful,potatoes,cube,ever,perfect,love,happy,glad,best,opens,perfectly,easy,business,pleased,thank,ze,day,mas
brush,ice,great,loves,excellent,awesome,highly,wonderful,potatoes,cube,ever,perfect,love,happy,glad,best,opens,perfectly,easy,business,pleased,thank,ze,day,mas
brush,ice,great,loves,excellent,awesome,highly,wonderful,potatoes,cube,ever,perfect,love,happy,glad,best,opens,perfectly,easy,business,pleased,thank,ze,day,mas
brush,ice,great,loves,excellent,awesome,highly,wonderful,potatoes,cube,ever,perfect,love,happy,glad,best,opens,perfectly,easy,business,pleased,thank,ze,day,mas
brush,ice,great,loves,excellent,awesome,highly,wonderful,potatoes,cube,ever,perfect,love,happy,glad,best,opens,perfectly,easy,business,pleased,thank,ze,day,mas
brush,ice,great,loves,excellent,awesome,highly,wonderful,potatoes,cube,ever,perfect,love,happy,glad,best,opens,perfectly,easy,business,pleased,thank,ze,day,mas
brush,ice,great,loves,excellent,awesome,highly,wonderful,potatoes,cube,ever,perfect,love,happy,glad,best,opens,perfectly,easy,business,pleased,thank,ze,day,mas
brush,ice,great,loves,excellent,awesome,highly,wonderful,potatoes,cube,ever,perfect,love,happy,glad,best,opens,perfectly,easy,business,pleased,thank,ze,day,mas
brush,ice,great,loves,excellent,awesome,highly,wonderful,potatoes,cube,ever,perfect,love,happy,glad,best,opens,perfectly,easy,business,pleased,thank,ze,day,mas
brush,ice,great,loves,excellent,awesome,highly,wonderful,potatoes,cube,ever,perfect,love,happy,glad,best,opens,perfectly,easy,business,pleased,thank,ze,day,mas
brush,ice,great,loves,excellent,awesome,highly,wonderful,potatoes,cube,ever,perfect,love,happy,glad,best,opens,perfectly,easy,business,pleased,thank,ze,day,mas
brush,ice,great,loves,excellent,awesome,highly,wonderful,potatoes,cube,ever,perfect,love,happy,glad,best,opens,perfectly,easy,business,pleased,thank,ze,day,mas
brush,ice,great,loves,excellent,awesome,highly,wonderful,potatoes,cube,ever,perfect,love,happy,glad,best,opens,perfectly,easy,business,pleased,thank,ze,day,mas
brush,ice,great,loves,excellent,awesome,highly,wonderful,potatoes,cube,ever,perfect,love,happy,glad,best,opens,perfectly,easy,business,pleased,thank,ze,day,mas
brush,ice,great,loves,excellent,awesome,highly,wonderful,potatoes,cube,ever,perfect,love,happy,glad,best,opens,perfectly,easy,business,pleased,thank,ze,day,mas
brush,ice,great,loves,excellent,awesome,highly,wonderful,potatoes,cube,ever,perfect,love,happy,glad,best,opens,perfectly,easy,business,pleased,thank,ze,day,mas
brush,ice,great,loves,excellent,awesome,highly,wonderful,potatoes,cube,ever,perfect,love,happy,glad,best,opens,perfectly,easy,business,pleased,thank,ze,day,mas
brush,ice,great,loves,excellent,awesome,highly,wonderful,potatoes,cube,ever,perfect,love,happy,glad,best,opens,perfectly,easy,business,pleased,thank,ze,day,mas
brush,ice,great,loves,excellent,awesome,highly,wonderful,potatoes,cube,ever,perfect,love,happy,glad,best,opens,perfectly,easy,business,pleased,thank,ze,day,mas
brush,ice,great,loves,excellent,awesome,highly,wonderful,potatoes,cube,ever,perfect,love,happy,glad,best,opens,perfectly,easy,business,pleased,thank,ze,day,mas
brush,ice,great,loves,excellent,awesome,highly,wonderful,potatoes,cube,ever,perfect,love,happy,glad,best,opens,perfectly,easy,business,pleased,thank,ze,day,mas
brush,ice,great,loves,excellent,awesome,highly,wonderful,potatoes,cube,ever,perfect,cake,love,happy,glad,best,opens,perfectly,easy,business,pleased,ze,day,mas
brush,ice,great,loves,excellent,awesome,highly,wonderful,potatoes,cube,ever,perfect,cake,love,happy,glad,best,opens,perfectly,easy,business,pleased,ze,day,mas
brush,ice,great,loves,excellent,awesome,highly,wonderful,potatoes,cube,ever,perfect,cake,love,happy,glad,best,opens,perfectly,easy,business,pleased,ze,day,mas
brush,ice,great,loves,excellent,awesome,highly,wonderful,potatoes,cube,ever,perfect,cake,love,happy,glad,best,opens,perfectly,easy,business,pleased,ze,day,mas
brush,ice,great,loves,excellent,awesome,highly,wonderful,potatoes,cube,ever,perfect,cake,love,happy,glad,best,opens,perfectly,easy,business,pleased,ze,day,mas
brush,ice,great,loves,excellent,awesome,highly,wonderful,potatoes,cube,ever,perfect,cake,love,happy,glad,best,opens,perfectly,easy,business,pleased,ze,day,mas
brush,ice,great,loves,excellent,awesome,highly,wonderful,potatoes,cube,ever,perfect,cake,love,happy,glad,best,opens,perfectly,easy,business,pleased,ze,day,mas
brush,ice,great,loves,excellent,awesome,highly,wonderful,potatoes,cube,ever,perfect,cake,love,happy,glad,best,opens,perfectly,easy,business,pleased,ze,day,mas
brush,ice,great,loves,excellent,awesome,highly,wonderful,potatoes,cube,ever,perfect,cake,love,happy,glad,best,opens,perfectly,easy,business,pleased,ze,day,mas
brush,ice,great,loves,excellent,awesome,highly,wonderful,potatoes,cube,ever,perfect,cake,love,happy,glad,best,opens,perfectly,easy,business,pleased,ze,day,mas
brush,ice,great,loves,excellent,awesome,highly,wonderful,potatoes,cube,ever,perfect,cake,love,happy,glad,best,opens,perfectly,easy,business,pleased,ze,day,mas
brush,ice,great,loves,excellent,awesome,highly,wonderful,potatoes,cube,ever,perfect,cake,love,happy,glad,best,opens,perfectly,easy,business,pleased,ze,day,mas
brush,ice,great,loves,excellent,awesome,highly,wonderful,potatoes,cube,ever,perfect,cake,love,happy,glad,best,opens,perfectly,easy,business,pleased,ze,day,mas
brush,ice,great,loves,excellent,awesome,highly,wonderful,potatoes,cube,ever,perfect,cake,love,happy,glad,best,opens,perfectly,easy,business,pleased,ze,day,mas
brush,ice,great,loves,excellent,awesome,highly,wonderful,potatoes,cube,ever,perfect,cake,love,happy,glad,best,opens,perfectly,easy,business,pleased,ze,day,mas
brush,ice,great,loves,excellent,awesome,highly,wonderful,potatoes,cube,ever,perfect,cake,love,happy,glad,best,opens,perfectly,easy,business,pleased,ze,day,mas
brush,ice,great,loves,excellent,awesome,highly,wonderful,potatoes,cube,ever,perfect,cake,love,happy,glad,best,opens,perfectly,easy,business,pleased,ze,day,mas
brush,ice,great,loves,excellent,awesome,highly,wonderful,potatoes,cube,ever,perfect,cake,love,happy,glad,best,opens,perfectly,easy,business,pleased,ze,day,mas
brush,ice,great,loves,excellent,awesome,highly,wonderful,potatoes,cube,ever,perfect,cake,love,happy,glad,best,opens,perfectly,easy,business,pleased,ze,day,mas
brush,ice,great,loves,excellent,awesome,highly,wonderful,potatoes,cube,ever,perfect,cake,love,happy,glad,best,opens,perfectly,easy,business,pleased,ze,day,mas
brush,ice,great,loves,excellent,awesome,highly,wonderful,potatoes,cube,ever,perfect,cake,love,happy,glad,best,opens,perfectly,easy,business,pleased,ze,day,mas
brush,ice,great,loves,excellent,awesome,highly,wonderful,potatoes,cube,ever,perfect,cake,love,happy,glad,best,opens,perfectly,easy,business,pleased,ze,day,mas
brush,ice,great,loves,excellent,awesome,highly,wonderful,potatoes,cube,ever,perfect,cake,love,happy,glad,best,opens,perfectly,easy,business,pleased,ze,day,mas
brush,ice,great,loves,excellent,awesome,highly,wonderful,potatoes,cube,ever,perfect,cake,love,happy,glad,best,opens,perfectly,easy,business,pleased,ze,day,mas
brush,ice,great,loves,excellent,awesome,highly,wonderful,potatoes,cube,ever,perfect,cake,love,happy,glad,best,opens,perfectly,easy,business,pleased,ze,day,mas
brush,ice,great,loves,excellent,awesome,highly,wonderful,potatoes,cube,ever,perfect,cake,love,happy,glad,best,opens,perfectly,easy,business,pleased,ze,day,mas
brush,ice,great,loves,excellent,awesome,highly,wonderful,potatoes,cube,ever,perfect,cake,love,happy,glad,best,opens,perfectly,easy,business,pleased,ze,day,mas
brush,ice,great,loves,excellent,awesome,highly,wonderful,potatoes,cube,ever,perfect,cake,love,happy,glad,best,opens,perfectly,easy,business,pleased,ze,day,mas
brush,ice,great,loves,excellent,awesome,highly,wonderful,potatoes,cube,ever,perfect,cake,love,happy,glad,best,opens,perfectly,easy,business,pleased,ze,day,mas
brush,ice,great,loves,excellent,awesome,highly,wonderful,potatoes,cube,ever,perfect,cake,love,happy,glad,best,opens,perfectly,easy,business,pleased,ze,day,mas
brush,ice,great,loves,excellent,awesome,highly,wonderful,potatoes,cube,ever,perfect,cake,love,happy,glad,best,opens,perfectly,easy,business,pleased,ze,day,mas
brush,ice,great,loves,excellent,awesome,highly,wonderful,potatoes,cube,ever,perfect,cake,love,happy,glad,best,opens,perfectly,easy,business,pleased,ze,day,mas
brush,ice,great,loves,excellent,awesome,highly,wonderful,potatoes,cube,ever,perfect,cake,love,happy,glad,best,opens,perfectly,easy,business,pleased,ze,day,mas
brush,ice,great,loves,excellent,awesome,highly,wonderful,potatoes,cube,ever,perfect,cake,love,happy,glad,best,opens,perfectly,easy,business,pleased,ze,day,mas
brush,ice,great,loves,excellent,awesome,highly,wonderful,potatoes,cube,ever,perfect,cake,love,happy,glad,best,opens,perfectly,easy,business,pleased,ze,day,mas
brush,ice,great,loves,excellent,awesome,highly,wonderful,potatoes,cube,ever,perfect,cake,love,happy,glad,best,opens,perfectly,easy,business,pleased,ze,day,mas
brush,ice,great,loves,excellent,awesome,highly,wonderful,potatoes,cube,ever,perfect,cake,love,happy,glad,best,opens,perfectly,easy,business,pleased,ze,day,mas
brush,ice,great,loves,excellent,awesome,highly,wonderful,potatoes,cube,ever,perfect,cake,love,happy,glad,best,opens,perfectly,easy,business,pleased,ze,day,mas
brush,ice,great,loves,excellent,awesome,highly,wonderful,potatoes,cube,ever,perfect,cake,love,happy,glad,best,opens,perfectly,easy,business,pleased,ze,day,mas
brush,ice,great,loves,excellent,awesome,highly,wonderful,potatoes,cube,ever,perfect,cake,love,happy,glad,best,opens,perfectly,easy,business,pleased,ze,day,mas
brush,ice,great,loves,excellent,awesome,highly,wonderful,potatoes,cube,ever,perfect,cake,love,happy,glad,best,opens,perfectly,easy,business,pleased,ze,day,mas
brush,ice,great,loves,excellent,awesome,highly,wonderful,potatoes,cube,ever,perfect,cake,love,happy,glad,best,opens,perfectly,easy,business,pleased,ze,day,mas
brush,ice,great,loves,excellent,awesome,highly,wonderful,potatoes,cube,ever,perfect,cake,love,happy,glad,best,opens,perfectly,easy,business,pleased,ze,day,mas
brush,ice,great,loves,excellent,awesome,highly,wonderful,potatoes,cube,ever,perfect,cake,love,happy,glad,best,opens,perfectly,easy,business,pleased,ze,day,mas
brush,ice,great,loves,excellent,awesome,highly,wonderful,potatoes,cube,ever,perfect,cake,love,happy,glad,best,opens,perfectly,easy,business,pleased,ze,day,mas
brush,ice,great,loves,excellent,awesome,highly,wonderful,potatoes,cube,ever,perfect,cake,love,happy,glad,best,opens,perfectly,easy,business,pleased,ze,day,mas
brush,ice,great,loves,excellent,awesome,highly,wonderful,potatoes,cube,ever,perfect,cake,love,happy,glad,best,opens,perfectly,easy,business,pleased,ze,day,mas
brush,ice,great,loves,excellent,awesome,highly,wonderful,potatoes,cube,ever,perfect,cake,love,happy,glad,best,opens,perfectly,easy,business,pleased,ze,day,mas
brush,ice,great,loves,excellent,awesome,highly,wonderful,potatoes,cube,ever,perfect,cake,love,happy,glad,best,opens,perfectly,easy,business,pleased,ze,day,mas
brush,ice,great,loves,excellent,awesome,highly,wonderful,potatoes,cube,ever,perfect,cake,love,happy,glad,best,opens,perfectly,easy,business,pleased,ze,day,mas
brush,ice,great,loves,excellent,awesome,highly,wonderful,potatoes,cube,ever,perfect,cake,love,happy,glad,best,opens,perfectly,easy,business,pleased,ze,day,mas
brush,ice,great,loves,excellent,awesome,highly,wonderful,potatoes,cube,ever,perfect,cake,love,happy,glad,best,opens,perfectly,easy,business,pleased,ze,day,mas
brush,ice,great,loves,excellent,awesome,highly,wonderful,potatoes,cube,ever,perfect,cake,love,happy,glad,best,opens,perfectly,easy,business,pleased,ze,day,mas
brush,ice,great,loves,excellent,awesome,highly,wonderful,potatoes,cube,ever,perfect,cake,love,happy,glad,best,opens,perfectly,easy,business,pleased,ze,day,mas
brush,ice,great,loves,excellent,awesome,highly,wonderful,potatoes,cube,ever,perfect,cake,love,happy,glad,best,opens,perfectly,easy,business,pleased,ze,day,mas
brush,ice,great,loves,excellent,awesome,highly,wonderful,potatoes,cube,ever,perfect,cake,love,happy,glad,best,opens,perfectly,easy,business,pleased,ze,day,mas
brush,ice,great,loves,excellent,awesome,highly,wonderful,potatoes,cube,ever,perfect,cake,love,happy,glad,best,opens,perfectly,easy,business,pleased,ze,day,mas
brush,ice,great,loves,excellent,awesome,highly,wonderful,potatoes,cube,ever,perfect,cake,love,happy,glad,best,opens,perfectly,easy,business,pleased,ze,day,mas
brush,ice,great,loves,excellent,awesome,highly,wonderful,potatoes,cube,ever,perfect,cake,love,happy,glad,best,opens,perfectly,easy,business,pleased,ze,day,mas
brush,ice,great,loves,excellent,awesome,highly,wonderful,potatoes,cube,ever,perfect,cake,love,happy,glad,best,opens,perfectly,easy,business,pleased,ze,day,mas
brush,ice,great,loves,excellent,awesome,highly,wonderful,potatoes,cube,ever,perfect,cake,love,happy,glad,best,opens,perfectly,easy,business,pleased,ze,day,mas
brush,ice,great,loves,excellent,awesome,highly,wonderful,potatoes,cube,ever,perfect,cake,love,happy,glad,best,opens,perfectly,easy,business,pleased,ze,day,mas
brush,ice,great,loves,excellent,awesome,highly,wonderful,potatoes,cube,ever,perfect,cake,love,happy,glad,best,opens,perfectly,easy,business,pleased,ze,day,mas
brush,ice,great,loves,excellent,awesome,highly,wonderful,potatoes,cube,ever,perfect,cake,love,happy,glad,best,opens,perfectly,easy,business,pleased,ze,day,mas
brush,ice,great,loves,excellent,awesome,highly,wonderful,potatoes,cube,ever,perfect,cake,love,happy,glad,best,opens,perfectly,easy,business,pleased,ze,day,mas
brush,ice,great,loves,excellent,awesome,highly,wonderful,potatoes,cube,ever,perfect,cake,love,happy,glad,best,opens,perfectly,easy,business,pleased,ze,day,mas
brush,ice,great,loves,excellent,awesome,highly,wonderful,potatoes,cube,ever,perfect,cake,love,happy,glad,best,opens,perfectly,easy,business,pleased,ze,day,mas
brush,ice,great,loves,excellent,awesome,highly,wonderful,potatoes,cube,ever,perfect,cake,love,happy,glad,best,opens,perfectly,easy,business,pleased,ze,day,mas
brush,ice,great,loves,excellent,awesome,highly,wonderful,potatoes,cube,ever,perfect,cake,love,happy,glad,best,opens,perfectly,easy,business,pleased,ze,day,mas
brush,ice,great,loves,excellent,awesome,highly,wonderful,potatoes,cube,ever,perfect,cake,love,happy,glad,best,opens,perfectly,easy,business,pleased,ze,day,mas
brush,ice,great,loves,excellent,awesome,highly,wonderful,potatoes,cube,ever,perfect,cake,love,happy,glad,best,opens,perfectly,easy,business,pleased,ze,day,mas
brush,ice,great,loves,excellent,awesome,highly,wonderful,potatoes,cube,ever,perfect,cake,love,happy,glad,best,opens,perfectly,easy,business,pleased,ze,day,mas
brush,ice,great,loves,excellent,awesome,highly,wonderful,potatoes,cube,ever,perfect,cake,love,happy,glad,best,opens,perfectly,easy,business,pleased,ze,day,mas
brush,ice,great,loves,excellent,awesome,highly,wonderful,potatoes,cube,ever,perfect,cake,love,happy,glad,best,opens,perfectly,easy,business,pleased,ze,day,mas
brush,ice,great,loves,excellent,awesome,highly,wonderful,potatoes,cube,ever,perfect,cake,love,happy,glad,best,opens,perfectly,easy,business,pleased,ze,day,mas
brush,ice,great,loves,excellent,awesome,highly,wonderful,potatoes,cube,ever,perfect,cake,love,happy,glad,best,opens,perfectly,easy,business,pleased,ze,day,mas
brush,ice,great,loves,excellent,awesome,highly,wonderful,potatoes,cube,ever,perfect,cake,love,happy,glad,best,opens,perfectly,easy,business,pleased,ze,day,mas
brush,ice,great,loves,excellent,awesome,highly,wonderful,potatoes,cube,ever,perfect,cake,love,happy,glad,best,opens,perfectly,easy,business,pleased,ze,day,mas
brush,ice,great,loves,excellent,awesome,highly,wonderful,potatoes,cube,ever,perfect,cake,love,happy,glad,best,opens,perfectly,easy,business,pleased,ze,day,mas
brush,ice,great,loves,excellent,awesome,highly,wonderful,potatoes,cube,ever,perfect,cake,love,happy,glad,best,opens,perfectly,easy,business,pleased,ze,day,mas
brush,ice,great,loves,excellent,awesome,highly,wonderful,potatoes,cube,ever,perfect,cake,love,happy,glad,best,opens,perfectly,easy,business,pleased,ze,day,mas
brush,ice,great,loves,excellent,awesome,highly,wonderful,potatoes,cube,ever,perfect,cake,love,happy,glad,best,opens,perfectly,easy,business,pleased,ze,day,mas
brush,ice,great,loves,excellent,awesome,highly,wonderful,potatoes,cube,ever,perfect,cake,love,happy,glad,best,opens,perfectly,easy,business,pleased,ze,day,mas
brush,ice,great,loves,excellent,awesome,highly,wonderful,potatoes,cube,ever,perfect,cake,love,happy,glad,best,opens,perfectly,easy,business,pleased,ze,day,mas
brush,ice,great,loves,excellent,awesome,highly,wonderful,potatoes,cube,ever,perfect,cake,love,happy,glad,best,opens,perfectly,easy,business,pleased,ze,day,mas
brush,ice,great,loves,excellent,awesome,highly,wonderful,potatoes,cube,ever,perfect,cake,love,happy,glad,best,opens,perfectly,easy,business,pleased,ze,day,mas
brush,ice,great,loves,excellent,awesome,highly,wonderful,potatoes,cube,ever,perfect,cake,love,happy,glad,best,opens,perfectly,easy,business,pleased,ze,day,mas
brush,ice,great,loves,excellent,awesome,highly,wonderful,potatoes,cube,ever,perfect,cake,love,happy,glad,best,opens,perfectly,easy,business,pleased,ze,day,mas
brush,ice,great,loves,excellent,awesome,highly,wonderful,potatoes,cube,ever,perfect,cake,love,happy,glad,best,opens,perfectly,easy,business,pleased,ze,day,mas
brush,ice,great,loves,excellent,awesome,highly,wonderful,potatoes,cube,ever,perfect,cake,love,happy,glad,best,opens,perfectly,easy,business,pleased,ze,day,mas
brush,ice,great,loves,excellent,awesome,highly,wonderful,potatoes,cube,ever,perfect,cake,love,happy,glad,best,opens,perfectly,easy,business,pleased,ze,day,mas
brush,ice,great,loves,excellent,awesome,highly,wonderful,potatoes,cube,ever,perfect,cake,love,happy,glad,best,opens,perfectly,easy,business,pleased,ze,day,mas
brush,ice,great,loves,excellent,awesome,highly,wonderful,potatoes,cube,ever,perfect,cake,love,happy,glad,best,opens,perfectly,easy,business,pleased,ze,day,mas
brush,ice,great,loves,excellent,awesome,highly,wonderful,potatoes,cube,ever,perfect,cake,love,happy,glad,best,opens,perfectly,easy,business,pleased,ze,day,mas
brush,ice,great,loves,excellent,awesome,highly,wonderful,potatoes,cube,ever,perfect,cake,love,happy,glad,best,opens,perfectly,easy,business,pleased,ze,day,mas
brush,ice,great,loves,excellent,awesome,highly,wonderful,potatoes,cube,ever,perfect,cake,love,happy,glad,best,opens,perfectly,easy,business,pleased,ze,day,mas
brush,ice,great,loves,excellent,awesome,highly,wonderful,potatoes,cube,ever,perfect,cake,love,happy,glad,best,opens,perfectly,easy,business,pleased,ze,day,mas
brush,ice,great,loves,excellent,awesome,highly,wonderful,potatoes,cube,ever,perfect,cake,love,happy,glad,best,opens,perfectly,easy,business,pleased,ze,day,mas
brush,ice,great,loves,excellent,awesome,highly,wonderful,potatoes,cube,ever,perfect,cake,love,happy,glad,best,opens,perfectly,easy,business,pleased,ze,day,mas
brush,ice,great,loves,excellent,awesome,highly,wonderful,potatoes,cube,ever,perfect,cake,love,happy,glad,best,opens,perfectly,easy,business,pleased,ze,day,mas
brush,ice,great,loves,excellent,awesome,highly,wonderful,potatoes,cube,ever,perfect,cake,love,happy,glad,best,opens,perfectly,easy,business,pleased,ze,day,mas
brush,ice,great,loves,excellent,awesome,highly,wonderful,potatoes,cube,ever,perfect,cake,love,happy,glad,best,opens,perfectly,easy,business,pleased,ze,day,mas
brush,ice,great,loves,excellent,awesome,highly,wonderful,potatoes,cube,ever,perfect,cake,love,happy,glad,best,opens,perfectly,easy,business,pleased,ze,day,mas
brush,ice,great,loves,excellent,awesome,highly,wonderful,potatoes,cube,ever,perfect,cake,love,happy,glad,best,opens,perfectly,easy,business,pleased,ze,day,mas
brush,ice,great,loves,excellent,awesome,highly,wonderful,potatoes,cube,ever,perfect,cake,love,happy,glad,best,opens,perfectly,easy,business,pleased,ze,day,mas
brush,ice,great,loves,excellent,awesome,highly,wonderful,potatoes,cube,ever,perfect,cake,love,happy,glad,best,opens,perfectly,easy,business,pleased,ze,day,mas
brush,ice,great,loves,excellent,awesome,highly,wonderful,potatoes,cube,ever,perfect,cake,love,happy,glad,best,opens,perfectly,easy,business,pleased,ze,day,mas
brush,ice,great,loves,excellent,awesome,highly,wonderful,potatoes,cube,ever,perfect,cake,love,happy,glad,best,opens,perfectly,easy,business,pleased,ze,day,mas
brush,ice,great,loves,excellent,awesome,highly,wonderful,potatoes,cube,ever,perfect,cake,love,happy,glad,best,opens,perfectly,easy,business,pleased,ze,day,mas
brush,ice,great,loves,excellent,awesome,highly,wonderful,potatoes,cube,ever,perfect,cake,love,happy,glad,best,opens,perfectly,easy,business,pleased,ze,day,mas
brush,ice,great,loves,excellent,awesome,highly,wonderful,potatoes,cube,ever,perfect,cake,love,happy,glad,best,opens,perfectly,easy,business,pleased,ze,day,mas
brush,ice,great,loves,excellent,awesome,highly,wonderful,potatoes,cube,ever,perfect,cake,love,happy,glad,best,opens,perfectly,easy,business,pleased,ze,day,mas
brush,ice,great,loves,excellent,awesome,highly,wonderful,potatoes,cube,ever,perfect,cake,love,happy,glad,best,opens,perfectly,easy,business,pleased,ze,day,mas
brush,ice,great,loves,excellent,awesome,highly,wonderful,potatoes,cube,ever,perfect,cake,love,happy,glad,best,opens,perfectly,easy,business,pleased,ze,day,mas
brush,ice,great,loves,excellent,awesome,highly,wonderful,potatoes,cube,ever,perfect,cake,love,happy,glad,best,opens,perfectly,easy,business,pleased,ze,day,mas
brush,ice,great,loves,excellent,awesome,highly,wonderful,potatoes,cube,ever,perfect,cake,love,happy,glad,best,opens,perfectly,easy,business,pleased,ze,day,mas
brush,ice,great,loves,excellent,awesome,highly,wonderful,potatoes,cube,ever,perfect,cake,love,happy,glad,best,opens,perfectly,easy,business,pleased,ze,day,mas
brush,ice,great,loves,excellent,awesome,highly,wonderful,potatoes,cube,ever,perfect,cake,love,happy,glad,best,opens,perfectly,easy,business,pleased,ze,day,mas
brush,ice,great,loves,excellent,awesome,highly,wonderful,potatoes,cube,ever,perfect,cake,love,happy,glad,best,opens,perfectly,easy,business,pleased,ze,day,mas
brush,ice,great,loves,excellent,awesome,highly,wonderful,potatoes,cube,ever,perfect,cake,love,happy,glad,best,opens,perfectly,easy,business,pleased,ze,day,mas
brush,ice,great,loves,excellent,awesome,highly,wonderful,potatoes,cube,ever,perfect,cake,love,happy,glad,best,opens,perfectly,easy,business,pleased,ze,day,mas
brush,ice,great,loves,excellent,awesome,highly,wonderful,potatoes,cube,ever,perfect,cake,love,happy,glad,best,opens,perfectly,easy,business,pleased,ze,day,mas
brush,ice,great,loves,excellent,awesome,highly,wonderful,potatoes,cube,ever,perfect,cake,love,happy,glad,best,opens,perfectly,easy,business,pleased,ze,day,mas
brush,ice,great,loves,excellent,awesome,highly,wonderful,potatoes,cube,ever,perfect,cake,love,happy,glad,best,opens,perfectly,easy,business,pleased,ze,day,mas
brush,ice,great,loves,excellent,awesome,highly,wonderful,potatoes,cube,ever,perfect,cake,love,happy,glad,best,opens,perfectly,easy,business,pleased,ze,day,mas
brush,ice,great,loves,excellent,awesome,highly,wonderful,potatoes,cube,ever,perfect,cake,love,happy,glad,best,opens,perfectly,easy,business,pleased,ze,day,mas
brush,ice,great,loves,excellent,awesome,highly,wonderful,potatoes,cube,ever,perfect,cake,love,happy,glad,best,opens,perfectly,easy,business,pleased,ze,day,mas
brush,ice,great,loves,excellent,awesome,highly,wonderful,potatoes,cube,ever,perfect,cake,love,happy,glad,best,opens,perfectly,easy,business,pleased,ze,day,mas
brush,ice,great,loves,excellent,awesome,highly,wonderful,potatoes,cube,ever,perfect,cake,love,happy,glad,best,opens,perfectly,easy,business,pleased,ze,day,mas
brush,ice,great,loves,excellent,awesome,highly,wonderful,potatoes,cube,ever,perfect,cake,love,happy,glad,best,opens,perfectly,easy,business,pleased,ze,day,mas
brush,ice,great,loves,excellent,awesome,highly,wonderful,potatoes,cube,ever,perfect,cake,love,happy,glad,best,opens,perfectly,easy,business,pleased,ze,day,mas
brush,ice,great,loves,excellent,awesome,highly,wonderful,potatoes,cube,ever,perfect,cake,love,happy,glad,best,opens,perfectly,easy,business,pleased,ze,day,mas
brush,ice,great,loves,excellent,awesome,highly,wonderful,potatoes,cube,ever,perfect,cake,love,happy,glad,best,opens,perfectly,easy,business,pleased,ze,day,mas
brush,ice,great,loves,excellent,awesome,highly,wonderful,potatoes,cube,ever,perfect,cake,love,happy,glad,best,opens,perfectly,easy,business,pleased,ze,day,mas
brush,ice,great,loves,excellent,awesome,highly,wonderful,potatoes,cube,ever,perfect,cake,love,happy,glad,best,opens,perfectly,easy,business,pleased,ze,day,mas
brush,ice,great,loves,excellent,awesome,highly,wonderful,potatoes,cube,ever,perfect,cake,love,happy,glad,best,opens,perfectly,easy,business,pleased,ze,day,mas
brush,ice,great,loves,excellent,awesome,highly,wonderful,potatoes,cube,ever,perfect,cake,love,happy,glad,best,opens,perfectly,easy,business,pleased,ze,day,mas
brush,ice,great,loves,excellent,awesome,highly,wonderful,potatoes,cube,ever,perfect,cake,love,happy,glad,best,opens,perfectly,easy,business,pleased,ze,day,mas
brush,ice,great,loves,excellent,awesome,highly,wonderful,potatoes,cube,ever,perfect,cake,love,happy,glad,best,opens,perfectly,easy,business,pleased,ze,day,mas
brush,ice,great,loves,excellent,awesome,highly,wonderful,potatoes,cube,ever,perfect,cake,love,happy,glad,best,opens,perfectly,easy,business,pleased,ze,day,mas
brush,ice,great,loves,excellent,awesome,highly,wonderful,potatoes,cube,ever,perfect,cake,love,happy,glad,best,opens,perfectly,easy,business,pleased,ze,day,mas
brush,ice,great,loves,excellent,awesome,highly,wonderful,potatoes,cube,ever,perfect,cake,love,happy,glad,best,opens,perfectly,easy,business,pleased,ze,day,mas
brush,ice,great,loves,excellent,awesome,highly,wonderful,potatoes,cube,ever,perfect,cake,love,happy,glad,best,opens,perfectly,easy,business,pleased,ze,day,mas
brush,ice,great,loves,excellent,awesome,highly,wonderful,potatoes,cube,ever,perfect,cake,love,happy,glad,best,opens,perfectly,easy,business,pleased,ze,day,mas
brush,ice,great,loves,excellent,awesome,highly,wonderful,potatoes,cube,ever,perfect,cake,love,happy,glad,best,opens,perfectly,easy,business,pleased,ze,day,mas
brush,ice,great,loves,excellent,awesome,highly,wonderful,potatoes,cube,ever,perfect,cake,love,happy,glad,best,opens,perfectly,easy,business,pleased,ze,day,mas
brush,ice,great,loves,excellent,awesome,highly,wonderful,potatoes,cube,ever,perfect,cake,love,happy,glad,best,opens,perfectly,easy,business,pleased,ze,day,mas
brush,ice,great,loves,excellent,awesome,highly,wonderful,potatoes,cube,ever,perfect,cake,love,happy,glad,best,opens,perfectly,easy,business,pleased,ze,day,mas
brush,ice,great,loves,excellent,awesome,highly,wonderful,potatoes,cube,ever,perfect,cake,love,happy,glad,best,opens,perfectly,easy,business,pleased,ze,day,mas
brush,ice,great,loves,excellent,awesome,highly,wonderful,potatoes,cube,ever,perfect,cake,love,happy,glad,best,opens,perfectly,easy,business,pleased,ze,day,mas
brush,ice,great,loves,excellent,awesome,highly,wonderful,potatoes,cube,ever,perfect,cake,love,happy,glad,best,opens,perfectly,easy,business,pleased,ze,day,mas
brush,ice,great,loves,excellent,awesome,highly,wonderful,potatoes,cube,ever,perfect,cake,love,happy,glad,best,opens,perfectly,easy,business,pleased,ze,day,mas
brush,ice,great,loves,excellent,awesome,highly,wonderful,potatoes,cube,ever,perfect,cake,love,happy,glad,best,opens,perfectly,easy,business,pleased,ze,day,mas
brush,ice,great,loves,excellent,awesome,highly,wonderful,potatoes,cube,ever,perfect,cake,love,happy,glad,best,opens,perfectly,easy,business,pleased,ze,day,mas
brush,ice,great,loves,excellent,awesome,highly,wonderful,potatoes,cube,ever,perfect,cake,love,happy,glad,best,opens,perfectly,easy,business,pleased,ze,day,mas
brush,ice,great,loves,excellent,awesome,highly,wonderful,potatoes,cube,ever,perfect,cake,love,happy,glad,best,opens,perfectly,easy,business,pleased,ze,day,mas
brush,ice,great,loves,excellent,awesome,highly,wonderful,potatoes,cube,ever,perfect,cake,love,happy,glad,best,opens,perfectly,easy,business,pleased,ze,day,mas
brush,ice,great,loves,excellent,awesome,highly,wonderful,potatoes,cube,ever,perfect,cake,love,happy,glad,best,opens,perfectly,easy,business,pleased,ze,day,mas
brush,ice,great,loves,excellent,awesome,highly,wonderful,potatoes,cube,ever,perfect,cake,love,happy,glad,best,opens,perfectly,easy,business,pleased,ze,day,mas
brush,ice,great,loves,excellent,awesome,highly,wonderful,potatoes,cube,ever,perfect,cake,love,happy,glad,best,opens,perfectly,easy,business,pleased,ze,day,mas
brush,ice,great,loves,excellent,awesome,highly,wonderful,potatoes,cube,ever,perfect,cake,love,happy,glad,best,opens,perfectly,easy,business,pleased,ze,day,mas
brush,ice,great,loves,excellent,awesome,highly,wonderful,potatoes,cube,ever,perfect,cake,love,happy,glad,best,opens,perfectly,easy,business,pleased,ze,day,mas
brush,ice,great,loves,excellent,awesome,highly,wonderful,potatoes,cube,ever,perfect,cake,love,happy,glad,best,opens,perfectly,easy,business,pleased,ze,day,mas
brush,ice,great,loves,excellent,awesome,highly,wonderful,potatoes,cube,ever,perfect,cake,love,happy,glad,best,opens,perfectly,easy,business,pleased,ze,day,mas
brush,ice,great,loves,excellent,awesome,highly,wonderful,potatoes,cube,ever,perfect,cake,love,happy,glad,best,opens,perfectly,easy,business,pleased,ze,day,mas
brush,ice,great,loves,excellent,awesome,highly,wonderful,potatoes,cube,ever,perfect,cake,love,happy,glad,best,opens,perfectly,easy,business,pleased,ze,day,mas
brush,ice,great,loves,excellent,awesome,highly,wonderful,potatoes,cube,ever,perfect,cake,love,happy,glad,best,opens,perfectly,easy,business,pleased,ze,day,mas
ice,great,loves,excellent,awesome,highly,wonderful,potatoes,cube,ever,perfect,cake,love,happy,glad,best,opens,perfectly,keeps,easy,business,pleased,ze,day,mas
ice,great,loves,excellent,awesome,highly,wonderful,potatoes,cube,ever,perfect,cake,love,happy,glad,best,opens,perfectly,keeps,easy,business,pleased,ze,day,mas
ice,great,loves,excellent,awesome,highly,wonderful,potatoes,cube,ever,perfect,cake,love,happy,glad,best,opens,perfectly,keeps,easy,business,pleased,ze,day,mas
ice,great,loves,excellent,awesome,highly,wonderful,potatoes,cube,ever,perfect,cake,love,happy,glad,best,opens,perfectly,keeps,easy,business,pleased,ze,day,mas
ice,great,loves,excellent,awesome,highly,wonderful,potatoes,cube,ever,perfect,cake,love,happy,glad,best,opens,perfectly,keeps,easy,business,pleased,ze,day,mas
ice,great,loves,excellent,awesome,highly,wonderful,potatoes,cube,ever,perfect,cake,love,happy,glad,best,opens,perfectly,keeps,easy,business,pleased,ze,day,mas
ice,great,loves,excellent,awesome,highly,wonderful,potatoes,cube,ever,perfect,cake,love,happy,glad,best,opens,perfectly,keeps,easy,business,pleased,ze,day,mas
ice,great,loves,excellent,awesome,highly,wonderful,potatoes,cube,ever,perfect,cake,love,happy,glad,best,opens,perfectly,keeps,easy,business,pleased,ze,day,mas
ice,great,loves,excellent,awesome,highly,wonderful,potatoes,cube,ever,perfect,cake,love,happy,glad,best,opens,perfectly,keeps,easy,business,pleased,ze,day,mas
ice,great,loves,excellent,awesome,highly,wonderful,potatoes,cube,ever,perfect,cake,love,happy,glad,best,opens,perfectly,keeps,easy,business,pleased,ze,day,mas
ice,great,loves,excellent,awesome,highly,wonderful,potatoes,cube,ever,perfect,cake,love,happy,glad,best,opens,perfectly,keeps,easy,business,pleased,ze,day,mas
ice,great,loves,excellent,awesome,highly,wonderful,potatoes,cube,ever,perfect,cake,love,happy,glad,best,opens,perfectly,keeps,easy,business,pleased,ze,day,mas
ice,great,loves,excellent,awesome,highly,wonderful,potatoes,cube,ever,perfect,cake,love,happy,glad,best,opens,perfectly,keeps,easy,business,pleased,ze,day,mas
ice,great,loves,excellent,awesome,highly,wonderful,potatoes,cube,ever,perfect,cake,love,happy,glad,best,opens,perfectly,keeps,easy,business,pleased,ze,day,mas
ice,great,loves,excellent,awesome,highly,wonderful,potatoes,cube,ever,perfect,cake,love,happy,glad,best,opens,perfectly,keeps,easy,business,pleased,ze,day,mas
ice,great,loves,excellent,awesome,highly,wonderful,potatoes,cube,ever,perfect,cake,love,happy,glad,best,opens,perfectly,keeps,easy,business,pleased,ze,day,mas
ice,great,loves,excellent,awesome,highly,wonderful,potatoes,cube,ever,perfect,cake,love,happy,glad,best,opens,perfectly,keeps,easy,business,pleased,ze,day,mas
ice,great,loves,excellent,awesome,highly,wonderful,potatoes,cube,ever,perfect,cake,love,happy,glad,best,opens,perfectly,keeps,easy,business,pleased,ze,day,mas
ice,great,loves,excellent,awesome,highly,wonderful,potatoes,cube,ever,perfect,cake,love,happy,glad,best,opens,perfectly,keeps,easy,business,pleased,ze,day,mas
ice,great,loves,excellent,awesome,highly,wonderful,potatoes,cube,ever,perfect,cake,love,happy,glad,best,opens,perfectly,keeps,easy,business,pleased,ze,day,mas
ice,great,loves,excellent,awesome,highly,wonderful,potatoes,cube,ever,perfect,cake,love,happy,glad,best,opens,perfectly,keeps,easy,business,pleased,ze,day,mas
ice,great,loves,excellent,awesome,highly,wonderful,potatoes,cube,ever,perfect,cake,love,happy,glad,best,opens,perfectly,keeps,easy,business,pleased,ze,day,mas
ice,great,loves,excellent,awesome,highly,wonderful,potatoes,cube,ever,perfect,cake,love,happy,glad,best,opens,perfectly,keeps,easy,business,pleased,ze,day,mas
ice,great,loves,excellent,awesome,highly,wonderful,potatoes,cube,ever,perfect,cake,love,happy,glad,best,opens,perfectly,keeps,easy,business,pleased,ze,day,mas
ice,great,loves,excellent,awesome,highly,wonderful,potatoes,cube,ever,perfect,cake,love,happy,glad,best,opens,perfectly,keeps,easy,business,pleased,ze,day,mas
ice,great,loves,excellent,awesome,highly,wonderful,potatoes,cube,ever,perfect,cake,love,happy,glad,best,opens,perfectly,keeps,easy,business,pleased,ze,day,mas
ice,great,loves,excellent,awesome,highly,wonderful,potatoes,cube,ever,perfect,cake,love,happy,glad,best,opens,perfectly,keeps,easy,business,pleased,ze,day,mas
ice,great,loves,excellent,awesome,highly,wonderful,potatoes,cube,ever,perfect,cake,love,happy,glad,best,opens,perfectly,keeps,easy,business,pleased,ze,day,mas
ice,great,loves,excellent,awesome,highly,wonderful,potatoes,cube,ever,perfect,cake,love,happy,glad,best,opens,perfectly,keeps,easy,business,pleased,ze,day,mas
ice,great,loves,excellent,awesome,highly,wonderful,potatoes,cube,ever,perfect,cake,love,happy,glad,best,opens,perfectly,keeps,easy,business,pleased,ze,day,mas
ice,great,loves,excellent,awesome,highly,wonderful,potatoes,cube,ever,perfect,cake,love,happy,glad,best,opens,perfectly,keeps,easy,business,pleased,ze,day,mas
ice,great,loves,excellent,awesome,highly,wonderful,potatoes,cube,ever,perfect,cake,love,happy,glad,best,opens,perfectly,keeps,easy,business,pleased,ze,day,mas
ice,great,loves,excellent,awesome,highly,wonderful,potatoes,cube,ever,perfect,cake,love,happy,glad,best,opens,perfectly,keeps,easy,business,pleased,ze,day,mas
ice,great,loves,excellent,awesome,highly,wonderful,potatoes,cube,ever,perfect,cake,love,happy,glad,best,opens,perfectly,keeps,easy,business,pleased,ze,day,mas
ice,great,loves,excellent,awesome,highly,wonderful,potatoes,cube,ever,perfect,cake,love,happy,glad,best,opens,perfectly,keeps,easy,business,pleased,ze,day,mas
ice,great,loves,excellent,awesome,highly,wonderful,potatoes,cube,ever,perfect,cake,love,happy,glad,best,opens,perfectly,keeps,easy,business,pleased,ze,day,mas
ice,great,loves,excellent,awesome,highly,wonderful,potatoes,cube,ever,perfect,cake,love,happy,glad,best,opens,perfectly,keeps,easy,business,pleased,ze,day,mas
ice,great,loves,excellent,awesome,highly,wonderful,potatoes,cube,ever,perfect,cake,love,happy,glad,best,opens,perfectly,keeps,easy,business,pleased,ze,day,mas
ice,great,loves,excellent,awesome,highly,wonderful,potatoes,cube,ever,perfect,cake,love,happy,glad,best,opens,perfectly,keeps,easy,business,pleased,ze,day,mas
ice,great,loves,excellent,awesome,highly,wonderful,potatoes,cube,ever,perfect,cake,love,happy,glad,best,opens,perfectly,keeps,easy,business,pleased,ze,day,mas
ice,great,loves,excellent,awesome,highly,wonderful,potatoes,cube,ever,perfect,cake,love,happy,glad,best,opens,perfectly,keeps,easy,business,pleased,ze,day,mas
ice,great,loves,excellent,awesome,highly,wonderful,potatoes,cube,ever,perfect,cake,love,happy,glad,best,opens,perfectly,keeps,easy,business,pleased,ze,day,mas
ice,great,loves,excellent,awesome,highly,wonderful,potatoes,cube,ever,perfect,cake,love,happy,glad,best,opens,perfectly,keeps,easy,business,pleased,ze,day,mas
ice,great,loves,excellent,awesome,highly,wonderful,potatoes,cube,ever,perfect,cake,love,happy,glad,best,opens,perfectly,keeps,easy,business,pleased,ze,day,mas
ice,great,loves,excellent,awesome,highly,wonderful,potatoes,cube,ever,perfect,cake,love,happy,glad,best,opens,perfectly,keeps,easy,business,pleased,ze,day,mas
ice,great,loves,excellent,awesome,highly,wonderful,potatoes,cube,ever,perfect,cake,love,happy,glad,best,opens,perfectly,keeps,easy,business,pleased,ze,day,mas
ice,great,loves,excellent,awesome,highly,wonderful,potatoes,cube,ever,perfect,cake,love,happy,glad,best,opens,perfectly,keeps,easy,business,pleased,ze,day,mas
ice,great,loves,excellent,awesome,highly,wonderful,potatoes,cube,ever,perfect,cake,love,happy,glad,best,opens,perfectly,keeps,easy,business,pleased,ze,day,mas
ice,great,loves,excellent,awesome,highly,wonderful,potatoes,cube,ever,perfect,cake,love,happy,glad,best,opens,perfectly,keeps,easy,business,pleased,ze,day,mas
ice,great,loves,excellent,awesome,highly,wonderful,potatoes,cube,ever,perfect,cake,love,happy,glad,best,opens,perfectly,keeps,easy,business,pleased,ze,day,mas
ice,great,loves,excellent,awesome,highly,wonderful,potatoes,cube,ever,perfect,cake,love,happy,glad,best,opens,perfectly,keeps,easy,business,pleased,ze,day,mas
ice,great,loves,excellent,awesome,highly,wonderful,potatoes,cube,ever,perfect,cake,love,happy,glad,best,opens,perfectly,keeps,easy,business,pleased,ze,day,mas
ice,great,loves,excellent,awesome,highly,wonderful,potatoes,cube,ever,perfect,cake,love,happy,glad,best,opens,perfectly,keeps,easy,business,pleased,ze,day,mas
ice,great,loves,excellent,awesome,highly,wonderful,potatoes,cube,ever,perfect,cake,love,happy,glad,best,opens,perfectly,keeps,easy,business,pleased,ze,day,mas
ice,great,loves,excellent,awesome,highly,wonderful,potatoes,cube,ever,perfect,cake,love,happy,glad,best,opens,perfectly,keeps,easy,business,pleased,ze,day,mas
ice,great,loves,excellent,awesome,highly,wonderful,potatoes,cube,ever,perfect,cake,love,happy,glad,best,opens,perfectly,keeps,easy,business,pleased,ze,day,mas
ice,great,loves,excellent,awesome,highly,wonderful,potatoes,cube,ever,perfect,cake,love,happy,glad,best,opens,perfectly,keeps,easy,business,pleased,ze,day,mas
ice,great,loves,excellent,awesome,highly,wonderful,potatoes,cube,ever,perfect,cake,love,happy,glad,best,opens,perfectly,keeps,easy,business,pleased,ze,day,mas
ice,great,loves,excellent,awesome,highly,wonderful,potatoes,cube,ever,perfect,cake,love,happy,glad,best,opens,perfectly,keeps,easy,business,pleased,ze,day,mas
ice,great,loves,excellent,awesome,highly,wonderful,potatoes,cube,ever,perfect,cake,love,happy,glad,best,opens,perfectly,keeps,easy,business,pleased,ze,day,mas
ice,great,loves,excellent,awesome,highly,wonderful,potatoes,cube,ever,perfect,cake,love,happy,glad,best,opens,perfectly,keeps,easy,business,pleased,ze,day,mas
ice,great,loves,excellent,awesome,highly,wonderful,potatoes,cube,ever,perfect,cake,love,happy,glad,best,opens,perfectly,keeps,easy,business,pleased,ze,day,mas
ice,great,loves,excellent,awesome,highly,wonderful,potatoes,cube,ever,perfect,cake,love,happy,glad,best,opens,perfectly,keeps,easy,business,pleased,ze,day,mas
ice,great,loves,excellent,awesome,highly,wonderful,potatoes,cube,ever,perfect,cake,love,happy,glad,best,opens,perfectly,keeps,easy,business,pleased,ze,day,mas
ice,great,loves,excellent,awesome,highly,wonderful,potatoes,cube,ever,perfect,cake,love,happy,glad,best,opens,perfectly,keeps,easy,business,pleased,ze,day,mas
ice,great,loves,excellent,awesome,highly,wonderful,potatoes,cube,ever,perfect,cake,love,happy,glad,best,opens,perfectly,keeps,easy,business,pleased,ze,day,mas
ice,great,loves,excellent,awesome,highly,wonderful,potatoes,cube,ever,perfect,cake,love,happy,glad,best,opens,perfectly,keeps,easy,business,pleased,ze,day,mas
ice,great,loves,excellent,awesome,highly,wonderful,potatoes,cube,ever,perfect,cake,love,happy,glad,best,opens,perfectly,keeps,easy,business,pleased,ze,day,mas
ice,great,loves,excellent,awesome,highly,wonderful,potatoes,cube,ever,perfect,cake,love,happy,glad,best,opens,perfectly,keeps,easy,business,pleased,ze,day,mas
ice,great,loves,excellent,awesome,highly,wonderful,potatoes,cube,ever,perfect,cake,love,happy,glad,best,opens,perfectly,keeps,easy,business,pleased,ze,day,mas
ice,great,loves,excellent,awesome,highly,wonderful,potatoes,cube,ever,perfect,cake,love,happy,glad,best,opens,perfectly,keeps,easy,business,pleased,ze,day,mas
ice,great,loves,excellent,awesome,highly,wonderful,potatoes,cube,ever,perfect,cake,love,happy,glad,best,opens,perfectly,keeps,easy,business,pleased,ze,day,mas
ice,great,loves,excellent,awesome,highly,wonderful,potatoes,cube,ever,perfect,cake,love,happy,glad,best,opens,perfectly,keeps,easy,business,pleased,ze,day,mas
ice,great,loves,excellent,awesome,highly,wonderful,potatoes,cube,ever,perfect,cake,love,happy,glad,best,opens,perfectly,keeps,easy,business,pleased,ze,day,mas
ice,great,loves,excellent,awesome,highly,wonderful,potatoes,cube,ever,perfect,cake,love,happy,glad,best,opens,perfectly,keeps,easy,business,pleased,ze,day,mas
ice,great,loves,excellent,awesome,highly,wonderful,potatoes,cube,ever,perfect,cake,love,happy,glad,best,opens,perfectly,keeps,easy,business,pleased,ze,day,mas
ice,great,loves,excellent,awesome,highly,wonderful,potatoes,cube,ever,perfect,cake,love,happy,glad,best,opens,perfectly,keeps,easy,business,pleased,ze,day,mas
ice,great,loves,excellent,awesome,highly,wonderful,potatoes,cube,ever,perfect,cake,love,happy,glad,best,opens,perfectly,keeps,easy,business,pleased,ze,day,mas
ice,great,loves,excellent,awesome,highly,wonderful,potatoes,cube,ever,perfect,cake,love,happy,glad,best,opens,perfectly,keeps,easy,business,pleased,ze,day,mas
ice,great,loves,excellent,awesome,highly,wonderful,potatoes,cube,ever,perfect,cake,love,happy,glad,best,opens,perfectly,keeps,easy,business,pleased,ze,day,mas
ice,great,loves,excellent,awesome,highly,wonderful,potatoes,cube,ever,perfect,cake,love,happy,glad,best,opens,perfectly,keeps,easy,business,pleased,ze,day,mas
ice,great,loves,excellent,awesome,highly,wonderful,potatoes,cube,ever,perfect,cake,love,happy,glad,best,opens,perfectly,keeps,easy,business,pleased,ze,day,mas
ice,great,loves,excellent,awesome,highly,wonderful,potatoes,cube,ever,perfect,cake,love,happy,glad,best,opens,perfectly,keeps,easy,business,pleased,ze,day,mas
ice,great,loves,excellent,awesome,highly,wonderful,potatoes,cube,ever,perfect,cake,love,happy,glad,best,opens,perfectly,keeps,easy,business,pleased,ze,day,mas
ice,great,loves,excellent,awesome,highly,wonderful,potatoes,cube,ever,perfect,cake,love,happy,glad,best,opens,perfectly,keeps,easy,business,pleased,ze,day,mas
ice,great,loves,excellent,awesome,highly,wonderful,potatoes,cube,ever,perfect,cake,love,happy,glad,best,opens,perfectly,keeps,easy,business,pleased,ze,day,mas
ice,great,loves,excellent,awesome,highly,wonderful,potatoes,cube,ever,perfect,cake,love,happy,glad,best,opens,perfectly,keeps,easy,business,pleased,ze,day,mas
ice,great,loves,excellent,awesome,highly,wonderful,potatoes,cube,ever,perfect,cake,love,happy,glad,best,opens,perfectly,keeps,easy,business,pleased,ze,day,mas
ice,great,loves,excellent,awesome,highly,wonderful,potatoes,cube,ever,perfect,cake,love,happy,glad,best,opens,perfectly,keeps,easy,business,pleased,ze,day,mas
ice,great,loves,excellent,awesome,highly,wonderful,potatoes,cube,ever,perfect,cake,love,happy,glad,best,opens,perfectly,keeps,easy,business,pleased,ze,day,mas
ice,great,loves,excellent,awesome,highly,wonderful,potatoes,cube,ever,perfect,cake,love,happy,glad,best,opens,perfectly,keeps,easy,business,pleased,ze,day,mas
ice,great,loves,excellent,awesome,highly,wonderful,potatoes,cube,ever,perfect,cake,love,happy,glad,best,opens,perfectly,keeps,easy,business,pleased,ze,day,mas
ice,great,loves,excellent,awesome,highly,wonderful,potatoes,cube,ever,perfect,cake,love,happy,glad,best,opens,perfectly,keeps,easy,business,pleased,ze,day,mas
ice,great,loves,excellent,awesome,highly,wonderful,potatoes,cube,ever,perfect,cake,love,happy,glad,best,opens,perfectly,keeps,easy,business,pleased,ze,day,mas
ice,great,loves,excellent,awesome,highly,wonderful,potatoes,cube,ever,perfect,cake,love,happy,glad,best,opens,perfectly,keeps,easy,business,pleased,ze,day,mas
ice,great,loves,excellent,awesome,highly,wonderful,potatoes,cube,ever,perfect,cake,love,happy,glad,best,opens,perfectly,keeps,easy,business,pleased,ze,day,mas
ice,great,loves,excellent,awesome,highly,wonderful,potatoes,cube,ever,perfect,cake,love,happy,glad,best,opens,perfectly,keeps,easy,business,pleased,ze,day,mas
ice,beautiful,great,loves,excellent,awesome,highly,wonderful,potatoes,ever,perfect,cake,love,happy,glad,best,opens,perfectly,keeps,easy,business,pleased,ze,day,mas
ice,beautiful,great,loves,excellent,awesome,highly,wonderful,potatoes,ever,perfect,cake,love,happy,glad,best,opens,perfectly,keeps,easy,business,pleased,ze,day,mas
ice,beautiful,great,loves,excellent,awesome,highly,wonderful,potatoes,ever,perfect,cake,love,happy,glad,best,opens,perfectly,keeps,easy,business,pleased,ze,day,mas
ice,beautiful,great,loves,excellent,awesome,highly,wonderful,potatoes,ever,perfect,cake,love,happy,glad,best,opens,perfectly,keeps,easy,business,pleased,ze,day,mas
ice,beautiful,great,loves,excellent,awesome,highly,wonderful,potatoes,ever,perfect,cake,love,happy,glad,best,opens,perfectly,keeps,easy,business,pleased,ze,day,mas
ice,beautiful,great,loves,excellent,awesome,highly,wonderful,potatoes,ever,perfect,cake,love,happy,glad,best,opens,perfectly,keeps,easy,business,pleased,ze,day,mas
ice,beautiful,great,loves,excellent,awesome,highly,wonderful,potatoes,ever,perfect,cake,love,happy,glad,best,opens,perfectly,keeps,easy,business,pleased,ze,day,mas
ice,beautiful,great,loves,excellent,awesome,highly,wonderful,potatoes,ever,perfect,cake,love,happy,glad,best,opens,perfectly,keeps,easy,business,pleased,ze,day,mas
ice,beautiful,great,loves,excellent,awesome,highly,wonderful,potatoes,ever,perfect,cake,love,happy,glad,best,opens,perfectly,keeps,easy,business,pleased,ze,day,mas
ice,beautiful,great,loves,excellent,awesome,highly,wonderful,potatoes,ever,perfect,cake,love,happy,glad,best,opens,perfectly,keeps,easy,business,pleased,ze,day,mas
ice,beautiful,great,loves,excellent,awesome,highly,wonderful,potatoes,ever,perfect,cake,love,happy,glad,best,opens,perfectly,keeps,easy,business,pleased,ze,day,mas
ice,beautiful,great,loves,excellent,awesome,highly,wonderful,potatoes,ever,perfect,cake,love,happy,glad,best,opens,perfectly,keeps,easy,business,pleased,ze,day,mas
ice,beautiful,great,loves,excellent,awesome,highly,wonderful,potatoes,ever,perfect,cake,love,happy,glad,best,opens,perfectly,keeps,easy,business,pleased,ze,day,mas
ice,beautiful,great,loves,excellent,awesome,highly,wonderful,potatoes,ever,perfect,cake,love,happy,glad,best,opens,perfectly,keeps,easy,business,pleased,ze,day,mas
ice,beautiful,great,loves,excellent,awesome,highly,wonderful,potatoes,ever,perfect,cake,love,happy,glad,best,opens,perfectly,keeps,easy,business,pleased,ze,day,mas
ice,beautiful,great,loves,excellent,awesome,highly,wonderful,potatoes,ever,perfect,cake,love,happy,glad,best,opens,perfectly,keeps,easy,business,pleased,ze,day,mas
ice,beautiful,great,loves,excellent,awesome,highly,wonderful,potatoes,ever,perfect,cake,love,happy,glad,best,opens,perfectly,keeps,easy,business,pleased,ze,day,mas
ice,beautiful,great,loves,excellent,awesome,highly,wonderful,potatoes,ever,perfect,cake,love,happy,glad,best,opens,perfectly,keeps,easy,business,pleased,ze,day,mas
ice,beautiful,great,loves,excellent,awesome,highly,wonderful,potatoes,ever,perfect,cake,love,happy,glad,best,opens,perfectly,keeps,easy,business,pleased,ze,day,mas
ice,beautiful,great,loves,excellent,awesome,highly,wonderful,potatoes,ever,perfect,cake,love,happy,glad,best,opens,perfectly,keeps,easy,business,pleased,ze,day,mas
ice,beautiful,great,loves,excellent,awesome,highly,wonderful,potatoes,ever,perfect,cake,love,happy,glad,best,opens,perfectly,keeps,easy,business,pleased,ze,day,mas
ice,beautiful,great,loves,excellent,awesome,highly,wonderful,potatoes,ever,perfect,cake,love,happy,glad,best,opens,perfectly,keeps,easy,business,pleased,ze,day,mas
ice,beautiful,great,loves,excellent,awesome,highly,wonderful,potatoes,ever,perfect,cake,love,happy,glad,best,opens,perfectly,keeps,easy,business,pleased,ze,day,mas
ice,beautiful,great,loves,excellent,awesome,highly,wonderful,potatoes,ever,perfect,love,happy,glad,best,opens,perfectly,keeps,easy,business,pleased,thank,ze,day,mas
ice,beautiful,great,loves,excellent,awesome,highly,wonderful,potatoes,ever,perfect,love,happy,glad,best,opens,perfectly,keeps,easy,business,pleased,thank,ze,day,mas
ice,beautiful,great,loves,excellent,awesome,highly,wonderful,potatoes,ever,perfect,love,happy,glad,best,opens,perfectly,keeps,easy,business,pleased,thank,ze,day,mas
ice,beautiful,great,loves,excellent,awesome,highly,wonderful,potatoes,ever,perfect,love,happy,glad,best,opens,perfectly,keeps,easy,business,pleased,thank,ze,day,mas
ice,beautiful,great,loves,excellent,awesome,highly,wonderful,potatoes,ever,perfect,love,happy,glad,best,opens,perfectly,keeps,easy,business,pleased,thank,ze,day,mas
ice,beautiful,great,loves,excellent,awesome,highly,wonderful,potatoes,ever,perfect,love,happy,glad,best,opens,perfectly,keeps,easy,business,pleased,thank,ze,day,mas
ice,beautiful,great,loves,excellent,awesome,highly,wonderful,potatoes,ever,perfect,love,happy,glad,best,opens,perfectly,keeps,easy,business,pleased,thank,ze,day,mas
ice,beautiful,great,loves,excellent,awesome,highly,wonderful,potatoes,ever,perfect,love,happy,glad,best,opens,perfectly,keeps,easy,business,pleased,thank,ze,day,mas
ice,beautiful,great,loves,excellent,awesome,highly,wonderful,potatoes,ever,perfect,love,happy,glad,best,opens,perfectly,keeps,easy,business,pleased,thank,ze,day,mas
ice,beautiful,great,loves,excellent,awesome,highly,wonderful,potatoes,ever,perfect,love,happy,glad,best,opens,perfectly,keeps,easy,business,pleased,thank,ze,day,mas
ice,beautiful,great,loves,excellent,awesome,highly,wonderful,potatoes,ever,perfect,love,happy,glad,best,opens,perfectly,keeps,easy,business,pleased,thank,ze,day,mas
ice,beautiful,great,loves,excellent,awesome,highly,wonderful,potatoes,ever,perfect,love,happy,glad,best,opens,perfectly,keeps,easy,business,pleased,thank,ze,day,mas
ice,beautiful,great,loves,excellent,awesome,highly,wonderful,potatoes,ever,perfect,love,happy,glad,best,opens,perfectly,keeps,easy,business,pleased,thank,ze,day,mas
ice,beautiful,great,loves,excellent,awesome,highly,wonderful,potatoes,ever,perfect,love,happy,glad,best,opens,perfectly,keeps,easy,business,pleased,thank,ze,day,mas
ice,beautiful,great,loves,excellent,awesome,highly,wonderful,potatoes,ever,perfect,love,happy,glad,best,opens,perfectly,keeps,easy,business,pleased,thank,ze,day,mas
ice,beautiful,great,loves,excellent,awesome,highly,wonderful,potatoes,ever,perfect,love,happy,glad,best,opens,perfectly,keeps,easy,business,pleased,thank,ze,day,mas
ice,beautiful,great,loves,excellent,awesome,highly,wonderful,potatoes,ever,perfect,love,happy,glad,best,opens,perfectly,keeps,easy,business,pleased,thank,ze,day,mas
ice,beautiful,great,loves,excellent,awesome,highly,wonderful,potatoes,ever,perfect,love,happy,glad,best,opens,perfectly,keeps,easy,business,pleased,thank,ze,day,mas
ice,beautiful,great,loves,excellent,awesome,highly,wonderful,potatoes,ever,perfect,love,happy,glad,best,opens,perfectly,keeps,easy,business,pleased,thank,ze,day,mas
ice,beautiful,great,loves,excellent,awesome,highly,wonderful,potatoes,ever,perfect,love,happy,glad,best,opens,perfectly,keeps,easy,business,pleased,thank,ze,day,mas
ice,beautiful,great,loves,excellent,awesome,highly,wonderful,potatoes,ever,perfect,love,happy,glad,best,opens,perfectly,keeps,easy,business,pleased,thank,ze,day,mas
ice,beautiful,great,loves,excellent,awesome,highly,wonderful,potatoes,ever,perfect,love,happy,glad,best,opens,perfectly,keeps,easy,business,pleased,thank,ze,day,mas
ice,beautiful,great,loves,excellent,awesome,highly,wonderful,potatoes,ever,perfect,love,happy,glad,best,opens,perfectly,keeps,easy,business,pleased,thank,ze,day,mas
ice,beautiful,great,loves,excellent,awesome,highly,wonderful,potatoes,ever,perfect,love,happy,glad,best,opens,perfectly,keeps,easy,business,pleased,thank,ze,day,mas
ice,beautiful,great,loves,excellent,awesome,highly,wonderful,potatoes,ever,perfect,love,happy,glad,best,opens,perfectly,keeps,easy,business,pleased,thank,ze,day,mas
ice,beautiful,great,loves,excellent,awesome,highly,wonderful,potatoes,ever,perfect,love,happy,glad,best,opens,perfectly,keeps,easy,business,pleased,thank,ze,day,mas
ice,beautiful,great,loves,excellent,awesome,highly,wonderful,potatoes,ever,perfect,love,happy,glad,best,opens,perfectly,keeps,easy,business,pleased,thank,ze,day,mas
ice,beautiful,great,loves,excellent,awesome,highly,wonderful,potatoes,ever,perfect,love,happy,glad,best,opens,perfectly,keeps,easy,business,pleased,thank,ze,day,mas
ice,beautiful,great,loves,excellent,awesome,highly,wonderful,potatoes,ever,perfect,love,happy,glad,best,opens,perfectly,keeps,easy,business,pleased,thank,ze,day,mas
ice,beautiful,great,loves,excellent,awesome,highly,wonderful,potatoes,ever,perfect,love,happy,glad,best,opens,perfectly,keeps,easy,business,pleased,thank,ze,day,mas
ice,beautiful,great,loves,excellent,awesome,highly,wonderful,potatoes,ever,perfect,love,happy,glad,best,opens,perfectly,keeps,easy,business,pleased,thank,ze,day,mas
ice,beautiful,great,loves,excellent,awesome,highly,wonderful,potatoes,ever,perfect,love,happy,glad,best,opens,perfectly,keeps,easy,business,pleased,thank,ze,day,mas
ice,beautiful,great,loves,excellent,awesome,highly,wonderful,potatoes,ever,perfect,love,happy,glad,best,opens,perfectly,keeps,easy,business,pleased,thank,ze,day,mas
ice,beautiful,great,loves,excellent,awesome,highly,wonderful,potatoes,ever,perfect,love,happy,glad,best,opens,perfectly,keeps,easy,business,pleased,thank,ze,day,mas
ice,beautiful,great,loves,excellent,awesome,highly,wonderful,potatoes,ever,perfect,love,happy,glad,best,opens,perfectly,keeps,easy,business,pleased,thank,ze,day,mas
ice,beautiful,great,loves,excellent,awesome,highly,wonderful,potatoes,ever,perfect,love,happy,glad,best,opens,perfectly,keeps,easy,business,pleased,thank,ze,day,mas
ice,beautiful,great,loves,excellent,awesome,highly,wonderful,potatoes,ever,perfect,love,happy,glad,best,opens,perfectly,keeps,easy,business,pleased,thank,ze,day,mas
ice,beautiful,great,loves,excellent,awesome,highly,wonderful,potatoes,ever,perfect,love,happy,glad,best,opens,perfectly,keeps,easy,business,pleased,thank,ze,day,mas
ice,beautiful,great,loves,excellent,awesome,highly,wonderful,potatoes,ever,perfect,love,happy,glad,best,opens,perfectly,keeps,easy,business,pleased,thank,ze,day,mas
ice,beautiful,great,loves,excellent,awesome,highly,wonderful,potatoes,ever,perfect,love,happy,glad,best,opens,perfectly,keeps,easy,business,pleased,thank,ze,day,mas
ice,beautiful,great,loves,excellent,awesome,highly,wonderful,potatoes,ever,perfect,love,happy,glad,best,opens,perfectly,keeps,easy,business,pleased,thank,ze,day,mas
ice,beautiful,great,loves,excellent,awesome,highly,wonderful,potatoes,ever,perfect,love,happy,glad,best,opens,perfectly,keeps,easy,business,pleased,thank,ze,day,mas
ice,beautiful,great,loves,excellent,awesome,highly,wonderful,potatoes,ever,perfect,love,happy,glad,best,opens,perfectly,keeps,easy,business,pleased,thank,ze,day,mas
ice,beautiful,great,loves,excellent,awesome,highly,wonderful,potatoes,ever,perfect,love,happy,glad,best,opens,perfectly,keeps,easy,business,pleased,thank,ze,day,mas
ice,beautiful,great,loves,excellent,awesome,highly,wonderful,potatoes,ever,perfect,love,happy,glad,best,opens,perfectly,keeps,easy,business,pleased,thank,ze,day,mas
ice,beautiful,great,loves,excellent,awesome,highly,wonderful,potatoes,ever,perfect,love,happy,glad,best,opens,perfectly,keeps,easy,business,pleased,thank,ze,day,mas
ice,beautiful,great,loves,excellent,awesome,highly,wonderful,potatoes,ever,perfect,love,happy,glad,best,opens,perfectly,keeps,easy,business,pleased,thank,ze,day,mas
ice,beautiful,great,loves,excellent,awesome,highly,wonderful,potatoes,ever,perfect,cake,love,happy,glad,best,opens,perfectly,keeps,easy,pleased,thank,ze,day,mas
ice,beautiful,great,loves,excellent,awesome,highly,wonderful,potatoes,ever,perfect,cake,love,happy,glad,best,opens,perfectly,keeps,easy,pleased,thank,ze,day,mas
ice,beautiful,great,loves,excellent,awesome,highly,wonderful,potatoes,ever,perfect,cake,love,happy,glad,best,opens,perfectly,keeps,easy,pleased,thank,ze,day,mas
ice,beautiful,great,loves,excellent,awesome,highly,wonderful,potatoes,ever,perfect,cake,love,happy,glad,best,opens,perfectly,keeps,easy,pleased,thank,ze,day,mas
ice,beautiful,great,loves,excellent,awesome,highly,wonderful,potatoes,ever,perfect,cake,love,happy,glad,best,opens,perfectly,keeps,easy,pleased,thank,ze,day,mas
ice,beautiful,great,loves,excellent,awesome,highly,wonderful,potatoes,ever,perfect,cake,love,happy,glad,best,opens,perfectly,keeps,easy,pleased,thank,ze,day,mas
ice,beautiful,great,loves,excellent,awesome,highly,wonderful,potatoes,ever,perfect,cake,love,happy,glad,best,opens,perfectly,keeps,easy,pleased,thank,ze,day,mas
ice,beautiful,great,loves,excellent,awesome,highly,wonderful,potatoes,ever,perfect,cake,love,happy,glad,best,opens,perfectly,keeps,easy,pleased,thank,ze,day,mas
ice,beautiful,great,loves,excellent,awesome,highly,wonderful,potatoes,ever,perfect,cake,love,happy,glad,best,opens,perfectly,keeps,easy,pleased,thank,ze,day,mas
ice,beautiful,great,loves,excellent,awesome,highly,wonderful,potatoes,ever,perfect,cake,love,happy,glad,best,opens,perfectly,keeps,easy,pleased,thank,ze,day,mas
ice,beautiful,great,loves,excellent,awesome,highly,wonderful,potatoes,ever,perfect,cake,love,happy,glad,best,opens,perfectly,keeps,easy,pleased,thank,ze,day,mas
ice,beautiful,great,loves,excellent,awesome,highly,wonderful,potatoes,ever,perfect,cake,love,happy,glad,best,opens,perfectly,keeps,easy,pleased,thank,ze,day,mas
ice,beautiful,great,loves,excellent,awesome,highly,wonderful,potatoes,ever,perfect,cake,love,happy,glad,best,opens,perfectly,keeps,easy,pleased,thank,ze,day,mas
ice,beautiful,great,loves,excellent,awesome,highly,wonderful,potatoes,ever,perfect,cake,love,happy,glad,best,opens,perfectly,keeps,easy,pleased,thank,ze,day,mas
ice,beautiful,great,loves,excellent,awesome,highly,wonderful,potatoes,ever,perfect,cake,love,happy,glad,best,opens,perfectly,keeps,easy,pleased,thank,ze,day,mas
ice,beautiful,great,loves,excellent,awesome,highly,wonderful,potatoes,ever,perfect,cake,love,happy,glad,best,opens,perfectly,keeps,easy,pleased,thank,ze,day,mas
ice,beautiful,great,loves,excellent,awesome,highly,wonderful,potatoes,ever,perfect,cake,love,happy,glad,best,opens,perfectly,keeps,easy,pleased,thank,ze,day,mas
ice,beautiful,great,loves,excellent,awesome,highly,wonderful,potatoes,ever,perfect,cake,love,happy,glad,best,opens,perfectly,keeps,easy,pleased,thank,ze,day,mas
ice,beautiful,great,loves,excellent,awesome,highly,wonderful,potatoes,ever,perfect,cake,love,happy,glad,best,opens,perfectly,keeps,easy,pleased,thank,ze,day,mas
ice,beautiful,great,loves,excellent,awesome,highly,wonderful,potatoes,ever,perfect,cake,love,happy,glad,best,opens,perfectly,keeps,easy,pleased,thank,ze,day,mas
ice,beautiful,great,loves,excellent,awesome,highly,wonderful,potatoes,ever,perfect,cake,love,happy,glad,best,opens,perfectly,keeps,easy,pleased,thank,ze,day,mas
ice,beautiful,great,loves,excellent,awesome,highly,wonderful,potatoes,ever,perfect,cake,love,happy,glad,best,opens,perfectly,keeps,easy,pleased,thank,ze,day,mas
ice,beautiful,great,loves,excellent,awesome,highly,wonderful,potatoes,ever,perfect,cake,love,happy,glad,best,opens,perfectly,keeps,easy,pleased,thank,ze,day,mas
ice,beautiful,great,loves,excellent,awesome,highly,wonderful,potatoes,ever,perfect,cake,love,happy,glad,best,opens,perfectly,keeps,easy,pleased,thank,ze,day,mas
ice,beautiful,great,loves,excellent,awesome,highly,wonderful,potatoes,ever,perfect,cake,love,happy,glad,best,opens,perfectly,keeps,easy,pleased,thank,ze,day,mas
ice,beautiful,great,loves,excellent,awesome,highly,wonderful,potatoes,ever,perfect,cake,love,happy,glad,best,opens,perfectly,keeps,easy,pleased,thank,ze,day,mas
ice,beautiful,great,loves,excellent,awesome,highly,wonderful,potatoes,ever,perfect,cake,love,happy,glad,best,opens,perfectly,keeps,easy,pleased,thank,ze,day,mas
ice,beautiful,great,loves,excellent,awesome,highly,wonderful,potatoes,ever,perfect,cake,love,happy,glad,best,opens,perfectly,keeps,easy,pleased,thank,ze,day,mas
ice,beautiful,great,loves,excellent,awesome,highly,wonderful,potatoes,ever,perfect,cake,love,happy,glad,best,opens,perfectly,keeps,easy,pleased,thank,ze,day,mas
ice,beautiful,great,loves,excellent,awesome,highly,wonderful,potatoes,ever,perfect,cake,love,happy,glad,best,opens,perfectly,keeps,easy,pleased,thank,ze,day,mas
ice,beautiful,great,loves,excellent,awesome,highly,wonderful,potatoes,ever,perfect,cake,love,happy,glad,best,opens,perfectly,keeps,easy,pleased,thank,ze,day,mas
ice,beautiful,great,loves,excellent,awesome,highly,wonderful,potatoes,ever,perfect,cake,love,happy,glad,best,opens,perfectly,keeps,easy,pleased,thank,ze,day,mas
ice,beautiful,great,loves,excellent,awesome,highly,wonderful,potatoes,ever,perfect,cake,love,happy,glad,best,opens,perfectly,keeps,easy,pleased,thank,ze,day,mas
ice,beautiful,great,loves,excellent,awesome,highly,wonderful,potatoes,ever,perfect,cake,love,happy,glad,best,opens,perfectly,keeps,easy,pleased,thank,ze,day,mas
ice,beautiful,great,loves,excellent,awesome,highly,wonderful,potatoes,ever,perfect,cake,love,happy,glad,best,opens,perfectly,keeps,easy,pleased,thank,ze,day,mas
ice,beautiful,great,loves,excellent,awesome,highly,wonderful,potatoes,ever,perfect,cake,love,happy,glad,best,opens,perfectly,keeps,easy,pleased,thank,ze,day,mas
ice,beautiful,great,loves,excellent,awesome,highly,wonderful,potatoes,ever,perfect,cake,love,happy,glad,best,opens,perfectly,keeps,easy,pleased,thank,ze,day,mas
ice,beautiful,great,loves,excellent,awesome,highly,wonderful,potatoes,ever,perfect,cake,love,happy,glad,best,opens,perfectly,keeps,easy,pleased,thank,ze,day,mas
ice,beautiful,great,loves,excellent,awesome,highly,wonderful,potatoes,ever,perfect,cake,love,happy,glad,best,opens,perfectly,keeps,easy,pleased,thank,ze,day,mas
ice,beautiful,great,loves,excellent,awesome,highly,wonderful,potatoes,ever,perfect,cake,love,happy,glad,best,opens,perfectly,keeps,easy,pleased,thank,ze,day,mas
ice,beautiful,great,loves,excellent,awesome,highly,wonderful,potatoes,ever,perfect,cake,love,happy,glad,best,opens,perfectly,keeps,easy,pleased,thank,ze,day,mas
ice,beautiful,great,loves,excellent,awesome,highly,wonderful,potatoes,ever,perfect,cake,love,happy,glad,best,opens,perfectly,keeps,easy,pleased,thank,ze,day,mas
ice,beautiful,great,loves,excellent,awesome,highly,wonderful,potatoes,ever,perfect,cake,love,happy,glad,best,opens,perfectly,keeps,easy,pleased,thank,ze,day,mas
ice,beautiful,great,loves,excellent,awesome,highly,wonderful,potatoes,ever,perfect,cake,love,happy,glad,best,opens,perfectly,keeps,easy,pleased,thank,ze,day,mas
ice,beautiful,great,loves,excellent,awesome,highly,wonderful,potatoes,ever,perfect,cake,love,happy,glad,best,opens,perfectly,keeps,easy,pleased,thank,ze,day,mas
ice,beautiful,great,loves,excellent,awesome,highly,wonderful,potatoes,ever,perfect,cake,love,happy,glad,best,opens,perfectly,keeps,easy,pleased,thank,ze,day,mas
ice,beautiful,great,loves,excellent,awesome,highly,wonderful,potatoes,ever,perfect,cake,love,happy,glad,best,opens,perfectly,keeps,easy,pleased,thank,ze,day,mas
ice,beautiful,great,loves,excellent,awesome,highly,wonderful,potatoes,ever,perfect,cake,love,happy,glad,best,opens,perfectly,keeps,easy,pleased,thank,ze,day,mas
ice,beautiful,great,loves,excellent,awesome,highly,wonderful,potatoes,ever,perfect,cake,love,happy,glad,best,opens,perfectly,keeps,easy,pleased,thank,ze,day,mas
ice,beautiful,great,loves,excellent,awesome,highly,wonderful,potatoes,ever,perfect,cake,love,happy,glad,best,opens,perfectly,keeps,easy,pleased,thank,ze,day,mas
ice,beautiful,great,loves,excellent,awesome,highly,wonderful,potatoes,ever,perfect,cake,love,happy,glad,best,opens,perfectly,keeps,easy,pleased,thank,ze,day,mas
ice,beautiful,great,loves,excellent,awesome,highly,wonderful,potatoes,ever,perfect,cake,love,happy,glad,best,opens,perfectly,keeps,easy,pleased,thank,ze,day,mas
ice,beautiful,great,loves,excellent,awesome,highly,wonderful,potatoes,ever,perfect,cake,love,happy,glad,best,opens,perfectly,keeps,easy,pleased,thank,ze,day,mas
ice,beautiful,great,loves,excellent,awesome,highly,wonderful,potatoes,ever,perfect,cake,love,happy,glad,best,opens,perfectly,keeps,easy,pleased,thank,ze,day,mas
ice,beautiful,great,loves,excellent,awesome,highly,wonderful,potatoes,ever,perfect,cake,love,happy,glad,best,opens,perfectly,keeps,easy,pleased,thank,ze,day,mas
ice,beautiful,great,loves,excellent,awesome,highly,wonderful,potatoes,ever,perfect,cake,love,happy,glad,best,opens,perfectly,keeps,easy,pleased,thank,ze,day,mas
ice,beautiful,great,loves,excellent,awesome,highly,wonderful,potatoes,ever,perfect,cake,love,happy,glad,best,opens,perfectly,keeps,easy,pleased,thank,ze,day,mas
ice,beautiful,great,loves,excellent,awesome,highly,wonderful,potatoes,ever,perfect,cake,love,happy,glad,best,opens,perfectly,keeps,easy,pleased,thank,ze,day,mas
ice,beautiful,great,loves,excellent,awesome,highly,wonderful,potatoes,ever,perfect,cake,love,happy,glad,best,opens,perfectly,keeps,easy,pleased,thank,ze,day,mas
ice,beautiful,great,loves,excellent,awesome,highly,wonderful,potatoes,ever,perfect,cake,love,happy,glad,best,opens,perfectly,keeps,easy,pleased,thank,ze,day,mas
ice,beautiful,great,loves,excellent,awesome,highly,wonderful,potatoes,ever,perfect,cake,love,happy,glad,best,opens,perfectly,keeps,easy,pleased,thank,ze,day,mas
ice,beautiful,great,loves,excellent,awesome,highly,wonderful,potatoes,ever,perfect,cake,love,happy,glad,best,opens,perfectly,keeps,easy,pleased,thank,ze,day,mas
ice,beautiful,great,loves,excellent,awesome,highly,wonderful,potatoes,ever,perfect,cake,love,happy,glad,best,opens,perfectly,keeps,easy,pleased,thank,ze,day,mas
ice,beautiful,great,loves,excellent,awesome,highly,wonderful,potatoes,ever,perfect,cake,love,happy,glad,best,opens,perfectly,keeps,easy,pleased,thank,ze,day,mas
ice,beautiful,great,loves,excellent,awesome,highly,wonderful,potatoes,ever,perfect,cake,love,happy,glad,best,opens,perfectly,keeps,easy,pleased,thank,ze,day,mas
ice,beautiful,great,loves,excellent,awesome,highly,wonderful,potatoes,ever,perfect,cake,love,happy,glad,best,opens,perfectly,keeps,easy,pleased,thank,ze,day,mas
ice,beautiful,great,loves,excellent,awesome,highly,wonderful,potatoes,ever,perfect,cake,love,happy,glad,best,opens,perfectly,keeps,easy,pleased,thank,ze,day,mas
ice,beautiful,great,loves,excellent,awesome,highly,wonderful,potatoes,ever,perfect,cake,love,happy,glad,best,opens,perfectly,keeps,easy,pleased,thank,ze,day,mas
ice,beautiful,great,loves,excellent,awesome,highly,wonderful,potatoes,ever,perfect,cake,love,happy,glad,best,opens,perfectly,keeps,easy,pleased,thank,ze,day,mas
ice,beautiful,great,loves,excellent,awesome,highly,wonderful,potatoes,ever,perfect,cake,love,happy,glad,best,opens,perfectly,keeps,easy,pleased,thank,ze,day,mas
ice,beautiful,great,loves,excellent,awesome,highly,wonderful,potatoes,ever,perfect,cake,love,happy,glad,best,opens,perfectly,keeps,easy,pleased,thank,ze,day,mas
ice,beautiful,great,loves,excellent,awesome,highly,wonderful,potatoes,ever,perfect,cake,love,happy,glad,best,opens,perfectly,keeps,easy,pleased,thank,ze,day,mas
ice,beautiful,great,loves,excellent,awesome,highly,wonderful,potatoes,ever,perfect,cake,love,happy,glad,best,opens,perfectly,keeps,easy,pleased,thank,ze,day,mas
ice,beautiful,great,loves,excellent,awesome,highly,wonderful,potatoes,ever,perfect,cake,love,happy,glad,best,opens,perfectly,keeps,easy,pleased,thank,ze,day,mas
ice,beautiful,great,loves,excellent,awesome,highly,wonderful,potatoes,ever,perfect,cake,love,happy,glad,best,opens,perfectly,keeps,easy,pleased,thank,ze,day,mas
ice,beautiful,great,loves,excellent,awesome,highly,wonderful,potatoes,ever,perfect,cake,love,happy,glad,best,opens,perfectly,keeps,easy,pleased,thank,ze,day,mas
ice,beautiful,great,loves,excellent,awesome,highly,wonderful,potatoes,ever,perfect,cake,love,happy,glad,best,opens,perfectly,keeps,easy,pleased,thank,ze,day,mas
ice,beautiful,great,loves,excellent,awesome,highly,wonderful,potatoes,ever,perfect,cake,love,happy,glad,best,opens,perfectly,keeps,easy,pleased,thank,ze,day,mas
ice,beautiful,great,loves,excellent,awesome,highly,wonderful,potatoes,ever,perfect,cake,love,happy,glad,best,opens,perfectly,keeps,easy,pleased,thank,ze,day,mas
ice,beautiful,great,loves,excellent,awesome,highly,wonderful,potatoes,ever,perfect,cake,love,happy,glad,best,opens,perfectly,keeps,easy,pleased,thank,ze,day,mas
ice,beautiful,great,loves,excellent,awesome,highly,wonderful,potatoes,ever,perfect,cake,love,happy,glad,best,opens,perfectly,keeps,easy,pleased,thank,ze,day,mas
ice,beautiful,great,loves,excellent,awesome,highly,wonderful,potatoes,ever,perfect,cake,love,happy,glad,best,opens,perfectly,keeps,easy,pleased,thank,ze,day,mas
ice,beautiful,great,loves,excellent,awesome,highly,wonderful,potatoes,ever,perfect,cake,love,happy,glad,best,opens,perfectly,keeps,easy,pleased,thank,ze,day,mas
ice,beautiful,great,loves,excellent,awesome,highly,wonderful,potatoes,ever,perfect,cake,love,happy,glad,best,opens,perfectly,keeps,easy,pleased,thank,ze,day,mas
ice,beautiful,great,loves,excellent,awesome,highly,wonderful,potatoes,ever,perfect,cake,love,happy,glad,best,opens,perfectly,keeps,easy,pleased,thank,ze,day,mas
ice,beautiful,great,loves,excellent,awesome,highly,wonderful,potatoes,ever,perfect,cake,love,happy,glad,best,opens,perfectly,keeps,easy,pleased,thank,ze,day,mas
ice,beautiful,great,loves,excellent,awesome,highly,wonderful,potatoes,ever,perfect,cake,love,happy,glad,best,opens,perfectly,keeps,easy,pleased,thank,ze,day,mas
ice,beautiful,great,loves,excellent,awesome,highly,wonderful,potatoes,ever,perfect,cake,love,happy,glad,best,opens,perfectly,keeps,easy,pleased,thank,ze,day,mas
ice,beautiful,great,loves,excellent,awesome,highly,wonderful,potatoes,ever,perfect,cake,love,happy,glad,best,opens,perfectly,keeps,easy,pleased,thank,ze,day,mas
ice,beautiful,great,loves,excellent,awesome,highly,wonderful,potatoes,ever,perfect,cake,love,happy,glad,best,opens,perfectly,keeps,easy,pleased,thank,ze,day,mas
ice,beautiful,great,loves,excellent,awesome,highly,wonderful,potatoes,ever,perfect,cake,love,happy,glad,best,opens,perfectly,keeps,easy,pleased,thank,ze,day,mas
ice,beautiful,great,loves,excellent,awesome,highly,wonderful,potatoes,ever,perfect,cake,love,happy,glad,best,opens,perfectly,keeps,easy,pleased,thank,ze,day,mas
ice,beautiful,great,loves,excellent,awesome,highly,wonderful,potatoes,ever,perfect,cake,love,happy,glad,best,opens,perfectly,keeps,easy,pleased,thank,ze,day,mas
ice,beautiful,great,loves,excellent,awesome,highly,wonderful,potatoes,ever,perfect,cake,love,happy,glad,best,opens,perfectly,keeps,easy,pleased,thank,ze,day,mas
ice,beautiful,great,loves,excellent,awesome,highly,wonderful,potatoes,ever,perfect,cake,love,happy,glad,best,opens,perfectly,keeps,easy,pleased,thank,ze,day,mas
ice,beautiful,great,loves,excellent,awesome,highly,wonderful,potatoes,ever,perfect,cake,love,happy,glad,best,opens,perfectly,keeps,easy,pleased,thank,ze,day,mas
ice,beautiful,great,loves,excellent,awesome,highly,wonderful,potatoes,ever,perfect,cake,love,happy,glad,best,opens,perfectly,keeps,easy,pleased,thank,ze,day,mas
ice,beautiful,great,loves,excellent,awesome,highly,wonderful,potatoes,ever,perfect,cake,love,happy,glad,best,opens,perfectly,keeps,easy,pleased,thank,ze,day,mas
ice,beautiful,great,loves,excellent,awesome,highly,wonderful,potatoes,ever,perfect,cake,love,happy,glad,best,opens,perfectly,keeps,easy,pleased,thank,ze,day,mas
ice,beautiful,great,loves,excellent,awesome,highly,wonderful,potatoes,ever,perfect,cake,love,happy,glad,best,opens,perfectly,keeps,easy,pleased,thank,ze,day,mas
ice,beautiful,great,loves,excellent,awesome,highly,wonderful,potatoes,ever,perfect,cake,love,happy,glad,best,opens,perfectly,keeps,easy,pleased,thank,ze,day,mas
ice,beautiful,great,loves,excellent,awesome,highly,wonderful,potatoes,ever,perfect,cake,love,happy,glad,best,opens,perfectly,keeps,easy,pleased,thank,ze,day,mas
ice,beautiful,great,loves,excellent,awesome,highly,wonderful,potatoes,ever,perfect,cake,love,happy,glad,best,opens,perfectly,keeps,easy,pleased,thank,ze,day,mas
ice,beautiful,great,loves,excellent,awesome,highly,wonderful,potatoes,ever,perfect,cake,love,happy,glad,best,opens,perfectly,keeps,easy,pleased,thank,ze,day,mas
ice,beautiful,great,loves,excellent,awesome,highly,wonderful,potatoes,ever,perfect,cake,love,happy,glad,best,opens,perfectly,keeps,easy,pleased,thank,ze,day,mas
ice,beautiful,great,loves,excellent,awesome,highly,wonderful,potatoes,ever,perfect,cake,love,happy,glad,best,opens,perfectly,keeps,easy,pleased,thank,ze,day,mas
ice,beautiful,great,loves,excellent,awesome,highly,wonderful,potatoes,ever,perfect,cake,love,happy,glad,best,opens,perfectly,keeps,easy,pleased,thank,ze,day,mas
ice,beautiful,great,loves,excellent,awesome,highly,wonderful,potatoes,ever,perfect,cake,love,happy,glad,best,opens,perfectly,keeps,easy,pleased,thank,ze,day,mas
ice,beautiful,great,loves,excellent,awesome,highly,wonderful,potatoes,ever,perfect,cake,love,happy,glad,best,opens,perfectly,keeps,easy,pleased,thank,ze,day,mas
ice,beautiful,great,loves,excellent,awesome,highly,wonderful,potatoes,ever,perfect,cake,love,happy,glad,best,opens,perfectly,keeps,easy,pleased,thank,ze,day,mas
ice,beautiful,great,loves,excellent,awesome,highly,wonderful,potatoes,ever,perfect,cake,love,happy,glad,best,opens,perfectly,keeps,easy,pleased,thank,ze,day,mas
ice,beautiful,great,loves,excellent,awesome,highly,wonderful,potatoes,ever,perfect,cake,love,happy,glad,best,opens,perfectly,keeps,easy,pleased,thank,ze,day,mas
ice,beautiful,great,loves,excellent,awesome,highly,wonderful,potatoes,ever,perfect,cake,love,happy,glad,best,opens,perfectly,keeps,easy,pleased,thank,ze,day,mas
ice,beautiful,great,loves,excellent,awesome,highly,wonderful,potatoes,ever,perfect,cake,love,happy,glad,best,opens,perfectly,keeps,easy,pleased,thank,ze,day,mas
ice,beautiful,great,loves,excellent,awesome,highly,wonderful,potatoes,ever,perfect,cake,love,happy,glad,best,opens,perfectly,keeps,easy,pleased,thank,ze,day,mas
ice,beautiful,great,loves,excellent,awesome,highly,wonderful,potatoes,ever,perfect,cake,love,happy,glad,best,opens,perfectly,keeps,easy,pleased,thank,ze,day,mas
ice,beautiful,great,loves,excellent,awesome,highly,wonderful,potatoes,ever,perfect,cake,love,happy,glad,best,opens,perfectly,keeps,easy,pleased,thank,ze,day,mas
ice,beautiful,great,loves,excellent,awesome,highly,wonderful,potatoes,ever,perfect,cake,love,happy,glad,best,opens,perfectly,keeps,easy,pleased,thank,ze,day,mas
ice,beautiful,great,loves,excellent,awesome,highly,wonderful,potatoes,ever,perfect,cake,love,happy,glad,best,opens,perfectly,keeps,easy,pleased,thank,ze,day,mas
ice,beautiful,great,loves,excellent,awesome,highly,wonderful,potatoes,ever,perfect,cake,love,happy,glad,best,opens,perfectly,keeps,easy,pleased,thank,ze,day,mas
ice,beautiful,great,loves,excellent,awesome,highly,wonderful,potatoes,ever,perfect,cake,love,happy,glad,best,opens,perfectly,keeps,easy,pleased,thank,ze,day,mas
ice,beautiful,great,loves,excellent,awesome,highly,wonderful,potatoes,ever,perfect,cake,love,happy,glad,best,opens,perfectly,keeps,easy,pleased,thank,ze,day,mas
ice,beautiful,great,loves,excellent,awesome,highly,wonderful,potatoes,ever,perfect,cake,love,happy,glad,best,opens,perfectly,keeps,easy,pleased,thank,ze,day,mas
ice,beautiful,great,loves,excellent,awesome,highly,wonderful,potatoes,ever,perfect,cake,love,happy,glad,best,opens,perfectly,keeps,easy,pleased,thank,ze,day,mas
ice,beautiful,great,loves,excellent,awesome,highly,wonderful,potatoes,ever,perfect,cake,love,happy,glad,best,opens,perfectly,keeps,easy,pleased,thank,ze,day,mas
ice,beautiful,great,loves,excellent,awesome,highly,wonderful,potatoes,ever,perfect,cake,love,happy,glad,best,opens,perfectly,keeps,easy,pleased,thank,ze,day,mas
ice,beautiful,great,loves,excellent,awesome,highly,wonderful,potatoes,ever,perfect,cake,love,happy,glad,best,opens,perfectly,keeps,easy,pleased,thank,ze,day,mas
ice,beautiful,great,loves,excellent,awesome,highly,wonderful,potatoes,ever,perfect,cake,love,happy,glad,best,opens,perfectly,keeps,easy,pleased,thank,ze,day,mas
ice,beautiful,great,loves,excellent,awesome,highly,wonderful,potatoes,ever,perfect,cake,love,happy,glad,best,opens,perfectly,keeps,easy,pleased,thank,ze,day,mas
ice,beautiful,great,loves,excellent,awesome,highly,wonderful,potatoes,ever,perfect,cake,love,happy,glad,best,opens,perfectly,keeps,easy,pleased,thank,ze,day,mas
ice,beautiful,great,loves,excellent,awesome,highly,wonderful,potatoes,ever,perfect,cake,love,happy,glad,best,opens,perfectly,keeps,easy,pleased,thank,ze,day,mas
ice,beautiful,great,loves,excellent,awesome,highly,wonderful,potatoes,ever,perfect,cake,love,happy,glad,best,opens,perfectly,keeps,easy,pleased,thank,ze,day,mas
ice,beautiful,great,loves,excellent,awesome,highly,wonderful,potatoes,ever,perfect,cake,love,happy,glad,best,opens,perfectly,keeps,easy,pleased,thank,ze,day,mas
ice,beautiful,great,loves,excellent,awesome,highly,wonderful,potatoes,ever,perfect,cake,love,happy,glad,best,opens,perfectly,keeps,easy,pleased,thank,ze,day,mas
ice,beautiful,great,loves,excellent,awesome,highly,wonderful,potatoes,ever,perfect,cake,love,happy,glad,best,opens,perfectly,keeps,easy,pleased,thank,ze,day,mas
ice,beautiful,great,loves,excellent,awesome,highly,wonderful,potatoes,ever,perfect,cake,love,happy,glad,best,opens,perfectly,keeps,easy,pleased,thank,ze,day,mas
ice,beautiful,great,loves,excellent,awesome,highly,wonderful,potatoes,ever,perfect,cake,love,happy,glad,best,opens,perfectly,keeps,easy,pleased,thank,ze,day,mas
ice,beautiful,great,loves,excellent,awesome,highly,wonderful,potatoes,ever,perfect,cake,love,happy,glad,best,opens,perfectly,keeps,easy,pleased,thank,ze,day,mas
ice,beautiful,great,loves,excellent,awesome,highly,wonderful,potatoes,ever,perfect,cake,love,happy,glad,best,opens,perfectly,keeps,easy,pleased,thank,ze,day,mas
ice,beautiful,great,loves,excellent,awesome,highly,wonderful,potatoes,ever,perfect,cake,love,happy,glad,best,opens,perfectly,keeps,easy,pleased,thank,ze,day,mas
ice,beautiful,great,loves,excellent,awesome,highly,wonderful,potatoes,ever,perfect,cake,love,happy,glad,best,opens,perfectly,keeps,easy,pleased,thank,ze,day,mas
ice,beautiful,great,loves,excellent,awesome,highly,wonderful,potatoes,ever,perfect,cake,love,happy,glad,best,opens,perfectly,keeps,easy,pleased,thank,ze,day,mas
ice,beautiful,great,loves,excellent,awesome,highly,wonderful,potatoes,ever,perfect,cake,love,happy,glad,best,opens,perfectly,keeps,easy,pleased,thank,ze,day,mas
ice,beautiful,great,loves,excellent,awesome,highly,wonderful,potatoes,ever,perfect,cake,love,happy,glad,best,opens,perfectly,keeps,easy,pleased,thank,ze,day,mas
ice,beautiful,great,loves,excellent,awesome,highly,wonderful,potatoes,ever,perfect,cake,love,happy,glad,best,opens,perfectly,keeps,easy,pleased,thank,ze,day,mas
ice,beautiful,great,loves,excellent,awesome,highly,wonderful,potatoes,ever,perfect,cake,love,happy,glad,best,opens,perfectly,keeps,easy,pleased,thank,ze,day,mas
ice,beautiful,great,loves,excellent,awesome,highly,wonderful,potatoes,ever,perfect,cake,love,happy,glad,best,opens,perfectly,keeps,easy,pleased,thank,ze,day,mas
ice,beautiful,great,loves,excellent,awesome,highly,wonderful,potatoes,ever,perfect,cake,love,happy,glad,best,opens,perfectly,keeps,easy,pleased,thank,ze,day,mas
ice,beautiful,great,loves,excellent,awesome,highly,wonderful,potatoes,ever,perfect,cake,love,happy,glad,best,opens,perfectly,keeps,easy,pleased,thank,ze,day,mas
ice,beautiful,great,loves,excellent,awesome,highly,wonderful,potatoes,ever,perfect,cake,love,happy,glad,best,opens,perfectly,keeps,easy,pleased,thank,ze,day,mas
ice,beautiful,great,loves,excellent,awesome,highly,wonderful,potatoes,ever,perfect,cake,love,happy,glad,best,opens,perfectly,keeps,easy,pleased,thank,ze,day,mas
ice,beautiful,great,loves,excellent,awesome,highly,wonderful,potatoes,ever,perfect,cake,love,happy,glad,best,opens,perfectly,keeps,easy,pleased,thank,ze,day,mas
ice,beautiful,great,loves,excellent,awesome,highly,wonderful,potatoes,ever,perfect,cake,love,happy,glad,best,opens,perfectly,keeps,easy,pleased,thank,ze,day,mas
ice,beautiful,great,loves,excellent,awesome,highly,wonderful,potatoes,ever,perfect,cake,love,happy,glad,best,opens,perfectly,keeps,easy,pleased,thank,ze,day,mas
ice,beautiful,great,loves,excellent,awesome,highly,wonderful,potatoes,ever,perfect,cake,love,happy,glad,best,opens,perfectly,keeps,easy,pleased,thank,ze,day,mas
ice,beautiful,great,loves,excellent,awesome,highly,wonderful,potatoes,ever,perfect,cake,love,happy,glad,best,opens,perfectly,keeps,easy,pleased,thank,ze,day,mas
ice,beautiful,great,loves,excellent,awesome,highly,wonderful,potatoes,ever,perfect,cake,love,happy,glad,best,opens,perfectly,keeps,easy,pleased,thank,ze,day,mas
ice,beautiful,great,loves,excellent,awesome,highly,wonderful,potatoes,ever,perfect,cake,love,happy,glad,best,opens,perfectly,keeps,easy,pleased,thank,ze,day,mas
ice,beautiful,great,loves,excellent,awesome,highly,wonderful,potatoes,ever,perfect,cake,love,happy,glad,best,opens,perfectly,keeps,easy,pleased,thank,ze,day,mas
ice,beautiful,great,loves,excellent,awesome,highly,wonderful,potatoes,ever,perfect,cake,love,happy,glad,best,opens,perfectly,keeps,easy,pleased,thank,ze,day,mas
ice,beautiful,great,loves,excellent,awesome,highly,wonderful,potatoes,ever,perfect,cake,love,happy,glad,best,opens,perfectly,keeps,easy,pleased,thank,ze,day,mas
ice,beautiful,great,loves,excellent,awesome,highly,wonderful,potatoes,ever,perfect,cake,love,happy,glad,best,opens,perfectly,keeps,easy,pleased,thank,ze,day,mas
ice,beautiful,great,loves,excellent,awesome,highly,wonderful,potatoes,ever,perfect,cake,love,happy,glad,best,opens,perfectly,keeps,easy,pleased,thank,ze,day,mas
ice,beautiful,great,loves,excellent,awesome,highly,wonderful,potatoes,ever,perfect,cake,love,happy,glad,best,opens,perfectly,keeps,easy,pleased,thank,ze,day,mas
ice,beautiful,great,loves,excellent,awesome,highly,wonderful,potatoes,ever,perfect,cake,love,happy,glad,best,opens,perfectly,keeps,easy,pleased,thank,ze,day,mas
ice,beautiful,great,loves,excellent,awesome,highly,wonderful,potatoes,ever,perfect,cake,love,happy,glad,best,opens,perfectly,keeps,easy,pleased,thank,ze,day,mas
ice,beautiful,great,loves,excellent,awesome,highly,wonderful,potatoes,ever,perfect,cake,love,happy,glad,best,opens,perfectly,keeps,easy,pleased,thank,ze,day,mas
ice,beautiful,great,loves,excellent,awesome,highly,wonderful,potatoes,ever,perfect,cake,love,happy,glad,best,opens,perfectly,keeps,easy,pleased,thank,ze,day,mas
ice,beautiful,great,loves,excellent,awesome,highly,wonderful,potatoes,ever,perfect,cake,love,happy,glad,best,opens,perfectly,keeps,easy,pleased,thank,ze,day,mas
ice,beautiful,great,loves,excellent,awesome,highly,wonderful,potatoes,ever,perfect,cake,love,happy,glad,best,opens,perfectly,keeps,easy,pleased,thank,ze,day,mas
ice,beautiful,great,loves,excellent,awesome,highly,wonderful,potatoes,ever,perfect,cake,love,happy,glad,best,opens,perfectly,keeps,easy,pleased,thank,ze,day,mas
ice,beautiful,great,loves,excellent,awesome,highly,wonderful,potatoes,ever,perfect,cake,love,happy,glad,best,opens,perfectly,keeps,easy,pleased,thank,ze,day,mas
ice,beautiful,great,loves,excellent,awesome,highly,wonderful,potatoes,ever,perfect,cake,love,happy,glad,best,opens,perfectly,keeps,easy,pleased,thank,ze,day,mas
ice,beautiful,great,loves,excellent,awesome,highly,wonderful,potatoes,ever,perfect,cake,love,happy,glad,best,opens,perfectly,keeps,easy,pleased,thank,ze,day,mas
ice,beautiful,great,loves,excellent,awesome,highly,wonderful,potatoes,ever,perfect,cake,love,happy,glad,best,opens,perfectly,keeps,easy,pleased,thank,ze,day,mas
ice,beautiful,great,loves,excellent,awesome,highly,wonderful,potatoes,ever,perfect,cake,love,happy,glad,best,opens,perfectly,keeps,easy,pleased,thank,ze,day,mas
ice,beautiful,great,loves,excellent,awesome,highly,wonderful,potatoes,ever,perfect,cake,love,happy,glad,best,opens,perfectly,keeps,easy,pleased,thank,ze,day,mas
ice,beautiful,great,loves,excellent,awesome,highly,wonderful,potatoes,ever,perfect,cake,love,happy,glad,best,opens,perfectly,keeps,easy,pleased,thank,ze,day,mas
ice,beautiful,great,loves,excellent,awesome,highly,wonderful,potatoes,ever,perfect,cake,love,happy,glad,best,opens,perfectly,keeps,easy,pleased,thank,ze,day,mas
ice,beautiful,great,loves,excellent,awesome,highly,wonderful,potatoes,ever,perfect,cake,love,happy,glad,best,opens,perfectly,keeps,easy,pleased,thank,ze,day,mas
ice,beautiful,great,loves,excellent,awesome,highly,wonderful,potatoes,ever,perfect,cake,love,happy,glad,best,opens,perfectly,keeps,easy,pleased,thank,ze,day,mas
ice,beautiful,great,loves,excellent,awesome,highly,wonderful,potatoes,ever,perfect,cake,love,happy,glad,best,opens,perfectly,keeps,easy,pleased,thank,ze,day,mas
ice,beautiful,great,loves,excellent,awesome,highly,wonderful,potatoes,ever,perfect,cake,love,happy,glad,best,opens,perfectly,keeps,easy,pleased,thank,ze,day,mas
ice,beautiful,great,loves,excellent,awesome,highly,wonderful,potatoes,ever,perfect,cake,love,happy,glad,best,opens,perfectly,keeps,easy,pleased,thank,ze,day,mas
ice,beautiful,great,loves,excellent,awesome,highly,wonderful,potatoes,ever,perfect,cake,love,happy,glad,best,opens,perfectly,keeps,easy,pleased,thank,ze,day,mas
ice,beautiful,great,loves,excellent,awesome,highly,wonderful,potatoes,ever,perfect,cake,love,happy,glad,best,opens,perfectly,keeps,easy,pleased,thank,ze,day,mas
ice,beautiful,great,loves,excellent,awesome,highly,wonderful,potatoes,ever,perfect,cake,love,happy,glad,best,opens,perfectly,keeps,easy,pleased,thank,ze,day,mas
ice,beautiful,great,loves,excellent,awesome,highly,wonderful,potatoes,ever,perfect,cake,love,happy,glad,best,opens,perfectly,keeps,easy,pleased,thank,ze,day,mas
ice,beautiful,great,loves,excellent,awesome,highly,wonderful,potatoes,ever,perfect,cake,love,happy,glad,best,opens,perfectly,keeps,easy,pleased,thank,ze,day,mas
ice,beautiful,great,loves,excellent,awesome,highly,wonderful,potatoes,ever,perfect,cake,love,happy,glad,best,opens,perfectly,keeps,easy,pleased,thank,ze,day,mas
ice,beautiful,great,loves,excellent,awesome,highly,wonderful,potatoes,ever,perfect,cake,love,happy,glad,best,opens,perfectly,keeps,easy,pleased,thank,ze,day,mas
ice,beautiful,great,loves,excellent,awesome,highly,wonderful,potatoes,ever,perfect,cake,love,happy,glad,best,opens,perfectly,keeps,easy,pleased,thank,ze,day,mas
ice,beautiful,great,loves,excellent,awesome,highly,wonderful,potatoes,ever,perfect,cake,love,happy,glad,best,opens,perfectly,keeps,easy,pleased,thank,ze,day,mas
ice,beautiful,great,loves,excellent,awesome,highly,wonderful,potatoes,ever,perfect,cake,love,happy,glad,best,opens,perfectly,keeps,easy,pleased,thank,ze,day,mas
ice,beautiful,great,loves,excellent,awesome,highly,wonderful,potatoes,ever,perfect,cake,love,happy,glad,best,opens,perfectly,keeps,easy,pleased,thank,ze,day,mas
ice,beautiful,great,loves,excellent,awesome,highly,wonderful,potatoes,ever,perfect,cake,love,happy,glad,best,opens,perfectly,keeps,easy,pleased,thank,ze,day,mas
ice,beautiful,great,loves,excellent,awesome,highly,wonderful,potatoes,ever,perfect,cake,love,happy,glad,best,opens,perfectly,keeps,easy,pleased,thank,ze,day,mas
ice,beautiful,great,loves,excellent,awesome,highly,wonderful,potatoes,ever,perfect,cake,love,happy,glad,best,opens,perfectly,keeps,easy,pleased,thank,ze,day,mas
ice,beautiful,great,loves,excellent,awesome,highly,wonderful,potatoes,ever,perfect,cake,love,happy,glad,best,opens,perfectly,keeps,easy,pleased,thank,ze,day,mas
ice,beautiful,great,loves,excellent,awesome,highly,wonderful,potatoes,ever,perfect,cake,love,happy,glad,best,opens,perfectly,keeps,easy,pleased,thank,ze,day,mas
ice,beautiful,great,loves,excellent,awesome,highly,wonderful,potatoes,ever,perfect,cake,love,happy,glad,best,opens,perfectly,keeps,easy,pleased,thank,ze,day,mas
ice,beautiful,great,loves,excellent,awesome,highly,wonderful,potatoes,ever,perfect,cake,love,happy,glad,best,opens,perfectly,keeps,easy,pleased,thank,ze,day,mas
ice,beautiful,great,loves,excellent,awesome,highly,wonderful,potatoes,ever,perfect,cake,love,happy,glad,best,opens,perfectly,keeps,easy,pleased,thank,ze,day,mas
ice,beautiful,great,loves,excellent,awesome,highly,wonderful,potatoes,ever,perfect,cake,love,happy,glad,best,opens,perfectly,keeps,easy,pleased,thank,ze,day,mas
ice,beautiful,great,loves,excellent,awesome,highly,wonderful,potatoes,ever,perfect,cake,love,happy,glad,best,opens,perfectly,keeps,easy,pleased,thank,ze,day,mas
ice,beautiful,great,loves,excellent,awesome,highly,wonderful,potatoes,ever,perfect,cake,love,happy,glad,best,opens,perfectly,keeps,easy,pleased,thank,ze,day,mas
ice,beautiful,great,loves,excellent,awesome,highly,wonderful,potatoes,ever,perfect,cake,love,happy,glad,best,opens,perfectly,keeps,easy,pleased,thank,ze,day,mas
ice,beautiful,great,loves,excellent,awesome,highly,wonderful,potatoes,ever,perfect,cake,love,happy,glad,best,opens,perfectly,keeps,easy,pleased,thank,ze,day,mas
ice,beautiful,great,loves,excellent,awesome,highly,wonderful,potatoes,ever,perfect,cake,love,happy,glad,best,opens,perfectly,keeps,easy,pleased,thank,ze,day,mas
ice,beautiful,great,loves,excellent,awesome,highly,wonderful,potatoes,ever,perfect,cake,love,happy,glad,best,opens,perfectly,keeps,easy,pleased,thank,ze,day,mas
ice,beautiful,great,loves,excellent,awesome,highly,wonderful,potatoes,ever,perfect,cake,love,happy,glad,best,opens,perfectly,keeps,easy,pleased,thank,ze,day,mas
ice,beautiful,great,loves,excellent,awesome,highly,wonderful,potatoes,ever,perfect,cake,love,happy,glad,best,opens,perfectly,keeps,easy,pleased,thank,ze,day,mas
ice,beautiful,great,loves,excellent,awesome,highly,wonderful,potatoes,ever,perfect,cake,love,happy,glad,best,opens,perfectly,keeps,easy,pleased,thank,ze,day,mas
ice,beautiful,great,loves,excellent,awesome,highly,wonderful,potatoes,ever,perfect,cake,love,happy,glad,best,opens,perfectly,keeps,easy,pleased,thank,ze,day,mas
ice,beautiful,great,loves,excellent,awesome,highly,wonderful,potatoes,ever,perfect,cake,love,happy,glad,best,opens,perfectly,keeps,easy,pleased,thank,ze,day,mas
ice,beautiful,great,loves,excellent,awesome,highly,wonderful,potatoes,ever,perfect,cake,love,happy,glad,best,opens,perfectly,keeps,easy,pleased,thank,ze,day,mas
ice,beautiful,great,loves,excellent,awesome,highly,wonderful,potatoes,ever,perfect,cake,love,happy,glad,best,opens,perfectly,keeps,easy,pleased,thank,ze,day,mas
ice,beautiful,great,loves,excellent,awesome,highly,wonderful,potatoes,ever,perfect,cake,love,happy,glad,best,opens,perfectly,keeps,easy,pleased,thank,ze,day,mas
ice,beautiful,great,loves,excellent,awesome,highly,wonderful,potatoes,ever,perfect,cake,love,happy,glad,best,opens,perfectly,keeps,easy,pleased,thank,ze,day,mas
ice,beautiful,great,loves,excellent,awesome,highly,wonderful,potatoes,ever,perfect,cake,love,happy,glad,best,opens,perfectly,keeps,easy,pleased,thank,ze,day,mas
ice,beautiful,great,loves,excellent,awesome,highly,wonderful,potatoes,ever,perfect,cake,love,happy,glad,best,opens,perfectly,keeps,easy,pleased,thank,ze,day,mas
ice,beautiful,great,loves,excellent,awesome,highly,wonderful,potatoes,ever,perfect,cake,love,happy,glad,best,opens,perfectly,keeps,easy,pleased,thank,ze,day,mas
ice,beautiful,great,loves,excellent,awesome,highly,wonderful,potatoes,ever,perfect,cake,love,happy,glad,best,opens,perfectly,keeps,easy,pleased,thank,ze,day,mas
ice,beautiful,great,loves,excellent,awesome,highly,wonderful,potatoes,ever,perfect,cake,love,happy,glad,best,opens,perfectly,keeps,easy,pleased,thank,ze,day,mas
ice,beautiful,great,loves,excellent,awesome,highly,wonderful,potatoes,ever,perfect,cake,love,happy,glad,best,opens,perfectly,keeps,easy,pleased,thank,ze,day,mas
ice,beautiful,great,loves,excellent,awesome,highly,wonderful,potatoes,ever,perfect,cake,love,happy,glad,best,opens,perfectly,keeps,easy,pleased,thank,ze,day,mas
ice,beautiful,great,loves,excellent,awesome,highly,wonderful,potatoes,ever,perfect,cake,love,happy,glad,best,opens,perfectly,keeps,easy,pleased,thank,ze,day,mas
ice,beautiful,great,loves,excellent,awesome,highly,wonderful,potatoes,ever,perfect,cake,love,happy,glad,best,opens,perfectly,keeps,easy,pleased,thank,ze,day,mas
ice,beautiful,great,loves,excellent,awesome,highly,wonderful,potatoes,ever,perfect,cake,love,happy,glad,best,opens,perfectly,keeps,easy,pleased,thank,ze,day,mas
ice,beautiful,great,loves,excellent,awesome,highly,wonderful,potatoes,ever,perfect,cake,love,happy,glad,best,opens,perfectly,keeps,easy,pleased,thank,ze,day,mas
ice,beautiful,great,loves,excellent,awesome,highly,wonderful,potatoes,ever,perfect,cake,love,happy,glad,best,opens,perfectly,keeps,easy,pleased,thank,ze,day,mas
ice,beautiful,great,loves,excellent,awesome,highly,wonderful,potatoes,ever,perfect,cake,love,happy,glad,best,opens,perfectly,keeps,easy,pleased,thank,ze,day,mas
ice,beautiful,great,loves,excellent,awesome,highly,wonderful,potatoes,ever,perfect,cake,love,happy,glad,best,opens,perfectly,keeps,easy,pleased,thank,ze,day,mas
ice,beautiful,great,loves,excellent,awesome,highly,wonderful,potatoes,ever,perfect,cake,love,happy,glad,best,opens,perfectly,keeps,easy,pleased,thank,ze,day,mas
ice,beautiful,great,loves,excellent,awesome,highly,wonderful,potatoes,ever,perfect,cake,love,happy,glad,best,opens,perfectly,keeps,easy,pleased,thank,ze,day,mas
ice,beautiful,great,loves,excellent,awesome,highly,wonderful,potatoes,ever,perfect,cake,love,happy,glad,best,opens,perfectly,keeps,easy,pleased,thank,ze,day,mas
ice,beautiful,great,loves,excellent,awesome,highly,wonderful,potatoes,ever,perfect,cake,love,happy,glad,best,opens,perfectly,keeps,easy,pleased,thank,ze,day,mas
ice,beautiful,great,loves,excellent,awesome,highly,wonderful,potatoes,ever,perfect,cake,love,happy,glad,best,opens,perfectly,keeps,easy,pleased,thank,ze,day,mas
ice,beautiful,great,loves,excellent,awesome,highly,wonderful,potatoes,ever,perfect,cake,love,happy,glad,best,opens,perfectly,keeps,easy,pleased,thank,ze,day,mas
ice,beautiful,great,loves,excellent,awesome,highly,wonderful,potatoes,ever,perfect,cake,love,happy,glad,best,opens,perfectly,keeps,easy,pleased,thank,ze,day,mas
ice,beautiful,great,loves,excellent,awesome,highly,wonderful,potatoes,ever,perfect,cake,love,happy,glad,best,opens,perfectly,keeps,easy,pleased,thank,ze,day,mas
ice,beautiful,great,loves,excellent,awesome,highly,wonderful,potatoes,ever,perfect,cake,love,happy,glad,best,opens,perfectly,keeps,easy,pleased,thank,ze,day,mas
ice,beautiful,great,loves,excellent,awesome,highly,wonderful,potatoes,ever,perfect,cake,love,happy,glad,best,opens,perfectly,keeps,easy,pleased,thank,ze,day,mas
ice,beautiful,great,loves,excellent,awesome,highly,wonderful,potatoes,ever,perfect,cake,love,happy,glad,best,opens,perfectly,keeps,easy,pleased,thank,ze,day,mas
ice,beautiful,great,loves,excellent,awesome,highly,wonderful,potatoes,ever,perfect,cake,love,happy,glad,best,opens,perfectly,keeps,easy,pleased,thank,ze,day,mas
ice,beautiful,great,loves,excellent,awesome,highly,wonderful,potatoes,ever,perfect,cake,love,happy,glad,best,opens,perfectly,keeps,easy,pleased,thank,ze,day,mas
ice,beautiful,great,loves,excellent,awesome,highly,wonderful,potatoes,ever,perfect,cake,love,happy,glad,best,opens,perfectly,keeps,easy,pleased,thank,ze,day,mas
ice,beautiful,great,loves,excellent,awesome,highly,wonderful,potatoes,ever,perfect,cake,love,happy,glad,best,opens,perfectly,keeps,easy,pleased,thank,ze,day,mas
ice,beautiful,great,loves,excellent,awesome,highly,wonderful,potatoes,ever,perfect,cake,love,happy,glad,best,opens,perfectly,keeps,easy,pleased,thank,ze,day,mas
ice,beautiful,great,loves,excellent,awesome,highly,wonderful,potatoes,ever,perfect,cake,love,happy,glad,best,opens,perfectly,keeps,easy,pleased,thank,ze,day,mas
ice,beautiful,great,loves,excellent,awesome,highly,wonderful,potatoes,ever,perfect,cake,love,happy,glad,best,opens,perfectly,keeps,easy,pleased,thank,ze,day,mas
ice,beautiful,great,loves,excellent,awesome,highly,wonderful,potatoes,ever,perfect,cake,love,happy,glad,best,opens,perfectly,keeps,easy,pleased,thank,ze,day,mas
ice,beautiful,great,loves,excellent,awesome,highly,wonderful,potatoes,ever,perfect,cake,love,happy,glad,best,opens,perfectly,keeps,easy,pleased,thank,ze,day,mas
ice,beautiful,great,loves,excellent,awesome,highly,wonderful,potatoes,ever,perfect,cake,love,happy,glad,best,opens,perfectly,keeps,easy,pleased,thank,ze,day,mas
ice,beautiful,great,loves,excellent,awesome,highly,wonderful,potatoes,ever,perfect,cake,love,happy,glad,best,opens,perfectly,keeps,easy,pleased,thank,ze,day,mas
ice,beautiful,great,loves,excellent,awesome,highly,wonderful,potatoes,ever,perfect,cake,love,happy,glad,best,opens,perfectly,keeps,easy,pleased,thank,ze,day,mas
ice,beautiful,great,loves,excellent,awesome,highly,wonderful,potatoes,ever,perfect,cake,love,happy,glad,best,opens,perfectly,keeps,easy,pleased,thank,ze,day,mas
ice,beautiful,great,loves,excellent,awesome,highly,wonderful,potatoes,ever,perfect,cake,love,happy,glad,best,opens,perfectly,keeps,easy,pleased,thank,ze,day,mas
ice,beautiful,great,loves,excellent,awesome,highly,wonderful,potatoes,ever,perfect,cake,love,happy,glad,best,opens,perfectly,keeps,easy,pleased,thank,ze,day,mas
ice,beautiful,great,loves,excellent,awesome,highly,wonderful,potatoes,ever,perfect,cake,love,happy,glad,best,opens,perfectly,keeps,easy,pleased,thank,ze,day,mas
ice,beautiful,great,loves,excellent,awesome,highly,wonderful,potatoes,ever,perfect,cake,love,happy,glad,best,opens,perfectly,keeps,easy,pleased,thank,ze,day,mas
ice,beautiful,great,loves,excellent,awesome,highly,wonderful,potatoes,ever,perfect,cake,love,happy,glad,best,opens,perfectly,keeps,easy,pleased,thank,ze,day,mas
ice,beautiful,great,loves,excellent,awesome,highly,wonderful,potatoes,ever,perfect,cake,love,happy,glad,best,opens,perfectly,keeps,easy,pleased,thank,ze,day,mas
ice,beautiful,great,loves,excellent,awesome,highly,wonderful,potatoes,ever,perfect,cake,love,happy,glad,best,opens,perfectly,keeps,easy,pleased,thank,ze,day,mas
ice,beautiful,great,loves,excellent,awesome,highly,wonderful,potatoes,ever,perfect,cake,love,happy,glad,best,opens,perfectly,keeps,easy,pleased,thank,ze,day,mas
ice,beautiful,great,loves,excellent,awesome,highly,wonderful,potatoes,ever,perfect,cake,love,happy,glad,best,opens,perfectly,keeps,easy,pleased,thank,ze,day,mas
ice,beautiful,great,loves,excellent,awesome,highly,wonderful,potatoes,ever,perfect,cake,love,happy,glad,best,opens,perfectly,keeps,easy,pleased,thank,ze,day,mas
ice,beautiful,great,loves,excellent,awesome,highly,wonderful,potatoes,ever,perfect,cake,love,happy,glad,best,opens,perfectly,keeps,easy,pleased,thank,ze,day,mas
ice,beautiful,great,loves,excellent,awesome,highly,wonderful,potatoes,ever,perfect,cake,love,happy,glad,best,opens,perfectly,keeps,easy,pleased,thank,ze,day,mas
ice,beautiful,great,loves,excellent,awesome,highly,wonderful,potatoes,ever,perfect,cake,love,happy,glad,best,opens,perfectly,keeps,easy,pleased,thank,ze,day,mas
ice,beautiful,great,loves,excellent,awesome,highly,wonderful,potatoes,ever,perfect,cake,love,happy,glad,best,opens,perfectly,keeps,easy,pleased,thank,ze,day,mas
ice,beautiful,great,loves,excellent,awesome,highly,wonderful,potatoes,ever,perfect,cake,love,happy,glad,best,opens,perfectly,keeps,easy,pleased,thank,ze,day,mas
ice,beautiful,great,loves,excellent,awesome,highly,wonderful,potatoes,ever,perfect,cake,love,happy,glad,best,opens,perfectly,keeps,easy,pleased,thank,ze,day,mas
ice,beautiful,great,loves,excellent,awesome,highly,wonderful,potatoes,ever,perfect,cake,love,happy,glad,best,opens,perfectly,keeps,easy,pleased,thank,ze,day,mas
ice,beautiful,great,loves,excellent,awesome,highly,wonderful,potatoes,ever,perfect,cake,love,happy,glad,best,opens,perfectly,keeps,easy,pleased,thank,ze,day,mas
ice,beautiful,great,loves,excellent,awesome,highly,wonderful,potatoes,ever,perfect,cake,love,happy,glad,best,opens,perfectly,keeps,easy,pleased,thank,ze,day,mas
ice,beautiful,great,loves,excellent,awesome,highly,wonderful,potatoes,ever,perfect,cake,love,happy,glad,best,opens,perfectly,keeps,easy,pleased,thank,ze,day,mas
ice,beautiful,great,loves,excellent,awesome,highly,wonderful,potatoes,ever,perfect,cake,love,happy,glad,best,opens,perfectly,keeps,easy,pleased,thank,ze,day,mas
ice,beautiful,great,loves,excellent,awesome,highly,wonderful,potatoes,ever,perfect,cake,love,happy,glad,best,opens,perfectly,keeps,easy,pleased,thank,ze,day,mas
ice,beautiful,great,loves,excellent,awesome,highly,wonderful,potatoes,ever,perfect,cake,love,happy,glad,best,opens,perfectly,keeps,easy,pleased,thank,ze,day,mas
ice,beautiful,great,loves,excellent,awesome,highly,wonderful,potatoes,ever,perfect,cake,love,happy,glad,best,opens,perfectly,keeps,easy,pleased,thank,ze,day,mas
ice,beautiful,great,loves,excellent,awesome,highly,wonderful,potatoes,ever,perfect,cake,love,happy,glad,best,opens,perfectly,keeps,easy,pleased,thank,ze,day,mas
ice,beautiful,great,loves,excellent,awesome,highly,wonderful,potatoes,ever,perfect,cake,love,happy,glad,best,opens,perfectly,keeps,easy,pleased,thank,ze,day,mas
ice,beautiful,great,loves,excellent,awesome,highly,wonderful,potatoes,ever,perfect,cake,love,happy,glad,best,opens,perfectly,keeps,easy,pleased,thank,ze,day,mas
ice,beautiful,great,loves,excellent,awesome,highly,wonderful,potatoes,ever,perfect,cake,love,happy,glad,best,opens,perfectly,keeps,easy,pleased,thank,ze,day,mas
ice,beautiful,great,loves,excellent,awesome,highly,wonderful,potatoes,ever,perfect,cake,love,happy,glad,best,opens,perfectly,keeps,easy,pleased,thank,ze,day,mas
ice,beautiful,great,loves,excellent,awesome,highly,wonderful,potatoes,ever,perfect,cake,love,happy,glad,best,opens,perfectly,keeps,easy,pleased,thank,ze,day,mas
ice,beautiful,great,loves,excellent,awesome,highly,wonderful,potatoes,ever,perfect,cake,love,happy,glad,best,opens,perfectly,keeps,easy,pleased,thank,ze,day,mas
ice,beautiful,great,loves,excellent,awesome,highly,wonderful,potatoes,ever,perfect,cake,love,happy,glad,best,opens,perfectly,keeps,easy,pleased,thank,ze,day,mas
ice,beautiful,great,loves,excellent,awesome,highly,wonderful,potatoes,ever,perfect,cake,love,happy,glad,best,opens,perfectly,keeps,easy,pleased,thank,ze,day,mas
ice,beautiful,great,loves,excellent,awesome,highly,wonderful,potatoes,ever,perfect,cake,love,happy,glad,best,opens,perfectly,keeps,easy,pleased,thank,ze,day,mas
ice,beautiful,great,loves,excellent,awesome,highly,wonderful,potatoes,ever,perfect,cake,love,happy,glad,best,opens,perfectly,keeps,easy,pleased,thank,ze,day,mas
ice,beautiful,great,loves,excellent,awesome,highly,wonderful,potatoes,ever,perfect,cake,love,happy,glad,best,opens,perfectly,keeps,easy,pleased,thank,ze,day,mas
ice,beautiful,great,loves,excellent,awesome,highly,wonderful,potatoes,ever,perfect,cake,love,happy,glad,best,opens,perfectly,keeps,easy,pleased,thank,ze,day,mas
ice,beautiful,great,loves,excellent,awesome,highly,wonderful,potatoes,ever,perfect,cake,love,happy,glad,best,opens,perfectly,keeps,easy,pleased,thank,ze,day,mas
ice,beautiful,great,loves,excellent,awesome,highly,wonderful,potatoes,ever,perfect,cake,love,happy,glad,best,opens,perfectly,keeps,easy,pleased,thank,ze,day,mas
ice,beautiful,great,loves,excellent,awesome,highly,wonderful,potatoes,ever,perfect,cake,love,happy,glad,best,opens,perfectly,keeps,easy,pleased,thank,ze,day,mas
ice,beautiful,great,loves,excellent,awesome,highly,wonderful,potatoes,ever,perfect,cake,love,happy,glad,best,opens,perfectly,keeps,easy,pleased,thank,ze,day,mas
ice,beautiful,great,loves,excellent,awesome,highly,wonderful,potatoes,ever,perfect,cake,love,happy,glad,best,opens,perfectly,keeps,easy,pleased,thank,ze,day,mas
ice,beautiful,great,loves,excellent,awesome,highly,wonderful,potatoes,ever,perfect,cake,love,happy,glad,best,opens,perfectly,keeps,easy,pleased,thank,ze,day,mas
ice,beautiful,great,loves,excellent,awesome,highly,wonderful,potatoes,ever,perfect,cake,love,happy,glad,best,opens,perfectly,keeps,easy,pleased,thank,ze,day,mas
ice,beautiful,great,loves,excellent,awesome,highly,wonderful,potatoes,ever,perfect,cake,love,happy,glad,best,opens,perfectly,keeps,easy,pleased,thank,ze,day,mas
ice,beautiful,great,loves,excellent,awesome,highly,wonderful,potatoes,ever,perfect,cake,love,happy,glad,best,opens,perfectly,keeps,easy,pleased,thank,ze,day,mas
ice,beautiful,great,loves,excellent,awesome,highly,wonderful,potatoes,ever,perfect,cake,love,happy,glad,best,opens,perfectly,keeps,easy,pleased,thank,ze,day,mas
ice,beautiful,great,loves,excellent,awesome,highly,wonderful,potatoes,ever,perfect,cake,love,happy,glad,best,opens,perfectly,keeps,easy,pleased,thank,ze,day,mas
ice,beautiful,great,loves,excellent,awesome,highly,wonderful,potatoes,ever,perfect,cake,love,happy,glad,best,opens,perfectly,keeps,easy,pleased,thank,ze,day,mas
ice,beautiful,great,loves,excellent,awesome,highly,wonderful,potatoes,ever,perfect,cake,love,happy,glad,best,opens,perfectly,keeps,easy,pleased,thank,ze,day,mas
ice,beautiful,great,loves,excellent,awesome,highly,wonderful,potatoes,ever,perfect,cake,love,happy,glad,best,opens,perfectly,keeps,easy,pleased,thank,ze,day,mas
ice,beautiful,great,loves,excellent,awesome,highly,wonderful,potatoes,ever,perfect,cake,love,happy,glad,best,opens,perfectly,keeps,easy,pleased,thank,ze,day,mas
ice,beautiful,great,loves,excellent,awesome,highly,wonderful,potatoes,ever,perfect,cake,love,happy,glad,best,opens,perfectly,keeps,easy,pleased,thank,ze,day,mas
ice,beautiful,great,loves,excellent,awesome,highly,wonderful,potatoes,ever,perfect,cake,love,happy,glad,best,opens,perfectly,keeps,easy,pleased,thank,ze,day,mas
ice,beautiful,great,loves,excellent,awesome,highly,wonderful,potatoes,ever,perfect,cake,love,happy,glad,best,opens,perfectly,keeps,easy,pleased,thank,ze,day,mas
ice,beautiful,great,loves,excellent,awesome,highly,wonderful,potatoes,ever,perfect,cake,love,happy,glad,best,opens,perfectly,keeps,easy,pleased,thank,ze,day,mas
ice,beautiful,great,loves,excellent,awesome,highly,wonderful,potatoes,ever,perfect,cake,love,happy,glad,best,opens,perfectly,keeps,easy,pleased,thank,ze,day,mas
ice,beautiful,great,loves,excellent,awesome,highly,wonderful,potatoes,ever,perfect,cake,love,happy,glad,best,opens,perfectly,keeps,easy,pleased,thank,ze,day,mas
ice,beautiful,great,loves,excellent,awesome,highly,wonderful,potatoes,ever,perfect,cake,love,happy,glad,best,opens,perfectly,keeps,easy,pleased,thank,ze,day,mas
ice,beautiful,great,loves,excellent,awesome,highly,wonderful,potatoes,ever,perfect,cake,love,happy,glad,best,opens,perfectly,keeps,easy,pleased,thank,ze,day,mas
ice,beautiful,great,loves,excellent,awesome,highly,wonderful,potatoes,ever,perfect,cake,love,happy,glad,best,opens,perfectly,keeps,easy,pleased,thank,ze,day,mas
ice,beautiful,great,loves,excellent,awesome,highly,wonderful,potatoes,ever,perfect,cake,love,happy,glad,best,opens,perfectly,keeps,easy,pleased,thank,ze,day,mas
ice,beautiful,great,loves,excellent,awesome,highly,wonderful,potatoes,ever,perfect,cake,love,happy,glad,best,opens,perfectly,keeps,easy,pleased,thank,ze,day,mas
ice,beautiful,great,loves,excellent,awesome,highly,wonderful,potatoes,ever,perfect,cake,love,happy,glad,best,opens,perfectly,keeps,easy,pleased,thank,ze,day,mas
ice,beautiful,great,loves,excellent,awesome,highly,wonderful,potatoes,ever,perfect,cake,love,happy,glad,best,opens,perfectly,keeps,easy,pleased,thank,ze,day,mas
ice,beautiful,great,loves,excellent,awesome,highly,wonderful,potatoes,ever,perfect,cake,love,happy,glad,best,opens,perfectly,keeps,easy,pleased,thank,ze,day,mas
ice,beautiful,great,loves,excellent,awesome,highly,wonderful,potatoes,ever,perfect,cake,love,happy,glad,best,opens,perfectly,keeps,easy,pleased,thank,ze,day,mas
ice,beautiful,great,loves,excellent,awesome,highly,wonderful,potatoes,ever,perfect,cake,love,happy,glad,best,opens,perfectly,keeps,easy,pleased,thank,ze,day,mas
ice,beautiful,great,loves,excellent,awesome,highly,wonderful,potatoes,ever,perfect,cake,love,happy,glad,best,opens,perfectly,keeps,easy,pleased,thank,ze,day,mas
ice,beautiful,great,loves,excellent,awesome,highly,wonderful,potatoes,ever,perfect,cake,love,happy,glad,best,opens,perfectly,keeps,easy,pleased,thank,ze,day,mas
ice,beautiful,great,loves,excellent,awesome,highly,wonderful,potatoes,ever,perfect,cake,love,happy,glad,best,opens,perfectly,keeps,easy,pleased,thank,ze,day,mas
ice,beautiful,great,loves,excellent,awesome,highly,wonderful,potatoes,ever,perfect,cake,love,happy,glad,best,opens,perfectly,keeps,easy,pleased,thank,ze,day,mas
ice,beautiful,great,loves,excellent,awesome,highly,wonderful,potatoes,ever,perfect,cake,love,happy,glad,best,opens,perfectly,keeps,easy,pleased,thank,ze,day,mas
ice,beautiful,great,loves,excellent,awesome,highly,wonderful,potatoes,ever,perfect,cake,love,happy,glad,best,opens,perfectly,keeps,easy,pleased,thank,ze,day,mas
ice,beautiful,great,loves,excellent,awesome,highly,wonderful,potatoes,ever,perfect,cake,love,happy,glad,best,opens,perfectly,keeps,easy,pleased,thank,ze,day,mas
ice,beautiful,great,loves,excellent,awesome,highly,wonderful,potatoes,ever,perfect,cake,love,happy,glad,best,opens,perfectly,keeps,easy,pleased,thank,ze,day,mas
ice,beautiful,great,loves,excellent,awesome,highly,wonderful,potatoes,ever,perfect,cake,love,happy,glad,best,opens,perfectly,keeps,easy,pleased,thank,ze,day,mas
ice,beautiful,great,loves,excellent,awesome,highly,wonderful,potatoes,ever,perfect,cake,love,happy,glad,best,opens,perfectly,keeps,easy,pleased,thank,ze,day,mas
ice,beautiful,great,loves,excellent,awesome,highly,wonderful,potatoes,ever,perfect,cake,love,happy,glad,best,opens,perfectly,keeps,easy,pleased,thank,ze,day,mas
ice,beautiful,great,loves,excellent,awesome,highly,wonderful,potatoes,ever,perfect,cake,love,happy,glad,best,opens,perfectly,keeps,easy,pleased,thank,ze,day,mas
ice,beautiful,great,loves,excellent,awesome,highly,wonderful,potatoes,ever,perfect,cake,love,happy,glad,best,opens,perfectly,keeps,easy,pleased,thank,ze,day,mas
ice,beautiful,great,loves,excellent,awesome,highly,wonderful,potatoes,ever,perfect,cake,love,happy,glad,best,opens,perfectly,keeps,easy,pleased,thank,ze,day,mas
ice,beautiful,great,loves,excellent,awesome,highly,wonderful,potatoes,ever,perfect,cake,love,happy,glad,best,opens,perfectly,keeps,easy,pleased,thank,ze,day,mas
ice,beautiful,great,loves,excellent,awesome,highly,wonderful,potatoes,ever,perfect,cake,love,happy,glad,best,opens,perfectly,keeps,easy,pleased,thank,ze,day,mas
ice,beautiful,great,loves,excellent,awesome,highly,wonderful,potatoes,ever,perfect,cake,love,happy,glad,best,opens,perfectly,keeps,easy,pleased,thank,ze,day,mas
ice,beautiful,great,loves,excellent,awesome,highly,wonderful,potatoes,ever,perfect,cake,love,happy,glad,best,opens,perfectly,keeps,easy,pleased,thank,ze,day,mas
ice,beautiful,great,loves,excellent,awesome,highly,wonderful,potatoes,ever,perfect,cake,love,happy,glad,best,opens,perfectly,keeps,easy,pleased,thank,ze,day,mas
ice,beautiful,great,loves,excellent,awesome,highly,wonderful,potatoes,ever,perfect,cake,love,happy,glad,best,opens,perfectly,keeps,easy,pleased,thank,ze,day,mas
ice,beautiful,great,loves,excellent,awesome,highly,wonderful,potatoes,ever,perfect,cake,love,happy,glad,best,opens,perfectly,keeps,easy,pleased,thank,ze,day,mas
ice,beautiful,great,loves,excellent,awesome,highly,wonderful,potatoes,ever,perfect,cake,love,happy,glad,best,opens,perfectly,keeps,easy,pleased,thank,ze,day,mas
ice,beautiful,great,loves,excellent,awesome,highly,wonderful,potatoes,ever,perfect,cake,love,happy,glad,best,opens,perfectly,keeps,easy,pleased,thank,ze,day,mas
ice,beautiful,great,loves,excellent,awesome,highly,wonderful,potatoes,ever,perfect,cake,love,happy,glad,best,opens,perfectly,keeps,easy,pleased,thank,ze,day,mas
ice,beautiful,great,loves,excellent,awesome,highly,wonderful,potatoes,ever,perfect,cake,love,happy,glad,best,opens,perfectly,keeps,easy,pleased,thank,ze,day,mas
ice,beautiful,great,loves,excellent,awesome,highly,wonderful,potatoes,ever,perfect,cake,love,happy,glad,best,opens,perfectly,keeps,easy,pleased,thank,ze,day,mas
ice,beautiful,great,loves,excellent,awesome,highly,wonderful,potatoes,ever,perfect,cake,love,happy,glad,best,opens,perfectly,keeps,easy,pleased,thank,ze,day,mas
ice,beautiful,great,loves,excellent,awesome,highly,wonderful,potatoes,ever,perfect,cake,love,happy,glad,best,opens,perfectly,keeps,easy,pleased,thank,ze,day,mas
ice,beautiful,great,loves,excellent,awesome,highly,wonderful,potatoes,ever,perfect,cake,love,happy,glad,best,opens,perfectly,keeps,easy,pleased,thank,ze,day,mas
ice,beautiful,great,loves,excellent,awesome,highly,wonderful,potatoes,ever,perfect,cake,love,happy,glad,best,opens,perfectly,keeps,easy,pleased,thank,ze,day,mas
ice,beautiful,great,loves,excellent,awesome,highly,wonderful,potatoes,ever,perfect,cake,love,happy,glad,best,opens,perfectly,keeps,easy,pleased,thank,ze,day,mas
ice,beautiful,great,loves,excellent,awesome,highly,wonderful,potatoes,ever,perfect,cake,love,happy,glad,best,opens,perfectly,keeps,easy,pleased,thank,ze,day,mas
ice,beautiful,great,loves,excellent,awesome,highly,wonderful,potatoes,ever,perfect,cake,love,happy,glad,best,opens,perfectly,keeps,easy,pleased,thank,ze,day,mas
ice,beautiful,great,loves,excellent,awesome,highly,wonderful,potatoes,ever,perfect,cake,love,happy,glad,best,opens,perfectly,keeps,easy,pleased,thank,ze,day,mas
ice,beautiful,great,loves,excellent,awesome,highly,wonderful,potatoes,ever,perfect,cake,love,happy,glad,best,opens,perfectly,keeps,easy,pleased,thank,ze,day,mas
ice,beautiful,great,loves,excellent,awesome,highly,wonderful,potatoes,ever,perfect,cake,love,happy,glad,best,opens,perfectly,keeps,easy,pleased,thank,ze,day,mas
ice,beautiful,great,loves,excellent,awesome,highly,wonderful,potatoes,ever,perfect,cake,love,happy,glad,best,opens,perfectly,keeps,easy,pleased,thank,ze,day,mas
ice,beautiful,great,loves,excellent,awesome,highly,wonderful,potatoes,ever,perfect,cake,love,happy,glad,best,opens,perfectly,keeps,easy,pleased,thank,ze,day,mas
ice,beautiful,great,loves,excellent,awesome,highly,wonderful,potatoes,ever,perfect,cake,love,happy,glad,best,opens,perfectly,keeps,easy,pleased,thank,ze,day,mas
ice,beautiful,great,loves,excellent,awesome,highly,wonderful,potatoes,ever,perfect,cake,love,happy,glad,best,opens,perfectly,keeps,easy,pleased,thank,ze,day,mas
ice,beautiful,great,loves,excellent,awesome,highly,wonderful,potatoes,ever,perfect,cake,love,happy,glad,best,opens,perfectly,keeps,easy,pleased,thank,ze,day,mas
ice,beautiful,great,loves,excellent,awesome,highly,wonderful,potatoes,ever,perfect,cake,love,happy,glad,best,opens,perfectly,keeps,easy,pleased,thank,ze,day,mas
ice,beautiful,great,loves,excellent,awesome,highly,wonderful,potatoes,ever,perfect,cake,love,happy,glad,best,opens,perfectly,keeps,easy,pleased,thank,ze,day,mas
ice,beautiful,great,loves,excellent,awesome,highly,wonderful,potatoes,ever,perfect,cake,love,happy,glad,best,opens,perfectly,keeps,easy,pleased,thank,ze,day,mas
ice,beautiful,great,loves,excellent,awesome,highly,wonderful,potatoes,ever,perfect,cake,love,happy,glad,best,opens,perfectly,keeps,easy,pleased,thank,ze,day,mas
ice,beautiful,great,loves,excellent,awesome,highly,wonderful,potatoes,ever,perfect,cake,love,happy,glad,best,opens,perfectly,keeps,easy,pleased,thank,ze,day,mas
ice,beautiful,great,loves,excellent,awesome,highly,wonderful,potatoes,ever,perfect,cake,love,happy,glad,best,opens,perfectly,keeps,easy,pleased,thank,ze,day,mas
ice,beautiful,great,loves,excellent,awesome,highly,wonderful,potatoes,ever,perfect,cake,love,happy,glad,best,opens,perfectly,keeps,easy,pleased,thank,ze,day,mas
ice,beautiful,great,loves,excellent,awesome,highly,wonderful,potatoes,ever,perfect,cake,love,happy,glad,best,opens,perfectly,keeps,easy,pleased,thank,ze,day,mas
ice,beautiful,great,loves,excellent,awesome,highly,wonderful,potatoes,ever,perfect,cake,love,happy,glad,best,opens,perfectly,keeps,easy,pleased,thank,ze,day,mas
ice,beautiful,great,loves,excellent,awesome,highly,wonderful,potatoes,ever,perfect,cake,love,happy,glad,best,opens,perfectly,keeps,easy,pleased,thank,ze,day,mas
ice,beautiful,great,loves,excellent,awesome,highly,wonderful,potatoes,ever,perfect,cake,love,happy,glad,best,opens,perfectly,keeps,easy,pleased,thank,ze,day,mas
ice,beautiful,great,loves,excellent,awesome,highly,wonderful,potatoes,ever,perfect,cake,love,happy,glad,best,opens,perfectly,keeps,easy,pleased,thank,ze,day,mas
ice,beautiful,great,loves,excellent,awesome,highly,wonderful,potatoes,ever,perfect,cake,love,happy,glad,best,opens,perfectly,keeps,easy,pleased,thank,ze,day,mas
ice,beautiful,great,loves,excellent,awesome,highly,wonderful,potatoes,ever,perfect,cake,love,happy,glad,best,opens,perfectly,keeps,easy,pleased,thank,ze,day,mas
ice,beautiful,great,loves,excellent,awesome,highly,wonderful,potatoes,ever,perfect,cake,love,happy,glad,best,opens,perfectly,keeps,easy,pleased,thank,ze,day,mas
ice,beautiful,great,loves,excellent,awesome,highly,wonderful,potatoes,ever,perfect,cake,love,happy,glad,best,opens,perfectly,keeps,easy,pleased,thank,ze,day,mas
ice,beautiful,great,loves,excellent,awesome,highly,wonderful,potatoes,ever,perfect,cake,love,happy,glad,best,opens,perfectly,keeps,easy,pleased,thank,ze,day,mas
ice,beautiful,great,loves,excellent,awesome,highly,wonderful,potatoes,ever,perfect,cake,love,happy,glad,best,opens,perfectly,keeps,easy,pleased,thank,ze,day,mas
ice,beautiful,great,loves,excellent,awesome,highly,wonderful,potatoes,ever,perfect,cake,love,happy,glad,best,opens,perfectly,keeps,easy,pleased,thank,ze,day,mas
ice,beautiful,great,loves,excellent,awesome,highly,wonderful,potatoes,ever,perfect,cake,love,happy,glad,best,opens,perfectly,keeps,easy,pleased,thank,ze,day,mas
ice,beautiful,great,loves,excellent,awesome,highly,wonderful,potatoes,ever,perfect,cake,love,happy,glad,best,opens,perfectly,keeps,easy,pleased,thank,ze,day,mas
ice,beautiful,great,loves,excellent,awesome,highly,wonderful,potatoes,ever,perfect,cake,love,happy,glad,best,opens,perfectly,keeps,easy,pleased,thank,ze,day,mas
ice,beautiful,great,loves,excellent,awesome,highly,wonderful,potatoes,ever,perfect,cake,love,happy,glad,best,opens,perfectly,keeps,easy,pleased,thank,ze,day,mas
ice,beautiful,great,loves,excellent,awesome,highly,wonderful,potatoes,ever,perfect,cake,love,happy,glad,best,opens,perfectly,keeps,easy,pleased,thank,ze,day,mas
ice,beautiful,great,loves,excellent,awesome,highly,wonderful,potatoes,ever,perfect,cake,love,happy,glad,best,opens,perfectly,keeps,easy,pleased,thank,ze,day,mas
ice,beautiful,great,loves,excellent,awesome,highly,wonderful,potatoes,ever,perfect,cake,love,happy,glad,best,opens,perfectly,keeps,easy,pleased,thank,ze,day,mas
ice,beautiful,great,loves,excellent,awesome,highly,wonderful,potatoes,ever,perfect,cake,love,happy,glad,best,opens,perfectly,keeps,easy,pleased,thank,ze,day,mas
ice,beautiful,great,loves,excellent,awesome,highly,wonderful,potatoes,ever,perfect,cake,love,happy,glad,best,opens,perfectly,keeps,easy,pleased,thank,ze,day,mas
ice,beautiful,great,loves,excellent,awesome,highly,wonderful,potatoes,ever,perfect,cake,love,happy,glad,best,opens,perfectly,keeps,easy,pleased,thank,ze,day,mas
ice,beautiful,great,loves,excellent,awesome,highly,wonderful,potatoes,ever,perfect,cake,love,happy,glad,best,opens,perfectly,keeps,easy,pleased,thank,ze,day,mas
ice,beautiful,great,loves,excellent,awesome,highly,wonderful,potatoes,ever,perfect,cake,love,happy,glad,best,opens,perfectly,keeps,easy,pleased,thank,ze,day,mas
ice,beautiful,great,loves,excellent,awesome,highly,wonderful,potatoes,ever,perfect,cake,love,happy,glad,best,opens,perfectly,keeps,easy,pleased,thank,ze,day,mas
ice,beautiful,great,loves,excellent,awesome,highly,wonderful,potatoes,ever,perfect,cake,love,happy,glad,best,opens,perfectly,keeps,easy,pleased,thank,ze,day,mas
ice,beautiful,great,loves,excellent,awesome,highly,wonderful,potatoes,ever,perfect,cake,love,happy,glad,best,opens,perfectly,keeps,easy,pleased,thank,ze,day,mas
ice,beautiful,great,loves,excellent,awesome,highly,wonderful,potatoes,ever,perfect,cake,love,happy,glad,best,opens,perfectly,keeps,easy,pleased,thank,ze,day,mas
ice,beautiful,great,loves,excellent,awesome,highly,wonderful,potatoes,ever,perfect,cake,love,happy,glad,best,opens,perfectly,keeps,easy,pleased,thank,ze,day,mas
ice,beautiful,great,loves,excellent,awesome,highly,wonderful,potatoes,ever,perfect,cake,love,happy,glad,best,opens,perfectly,keeps,easy,pleased,thank,ze,day,mas
ice,beautiful,great,loves,excellent,awesome,highly,wonderful,potatoes,ever,perfect,cake,love,happy,glad,best,opens,perfectly,keeps,easy,pleased,thank,ze,day,mas
ice,beautiful,great,loves,excellent,awesome,highly,wonderful,potatoes,ever,perfect,cake,love,happy,glad,best,opens,perfectly,keeps,easy,pleased,thank,ze,day,mas
ice,beautiful,great,loves,excellent,awesome,highly,wonderful,potatoes,ever,perfect,cake,love,happy,glad,best,opens,perfectly,keeps,easy,pleased,thank,ze,day,mas
ice,beautiful,great,loves,excellent,awesome,highly,wonderful,potatoes,ever,perfect,cake,love,happy,glad,best,opens,perfectly,keeps,easy,pleased,thank,ze,day,mas
ice,beautiful,great,loves,excellent,awesome,highly,wonderful,potatoes,ever,perfect,cake,love,happy,glad,best,opens,perfectly,keeps,easy,pleased,thank,ze,day,mas
ice,beautiful,great,loves,excellent,awesome,highly,wonderful,potatoes,ever,perfect,cake,love,happy,glad,best,opens,perfectly,keeps,easy,pleased,thank,ze,day,mas
ice,beautiful,great,loves,excellent,awesome,highly,wonderful,potatoes,ever,loved,perfect,cake,love,happy,glad,best,opens,perfectly,easy,pleased,thank,ze,day,mas
ice,beautiful,great,loves,excellent,awesome,highly,wonderful,potatoes,ever,loved,perfect,cake,love,happy,glad,best,opens,perfectly,easy,pleased,thank,ze,day,mas
ice,beautiful,great,loves,excellent,awesome,highly,wonderful,potatoes,ever,loved,perfect,cake,love,happy,glad,best,opens,perfectly,easy,pleased,thank,ze,day,mas
ice,beautiful,great,loves,excellent,awesome,highly,wonderful,potatoes,ever,loved,perfect,cake,love,happy,glad,best,opens,perfectly,easy,pleased,thank,ze,day,mas
ice,beautiful,great,loves,excellent,awesome,highly,wonderful,potatoes,ever,loved,perfect,cake,love,happy,glad,best,opens,perfectly,easy,pleased,thank,ze,day,mas
ice,beautiful,great,loves,excellent,awesome,highly,wonderful,potatoes,ever,loved,perfect,cake,love,happy,glad,best,opens,perfectly,easy,pleased,thank,ze,day,mas
ice,beautiful,great,loves,excellent,awesome,highly,wonderful,potatoes,ever,loved,perfect,cake,love,happy,glad,best,opens,perfectly,easy,pleased,thank,ze,day,mas
ice,beautiful,great,loves,excellent,awesome,highly,wonderful,potatoes,ever,loved,perfect,cake,love,happy,glad,best,opens,perfectly,easy,pleased,thank,ze,day,mas
ice,beautiful,great,loves,excellent,awesome,highly,wonderful,potatoes,ever,loved,perfect,cake,love,happy,glad,best,opens,perfectly,easy,pleased,thank,ze,day,mas
ice,beautiful,great,loves,excellent,awesome,highly,wonderful,potatoes,ever,loved,perfect,cake,love,happy,glad,best,opens,perfectly,easy,pleased,thank,ze,day,mas
ice,beautiful,great,loves,excellent,awesome,highly,wonderful,potatoes,ever,loved,perfect,cake,love,happy,glad,best,opens,perfectly,easy,pleased,thank,ze,day,mas
ice,beautiful,great,loves,excellent,awesome,highly,wonderful,potatoes,ever,loved,perfect,cake,love,happy,glad,best,opens,perfectly,easy,pleased,thank,ze,day,mas
ice,beautiful,great,loves,excellent,awesome,highly,wonderful,potatoes,ever,loved,perfect,cake,love,happy,glad,best,opens,perfectly,easy,pleased,thank,ze,day,mas
ice,beautiful,great,loves,excellent,awesome,highly,wonderful,potatoes,ever,loved,perfect,cake,love,happy,glad,best,opens,perfectly,easy,pleased,thank,ze,day,mas
ice,beautiful,great,loves,excellent,awesome,highly,wonderful,potatoes,ever,loved,perfect,cake,love,happy,glad,best,opens,perfectly,easy,pleased,thank,ze,day,mas
ice,beautiful,great,loves,excellent,awesome,highly,wonderful,potatoes,ever,loved,perfect,cake,love,happy,glad,best,opens,perfectly,easy,pleased,thank,ze,day,mas
ice,beautiful,great,loves,excellent,awesome,highly,wonderful,potatoes,ever,loved,perfect,cake,love,happy,glad,best,opens,perfectly,easy,pleased,thank,ze,day,mas
ice,beautiful,great,loves,excellent,awesome,highly,wonderful,potatoes,ever,loved,perfect,cake,love,happy,glad,best,opens,perfectly,easy,pleased,thank,ze,day,mas
ice,beautiful,great,loves,excellent,awesome,highly,wonderful,potatoes,ever,loved,perfect,cake,love,happy,glad,best,opens,perfectly,easy,pleased,thank,ze,day,mas
ice,beautiful,great,loves,excellent,awesome,highly,wonderful,potatoes,ever,loved,perfect,cake,love,happy,glad,best,opens,perfectly,easy,pleased,thank,ze,day,mas
ice,beautiful,great,loves,excellent,awesome,highly,wonderful,potatoes,ever,loved,perfect,cake,love,happy,glad,best,opens,perfectly,easy,pleased,thank,ze,day,mas
ice,beautiful,great,loves,excellent,awesome,highly,wonderful,potatoes,ever,loved,perfect,cake,love,happy,glad,best,opens,perfectly,easy,pleased,thank,ze,day,mas
ice,beautiful,great,loves,excellent,awesome,highly,wonderful,potatoes,ever,loved,perfect,cake,love,happy,glad,best,opens,perfectly,easy,pleased,thank,ze,day,mas
ice,beautiful,great,loves,excellent,awesome,highly,wonderful,potatoes,ever,loved,perfect,cake,love,happy,glad,best,opens,perfectly,easy,pleased,thank,ze,day,mas
ice,beautiful,great,loves,excellent,awesome,highly,wonderful,potatoes,ever,loved,perfect,cake,love,happy,glad,best,opens,perfectly,easy,pleased,thank,ze,day,mas
ice,beautiful,great,loves,excellent,awesome,highly,wonderful,potatoes,ever,loved,perfect,cake,love,happy,glad,best,opens,perfectly,easy,pleased,thank,ze,day,mas
ice,beautiful,great,loves,excellent,awesome,highly,wonderful,potatoes,ever,loved,perfect,cake,love,happy,glad,best,opens,perfectly,easy,pleased,thank,ze,day,mas
ice,beautiful,great,loves,excellent,awesome,highly,wonderful,potatoes,ever,loved,perfect,cake,love,happy,glad,best,opens,perfectly,easy,pleased,thank,ze,day,mas
ice,beautiful,great,loves,excellent,awesome,highly,wonderful,potatoes,ever,loved,perfect,cake,love,happy,glad,best,opens,perfectly,easy,pleased,thank,ze,day,mas
ice,beautiful,great,loves,excellent,awesome,highly,wonderful,potatoes,ever,loved,perfect,cake,love,happy,glad,best,opens,perfectly,easy,pleased,thank,ze,day,mas
ice,beautiful,great,loves,excellent,awesome,highly,wonderful,potatoes,ever,loved,perfect,cake,love,happy,glad,best,opens,perfectly,easy,pleased,thank,ze,day,mas
ice,beautiful,great,loves,excellent,awesome,highly,wonderful,potatoes,ever,loved,perfect,cake,love,happy,glad,best,opens,perfectly,easy,pleased,thank,ze,day,mas
ice,beautiful,great,loves,excellent,awesome,highly,wonderful,potatoes,ever,loved,perfect,cake,love,happy,glad,best,opens,perfectly,easy,pleased,thank,ze,day,mas
ice,beautiful,great,loves,excellent,awesome,highly,wonderful,potatoes,ever,loved,perfect,cake,love,happy,glad,best,opens,perfectly,easy,pleased,thank,ze,day,mas
ice,beautiful,great,loves,excellent,awesome,highly,wonderful,potatoes,ever,loved,perfect,cake,love,happy,glad,best,opens,perfectly,easy,pleased,thank,ze,day,mas
ice,beautiful,great,loves,excellent,awesome,highly,wonderful,potatoes,ever,loved,perfect,cake,love,happy,glad,best,opens,perfectly,easy,pleased,thank,ze,day,mas
ice,beautiful,great,loves,excellent,awesome,highly,wonderful,potatoes,ever,loved,perfect,cake,love,happy,glad,best,opens,perfectly,easy,pleased,thank,ze,day,mas
ice,beautiful,great,loves,excellent,awesome,highly,wonderful,potatoes,ever,loved,perfect,cake,love,happy,glad,best,opens,perfectly,easy,pleased,thank,ze,day,mas
ice,beautiful,great,loves,excellent,awesome,highly,wonderful,potatoes,ever,loved,perfect,cake,love,happy,glad,best,opens,perfectly,easy,pleased,thank,ze,day,mas
ice,beautiful,great,loves,excellent,awesome,highly,wonderful,potatoes,ever,loved,perfect,cake,love,happy,glad,best,opens,perfectly,easy,pleased,thank,ze,day,mas
ice,beautiful,great,loves,excellent,awesome,highly,wonderful,potatoes,ever,loved,perfect,cake,love,happy,glad,best,opens,perfectly,easy,pleased,thank,ze,day,mas
ice,beautiful,great,loves,excellent,awesome,highly,wonderful,potatoes,ever,loved,perfect,cake,love,happy,glad,best,opens,perfectly,easy,pleased,thank,ze,day,mas
ice,beautiful,great,loves,excellent,awesome,highly,wonderful,potatoes,ever,loved,perfect,cake,love,happy,glad,best,opens,perfectly,easy,pleased,thank,ze,day,mas
ice,beautiful,great,loves,excellent,awesome,highly,wonderful,potatoes,ever,loved,perfect,cake,love,happy,glad,best,opens,perfectly,easy,pleased,thank,ze,day,mas
ice,beautiful,great,loves,excellent,awesome,highly,wonderful,potatoes,ever,loved,perfect,cake,love,happy,glad,best,opens,perfectly,easy,pleased,thank,ze,day,mas
ice,beautiful,great,loves,excellent,awesome,highly,wonderful,potatoes,ever,loved,perfect,cake,love,happy,glad,best,opens,perfectly,easy,pleased,thank,ze,day,mas
ice,beautiful,great,loves,excellent,awesome,highly,wonderful,potatoes,ever,loved,perfect,cake,love,happy,glad,best,opens,perfectly,easy,pleased,thank,ze,day,mas
ice,beautiful,great,loves,excellent,awesome,highly,wonderful,potatoes,ever,loved,perfect,cake,love,happy,glad,best,opens,perfectly,easy,pleased,thank,ze,day,mas
ice,beautiful,great,loves,excellent,awesome,highly,wonderful,potatoes,ever,loved,perfect,cake,love,happy,glad,best,opens,perfectly,easy,pleased,thank,ze,day,mas
ice,beautiful,great,loves,excellent,awesome,highly,wonderful,potatoes,ever,loved,perfect,cake,love,happy,glad,best,opens,perfectly,easy,pleased,thank,ze,day,mas
ice,beautiful,great,loves,excellent,awesome,highly,wonderful,potatoes,ever,loved,perfect,cake,love,happy,glad,best,opens,perfectly,easy,pleased,thank,ze,day,mas
ice,beautiful,great,loves,excellent,awesome,highly,wonderful,potatoes,ever,loved,perfect,cake,love,happy,glad,best,opens,perfectly,easy,pleased,thank,ze,day,mas
ice,beautiful,great,loves,excellent,awesome,highly,wonderful,potatoes,ever,loved,perfect,cake,love,happy,glad,best,opens,perfectly,easy,pleased,thank,ze,day,mas
ice,beautiful,great,loves,excellent,awesome,highly,wonderful,potatoes,ever,loved,perfect,cake,love,happy,glad,best,opens,perfectly,easy,pleased,thank,ze,day,mas
ice,beautiful,great,loves,excellent,awesome,highly,wonderful,potatoes,ever,loved,perfect,cake,love,happy,glad,best,opens,perfectly,easy,pleased,thank,ze,day,mas
ice,beautiful,great,loves,excellent,awesome,highly,wonderful,potatoes,ever,loved,perfect,cake,love,happy,glad,best,opens,perfectly,easy,pleased,thank,ze,day,mas
ice,beautiful,great,loves,excellent,awesome,highly,wonderful,potatoes,ever,loved,perfect,cake,love,happy,glad,best,opens,perfectly,easy,pleased,thank,ze,day,mas
ice,beautiful,great,loves,excellent,awesome,highly,wonderful,potatoes,ever,loved,perfect,cake,love,happy,glad,best,opens,perfectly,easy,pleased,thank,ze,day,mas
ice,beautiful,great,loves,excellent,awesome,highly,wonderful,potatoes,ever,loved,perfect,cake,love,happy,glad,best,opens,perfectly,easy,pleased,thank,ze,day,mas
ice,beautiful,great,loves,excellent,awesome,highly,wonderful,potatoes,ever,loved,perfect,cake,love,happy,glad,best,opens,perfectly,easy,pleased,thank,ze,day,mas
ice,beautiful,great,loves,excellent,awesome,highly,wonderful,potatoes,ever,loved,perfect,cake,love,happy,glad,best,opens,perfectly,easy,pleased,thank,ze,day,mas
ice,beautiful,great,loves,excellent,awesome,highly,wonderful,potatoes,ever,loved,perfect,cake,love,happy,glad,best,opens,perfectly,easy,pleased,thank,ze,day,mas
ice,beautiful,great,loves,excellent,awesome,highly,wonderful,potatoes,ever,loved,perfect,cake,love,happy,glad,best,opens,perfectly,easy,pleased,thank,ze,day,mas
ice,beautiful,great,loves,excellent,awesome,highly,wonderful,potatoes,ever,loved,perfect,cake,love,happy,glad,best,opens,perfectly,easy,pleased,thank,ze,day,mas
ice,beautiful,great,loves,excellent,awesome,highly,wonderful,potatoes,ever,loved,perfect,cake,love,happy,glad,best,opens,perfectly,easy,pleased,thank,ze,day,mas
ice,beautiful,great,loves,excellent,awesome,highly,wonderful,potatoes,ever,loved,perfect,cake,love,happy,glad,best,opens,perfectly,easy,pleased,thank,ze,day,mas
ice,beautiful,great,loves,excellent,awesome,highly,wonderful,potatoes,ever,loved,perfect,cake,love,happy,glad,best,opens,perfectly,easy,pleased,thank,ze,day,mas
ice,beautiful,great,loves,excellent,awesome,highly,wonderful,potatoes,ever,loved,perfect,cake,love,happy,glad,best,opens,perfectly,easy,pleased,thank,ze,day,mas
ice,beautiful,great,loves,excellent,awesome,highly,wonderful,potatoes,ever,loved,perfect,cake,love,happy,glad,best,opens,perfectly,easy,pleased,thank,ze,day,mas
ice,beautiful,great,loves,excellent,awesome,highly,wonderful,potatoes,ever,loved,perfect,cake,love,happy,glad,best,opens,perfectly,easy,pleased,thank,ze,day,mas
ice,beautiful,great,loves,excellent,awesome,highly,wonderful,potatoes,ever,loved,perfect,cake,love,happy,glad,best,opens,perfectly,easy,pleased,thank,ze,day,mas
ice,beautiful,great,loves,excellent,awesome,highly,wonderful,potatoes,ever,loved,perfect,cake,love,happy,glad,best,opens,perfectly,easy,pleased,thank,ze,day,mas
ice,beautiful,great,loves,excellent,awesome,highly,wonderful,potatoes,ever,loved,perfect,cake,love,happy,glad,best,opens,perfectly,easy,pleased,thank,ze,day,mas
ice,beautiful,great,loves,excellent,awesome,highly,wonderful,potatoes,ever,loved,perfect,cake,love,happy,glad,best,opens,perfectly,easy,pleased,thank,ze,day,mas
ice,beautiful,great,loves,excellent,awesome,highly,wonderful,potatoes,ever,loved,perfect,cake,love,happy,glad,best,opens,perfectly,easy,pleased,thank,ze,day,mas
ice,beautiful,great,loves,excellent,awesome,highly,wonderful,potatoes,ever,loved,perfect,cake,love,happy,glad,best,opens,perfectly,easy,pleased,thank,ze,day,mas
ice,beautiful,great,loves,excellent,awesome,highly,wonderful,potatoes,ever,loved,perfect,cake,love,happy,glad,best,opens,perfectly,easy,pleased,thank,ze,day,mas
ice,beautiful,great,loves,excellent,awesome,highly,wonderful,potatoes,ever,loved,perfect,cake,love,happy,glad,best,opens,perfectly,easy,pleased,thank,ze,day,mas
ice,beautiful,great,loves,excellent,awesome,highly,wonderful,potatoes,ever,loved,perfect,cake,love,happy,glad,best,opens,perfectly,easy,pleased,thank,ze,day,mas
ice,beautiful,great,loves,excellent,awesome,highly,wonderful,potatoes,ever,loved,perfect,cake,love,happy,glad,best,opens,perfectly,easy,pleased,thank,ze,day,mas
ice,beautiful,great,loves,excellent,awesome,highly,wonderful,potatoes,ever,loved,perfect,cake,love,happy,glad,best,opens,perfectly,easy,pleased,thank,ze,day,mas
ice,beautiful,great,loves,excellent,awesome,highly,wonderful,potatoes,ever,loved,perfect,cake,love,happy,glad,best,opens,perfectly,easy,pleased,thank,ze,day,mas
ice,beautiful,great,loves,excellent,awesome,highly,wonderful,potatoes,ever,loved,perfect,cake,love,happy,glad,best,opens,perfectly,easy,pleased,thank,ze,day,mas
ice,beautiful,great,loves,excellent,awesome,highly,wonderful,potatoes,ever,loved,perfect,cake,love,happy,glad,best,opens,perfectly,easy,pleased,thank,ze,day,mas
ice,beautiful,great,loves,excellent,awesome,highly,wonderful,potatoes,ever,loved,perfect,cake,love,happy,glad,best,opens,perfectly,easy,pleased,thank,ze,day,mas
ice,beautiful,great,loves,excellent,awesome,highly,wonderful,potatoes,ever,loved,perfect,cake,love,happy,glad,best,opens,perfectly,easy,pleased,thank,ze,day,mas
ice,beautiful,great,loves,excellent,awesome,highly,wonderful,potatoes,ever,loved,perfect,cake,love,happy,glad,best,opens,perfectly,easy,pleased,thank,ze,day,mas
ice,beautiful,great,loves,excellent,awesome,highly,wonderful,potatoes,ever,loved,perfect,cake,love,happy,glad,best,opens,perfectly,easy,pleased,thank,ze,day,mas
ice,beautiful,great,loves,excellent,awesome,highly,wonderful,potatoes,ever,loved,perfect,cake,love,happy,glad,best,opens,perfectly,easy,pleased,thank,ze,day,mas
ice,beautiful,great,loves,excellent,awesome,highly,wonderful,potatoes,ever,loved,perfect,cake,love,happy,glad,best,opens,perfectly,easy,pleased,thank,ze,day,mas
ice,beautiful,great,loves,excellent,awesome,highly,wonderful,potatoes,ever,loved,perfect,cake,love,happy,glad,best,opens,perfectly,easy,pleased,thank,ze,day,mas
ice,beautiful,great,loves,excellent,awesome,highly,wonderful,potatoes,ever,loved,perfect,cake,love,happy,glad,best,opens,perfectly,easy,pleased,thank,ze,day,mas
ice,beautiful,great,loves,excellent,awesome,highly,wonderful,potatoes,ever,loved,perfect,cake,love,happy,glad,best,opens,perfectly,easy,pleased,thank,ze,day,mas
ice,beautiful,great,loves,excellent,awesome,highly,wonderful,potatoes,ever,loved,perfect,cake,love,happy,glad,best,opens,perfectly,easy,pleased,thank,ze,day,mas
ice,beautiful,great,loves,excellent,awesome,highly,wonderful,potatoes,ever,loved,perfect,cake,love,happy,glad,best,opens,perfectly,easy,pleased,thank,ze,day,mas
ice,beautiful,great,loves,excellent,awesome,highly,wonderful,potatoes,ever,loved,perfect,cake,love,happy,glad,best,opens,perfectly,easy,pleased,thank,ze,day,mas
ice,beautiful,great,loves,excellent,awesome,highly,wonderful,potatoes,ever,loved,perfect,cake,love,happy,glad,best,opens,perfectly,easy,pleased,thank,ze,day,mas
ice,beautiful,great,loves,excellent,awesome,highly,wonderful,potatoes,ever,loved,perfect,cake,love,happy,glad,best,opens,perfectly,easy,pleased,thank,ze,day,mas
ice,beautiful,great,loves,excellent,awesome,highly,wonderful,potatoes,ever,loved,perfect,cake,love,happy,glad,best,opens,perfectly,easy,pleased,thank,ze,day,mas
ice,beautiful,great,loves,excellent,awesome,highly,wonderful,potatoes,ever,loved,perfect,cake,love,happy,glad,best,opens,perfectly,easy,pleased,thank,ze,day,mas
ice,beautiful,great,loves,excellent,awesome,highly,wonderful,potatoes,ever,loved,perfect,cake,love,happy,glad,best,opens,perfectly,easy,pleased,thank,ze,day,mas
ice,beautiful,great,loves,excellent,awesome,highly,wonderful,potatoes,ever,loved,perfect,cake,love,happy,glad,best,opens,perfectly,easy,pleased,thank,ze,day,mas
ice,beautiful,great,loves,excellent,awesome,highly,wonderful,potatoes,ever,loved,perfect,cake,love,happy,glad,best,opens,perfectly,easy,pleased,thank,ze,day,mas
ice,beautiful,great,loves,excellent,awesome,highly,wonderful,potatoes,ever,loved,perfect,cake,love,happy,glad,best,opens,perfectly,easy,pleased,thank,ze,day,mas
ice,beautiful,great,loves,excellent,awesome,highly,wonderful,potatoes,ever,loved,perfect,cake,love,happy,glad,best,opens,perfectly,easy,pleased,thank,ze,day,mas
ice,beautiful,great,loves,excellent,awesome,highly,wonderful,potatoes,ever,loved,perfect,cake,love,happy,glad,best,opens,perfectly,easy,pleased,thank,ze,day,mas
ice,beautiful,great,loves,excellent,awesome,highly,wonderful,potatoes,ever,loved,perfect,cake,love,happy,glad,best,opens,perfectly,easy,pleased,thank,ze,day,mas
ice,beautiful,great,loves,excellent,awesome,highly,wonderful,potatoes,ever,loved,perfect,cake,love,happy,glad,best,opens,perfectly,easy,pleased,thank,ze,day,mas
ice,beautiful,great,loves,excellent,awesome,highly,wonderful,potatoes,ever,loved,perfect,cake,love,happy,glad,best,opens,perfectly,easy,pleased,thank,ze,day,mas
ice,beautiful,great,loves,excellent,awesome,highly,wonderful,potatoes,ever,loved,perfect,cake,love,happy,glad,best,opens,perfectly,easy,pleased,thank,ze,day,mas
ice,beautiful,great,loves,excellent,awesome,highly,wonderful,potatoes,ever,loved,perfect,cake,love,happy,glad,best,opens,perfectly,easy,pleased,thank,ze,day,mas
ice,beautiful,great,loves,excellent,awesome,highly,wonderful,potatoes,ever,loved,perfect,cake,love,happy,glad,best,opens,perfectly,easy,pleased,thank,ze,day,mas
ice,beautiful,great,loves,excellent,awesome,highly,wonderful,potatoes,ever,loved,perfect,cake,love,happy,glad,best,opens,perfectly,easy,pleased,thank,ze,day,mas
ice,beautiful,great,loves,excellent,awesome,highly,wonderful,potatoes,ever,loved,perfect,cake,love,happy,glad,best,opens,perfectly,easy,pleased,thank,ze,day,mas
ice,beautiful,great,loves,excellent,awesome,highly,wonderful,potatoes,ever,loved,perfect,cake,love,happy,glad,best,opens,perfectly,easy,pleased,thank,ze,day,mas
ice,beautiful,great,loves,excellent,awesome,highly,wonderful,potatoes,ever,loved,perfect,cake,love,happy,glad,best,opens,perfectly,easy,pleased,thank,ze,day,mas
ice,beautiful,great,loves,excellent,awesome,highly,wonderful,potatoes,ever,loved,perfect,cake,love,happy,glad,best,opens,perfectly,easy,pleased,thank,ze,day,mas
ice,beautiful,great,loves,excellent,awesome,highly,wonderful,potatoes,ever,loved,perfect,cake,love,happy,glad,best,opens,perfectly,easy,pleased,thank,ze,day,mas
ice,beautiful,great,loves,excellent,awesome,highly,wonderful,potatoes,ever,loved,perfect,cake,love,happy,glad,best,opens,perfectly,easy,pleased,thank,ze,day,mas
ice,beautiful,great,loves,excellent,awesome,highly,wonderful,potatoes,ever,loved,perfect,cake,love,happy,glad,best,opens,perfectly,easy,pleased,thank,ze,day,mas
ice,beautiful,great,loves,excellent,awesome,highly,wonderful,potatoes,ever,loved,perfect,cake,love,happy,glad,best,opens,perfectly,easy,pleased,thank,ze,day,mas
ice,beautiful,great,loves,excellent,awesome,highly,wonderful,potatoes,ever,loved,perfect,cake,love,happy,glad,best,opens,perfectly,easy,pleased,thank,ze,day,mas
ice,beautiful,great,loves,excellent,awesome,highly,wonderful,potatoes,ever,loved,perfect,cake,love,happy,glad,best,opens,perfectly,easy,pleased,thank,ze,day,mas
ice,beautiful,great,loves,excellent,awesome,highly,wonderful,potatoes,ever,loved,perfect,cake,love,happy,glad,best,opens,perfectly,easy,pleased,thank,ze,day,mas
ice,beautiful,great,loves,excellent,awesome,highly,wonderful,potatoes,ever,loved,perfect,cake,love,happy,glad,best,opens,perfectly,easy,pleased,thank,ze,day,mas
ice,beautiful,great,loves,excellent,awesome,highly,wonderful,potatoes,ever,loved,perfect,cake,love,happy,glad,best,opens,perfectly,easy,pleased,thank,ze,day,mas
ice,beautiful,great,loves,excellent,awesome,highly,wonderful,potatoes,ever,loved,perfect,cake,love,happy,glad,best,opens,perfectly,easy,pleased,thank,ze,day,mas
ice,beautiful,great,loves,excellent,awesome,highly,wonderful,potatoes,ever,loved,perfect,cake,love,happy,glad,best,opens,perfectly,easy,pleased,thank,ze,day,mas
ice,beautiful,great,loves,excellent,awesome,highly,wonderful,potatoes,ever,loved,perfect,cake,love,happy,glad,best,opens,perfectly,easy,pleased,thank,ze,day,mas
ice,beautiful,great,loves,excellent,awesome,highly,wonderful,potatoes,ever,loved,perfect,cake,love,happy,glad,best,opens,perfectly,easy,pleased,thank,ze,day,mas
ice,beautiful,great,loves,excellent,awesome,highly,wonderful,potatoes,ever,loved,perfect,cake,love,happy,glad,best,opens,perfectly,easy,pleased,thank,ze,day,mas
ice,beautiful,great,loves,excellent,awesome,highly,wonderful,potatoes,ever,loved,perfect,cake,love,happy,glad,best,opens,perfectly,easy,pleased,thank,ze,day,mas
ice,beautiful,great,loves,excellent,awesome,highly,wonderful,potatoes,ever,loved,perfect,cake,love,happy,glad,best,opens,perfectly,easy,pleased,thank,ze,day,mas
ice,beautiful,great,loves,excellent,awesome,highly,wonderful,potatoes,ever,loved,perfect,cake,love,happy,glad,best,opens,perfectly,easy,pleased,thank,ze,day,mas
ice,beautiful,great,loves,excellent,awesome,highly,wonderful,potatoes,ever,loved,perfect,cake,love,happy,glad,best,opens,perfectly,easy,pleased,thank,ze,day,mas
ice,beautiful,great,loves,excellent,awesome,highly,wonderful,potatoes,ever,loved,perfect,cake,love,happy,glad,best,opens,perfectly,easy,pleased,thank,ze,day,mas
ice,beautiful,great,loves,excellent,awesome,highly,wonderful,potatoes,ever,loved,perfect,cake,love,happy,glad,best,opens,perfectly,easy,pleased,thank,ze,day,mas
ice,beautiful,great,loves,excellent,awesome,highly,wonderful,potatoes,ever,loved,perfect,cake,love,happy,glad,best,opens,perfectly,easy,pleased,thank,ze,day,mas
ice,beautiful,great,loves,excellent,awesome,highly,wonderful,potatoes,ever,loved,perfect,cake,love,happy,glad,best,opens,perfectly,easy,pleased,thank,ze,day,mas
ice,beautiful,great,loves,excellent,awesome,highly,wonderful,potatoes,ever,loved,perfect,cake,love,happy,glad,best,opens,perfectly,easy,pleased,thank,ze,day,mas
ice,beautiful,great,loves,excellent,awesome,highly,wonderful,potatoes,ever,loved,perfect,cake,love,happy,glad,best,opens,perfectly,easy,pleased,thank,ze,day,mas
ice,beautiful,great,loves,excellent,awesome,highly,wonderful,potatoes,ever,loved,perfect,cake,love,happy,glad,best,opens,perfectly,easy,pleased,thank,ze,day,mas
ice,beautiful,great,loves,excellent,awesome,highly,wonderful,potatoes,ever,loved,perfect,cake,love,happy,glad,best,opens,perfectly,easy,pleased,thank,ze,day,mas
ice,beautiful,great,loves,excellent,awesome,highly,wonderful,potatoes,ever,loved,perfect,cake,love,happy,glad,best,opens,perfectly,easy,pleased,thank,ze,day,mas
ice,beautiful,great,loves,excellent,awesome,highly,wonderful,potatoes,ever,loved,perfect,cake,love,happy,glad,best,opens,perfectly,easy,pleased,thank,ze,day,mas
ice,beautiful,great,loves,excellent,awesome,highly,wonderful,potatoes,ever,loved,perfect,cake,love,happy,glad,best,opens,perfectly,easy,pleased,thank,ze,day,mas
ice,beautiful,great,loves,excellent,awesome,highly,wonderful,potatoes,ever,loved,perfect,cake,love,happy,glad,best,opens,perfectly,easy,pleased,thank,ze,day,mas
ice,beautiful,great,loves,excellent,awesome,highly,wonderful,potatoes,ever,loved,perfect,cake,love,happy,glad,best,opens,perfectly,easy,pleased,thank,ze,day,mas
ice,beautiful,great,loves,excellent,awesome,highly,wonderful,potatoes,ever,loved,perfect,cake,love,happy,glad,best,opens,perfectly,easy,pleased,thank,ze,day,mas
ice,beautiful,great,loves,excellent,awesome,highly,wonderful,potatoes,ever,loved,perfect,cake,love,happy,glad,best,opens,perfectly,easy,pleased,thank,ze,day,mas
ice,beautiful,great,loves,excellent,awesome,highly,wonderful,potatoes,ever,loved,perfect,cake,love,happy,glad,best,opens,perfectly,easy,pleased,thank,ze,day,mas
ice,beautiful,great,loves,excellent,awesome,highly,wonderful,potatoes,ever,loved,perfect,cake,love,happy,glad,best,opens,perfectly,easy,pleased,thank,ze,day,mas
ice,beautiful,great,loves,excellent,awesome,highly,wonderful,potatoes,ever,loved,perfect,cake,love,happy,glad,best,opens,perfectly,easy,pleased,thank,ze,day,mas
ice,beautiful,great,loves,excellent,awesome,highly,wonderful,potatoes,ever,loved,perfect,cake,love,happy,glad,best,opens,perfectly,easy,pleased,thank,ze,day,mas
ice,beautiful,great,loves,excellent,awesome,highly,wonderful,potatoes,ever,loved,perfect,cake,love,happy,glad,best,opens,perfectly,easy,pleased,thank,ze,day,mas
ice,beautiful,great,loves,excellent,awesome,highly,wonderful,potatoes,ever,loved,perfect,cake,love,happy,glad,best,opens,perfectly,easy,pleased,thank,ze,day,mas
ice,beautiful,great,loves,excellent,awesome,highly,wonderful,potatoes,ever,loved,perfect,cake,love,happy,glad,best,opens,perfectly,easy,pleased,thank,ze,day,mas
ice,beautiful,great,loves,excellent,awesome,highly,wonderful,potatoes,ever,loved,perfect,cake,love,happy,glad,best,opens,perfectly,easy,pleased,thank,ze,day,mas
ice,beautiful,great,loves,excellent,awesome,highly,wonderful,potatoes,ever,loved,perfect,cake,love,happy,glad,best,opens,perfectly,easy,pleased,thank,ze,day,mas
ice,beautiful,great,loves,excellent,awesome,highly,wonderful,potatoes,ever,loved,perfect,cake,love,happy,glad,best,opens,perfectly,easy,pleased,thank,ze,day,mas
ice,beautiful,great,loves,excellent,awesome,highly,wonderful,potatoes,ever,loved,perfect,cake,love,happy,glad,best,opens,perfectly,easy,pleased,thank,ze,day,mas
ice,beautiful,great,loves,excellent,awesome,highly,wonderful,potatoes,ever,loved,perfect,cake,love,happy,glad,best,opens,perfectly,easy,pleased,thank,ze,day,mas
ice,beautiful,great,loves,excellent,awesome,highly,wonderful,potatoes,ever,loved,perfect,cake,love,happy,glad,best,opens,perfectly,easy,pleased,thank,ze,day,mas
ice,beautiful,great,loves,excellent,awesome,highly,wonderful,potatoes,ever,loved,perfect,cake,love,happy,glad,best,opens,perfectly,easy,pleased,thank,ze,day,mas
ice,beautiful,great,loves,excellent,awesome,highly,wonderful,potatoes,ever,loved,perfect,cake,love,happy,glad,best,opens,perfectly,easy,pleased,thank,ze,day,mas
ice,beautiful,great,loves,excellent,awesome,highly,wonderful,potatoes,ever,loved,perfect,cake,love,happy,glad,best,opens,perfectly,easy,pleased,thank,ze,day,mas
ice,beautiful,great,loves,excellent,awesome,highly,wonderful,potatoes,ever,loved,perfect,cake,love,happy,glad,best,opens,perfectly,easy,pleased,thank,ze,day,mas
ice,beautiful,great,loves,excellent,awesome,highly,wonderful,potatoes,ever,loved,perfect,cake,love,happy,glad,best,opens,perfectly,easy,pleased,thank,ze,day,mas
ice,beautiful,great,loves,excellent,awesome,highly,wonderful,potatoes,ever,loved,perfect,cake,love,happy,glad,best,opens,perfectly,easy,pleased,thank,ze,day,mas
ice,beautiful,great,loves,excellent,awesome,highly,wonderful,potatoes,ever,loved,perfect,cake,love,happy,glad,best,opens,perfectly,easy,pleased,thank,ze,day,mas
ice,beautiful,great,loves,excellent,awesome,highly,wonderful,potatoes,ever,loved,perfect,cake,love,happy,glad,best,opens,perfectly,easy,pleased,thank,ze,day,mas
ice,beautiful,great,loves,excellent,awesome,highly,wonderful,potatoes,ever,loved,perfect,cake,love,happy,glad,best,opens,perfectly,easy,pleased,thank,ze,day,mas
ice,beautiful,great,loves,excellent,awesome,highly,wonderful,potatoes,ever,loved,perfect,cake,love,happy,glad,best,opens,perfectly,easy,pleased,thank,ze,day,mas
ice,beautiful,great,loves,excellent,awesome,highly,wonderful,potatoes,ever,loved,perfect,cake,love,happy,glad,best,opens,perfectly,easy,pleased,thank,ze,day,mas
ice,beautiful,great,loves,excellent,awesome,highly,wonderful,potatoes,ever,loved,perfect,cake,love,happy,glad,best,opens,perfectly,easy,pleased,thank,ze,day,mas
ice,beautiful,great,loves,excellent,awesome,highly,wonderful,potatoes,ever,loved,perfect,cake,love,happy,glad,best,opens,perfectly,easy,pleased,thank,ze,day,mas
ice,beautiful,great,loves,excellent,awesome,highly,wonderful,potatoes,ever,loved,perfect,cake,love,happy,glad,best,opens,perfectly,easy,pleased,thank,ze,day,mas
ice,beautiful,great,loves,excellent,awesome,highly,wonderful,potatoes,ever,loved,perfect,cake,love,happy,glad,best,opens,perfectly,easy,pleased,thank,ze,day,mas
ice,beautiful,great,loves,excellent,awesome,highly,wonderful,potatoes,ever,loved,perfect,cake,love,happy,glad,best,opens,perfectly,easy,pleased,thank,ze,day,mas
ice,beautiful,great,loves,excellent,awesome,highly,wonderful,potatoes,ever,loved,perfect,cake,love,happy,glad,best,opens,perfectly,easy,pleased,thank,ze,day,mas
ice,beautiful,great,loves,excellent,awesome,highly,wonderful,potatoes,ever,loved,perfect,cake,love,happy,glad,best,opens,perfectly,easy,pleased,thank,ze,day,mas
ice,beautiful,great,loves,excellent,awesome,highly,wonderful,potatoes,ever,loved,perfect,cake,love,happy,glad,best,opens,perfectly,easy,pleased,thank,ze,day,mas
ice,beautiful,great,loves,excellent,awesome,highly,wonderful,potatoes,ever,loved,perfect,cake,love,happy,glad,best,opens,perfectly,easy,pleased,thank,ze,day,mas
ice,beautiful,great,loves,excellent,awesome,highly,wonderful,potatoes,ever,loved,perfect,cake,love,happy,glad,best,opens,perfectly,easy,pleased,thank,ze,day,mas
ice,beautiful,great,loves,excellent,awesome,highly,wonderful,potatoes,ever,loved,perfect,cake,love,happy,glad,best,opens,perfectly,easy,pleased,thank,ze,day,mas
ice,beautiful,great,loves,excellent,awesome,highly,wonderful,potatoes,ever,loved,perfect,cake,love,happy,glad,best,opens,perfectly,easy,pleased,thank,ze,day,mas
ice,beautiful,great,loves,excellent,awesome,highly,wonderful,potatoes,ever,loved,perfect,cake,love,happy,glad,best,opens,perfectly,easy,pleased,thank,ze,day,mas
ice,beautiful,great,loves,excellent,awesome,highly,wonderful,potatoes,ever,loved,perfect,cake,love,happy,glad,best,opens,perfectly,easy,pleased,thank,ze,day,mas
ice,beautiful,great,loves,excellent,awesome,highly,wonderful,potatoes,ever,loved,perfect,cake,love,happy,glad,best,opens,perfectly,easy,pleased,thank,ze,day,mas
ice,beautiful,great,loves,excellent,awesome,highly,wonderful,potatoes,ever,loved,perfect,cake,love,happy,glad,best,opens,perfectly,easy,pleased,thank,ze,day,mas
ice,beautiful,great,loves,excellent,awesome,highly,wonderful,potatoes,ever,loved,perfect,cake,love,happy,glad,best,opens,perfectly,easy,pleased,thank,ze,day,mas
ice,beautiful,great,loves,excellent,awesome,highly,wonderful,potatoes,ever,loved,perfect,cake,love,happy,glad,best,opens,perfectly,easy,pleased,thank,ze,day,mas
ice,beautiful,great,loves,excellent,awesome,highly,wonderful,potatoes,ever,loved,perfect,cake,love,happy,glad,best,opens,perfectly,easy,pleased,thank,ze,day,mas
ice,beautiful,great,loves,excellent,awesome,highly,wonderful,potatoes,ever,loved,perfect,cake,love,happy,glad,best,opens,perfectly,easy,pleased,thank,ze,day,mas
ice,beautiful,great,loves,excellent,awesome,highly,wonderful,potatoes,ever,loved,perfect,cake,love,happy,glad,best,opens,perfectly,easy,pleased,thank,ze,day,mas
ice,beautiful,great,loves,excellent,awesome,highly,wonderful,potatoes,ever,loved,perfect,cake,love,happy,glad,best,opens,perfectly,easy,pleased,thank,ze,day,mas
ice,beautiful,great,loves,excellent,awesome,highly,wonderful,potatoes,ever,loved,perfect,cake,love,happy,glad,best,opens,perfectly,easy,pleased,thank,ze,day,mas
ice,beautiful,great,loves,excellent,awesome,highly,wonderful,potatoes,ever,loved,perfect,cake,love,happy,glad,best,opens,perfectly,easy,pleased,thank,ze,day,mas
ice,beautiful,great,loves,excellent,awesome,highly,wonderful,potatoes,ever,loved,perfect,cake,love,happy,glad,best,opens,perfectly,easy,pleased,thank,ze,day,mas
ice,beautiful,great,loves,excellent,awesome,highly,wonderful,potatoes,ever,loved,perfect,cake,love,happy,glad,best,opens,perfectly,easy,pleased,thank,ze,day,mas
ice,beautiful,great,loves,excellent,awesome,highly,wonderful,potatoes,ever,loved,perfect,cake,love,happy,glad,best,opens,perfectly,easy,pleased,thank,ze,day,mas
ice,beautiful,great,loves,excellent,awesome,highly,wonderful,potatoes,ever,loved,perfect,cake,love,happy,glad,best,opens,perfectly,easy,pleased,thank,ze,day,mas
ice,beautiful,great,loves,excellent,awesome,highly,wonderful,potatoes,ever,loved,perfect,cake,love,happy,glad,best,opens,perfectly,easy,pleased,thank,ze,day,mas
ice,beautiful,great,loves,excellent,awesome,highly,wonderful,potatoes,ever,loved,perfect,cake,love,happy,glad,best,opens,perfectly,easy,pleased,thank,ze,day,mas
ice,beautiful,great,loves,excellent,awesome,highly,wonderful,potatoes,ever,loved,perfect,cake,love,happy,glad,best,opens,perfectly,easy,pleased,thank,ze,day,mas
ice,beautiful,great,loves,excellent,awesome,highly,wonderful,potatoes,ever,loved,perfect,cake,love,happy,glad,best,opens,perfectly,easy,pleased,thank,ze,day,mas
ice,beautiful,great,loves,excellent,awesome,highly,wonderful,potatoes,ever,loved,perfect,cake,love,happy,glad,best,opens,perfectly,easy,pleased,thank,ze,day,mas
ice,beautiful,great,loves,excellent,awesome,highly,wonderful,potatoes,ever,loved,perfect,cake,love,happy,glad,best,opens,perfectly,easy,pleased,thank,ze,day,mas
ice,beautiful,great,loves,excellent,awesome,highly,wonderful,potatoes,ever,loved,perfect,cake,love,happy,glad,best,opens,perfectly,easy,pleased,thank,ze,day,mas
ice,beautiful,great,loves,excellent,awesome,highly,wonderful,potatoes,ever,loved,perfect,cake,love,happy,glad,best,opens,perfectly,easy,pleased,thank,ze,day,mas
ice,beautiful,great,loves,excellent,awesome,highly,wonderful,potatoes,ever,loved,perfect,cake,love,happy,glad,best,opens,perfectly,easy,pleased,thank,ze,day,mas
ice,beautiful,great,loves,excellent,awesome,highly,wonderful,potatoes,ever,loved,perfect,cake,love,happy,glad,best,opens,perfectly,easy,pleased,thank,ze,day,mas
ice,beautiful,great,loves,excellent,awesome,highly,wonderful,potatoes,ever,loved,perfect,cake,love,happy,glad,best,opens,perfectly,easy,pleased,thank,ze,day,mas
ice,beautiful,great,loves,excellent,awesome,highly,wonderful,potatoes,ever,loved,perfect,cake,love,happy,glad,best,opens,perfectly,easy,pleased,thank,ze,day,mas
ice,beautiful,great,loves,excellent,awesome,highly,wonderful,potatoes,ever,loved,perfect,cake,love,happy,glad,best,opens,perfectly,easy,pleased,thank,ze,day,mas
ice,beautiful,great,loves,excellent,awesome,highly,wonderful,potatoes,ever,loved,perfect,cake,love,happy,glad,best,opens,perfectly,easy,pleased,thank,ze,day,mas
ice,beautiful,great,loves,excellent,awesome,highly,wonderful,potatoes,ever,loved,perfect,cake,love,happy,glad,best,opens,perfectly,easy,pleased,thank,ze,day,mas
ice,beautiful,great,loves,excellent,awesome,highly,wonderful,potatoes,ever,loved,perfect,cake,love,happy,glad,best,opens,perfectly,easy,pleased,thank,ze,day,mas
ice,beautiful,great,loves,excellent,awesome,highly,wonderful,potatoes,ever,loved,perfect,cake,love,happy,glad,best,opens,perfectly,easy,pleased,thank,ze,day,mas
ice,beautiful,great,loves,excellent,awesome,highly,wonderful,potatoes,ever,loved,perfect,cake,love,happy,glad,best,opens,perfectly,easy,pleased,thank,ze,day,mas
ice,beautiful,great,loves,excellent,awesome,highly,wonderful,potatoes,ever,loved,perfect,cake,love,happy,glad,best,opens,perfectly,easy,pleased,thank,ze,day,mas
ice,beautiful,great,loves,excellent,awesome,highly,wonderful,potatoes,ever,loved,perfect,cake,love,happy,glad,best,opens,perfectly,easy,pleased,thank,ze,day,mas
ice,beautiful,great,loves,excellent,awesome,highly,wonderful,potatoes,ever,loved,perfect,cake,love,happy,glad,best,opens,perfectly,easy,pleased,thank,ze,day,mas
ice,beautiful,great,loves,excellent,awesome,highly,wonderful,potatoes,ever,loved,perfect,cake,love,happy,glad,best,opens,perfectly,easy,pleased,thank,ze,day,mas
ice,beautiful,great,loves,excellent,awesome,highly,wonderful,potatoes,ever,loved,perfect,cake,love,happy,glad,best,opens,perfectly,easy,pleased,thank,ze,day,mas
ice,beautiful,great,loves,excellent,awesome,highly,wonderful,potatoes,ever,loved,perfect,cake,love,happy,glad,best,opens,perfectly,easy,pleased,thank,ze,day,mas
ice,beautiful,great,loves,excellent,awesome,highly,wonderful,potatoes,ever,loved,perfect,cake,love,happy,glad,best,opens,perfectly,easy,pleased,thank,ze,day,mas
ice,beautiful,great,loves,excellent,awesome,highly,wonderful,potatoes,ever,loved,perfect,cake,love,happy,glad,best,opens,perfectly,easy,pleased,thank,ze,day,mas
ice,beautiful,great,loves,excellent,awesome,highly,wonderful,potatoes,ever,loved,perfect,cake,love,happy,glad,best,opens,perfectly,easy,pleased,thank,ze,day,mas
ice,beautiful,great,loves,excellent,awesome,highly,wonderful,potatoes,ever,loved,perfect,cake,love,happy,glad,best,opens,perfectly,easy,pleased,thank,ze,day,mas
ice,beautiful,great,loves,excellent,awesome,highly,wonderful,potatoes,ever,loved,perfect,cake,love,happy,glad,best,opens,perfectly,easy,pleased,thank,ze,day,mas
ice,beautiful,great,loves,excellent,awesome,highly,wonderful,potatoes,ever,loved,perfect,cake,love,happy,glad,best,opens,perfectly,easy,pleased,thank,ze,day,mas
ice,beautiful,great,loves,excellent,awesome,highly,wonderful,potatoes,ever,loved,perfect,cake,love,happy,glad,best,opens,perfectly,easy,pleased,thank,ze,day,mas
ice,beautiful,great,loves,excellent,awesome,highly,wonderful,potatoes,ever,loved,perfect,cake,love,happy,glad,best,opens,perfectly,easy,pleased,thank,ze,day,mas
ice,beautiful,great,loves,excellent,awesome,highly,wonderful,potatoes,ever,loved,perfect,cake,love,happy,glad,best,opens,perfectly,easy,pleased,thank,ze,day,mas
ice,beautiful,great,loves,excellent,awesome,highly,wonderful,potatoes,ever,loved,perfect,cake,love,happy,glad,best,opens,perfectly,easy,pleased,thank,ze,day,mas
ice,beautiful,great,loves,excellent,awesome,highly,wonderful,potatoes,ever,loved,perfect,cake,love,happy,glad,best,opens,perfectly,easy,pleased,thank,ze,day,mas
ice,beautiful,great,loves,excellent,awesome,highly,wonderful,potatoes,ever,loved,perfect,cake,love,happy,glad,best,opens,perfectly,easy,pleased,thank,ze,day,mas
ice,beautiful,great,loves,excellent,awesome,highly,wonderful,potatoes,ever,loved,perfect,cake,love,happy,glad,best,opens,perfectly,easy,pleased,thank,ze,day,mas
ice,beautiful,great,loves,excellent,awesome,highly,wonderful,potatoes,ever,loved,perfect,cake,love,happy,glad,best,opens,perfectly,easy,pleased,thank,ze,day,mas
ice,beautiful,great,loves,excellent,awesome,highly,wonderful,potatoes,ever,loved,perfect,cake,love,happy,glad,best,opens,perfectly,easy,pleased,thank,ze,day,mas
ice,beautiful,great,loves,excellent,awesome,highly,wonderful,potatoes,ever,loved,perfect,cake,love,happy,glad,best,opens,perfectly,easy,pleased,thank,ze,day,mas
ice,beautiful,great,loves,excellent,awesome,highly,wonderful,potatoes,ever,loved,perfect,cake,love,happy,glad,best,opens,perfectly,easy,pleased,thank,ze,day,mas
ice,beautiful,great,loves,excellent,awesome,highly,wonderful,potatoes,ever,loved,perfect,cake,love,happy,glad,best,opens,perfectly,easy,pleased,thank,ze,day,mas
ice,beautiful,great,loves,excellent,awesome,highly,wonderful,potatoes,ever,loved,perfect,cake,love,happy,glad,best,opens,perfectly,easy,pleased,thank,ze,day,mas
ice,beautiful,great,loves,excellent,awesome,highly,wonderful,potatoes,ever,loved,perfect,cake,love,happy,glad,best,opens,perfectly,easy,pleased,thank,ze,day,mas
ice,beautiful,great,loves,excellent,awesome,highly,wonderful,potatoes,ever,loved,perfect,cake,love,happy,glad,best,opens,perfectly,easy,pleased,thank,ze,day,mas
ice,beautiful,great,loves,excellent,awesome,highly,wonderful,potatoes,ever,loved,perfect,cake,love,happy,glad,best,opens,perfectly,easy,pleased,thank,ze,day,mas
ice,beautiful,great,loves,excellent,awesome,highly,wonderful,potatoes,ever,loved,perfect,cake,love,happy,glad,best,opens,perfectly,easy,pleased,thank,ze,day,mas
ice,beautiful,great,loves,excellent,awesome,highly,wonderful,potatoes,ever,loved,perfect,cake,love,happy,glad,best,opens,perfectly,easy,pleased,thank,ze,day,mas
ice,beautiful,great,loves,excellent,awesome,highly,wonderful,potatoes,ever,loved,perfect,cake,love,happy,glad,best,opens,perfectly,easy,pleased,thank,ze,day,mas
ice,beautiful,great,loves,excellent,awesome,highly,wonderful,potatoes,ever,loved,perfect,cake,love,happy,glad,best,opens,perfectly,easy,pleased,thank,ze,day,mas
ice,beautiful,great,loves,excellent,awesome,highly,wonderful,potatoes,ever,loved,perfect,cake,love,happy,glad,best,opens,perfectly,easy,pleased,thank,ze,day,mas
ice,beautiful,great,loves,excellent,awesome,highly,wonderful,potatoes,ever,loved,perfect,cake,love,happy,glad,best,opens,perfectly,easy,pleased,thank,ze,day,mas
ice,beautiful,great,loves,excellent,awesome,highly,wonderful,potatoes,ever,loved,perfect,cake,love,happy,glad,best,opens,perfectly,easy,pleased,thank,ze,day,mas
ice,beautiful,great,loves,excellent,awesome,highly,wonderful,potatoes,ever,loved,perfect,cake,love,happy,glad,best,opens,perfectly,easy,pleased,thank,ze,day,mas
ice,beautiful,great,loves,excellent,awesome,highly,wonderful,potatoes,ever,loved,perfect,cake,love,happy,glad,best,opens,perfectly,easy,pleased,thank,ze,day,mas
ice,beautiful,great,loves,excellent,awesome,highly,wonderful,potatoes,ever,loved,perfect,cake,love,happy,glad,best,opens,perfectly,easy,pleased,thank,ze,day,mas
ice,beautiful,great,loves,excellent,awesome,highly,wonderful,potatoes,ever,loved,perfect,cake,love,happy,glad,best,opens,perfectly,easy,pleased,thank,ze,day,mas
ice,beautiful,great,loves,excellent,awesome,highly,wonderful,potatoes,ever,loved,perfect,cake,love,happy,glad,best,opens,perfectly,easy,pleased,thank,ze,day,mas
ice,beautiful,great,loves,excellent,awesome,highly,wonderful,potatoes,ever,loved,perfect,cake,love,happy,glad,best,opens,perfectly,easy,pleased,thank,ze,day,mas
ice,beautiful,great,loves,excellent,awesome,highly,wonderful,potatoes,ever,loved,perfect,cake,love,happy,glad,best,opens,perfectly,easy,pleased,thank,ze,day,mas
ice,beautiful,great,loves,excellent,awesome,highly,wonderful,potatoes,ever,loved,perfect,cake,love,happy,glad,best,opens,perfectly,easy,pleased,thank,ze,day,mas
ice,beautiful,great,loves,excellent,awesome,highly,wonderful,potatoes,ever,loved,perfect,cake,love,happy,glad,best,opens,perfectly,easy,pleased,thank,ze,day,mas
ice,beautiful,great,loves,excellent,awesome,highly,wonderful,potatoes,ever,loved,perfect,cake,love,happy,glad,best,opens,perfectly,easy,pleased,thank,ze,day,mas
ice,beautiful,great,loves,excellent,awesome,highly,wonderful,potatoes,ever,loved,perfect,cake,love,happy,glad,best,opens,perfectly,easy,pleased,thank,ze,day,mas
ice,beautiful,great,loves,excellent,awesome,highly,wonderful,potatoes,ever,loved,perfect,cake,love,happy,glad,best,opens,perfectly,easy,pleased,thank,ze,day,mas
ice,beautiful,great,loves,excellent,awesome,highly,wonderful,potatoes,ever,loved,perfect,cake,love,happy,glad,best,opens,perfectly,easy,pleased,thank,ze,day,mas
ice,beautiful,great,loves,excellent,awesome,highly,wonderful,potatoes,ever,loved,perfect,cake,love,happy,glad,best,opens,perfectly,easy,pleased,thank,ze,day,mas
ice,beautiful,great,loves,excellent,awesome,highly,wonderful,potatoes,ever,loved,perfect,cake,love,happy,glad,best,opens,perfectly,easy,pleased,thank,ze,day,mas
ice,beautiful,great,loves,excellent,awesome,highly,wonderful,potatoes,ever,loved,perfect,cake,love,happy,glad,best,opens,perfectly,easy,pleased,thank,ze,day,mas
ice,beautiful,great,loves,excellent,awesome,highly,wonderful,potatoes,ever,loved,perfect,cake,love,happy,glad,best,opens,perfectly,easy,pleased,thank,ze,day,mas
ice,beautiful,great,loves,excellent,awesome,highly,wonderful,potatoes,ever,loved,perfect,cake,love,happy,glad,best,opens,perfectly,easy,pleased,thank,ze,day,mas
ice,beautiful,great,loves,excellent,awesome,highly,wonderful,potatoes,ever,loved,perfect,cake,love,happy,glad,best,opens,perfectly,easy,pleased,thank,ze,day,mas
ice,beautiful,great,loves,excellent,awesome,highly,wonderful,potatoes,ever,loved,perfect,cake,love,happy,glad,best,opens,perfectly,easy,pleased,thank,ze,day,mas
ice,beautiful,great,loves,excellent,awesome,highly,wonderful,potatoes,ever,loved,perfect,cake,love,happy,glad,best,opens,perfectly,easy,pleased,thank,ze,day,mas
ice,beautiful,great,loves,excellent,awesome,highly,wonderful,potatoes,ever,loved,perfect,cake,love,happy,glad,best,opens,perfectly,easy,pleased,thank,ze,day,mas
ice,beautiful,great,loves,excellent,awesome,highly,wonderful,potatoes,ever,loved,perfect,cake,love,happy,glad,best,opens,perfectly,easy,pleased,thank,ze,day,mas
ice,beautiful,great,loves,excellent,awesome,highly,wonderful,potatoes,ever,loved,perfect,cake,love,happy,glad,best,opens,perfectly,easy,pleased,thank,ze,day,mas
ice,beautiful,great,loves,excellent,awesome,highly,wonderful,potatoes,ever,loved,perfect,cake,love,happy,glad,best,opens,perfectly,easy,pleased,thank,ze,day,mas
ice,beautiful,great,loves,excellent,awesome,highly,wonderful,potatoes,ever,loved,perfect,cake,love,happy,glad,best,opens,perfectly,easy,pleased,thank,ze,day,mas
ice,beautiful,great,loves,excellent,awesome,highly,wonderful,potatoes,ever,loved,perfect,cake,love,happy,glad,best,opens,perfectly,easy,pleased,thank,ze,day,mas
ice,beautiful,great,loves,excellent,awesome,highly,wonderful,potatoes,ever,loved,perfect,cake,love,happy,glad,best,opens,perfectly,easy,pleased,thank,ze,day,mas
ice,beautiful,great,loves,excellent,awesome,highly,wonderful,potatoes,ever,loved,perfect,cake,love,happy,glad,best,opens,perfectly,easy,pleased,thank,ze,day,mas
ice,beautiful,great,loves,excellent,awesome,highly,wonderful,potatoes,ever,loved,perfect,cake,love,happy,glad,best,opens,perfectly,easy,pleased,thank,ze,day,mas
ice,beautiful,great,loves,excellent,awesome,highly,wonderful,potatoes,ever,loved,perfect,cake,love,happy,glad,best,opens,perfectly,easy,pleased,thank,ze,day,mas
ice,beautiful,great,loves,excellent,awesome,highly,wonderful,potatoes,ever,loved,perfect,cake,love,happy,glad,best,opens,perfectly,easy,pleased,thank,ze,day,mas
ice,beautiful,great,loves,excellent,awesome,highly,wonderful,potatoes,ever,loved,perfect,cake,love,happy,glad,best,opens,perfectly,easy,pleased,thank,ze,day,mas
ice,beautiful,great,loves,excellent,awesome,highly,wonderful,potatoes,ever,loved,perfect,cake,love,happy,glad,best,opens,perfectly,easy,pleased,thank,ze,day,mas
ice,beautiful,great,loves,excellent,awesome,highly,wonderful,potatoes,ever,loved,perfect,cake,love,happy,glad,best,opens,perfectly,easy,pleased,thank,ze,day,mas
ice,beautiful,great,loves,excellent,awesome,highly,wonderful,potatoes,ever,loved,perfect,cake,love,happy,glad,best,opens,perfectly,easy,pleased,thank,ze,day,mas
ice,beautiful,great,loves,excellent,awesome,highly,wonderful,potatoes,ever,loved,perfect,cake,love,happy,glad,best,opens,perfectly,easy,pleased,thank,ze,day,mas
ice,beautiful,great,loves,excellent,awesome,highly,wonderful,potatoes,ever,loved,perfect,cake,love,happy,glad,best,opens,perfectly,easy,pleased,thank,ze,day,mas
ice,beautiful,great,loves,excellent,awesome,highly,wonderful,potatoes,ever,loved,perfect,cake,love,happy,glad,best,opens,perfectly,easy,pleased,thank,ze,day,mas
ice,beautiful,great,loves,excellent,awesome,highly,wonderful,potatoes,ever,loved,perfect,cake,love,happy,glad,best,opens,perfectly,easy,pleased,thank,ze,day,mas
ice,beautiful,great,loves,excellent,awesome,highly,wonderful,potatoes,ever,loved,perfect,cake,love,happy,glad,best,opens,perfectly,easy,pleased,thank,ze,day,mas
ice,beautiful,great,loves,excellent,awesome,highly,wonderful,potatoes,ever,loved,perfect,cake,love,happy,glad,best,opens,perfectly,easy,pleased,thank,ze,day,mas
ice,beautiful,great,loves,excellent,awesome,highly,wonderful,potatoes,ever,loved,perfect,cake,love,happy,glad,best,opens,perfectly,easy,pleased,thank,ze,day,mas
ice,beautiful,great,loves,excellent,awesome,highly,wonderful,potatoes,ever,loved,perfect,cake,love,happy,glad,best,opens,perfectly,easy,pleased,thank,ze,day,mas
ice,beautiful,great,loves,excellent,awesome,highly,wonderful,potatoes,ever,loved,perfect,cake,love,happy,glad,best,opens,perfectly,easy,pleased,thank,ze,day,mas
ice,beautiful,great,loves,excellent,awesome,highly,wonderful,potatoes,ever,loved,perfect,cake,love,happy,glad,best,opens,perfectly,easy,pleased,thank,ze,day,mas
ice,beautiful,great,loves,excellent,awesome,highly,wonderful,potatoes,ever,loved,perfect,cake,love,happy,glad,best,opens,perfectly,easy,pleased,thank,ze,day,mas
ice,beautiful,great,loves,excellent,awesome,highly,wonderful,potatoes,ever,loved,perfect,cake,love,happy,glad,best,opens,perfectly,easy,pleased,thank,ze,day,mas
ice,beautiful,great,loves,excellent,awesome,highly,wonderful,potatoes,ever,loved,perfect,cake,love,happy,glad,best,opens,perfectly,easy,pleased,thank,ze,day,mas
ice,beautiful,great,loves,excellent,awesome,highly,wonderful,potatoes,ever,loved,perfect,cake,love,happy,glad,best,opens,perfectly,easy,pleased,thank,ze,day,mas
ice,beautiful,great,loves,excellent,awesome,highly,wonderful,potatoes,ever,loved,perfect,cake,love,happy,glad,best,opens,perfectly,easy,pleased,thank,ze,day,mas
ice,beautiful,great,loves,excellent,awesome,highly,wonderful,potatoes,ever,loved,perfect,cake,love,happy,glad,best,opens,perfectly,easy,pleased,thank,ze,day,mas
ice,beautiful,great,loves,excellent,awesome,highly,wonderful,potatoes,ever,loved,perfect,cake,love,happy,glad,best,opens,perfectly,easy,pleased,thank,ze,day,mas
ice,beautiful,great,loves,excellent,awesome,highly,wonderful,potatoes,ever,loved,perfect,cake,love,happy,glad,best,opens,perfectly,easy,pleased,thank,ze,day,mas
ice,beautiful,great,loves,excellent,awesome,highly,wonderful,potatoes,ever,loved,perfect,cake,love,happy,glad,best,opens,perfectly,easy,pleased,thank,ze,day,mas
ice,beautiful,great,loves,excellent,awesome,highly,wonderful,potatoes,ever,loved,perfect,cake,love,happy,glad,best,opens,perfectly,easy,pleased,thank,ze,day,mas
ice,beautiful,great,loves,excellent,awesome,highly,wonderful,potatoes,ever,loved,perfect,cake,love,happy,glad,best,opens,perfectly,easy,pleased,thank,ze,day,mas
ice,beautiful,great,loves,excellent,awesome,highly,wonderful,potatoes,ever,loved,perfect,cake,love,happy,glad,best,opens,perfectly,easy,pleased,thank,ze,day,mas
ice,beautiful,great,loves,excellent,awesome,highly,wonderful,potatoes,ever,loved,perfect,cake,love,happy,glad,best,opens,perfectly,easy,pleased,thank,ze,day,mas
ice,beautiful,great,loves,excellent,awesome,highly,wonderful,potatoes,ever,loved,perfect,cake,love,happy,glad,best,opens,perfectly,easy,pleased,thank,ze,day,mas
ice,beautiful,great,loves,excellent,awesome,highly,wonderful,potatoes,ever,loved,perfect,cake,love,happy,glad,best,opens,perfectly,easy,pleased,thank,ze,day,mas
ice,beautiful,great,loves,excellent,awesome,highly,wonderful,potatoes,ever,loved,perfect,cake,love,happy,glad,best,opens,perfectly,easy,pleased,thank,ze,day,mas
ice,beautiful,great,loves,excellent,awesome,highly,wonderful,potatoes,ever,loved,perfect,cake,love,happy,glad,best,opens,perfectly,easy,pleased,thank,ze,day,mas
ice,beautiful,great,loves,excellent,awesome,highly,wonderful,potatoes,ever,loved,perfect,cake,love,happy,glad,best,opens,perfectly,easy,pleased,thank,ze,day,mas
ice,beautiful,great,loves,excellent,awesome,highly,wonderful,potatoes,ever,loved,perfect,cake,love,happy,glad,best,opens,perfectly,easy,pleased,thank,ze,day,mas
ice,beautiful,great,loves,excellent,awesome,highly,wonderful,potatoes,ever,loved,perfect,cake,love,happy,glad,best,opens,perfectly,easy,pleased,thank,ze,day,mas
ice,beautiful,great,loves,excellent,awesome,highly,wonderful,potatoes,ever,loved,perfect,cake,love,happy,glad,best,opens,perfectly,easy,pleased,thank,ze,day,mas
ice,beautiful,great,loves,excellent,awesome,highly,wonderful,potatoes,ever,loved,perfect,cake,love,happy,glad,best,opens,perfectly,easy,pleased,thank,ze,day,mas
ice,beautiful,great,loves,excellent,awesome,highly,wonderful,potatoes,ever,loved,perfect,cake,love,happy,glad,best,opens,perfectly,easy,pleased,thank,ze,day,mas
ice,beautiful,great,loves,excellent,awesome,highly,wonderful,potatoes,ever,loved,perfect,cake,love,happy,glad,best,opens,perfectly,easy,pleased,thank,ze,day,mas
ice,beautiful,great,loves,excellent,awesome,highly,wonderful,potatoes,ever,loved,perfect,cake,love,happy,glad,best,opens,perfectly,easy,pleased,thank,ze,day,mas
ice,beautiful,great,loves,excellent,awesome,highly,wonderful,potatoes,ever,loved,perfect,cake,love,happy,glad,best,opens,perfectly,easy,pleased,thank,ze,day,mas
ice,beautiful,great,loves,excellent,awesome,highly,wonderful,potatoes,ever,loved,perfect,cake,love,happy,glad,best,opens,perfectly,easy,pleased,thank,ze,day,mas
ice,beautiful,great,loves,excellent,awesome,highly,wonderful,potatoes,ever,loved,perfect,cake,love,happy,glad,best,opens,perfectly,easy,pleased,thank,ze,day,mas
ice,beautiful,great,loves,excellent,awesome,highly,wonderful,potatoes,ever,loved,perfect,cake,love,happy,glad,best,opens,perfectly,easy,pleased,thank,ze,day,mas
ice,beautiful,great,loves,excellent,awesome,highly,wonderful,potatoes,ever,loved,perfect,cake,love,happy,glad,best,opens,perfectly,easy,pleased,thank,ze,day,mas
ice,beautiful,great,loves,excellent,awesome,highly,wonderful,potatoes,ever,loved,perfect,cake,love,happy,glad,best,opens,perfectly,easy,pleased,thank,ze,day,mas
ice,beautiful,great,loves,excellent,awesome,highly,wonderful,potatoes,ever,loved,perfect,cake,love,happy,glad,best,opens,perfectly,easy,pleased,thank,ze,day,mas
ice,beautiful,great,loves,excellent,awesome,highly,wonderful,potatoes,ever,loved,perfect,cake,love,happy,glad,best,opens,perfectly,easy,pleased,thank,ze,day,mas
ice,beautiful,great,loves,excellent,awesome,highly,wonderful,potatoes,ever,loved,perfect,cake,love,happy,glad,best,opens,perfectly,easy,pleased,thank,ze,day,mas
ice,beautiful,great,loves,excellent,awesome,highly,wonderful,potatoes,ever,loved,perfect,cake,love,happy,glad,best,opens,perfectly,easy,pleased,thank,ze,day,mas
ice,beautiful,great,loves,excellent,awesome,highly,wonderful,potatoes,ever,loved,perfect,cake,love,happy,glad,best,opens,perfectly,easy,pleased,thank,ze,day,mas
ice,beautiful,great,loves,excellent,awesome,highly,wonderful,potatoes,ever,loved,perfect,cake,love,happy,glad,best,opens,perfectly,easy,pleased,thank,ze,day,mas
ice,beautiful,great,loves,excellent,awesome,highly,wonderful,potatoes,ever,loved,perfect,cake,love,happy,glad,best,opens,perfectly,easy,pleased,thank,ze,day,mas
ice,beautiful,great,loves,excellent,awesome,highly,wonderful,potatoes,ever,loved,perfect,cake,love,happy,glad,best,opens,perfectly,easy,pleased,thank,ze,day,mas
ice,beautiful,great,loves,excellent,awesome,highly,wonderful,potatoes,ever,loved,perfect,cake,love,happy,glad,best,opens,perfectly,easy,pleased,thank,ze,day,mas
ice,beautiful,great,loves,excellent,awesome,highly,wonderful,potatoes,ever,loved,perfect,cake,love,happy,glad,best,opens,perfectly,easy,pleased,thank,ze,day,mas
ice,beautiful,great,loves,excellent,awesome,highly,wonderful,potatoes,ever,loved,perfect,cake,love,happy,glad,best,opens,perfectly,easy,pleased,thank,ze,day,mas
ice,beautiful,great,loves,excellent,awesome,highly,wonderful,potatoes,ever,loved,perfect,cake,love,happy,glad,best,opens,perfectly,easy,pleased,thank,ze,day,mas
ice,beautiful,great,loves,excellent,awesome,highly,wonderful,potatoes,ever,loved,perfect,cake,love,happy,glad,best,opens,perfectly,easy,pleased,thank,ze,day,mas
beautiful,great,loves,excellent,awesome,highly,wonderful,potatoes,ever,loved,potato,perfect,cake,love,happy,glad,best,opens,perfectly,easy,pleased,thank,ze,day,mas
beautiful,great,loves,excellent,awesome,highly,wonderful,potatoes,ever,loved,potato,perfect,cake,love,happy,glad,best,opens,perfectly,easy,pleased,thank,ze,day,mas
beautiful,great,loves,excellent,awesome,highly,wonderful,potatoes,ever,loved,potato,perfect,cake,love,happy,glad,best,opens,perfectly,easy,pleased,thank,ze,day,mas
beautiful,great,loves,excellent,awesome,highly,wonderful,potatoes,ever,loved,potato,perfect,cake,love,happy,glad,best,opens,perfectly,easy,pleased,thank,ze,day,mas
beautiful,great,loves,excellent,awesome,highly,wonderful,potatoes,ever,loved,potato,perfect,cake,love,happy,glad,best,opens,perfectly,easy,pleased,thank,ze,day,mas
beautiful,great,loves,excellent,awesome,highly,wonderful,potatoes,ever,loved,potato,perfect,cake,love,happy,glad,best,opens,perfectly,easy,pleased,thank,ze,day,mas
beautiful,great,loves,excellent,awesome,highly,wonderful,potatoes,ever,loved,potato,perfect,cake,love,happy,glad,best,opens,perfectly,easy,pleased,thank,ze,day,mas
beautiful,great,loves,excellent,awesome,highly,wonderful,potatoes,ever,loved,potato,perfect,cake,love,happy,glad,best,opens,perfectly,easy,pleased,thank,ze,day,mas
beautiful,great,loves,excellent,awesome,highly,wonderful,potatoes,ever,loved,potato,perfect,cake,love,happy,glad,best,opens,perfectly,easy,pleased,thank,ze,day,mas
beautiful,great,loves,excellent,awesome,highly,wonderful,potatoes,ever,loved,potato,perfect,cake,love,happy,glad,best,opens,perfectly,easy,pleased,thank,ze,day,mas
beautiful,great,loves,excellent,awesome,highly,wonderful,potatoes,ever,loved,potato,perfect,cake,love,happy,glad,best,opens,perfectly,easy,pleased,thank,ze,day,mas
beautiful,great,loves,excellent,awesome,highly,wonderful,potatoes,ever,loved,potato,perfect,cake,love,happy,glad,best,opens,perfectly,easy,pleased,thank,ze,day,mas
beautiful,great,loves,excellent,awesome,highly,wonderful,potatoes,ever,loved,potato,perfect,cake,love,happy,glad,best,opens,perfectly,easy,pleased,thank,ze,day,mas
beautiful,great,loves,excellent,awesome,highly,wonderful,potatoes,ever,loved,potato,perfect,cake,love,happy,glad,best,opens,perfectly,easy,pleased,thank,ze,day,mas
beautiful,great,loves,excellent,awesome,highly,wonderful,potatoes,ever,loved,potato,perfect,cake,love,happy,glad,best,opens,perfectly,easy,pleased,thank,ze,day,mas
beautiful,great,loves,excellent,awesome,highly,wonderful,potatoes,ever,loved,potato,perfect,cake,love,happy,glad,best,opens,perfectly,easy,pleased,thank,ze,day,mas
beautiful,great,loves,excellent,awesome,highly,wonderful,potatoes,ever,loved,potato,perfect,cake,love,happy,glad,best,opens,perfectly,easy,pleased,thank,ze,day,mas
beautiful,great,loves,excellent,awesome,highly,wonderful,potatoes,ever,loved,potato,perfect,cake,love,happy,glad,best,opens,perfectly,easy,pleased,thank,ze,day,mas
beautiful,great,loves,excellent,awesome,highly,wonderful,potatoes,ever,loved,potato,perfect,cake,love,happy,glad,best,opens,perfectly,easy,pleased,thank,ze,day,mas
beautiful,great,loves,excellent,awesome,highly,wonderful,potatoes,ever,loved,potato,perfect,cake,love,happy,glad,best,opens,perfectly,easy,pleased,thank,ze,day,mas
beautiful,great,loves,excellent,awesome,highly,wonderful,potatoes,ever,loved,potato,perfect,cake,love,happy,glad,best,opens,perfectly,easy,pleased,thank,ze,day,mas
beautiful,great,loves,excellent,awesome,highly,wonderful,potatoes,ever,loved,potato,perfect,cake,love,happy,glad,best,opens,perfectly,easy,pleased,thank,ze,day,mas
beautiful,great,loves,excellent,awesome,highly,wonderful,potatoes,ever,loved,potato,perfect,cake,love,happy,glad,best,opens,perfectly,easy,pleased,thank,ze,day,mas
beautiful,great,loves,excellent,awesome,highly,wonderful,potatoes,ever,loved,potato,perfect,cake,love,happy,glad,best,opens,perfectly,easy,pleased,thank,ze,day,mas
beautiful,great,loves,excellent,awesome,highly,wonderful,potatoes,ever,loved,potato,perfect,cake,love,happy,glad,best,opens,perfectly,easy,pleased,thank,ze,day,mas
beautiful,great,loves,excellent,awesome,highly,wonderful,potatoes,ever,loved,potato,perfect,cake,love,happy,glad,best,opens,perfectly,easy,pleased,thank,ze,day,mas
beautiful,great,loves,excellent,awesome,highly,wonderful,potatoes,ever,loved,potato,perfect,cake,love,happy,glad,best,opens,perfectly,easy,pleased,thank,ze,day,mas
beautiful,great,loves,excellent,awesome,highly,wonderful,potatoes,ever,loved,potato,perfect,cake,love,happy,glad,best,opens,perfectly,easy,pleased,thank,ze,day,mas
beautiful,great,loves,excellent,awesome,highly,wonderful,potatoes,ever,loved,potato,perfect,cake,love,happy,glad,best,opens,perfectly,easy,pleased,thank,ze,day,mas
beautiful,great,loves,excellent,awesome,highly,wonderful,potatoes,ever,loved,potato,perfect,cake,love,happy,glad,best,opens,perfectly,easy,pleased,thank,ze,day,mas
beautiful,great,loves,excellent,awesome,highly,wonderful,potatoes,ever,loved,potato,perfect,cake,love,happy,glad,best,opens,perfectly,easy,pleased,thank,ze,day,mas
beautiful,great,loves,excellent,awesome,highly,wonderful,potatoes,ever,loved,potato,perfect,cake,love,happy,glad,best,opens,perfectly,easy,pleased,thank,ze,day,mas
beautiful,great,loves,excellent,awesome,highly,wonderful,potatoes,ever,loved,potato,perfect,cake,love,happy,glad,best,opens,perfectly,easy,pleased,thank,ze,day,mas
beautiful,great,loves,excellent,awesome,highly,wonderful,potatoes,ever,loved,potato,perfect,cake,love,happy,glad,best,opens,perfectly,easy,pleased,thank,ze,day,mas
beautiful,great,loves,excellent,awesome,highly,wonderful,potatoes,ever,loved,potato,perfect,cake,love,happy,glad,best,opens,perfectly,easy,pleased,thank,ze,day,mas
beautiful,great,loves,excellent,awesome,highly,wonderful,potatoes,ever,loved,potato,perfect,cake,love,happy,glad,best,opens,perfectly,easy,pleased,thank,ze,day,mas
beautiful,great,loves,excellent,awesome,highly,wonderful,potatoes,ever,loved,potato,perfect,cake,love,happy,glad,best,opens,perfectly,easy,pleased,thank,ze,day,mas
beautiful,great,loves,excellent,awesome,highly,wonderful,potatoes,ever,loved,potato,perfect,cake,love,happy,glad,best,opens,perfectly,easy,pleased,thank,ze,day,mas
beautiful,great,loves,excellent,awesome,highly,wonderful,potatoes,ever,loved,potato,perfect,cake,love,happy,glad,best,opens,perfectly,easy,pleased,thank,ze,day,mas
beautiful,great,loves,excellent,awesome,highly,wonderful,potatoes,ever,loved,potato,perfect,cake,love,happy,glad,best,opens,perfectly,easy,pleased,thank,ze,day,mas
beautiful,great,loves,excellent,awesome,highly,wonderful,potatoes,ever,loved,potato,perfect,cake,love,happy,glad,best,opens,perfectly,easy,pleased,thank,ze,day,mas
beautiful,great,loves,excellent,awesome,highly,wonderful,potatoes,ever,loved,potato,perfect,cake,love,happy,glad,best,opens,perfectly,easy,pleased,thank,ze,day,mas
beautiful,great,loves,excellent,awesome,highly,wonderful,potatoes,ever,loved,potato,perfect,cake,love,happy,glad,best,opens,perfectly,easy,pleased,thank,ze,day,mas
beautiful,great,loves,excellent,awesome,highly,wonderful,potatoes,ever,loved,potato,perfect,cake,love,happy,glad,best,opens,perfectly,easy,pleased,thank,ze,day,mas
beautiful,great,loves,excellent,awesome,highly,wonderful,potatoes,ever,loved,potato,perfect,cake,love,happy,glad,best,opens,perfectly,easy,pleased,thank,ze,day,mas
beautiful,great,loves,excellent,awesome,highly,wonderful,potatoes,ever,loved,potato,perfect,cake,love,happy,glad,best,opens,perfectly,easy,pleased,thank,ze,day,mas
beautiful,great,loves,excellent,awesome,highly,wonderful,potatoes,ever,loved,potato,perfect,cake,love,happy,glad,best,opens,perfectly,easy,pleased,thank,ze,day,mas
beautiful,great,loves,excellent,awesome,highly,wonderful,potatoes,ever,loved,potato,perfect,cake,love,happy,glad,best,opens,perfectly,easy,pleased,thank,ze,day,mas
beautiful,great,loves,excellent,awesome,highly,wonderful,potatoes,ever,loved,potato,perfect,cake,love,happy,glad,best,opens,perfectly,easy,pleased,thank,ze,day,mas
beautiful,great,loves,excellent,awesome,highly,wonderful,potatoes,ever,loved,potato,perfect,cake,love,happy,glad,best,opens,perfectly,easy,pleased,thank,ze,day,mas
beautiful,great,loves,excellent,awesome,highly,wonderful,potatoes,ever,loved,potato,perfect,cake,love,happy,glad,best,opens,perfectly,easy,pleased,thank,ze,day,mas
beautiful,great,loves,excellent,awesome,highly,wonderful,potatoes,ever,loved,potato,perfect,cake,love,happy,glad,best,opens,perfectly,easy,pleased,thank,ze,day,mas
beautiful,great,loves,excellent,awesome,highly,wonderful,potatoes,ever,loved,potato,perfect,cake,love,happy,glad,best,opens,perfectly,easy,pleased,thank,ze,day,mas
beautiful,great,loves,excellent,awesome,highly,wonderful,potatoes,ever,loved,potato,perfect,cake,love,happy,glad,best,opens,perfectly,easy,pleased,thank,ze,day,mas
beautiful,great,loves,excellent,awesome,highly,wonderful,potatoes,ever,loved,potato,perfect,cake,love,happy,glad,best,opens,perfectly,easy,pleased,thank,ze,day,mas
beautiful,great,loves,excellent,awesome,highly,wonderful,potatoes,ever,loved,potato,perfect,cake,love,happy,glad,best,opens,perfectly,easy,pleased,thank,ze,day,mas
beautiful,great,loves,excellent,awesome,highly,wonderful,potatoes,ever,loved,potato,perfect,cake,love,happy,glad,best,opens,perfectly,easy,pleased,thank,ze,day,mas
beautiful,great,loves,excellent,awesome,highly,wonderful,potatoes,ever,loved,potato,perfect,cake,love,happy,glad,best,opens,perfectly,easy,pleased,thank,ze,day,mas
beautiful,great,loves,excellent,awesome,highly,wonderful,potatoes,ever,loved,potato,perfect,cake,love,happy,glad,best,opens,perfectly,easy,pleased,thank,ze,day,mas
beautiful,great,loves,excellent,awesome,highly,wonderful,potatoes,ever,loved,potato,perfect,cake,love,happy,glad,best,opens,perfectly,easy,pleased,thank,ze,day,mas
beautiful,great,loves,excellent,awesome,highly,wonderful,potatoes,ever,loved,potato,perfect,cake,love,happy,glad,best,opens,perfectly,easy,pleased,thank,ze,day,mas
beautiful,great,loves,excellent,awesome,highly,wonderful,potatoes,ever,loved,potato,perfect,cake,love,happy,glad,best,opens,perfectly,easy,pleased,thank,ze,day,mas
beautiful,great,loves,excellent,awesome,highly,wonderful,potatoes,ever,loved,potato,perfect,cake,love,happy,glad,best,opens,perfectly,easy,pleased,thank,ze,day,mas
beautiful,great,loves,excellent,awesome,highly,wonderful,potatoes,ever,loved,potato,perfect,cake,love,happy,glad,best,opens,perfectly,easy,pleased,thank,ze,day,mas
beautiful,great,loves,excellent,awesome,highly,wonderful,potatoes,ever,loved,potato,perfect,cake,love,happy,glad,best,opens,perfectly,easy,pleased,thank,ze,day,mas
beautiful,great,loves,excellent,awesome,highly,wonderful,potatoes,ever,loved,potato,perfect,cake,love,happy,glad,best,opens,perfectly,easy,pleased,thank,ze,day,mas
beautiful,great,loves,excellent,awesome,highly,wonderful,potatoes,ever,loved,potato,perfect,cake,love,happy,glad,best,opens,perfectly,easy,pleased,thank,ze,day,mas
beautiful,great,loves,excellent,awesome,highly,wonderful,potatoes,ever,loved,potato,perfect,cake,love,happy,glad,best,opens,perfectly,easy,pleased,thank,ze,day,mas
beautiful,great,loves,excellent,awesome,highly,wonderful,potatoes,ever,loved,potato,perfect,cake,love,happy,glad,best,opens,perfectly,easy,pleased,thank,ze,day,mas
beautiful,great,loves,excellent,awesome,highly,wonderful,potatoes,ever,loved,potato,perfect,cake,love,happy,glad,best,opens,perfectly,easy,pleased,thank,ze,day,mas
beautiful,great,loves,excellent,awesome,highly,wonderful,potatoes,ever,loved,potato,perfect,cake,love,happy,glad,best,opens,perfectly,easy,pleased,thank,ze,day,mas
beautiful,great,loves,excellent,awesome,highly,wonderful,potatoes,ever,loved,potato,perfect,cake,love,happy,glad,best,opens,perfectly,easy,pleased,thank,ze,day,mas
beautiful,great,loves,excellent,awesome,highly,wonderful,potatoes,ever,loved,potato,perfect,cake,love,happy,glad,best,opens,perfectly,easy,pleased,thank,ze,day,mas
beautiful,great,loves,excellent,awesome,highly,wonderful,potatoes,ever,loved,potato,perfect,cake,love,happy,glad,best,opens,perfectly,easy,pleased,thank,ze,day,mas
beautiful,great,loves,excellent,awesome,highly,wonderful,potatoes,ever,loved,potato,perfect,cake,love,happy,glad,best,opens,perfectly,easy,pleased,thank,ze,day,mas
beautiful,great,loves,excellent,awesome,highly,wonderful,potatoes,ever,loved,potato,perfect,cake,love,happy,glad,best,opens,perfectly,easy,pleased,thank,ze,day,mas
beautiful,great,loves,excellent,awesome,highly,wonderful,potatoes,ever,loved,potato,perfect,cake,love,happy,glad,best,opens,perfectly,easy,pleased,thank,ze,day,mas
beautiful,great,loves,excellent,awesome,highly,wonderful,potatoes,ever,loved,potato,perfect,cake,love,happy,glad,best,opens,perfectly,easy,pleased,thank,ze,day,mas
beautiful,great,loves,excellent,awesome,highly,wonderful,potatoes,ever,loved,potato,perfect,cake,love,happy,glad,best,opens,perfectly,easy,pleased,thank,ze,day,mas
beautiful,great,loves,excellent,awesome,highly,wonderful,potatoes,ever,loved,potato,perfect,cake,love,happy,glad,best,opens,perfectly,easy,pleased,thank,ze,day,mas
beautiful,great,loves,excellent,awesome,highly,wonderful,potatoes,ever,loved,potato,perfect,cake,love,happy,glad,best,opens,perfectly,easy,pleased,thank,ze,day,mas
beautiful,great,loves,excellent,awesome,highly,wonderful,potatoes,ever,loved,potato,perfect,cake,love,happy,glad,best,opens,perfectly,easy,pleased,thank,ze,day,mas
beautiful,great,loves,excellent,awesome,highly,wonderful,potatoes,ever,loved,potato,perfect,cake,love,happy,glad,best,opens,perfectly,easy,pleased,thank,ze,day,mas
beautiful,great,loves,excellent,awesome,highly,wonderful,potatoes,ever,loved,potato,perfect,cake,love,happy,glad,best,opens,perfectly,easy,pleased,thank,ze,day,mas
beautiful,great,loves,excellent,awesome,highly,wonderful,potatoes,ever,loved,potato,perfect,cake,love,happy,glad,best,opens,perfectly,easy,pleased,thank,ze,day,mas
beautiful,great,loves,excellent,awesome,highly,wonderful,potatoes,ever,loved,potato,perfect,cake,love,happy,glad,best,opens,perfectly,easy,pleased,thank,ze,day,mas
beautiful,great,loves,excellent,awesome,highly,wonderful,potatoes,ever,loved,potato,perfect,cake,love,happy,glad,best,opens,perfectly,easy,pleased,thank,ze,day,mas
beautiful,great,loves,excellent,awesome,highly,wonderful,potatoes,ever,loved,potato,perfect,cake,love,happy,glad,best,opens,perfectly,easy,pleased,thank,ze,day,mas
beautiful,great,loves,excellent,awesome,highly,wonderful,potatoes,ever,loved,potato,perfect,cake,love,happy,glad,best,opens,perfectly,easy,pleased,thank,ze,day,mas
beautiful,great,loves,excellent,awesome,highly,wonderful,potatoes,ever,loved,potato,perfect,cake,love,happy,glad,best,opens,perfectly,easy,pleased,thank,ze,day,mas
beautiful,great,loves,excellent,awesome,highly,wonderful,potatoes,ever,loved,potato,perfect,cake,love,happy,glad,best,opens,perfectly,easy,pleased,thank,ze,day,mas
beautiful,great,loves,excellent,awesome,highly,wonderful,potatoes,ever,loved,potato,perfect,cake,love,happy,glad,best,opens,perfectly,easy,pleased,thank,ze,day,mas
beautiful,great,loves,excellent,awesome,highly,wonderful,potatoes,ever,loved,potato,perfect,cake,love,happy,glad,best,opens,perfectly,easy,pleased,thank,ze,day,mas
beautiful,great,loves,excellent,awesome,highly,wonderful,potatoes,ever,loved,potato,perfect,cake,love,happy,glad,best,opens,perfectly,easy,pleased,thank,ze,day,mas
beautiful,great,loves,excellent,awesome,highly,wonderful,potatoes,ever,loved,potato,perfect,cake,love,happy,glad,best,opens,perfectly,easy,pleased,thank,ze,day,mas
beautiful,great,loves,excellent,awesome,highly,wonderful,potatoes,ever,loved,potato,perfect,cake,love,happy,glad,best,opens,perfectly,easy,pleased,thank,ze,day,mas
beautiful,great,loves,excellent,awesome,highly,wonderful,potatoes,ever,loved,potato,perfect,cake,love,happy,glad,best,opens,perfectly,easy,pleased,thank,ze,day,mas
beautiful,great,loves,excellent,awesome,highly,wonderful,potatoes,ever,loved,potato,perfect,cake,love,happy,glad,best,opens,perfectly,easy,pleased,thank,ze,day,mas
beautiful,great,loves,excellent,awesome,highly,wonderful,potatoes,ever,loved,potato,perfect,cake,love,happy,glad,best,opens,perfectly,easy,pleased,thank,ze,day,mas
beautiful,great,loves,excellent,awesome,highly,wonderful,potatoes,ever,loved,potato,perfect,cake,love,happy,glad,best,opens,perfectly,easy,pleased,thank,ze,day,mas
beautiful,great,loves,excellent,awesome,highly,wonderful,potatoes,ever,loved,potato,perfect,cake,love,happy,glad,best,opens,perfectly,easy,pleased,thank,ze,day,mas
beautiful,great,loves,excellent,awesome,highly,wonderful,potatoes,ever,loved,potato,perfect,cake,love,happy,glad,best,opens,perfectly,easy,pleased,thank,ze,day,mas
beautiful,great,loves,excellent,awesome,highly,wonderful,potatoes,ever,loved,potato,perfect,cake,love,happy,glad,best,opens,perfectly,easy,pleased,thank,ze,day,mas
beautiful,great,loves,excellent,awesome,highly,wonderful,potatoes,ever,loved,potato,perfect,cake,love,happy,glad,best,opens,perfectly,easy,pleased,thank,ze,day,mas
beautiful,great,loves,excellent,awesome,highly,wonderful,potatoes,ever,loved,potato,perfect,cake,love,happy,glad,best,opens,perfectly,easy,pleased,thank,ze,day,mas
beautiful,great,loves,excellent,awesome,highly,wonderful,potatoes,ever,loved,potato,perfect,cake,love,happy,glad,best,opens,perfectly,easy,pleased,thank,ze,day,mas
beautiful,great,loves,excellent,awesome,highly,wonderful,potatoes,ever,loved,potato,perfect,cake,love,happy,glad,best,opens,perfectly,easy,pleased,thank,ze,day,mas
beautiful,great,loves,excellent,awesome,highly,wonderful,potatoes,ever,loved,potato,perfect,cake,love,happy,glad,best,opens,perfectly,easy,pleased,thank,ze,day,mas
beautiful,great,loves,excellent,awesome,highly,wonderful,potatoes,ever,loved,potato,perfect,cake,love,happy,glad,best,opens,perfectly,easy,pleased,thank,ze,day,mas
beautiful,great,loves,excellent,awesome,highly,wonderful,potatoes,ever,loved,potato,perfect,cake,love,happy,glad,best,opens,perfectly,easy,pleased,thank,ze,day,mas
beautiful,great,loves,excellent,awesome,highly,wonderful,potatoes,ever,loved,potato,perfect,cake,love,happy,glad,best,opens,perfectly,easy,pleased,thank,ze,day,mas
beautiful,great,loves,excellent,awesome,highly,wonderful,potatoes,ever,loved,potato,perfect,cake,love,happy,glad,best,opens,perfectly,easy,pleased,thank,ze,day,mas
beautiful,great,loves,excellent,awesome,highly,wonderful,potatoes,ever,loved,potato,perfect,cake,love,happy,glad,best,opens,perfectly,easy,pleased,thank,ze,day,mas
beautiful,great,loves,excellent,awesome,highly,wonderful,potatoes,ever,loved,potato,perfect,cake,love,happy,glad,best,opens,perfectly,easy,pleased,thank,ze,day,mas
beautiful,great,loves,excellent,awesome,highly,wonderful,potatoes,ever,loved,potato,perfect,cake,love,happy,glad,best,opens,perfectly,easy,pleased,thank,ze,day,mas
beautiful,great,loves,excellent,awesome,highly,wonderful,potatoes,ever,loved,potato,perfect,cake,love,happy,glad,best,opens,perfectly,easy,pleased,thank,ze,day,mas
beautiful,great,loves,excellent,awesome,highly,wonderful,potatoes,ever,loved,potato,perfect,cake,love,happy,glad,best,opens,perfectly,easy,pleased,thank,ze,day,mas
beautiful,great,loves,excellent,awesome,highly,wonderful,potatoes,ever,loved,potato,perfect,cake,love,happy,glad,best,opens,perfectly,easy,pleased,thank,ze,day,mas
beautiful,great,loves,excellent,awesome,highly,wonderful,potatoes,ever,loved,potato,perfect,cake,love,happy,glad,best,opens,perfectly,easy,pleased,thank,ze,day,mas
beautiful,great,loves,excellent,awesome,highly,wonderful,potatoes,ever,loved,potato,perfect,cake,love,happy,glad,best,opens,perfectly,easy,pleased,thank,ze,day,mas
beautiful,great,loves,excellent,awesome,highly,wonderful,potatoes,ever,loved,potato,perfect,cake,love,happy,glad,best,opens,perfectly,easy,pleased,thank,ze,day,mas
beautiful,great,loves,excellent,awesome,highly,wonderful,potatoes,ever,loved,potato,perfect,cake,love,happy,glad,best,opens,perfectly,easy,pleased,thank,ze,day,mas
beautiful,great,loves,excellent,awesome,highly,wonderful,potatoes,ever,loved,potato,perfect,cake,love,happy,glad,best,opens,perfectly,easy,pleased,thank,ze,day,mas
beautiful,great,loves,excellent,awesome,highly,wonderful,potatoes,ever,loved,potato,perfect,cake,love,happy,glad,best,opens,perfectly,easy,pleased,thank,ze,day,mas
beautiful,great,loves,excellent,awesome,highly,wonderful,potatoes,ever,loved,potato,perfect,cake,love,happy,glad,best,opens,perfectly,easy,pleased,thank,ze,day,mas
beautiful,great,loves,excellent,awesome,highly,wonderful,potatoes,ever,loved,potato,perfect,cake,love,happy,glad,best,opens,perfectly,easy,pleased,thank,ze,day,mas
beautiful,great,loves,excellent,awesome,highly,wonderful,potatoes,ever,loved,potato,perfect,cake,love,happy,glad,best,opens,perfectly,easy,pleased,thank,ze,day,mas
beautiful,great,loves,excellent,awesome,highly,wonderful,potatoes,ever,loved,potato,perfect,cake,love,happy,glad,best,opens,perfectly,easy,pleased,thank,ze,day,mas
beautiful,great,loves,excellent,awesome,highly,wonderful,potatoes,ever,loved,potato,perfect,cake,love,happy,glad,best,opens,perfectly,easy,pleased,thank,ze,day,mas
beautiful,great,loves,excellent,awesome,highly,wonderful,potatoes,ever,loved,potato,perfect,cake,love,happy,glad,best,opens,perfectly,easy,pleased,thank,ze,day,mas
beautiful,great,loves,excellent,awesome,highly,wonderful,potatoes,ever,loved,potato,perfect,cake,love,happy,glad,best,opens,perfectly,easy,pleased,thank,ze,day,mas
beautiful,great,loves,excellent,awesome,highly,wonderful,potatoes,ever,loved,potato,perfect,cake,love,happy,glad,best,opens,perfectly,easy,pleased,thank,ze,day,mas
beautiful,great,loves,excellent,awesome,highly,wonderful,potatoes,ever,loved,potato,perfect,cake,love,happy,glad,best,opens,perfectly,easy,pleased,thank,ze,day,mas
beautiful,great,loves,excellent,awesome,highly,wonderful,potatoes,ever,loved,potato,perfect,cake,love,happy,glad,best,opens,perfectly,easy,pleased,thank,ze,day,mas
beautiful,great,loves,excellent,awesome,highly,wonderful,potatoes,ever,loved,potato,perfect,cake,love,happy,glad,best,opens,perfectly,easy,pleased,thank,ze,day,mas
beautiful,great,loves,excellent,awesome,highly,wonderful,potatoes,ever,loved,potato,perfect,cake,love,happy,glad,best,opens,perfectly,easy,pleased,thank,ze,day,mas
beautiful,great,loves,excellent,awesome,highly,wonderful,potatoes,ever,loved,potato,perfect,cake,love,happy,glad,best,opens,perfectly,easy,pleased,thank,ze,day,mas
beautiful,great,loves,excellent,awesome,highly,wonderful,potatoes,ever,loved,potato,perfect,cake,love,happy,glad,best,opens,perfectly,easy,pleased,thank,ze,day,mas
beautiful,great,loves,excellent,awesome,highly,wonderful,potatoes,ever,loved,potato,perfect,cake,love,happy,glad,best,opens,perfectly,easy,pleased,thank,ze,day,mas
beautiful,great,loves,excellent,awesome,highly,wonderful,potatoes,ever,loved,potato,perfect,cake,love,happy,glad,best,opens,perfectly,easy,pleased,thank,ze,day,mas
beautiful,great,loves,excellent,awesome,highly,wonderful,potatoes,ever,loved,potato,perfect,cake,love,happy,glad,best,opens,perfectly,easy,pleased,thank,ze,day,mas
beautiful,great,loves,excellent,awesome,highly,wonderful,potatoes,ever,loved,potato,perfect,cake,love,happy,glad,best,opens,perfectly,easy,pleased,thank,ze,day,mas
beautiful,great,loves,excellent,awesome,highly,wonderful,potatoes,ever,loved,potato,perfect,cake,love,happy,glad,best,opens,perfectly,easy,pleased,thank,ze,day,mas
beautiful,great,loves,excellent,awesome,highly,wonderful,potatoes,ever,loved,potato,perfect,cake,love,happy,glad,best,opens,perfectly,easy,pleased,thank,ze,day,mas
beautiful,great,loves,excellent,awesome,highly,wonderful,potatoes,ever,loved,potato,perfect,cake,love,happy,glad,best,opens,perfectly,easy,pleased,thank,ze,day,mas
beautiful,great,loves,excellent,awesome,highly,wonderful,potatoes,ever,loved,potato,perfect,cake,love,happy,glad,best,opens,perfectly,easy,pleased,thank,ze,day,mas
beautiful,great,loves,excellent,awesome,highly,wonderful,potatoes,ever,loved,potato,perfect,cake,love,happy,glad,best,opens,perfectly,easy,pleased,thank,ze,day,mas
beautiful,great,loves,excellent,awesome,highly,wonderful,potatoes,ever,loved,potato,perfect,cake,love,happy,glad,best,opens,perfectly,easy,pleased,thank,ze,day,mas
beautiful,great,loves,excellent,awesome,highly,wonderful,potatoes,ever,loved,potato,perfect,cake,love,happy,glad,best,opens,perfectly,easy,pleased,thank,ze,day,mas
beautiful,great,loves,excellent,awesome,highly,wonderful,potatoes,ever,loved,potato,perfect,cake,love,happy,glad,best,opens,perfectly,easy,pleased,thank,ze,day,mas
beautiful,great,loves,excellent,awesome,highly,wonderful,potatoes,ever,loved,potato,perfect,cake,love,happy,glad,best,opens,perfectly,easy,pleased,thank,ze,day,mas
beautiful,great,loves,excellent,awesome,highly,wonderful,potatoes,ever,loved,potato,perfect,cake,love,happy,glad,best,opens,perfectly,easy,pleased,thank,ze,day,mas
beautiful,great,loves,excellent,awesome,highly,wonderful,potatoes,ever,loved,potato,perfect,cake,love,happy,glad,best,opens,perfectly,easy,pleased,thank,ze,day,mas
beautiful,great,loves,excellent,awesome,highly,wonderful,potatoes,ever,loved,potato,perfect,cake,love,happy,glad,best,opens,perfectly,easy,pleased,thank,ze,day,mas
beautiful,great,loves,excellent,awesome,highly,wonderful,potatoes,ever,loved,potato,perfect,cake,love,happy,glad,best,opens,perfectly,easy,pleased,thank,ze,day,mas
beautiful,great,loves,excellent,awesome,highly,wonderful,potatoes,ever,loved,potato,perfect,cake,love,happy,glad,best,opens,perfectly,easy,pleased,thank,ze,day,mas
beautiful,great,loves,excellent,awesome,highly,wonderful,potatoes,ever,loved,potato,perfect,cake,love,happy,glad,best,opens,perfectly,easy,pleased,thank,ze,day,mas
beautiful,great,loves,excellent,awesome,highly,wonderful,potatoes,ever,loved,potato,perfect,cake,love,happy,glad,best,opens,perfectly,easy,pleased,thank,ze,day,mas
beautiful,great,loves,excellent,awesome,highly,wonderful,potatoes,ever,loved,potato,perfect,cake,love,happy,glad,best,opens,perfectly,easy,pleased,thank,ze,day,mas
beautiful,great,loves,excellent,awesome,highly,wonderful,potatoes,ever,loved,potato,perfect,cake,love,happy,glad,best,opens,perfectly,easy,pleased,thank,ze,day,mas
beautiful,great,loves,excellent,awesome,highly,wonderful,potatoes,ever,loved,potato,perfect,cake,love,happy,glad,best,opens,perfectly,easy,pleased,thank,ze,day,mas
beautiful,great,loves,excellent,awesome,highly,wonderful,potatoes,ever,loved,potato,perfect,cake,love,happy,glad,best,opens,perfectly,easy,pleased,thank,ze,day,mas
beautiful,great,loves,excellent,awesome,highly,wonderful,potatoes,ever,loved,potato,perfect,cake,love,happy,glad,best,opens,perfectly,easy,pleased,thank,ze,day,mas
beautiful,great,loves,excellent,awesome,highly,wonderful,potatoes,ever,loved,potato,perfect,cake,love,happy,glad,best,opens,perfectly,easy,pleased,thank,ze,day,mas
beautiful,great,loves,excellent,awesome,highly,wonderful,potatoes,ever,loved,potato,perfect,cake,love,happy,glad,best,opens,perfectly,easy,pleased,thank,ze,day,mas
beautiful,great,loves,excellent,awesome,highly,wonderful,potatoes,ever,loved,potato,perfect,cake,love,happy,glad,best,opens,perfectly,easy,pleased,thank,ze,day,mas
beautiful,great,loves,excellent,awesome,highly,wonderful,potatoes,ever,loved,potato,perfect,cake,love,happy,glad,best,opens,perfectly,easy,pleased,thank,ze,day,mas
beautiful,great,loves,excellent,awesome,highly,wonderful,potatoes,ever,loved,potato,perfect,cake,love,happy,glad,best,opens,perfectly,easy,pleased,thank,ze,day,mas
beautiful,great,loves,excellent,awesome,highly,wonderful,potatoes,ever,loved,potato,perfect,cake,love,happy,glad,best,perfectly,easy,pleased,thank,amazing,ze,day,mas
beautiful,great,loves,excellent,awesome,highly,wonderful,potatoes,ever,loved,potato,perfect,cake,love,happy,glad,best,perfectly,easy,pleased,thank,amazing,ze,day,mas
beautiful,great,loves,excellent,awesome,highly,wonderful,potatoes,ever,loved,potato,perfect,cake,love,happy,glad,best,perfectly,easy,pleased,thank,amazing,ze,day,mas
beautiful,great,loves,excellent,awesome,highly,wonderful,potatoes,ever,loved,potato,perfect,cake,love,happy,glad,best,perfectly,easy,pleased,thank,amazing,ze,day,mas
beautiful,great,loves,excellent,awesome,highly,wonderful,potatoes,ever,loved,potato,perfect,cake,love,happy,glad,best,perfectly,easy,pleased,thank,amazing,ze,day,mas
beautiful,great,loves,excellent,awesome,highly,wonderful,potatoes,ever,loved,potato,perfect,cake,love,happy,glad,best,perfectly,easy,pleased,thank,amazing,ze,day,mas
beautiful,great,loves,excellent,awesome,highly,wonderful,potatoes,ever,loved,potato,perfect,cake,love,happy,glad,best,perfectly,easy,pleased,thank,amazing,ze,day,mas
beautiful,great,loves,excellent,awesome,highly,wonderful,potatoes,ever,loved,potato,perfect,cake,love,happy,glad,best,perfectly,easy,pleased,thank,amazing,ze,day,mas
beautiful,great,loves,excellent,awesome,highly,wonderful,potatoes,ever,loved,potato,perfect,cake,love,happy,glad,best,perfectly,easy,pleased,thank,amazing,ze,day,mas
beautiful,great,loves,excellent,awesome,highly,wonderful,potatoes,ever,loved,potato,perfect,cake,love,happy,glad,best,perfectly,easy,pleased,thank,amazing,ze,day,mas
beautiful,great,loves,excellent,awesome,highly,wonderful,potatoes,ever,loved,potato,perfect,cake,love,happy,glad,best,perfectly,easy,pleased,thank,amazing,ze,day,mas
beautiful,great,loves,excellent,awesome,highly,wonderful,potatoes,ever,loved,potato,perfect,cake,love,happy,glad,best,perfectly,easy,pleased,thank,amazing,ze,day,mas
beautiful,great,loves,excellent,awesome,highly,wonderful,potatoes,ever,loved,potato,perfect,cake,love,happy,glad,best,perfectly,easy,pleased,thank,amazing,ze,day,mas
beautiful,great,loves,excellent,awesome,highly,wonderful,potatoes,ever,loved,potato,perfect,cake,love,happy,glad,best,perfectly,easy,pleased,thank,amazing,ze,day,mas
beautiful,great,loves,excellent,awesome,highly,wonderful,potatoes,ever,loved,potato,perfect,cake,love,happy,glad,best,perfectly,easy,pleased,thank,amazing,ze,day,mas
beautiful,great,loves,excellent,awesome,highly,wonderful,potatoes,ever,loved,potato,perfect,cake,love,happy,glad,best,perfectly,easy,pleased,thank,amazing,ze,day,mas
beautiful,great,loves,excellent,awesome,highly,wonderful,potatoes,ever,loved,potato,perfect,cake,love,happy,glad,best,perfectly,easy,pleased,thank,amazing,ze,day,mas
beautiful,great,loves,excellent,awesome,highly,wonderful,potatoes,ever,loved,potato,perfect,cake,love,happy,glad,best,perfectly,easy,pleased,thank,amazing,ze,day,mas
beautiful,great,loves,excellent,awesome,highly,wonderful,potatoes,ever,loved,potato,perfect,cake,love,happy,glad,best,perfectly,easy,pleased,thank,amazing,ze,day,mas
beautiful,great,loves,excellent,awesome,highly,wonderful,potatoes,ever,loved,potato,perfect,cake,love,happy,glad,best,perfectly,easy,pleased,thank,amazing,ze,day,mas
beautiful,great,loves,excellent,awesome,highly,wonderful,potatoes,ever,loved,potato,perfect,cake,love,happy,glad,best,perfectly,easy,pleased,thank,amazing,ze,day,mas
beautiful,great,loves,excellent,awesome,highly,wonderful,potatoes,ever,loved,potato,perfect,cake,love,happy,glad,best,perfectly,easy,pleased,thank,amazing,ze,day,mas
beautiful,great,loves,excellent,awesome,highly,wonderful,potatoes,ever,loved,potato,perfect,cake,love,happy,glad,best,perfectly,easy,pleased,thank,amazing,ze,day,mas
beautiful,great,loves,excellent,awesome,highly,wonderful,potatoes,ever,loved,potato,perfect,cake,love,happy,glad,best,perfectly,easy,pleased,thank,amazing,ze,day,mas
beautiful,great,loves,excellent,awesome,highly,wonderful,potatoes,ever,loved,potato,perfect,cake,love,happy,glad,best,perfectly,easy,pleased,thank,amazing,ze,day,mas
beautiful,great,loves,excellent,awesome,highly,wonderful,potatoes,ever,loved,potato,perfect,cake,love,happy,glad,best,perfectly,easy,pleased,thank,amazing,ze,day,mas
beautiful,great,loves,excellent,awesome,highly,wonderful,potatoes,ever,loved,potato,perfect,cake,love,happy,glad,best,perfectly,easy,pleased,thank,amazing,ze,day,mas
beautiful,great,loves,excellent,awesome,highly,wonderful,potatoes,ever,loved,potato,perfect,cake,love,happy,glad,best,perfectly,easy,pleased,thank,amazing,ze,day,mas
beautiful,great,loves,excellent,awesome,highly,wonderful,potatoes,ever,loved,potato,perfect,cake,love,happy,glad,best,perfectly,easy,pleased,thank,amazing,ze,day,mas
beautiful,great,loves,excellent,awesome,highly,wonderful,potatoes,ever,loved,potato,perfect,cake,love,happy,glad,best,perfectly,easy,pleased,thank,amazing,ze,day,mas
beautiful,great,loves,excellent,awesome,highly,wonderful,potatoes,ever,loved,potato,perfect,cake,love,happy,glad,best,perfectly,easy,pleased,thank,amazing,ze,day,mas
beautiful,great,loves,excellent,awesome,highly,wonderful,potatoes,ever,loved,potato,perfect,cake,love,happy,glad,best,perfectly,easy,pleased,thank,amazing,ze,day,mas
beautiful,great,loves,excellent,awesome,highly,wonderful,potatoes,ever,loved,potato,perfect,cake,love,happy,glad,best,perfectly,easy,pleased,thank,amazing,ze,day,mas
beautiful,great,loves,excellent,awesome,highly,wonderful,potatoes,ever,loved,potato,perfect,cake,love,happy,glad,best,perfectly,easy,pleased,thank,amazing,ze,day,mas
beautiful,great,loves,excellent,awesome,highly,wonderful,potatoes,ever,loved,potato,perfect,cake,love,happy,glad,best,perfectly,easy,pleased,thank,amazing,ze,day,mas
beautiful,great,loves,excellent,awesome,highly,wonderful,potatoes,ever,loved,potato,perfect,cake,love,happy,glad,best,perfectly,easy,pleased,thank,amazing,ze,day,mas
beautiful,great,loves,excellent,awesome,highly,wonderful,potatoes,ever,loved,potato,perfect,cake,love,happy,glad,best,perfectly,easy,pleased,thank,amazing,ze,day,mas
beautiful,great,loves,excellent,awesome,highly,wonderful,potatoes,ever,loved,potato,perfect,cake,love,happy,glad,best,perfectly,easy,pleased,thank,amazing,ze,day,mas
beautiful,great,loves,excellent,awesome,highly,wonderful,potatoes,ever,loved,potato,perfect,cake,love,happy,glad,best,perfectly,easy,pleased,thank,amazing,ze,day,mas
beautiful,great,loves,excellent,awesome,highly,wonderful,potatoes,ever,loved,potato,perfect,cake,love,happy,glad,best,perfectly,easy,pleased,thank,amazing,ze,day,mas
beautiful,great,loves,excellent,awesome,highly,wonderful,potatoes,ever,loved,potato,perfect,cake,love,happy,glad,best,perfectly,easy,pleased,thank,amazing,ze,day,mas
beautiful,great,loves,excellent,awesome,highly,wonderful,potatoes,ever,loved,potato,perfect,cake,love,happy,glad,best,perfectly,easy,pleased,thank,amazing,ze,day,mas
beautiful,great,loves,excellent,awesome,highly,wonderful,potatoes,ever,loved,potato,perfect,cake,love,happy,glad,best,perfectly,easy,pleased,thank,amazing,ze,day,mas
beautiful,great,loves,excellent,awesome,highly,wonderful,potatoes,ever,loved,potato,perfect,cake,love,happy,glad,best,perfectly,easy,pleased,thank,amazing,ze,day,mas
beautiful,great,loves,excellent,awesome,highly,wonderful,potatoes,ever,loved,potato,perfect,cake,love,happy,glad,best,perfectly,easy,pleased,thank,amazing,ze,day,mas
beautiful,great,loves,excellent,awesome,highly,wonderful,potatoes,ever,loved,potato,perfect,cake,love,happy,glad,best,perfectly,easy,pleased,thank,amazing,ze,day,mas
beautiful,great,loves,excellent,awesome,highly,wonderful,potatoes,ever,loved,potato,perfect,cake,love,happy,glad,best,perfectly,easy,pleased,thank,amazing,ze,day,mas
beautiful,great,loves,excellent,awesome,highly,wonderful,potatoes,ever,loved,potato,perfect,cake,love,happy,glad,best,perfectly,easy,pleased,thank,amazing,ze,day,mas
beautiful,great,loves,excellent,awesome,highly,wonderful,potatoes,ever,loved,potato,perfect,cake,love,happy,glad,best,perfectly,easy,pleased,thank,amazing,ze,day,mas
beautiful,great,loves,excellent,awesome,highly,wonderful,potatoes,ever,loved,potato,perfect,cake,love,happy,glad,best,perfectly,easy,pleased,thank,amazing,ze,day,mas
beautiful,great,loves,excellent,awesome,highly,wonderful,potatoes,ever,loved,potato,perfect,cake,love,happy,glad,best,perfectly,easy,pleased,thank,amazing,ze,day,mas
beautiful,great,loves,excellent,awesome,highly,wonderful,potatoes,ever,loved,potato,perfect,cake,love,happy,glad,best,perfectly,easy,pleased,thank,amazing,ze,day,mas
beautiful,great,loves,excellent,awesome,highly,wonderful,potatoes,ever,loved,potato,perfect,cake,love,happy,glad,best,perfectly,easy,pleased,thank,amazing,ze,day,mas
beautiful,great,loves,excellent,awesome,highly,wonderful,potatoes,ever,loved,potato,perfect,cake,love,happy,glad,best,perfectly,easy,pleased,thank,amazing,ze,day,mas
beautiful,great,loves,excellent,awesome,highly,wonderful,potatoes,ever,loved,potato,perfect,cake,love,happy,glad,best,perfectly,easy,pleased,thank,amazing,ze,day,mas
beautiful,great,loves,excellent,awesome,highly,wonderful,potatoes,ever,loved,potato,perfect,cake,love,happy,glad,best,perfectly,easy,pleased,thank,amazing,ze,day,mas
beautiful,great,loves,excellent,awesome,highly,wonderful,potatoes,ever,loved,potato,perfect,cake,love,happy,glad,best,perfectly,easy,pleased,thank,amazing,ze,day,mas
beautiful,great,loves,excellent,awesome,highly,wonderful,potatoes,ever,loved,potato,perfect,cake,love,happy,glad,best,perfectly,easy,pleased,thank,amazing,ze,day,mas
beautiful,great,loves,excellent,awesome,highly,wonderful,potatoes,ever,loved,potato,perfect,cake,love,happy,glad,best,perfectly,easy,pleased,thank,amazing,ze,day,mas
beautiful,great,loves,excellent,awesome,highly,wonderful,potatoes,ever,loved,potato,perfect,cake,love,happy,glad,best,perfectly,handy,easy,pleased,thank,ze,day,mas
beautiful,great,loves,excellent,awesome,highly,wonderful,potatoes,ever,loved,potato,perfect,cake,love,happy,glad,best,perfectly,handy,easy,pleased,thank,ze,day,mas
beautiful,great,loves,excellent,awesome,highly,wonderful,potatoes,ever,loved,potato,perfect,cake,love,happy,glad,best,perfectly,handy,easy,pleased,thank,ze,day,mas
beautiful,great,loves,excellent,awesome,highly,wonderful,potatoes,ever,loved,potato,perfect,cake,love,happy,glad,best,perfectly,handy,easy,pleased,thank,ze,day,mas
beautiful,great,loves,excellent,awesome,highly,wonderful,potatoes,ever,loved,potato,perfect,cake,love,happy,glad,best,perfectly,handy,easy,pleased,thank,ze,day,mas
beautiful,great,loves,excellent,awesome,highly,wonderful,potatoes,ever,loved,potato,perfect,cake,love,happy,glad,best,perfectly,handy,easy,pleased,thank,ze,day,mas
beautiful,great,loves,excellent,awesome,highly,wonderful,potatoes,ever,loved,potato,perfect,cake,love,happy,glad,best,perfectly,handy,easy,pleased,thank,ze,day,mas
beautiful,great,loves,excellent,awesome,highly,wonderful,potatoes,ever,loved,potato,perfect,cake,love,happy,glad,best,perfectly,handy,easy,pleased,thank,ze,day,mas
beautiful,great,loves,excellent,awesome,highly,wonderful,potatoes,ever,loved,potato,perfect,cake,love,happy,glad,best,perfectly,handy,easy,pleased,thank,ze,day,mas
beautiful,great,loves,excellent,awesome,highly,wonderful,potatoes,ever,loved,potato,perfect,cake,love,happy,glad,best,perfectly,handy,easy,pleased,thank,ze,day,mas
beautiful,great,loves,excellent,awesome,highly,wonderful,potatoes,ever,loved,potato,perfect,cake,love,happy,glad,best,perfectly,handy,easy,pleased,thank,ze,day,mas
beautiful,great,loves,excellent,awesome,highly,wonderful,potatoes,ever,loved,potato,perfect,cake,love,happy,glad,best,perfectly,handy,easy,pleased,thank,ze,day,mas
beautiful,great,loves,excellent,awesome,highly,wonderful,potatoes,ever,loved,potato,perfect,cake,love,happy,glad,best,perfectly,handy,easy,pleased,thank,ze,day,mas
beautiful,great,loves,excellent,awesome,highly,wonderful,potatoes,ever,loved,potato,perfect,cake,love,happy,glad,best,perfectly,handy,easy,pleased,thank,ze,day,mas
beautiful,great,loves,excellent,awesome,highly,wonderful,potatoes,ever,loved,potato,perfect,cake,love,happy,glad,best,perfectly,handy,easy,pleased,thank,ze,day,mas
beautiful,great,loves,excellent,awesome,highly,wonderful,potatoes,ever,loved,potato,perfect,cake,love,happy,glad,best,perfectly,handy,easy,pleased,thank,ze,day,mas
beautiful,great,loves,excellent,awesome,highly,wonderful,potatoes,ever,loved,potato,perfect,cake,love,happy,glad,best,perfectly,handy,easy,pleased,thank,ze,day,mas
beautiful,great,loves,excellent,awesome,highly,wonderful,potatoes,ever,loved,potato,perfect,cake,love,happy,glad,best,perfectly,handy,easy,pleased,thank,ze,day,mas
beautiful,great,loves,excellent,awesome,highly,wonderful,potatoes,ever,loved,potato,perfect,cake,love,happy,glad,best,perfectly,handy,easy,pleased,thank,ze,day,mas
beautiful,great,loves,excellent,awesome,highly,wonderful,potatoes,ever,loved,potato,perfect,cake,love,happy,glad,best,perfectly,handy,easy,pleased,thank,ze,day,mas
beautiful,great,loves,excellent,awesome,highly,wonderful,potatoes,ever,loved,potato,perfect,cake,love,happy,glad,best,perfectly,handy,easy,pleased,thank,ze,day,mas
beautiful,great,loves,excellent,awesome,highly,wonderful,potatoes,ever,loved,potato,perfect,cake,love,happy,glad,best,perfectly,handy,easy,pleased,thank,ze,day,mas
beautiful,great,loves,excellent,awesome,highly,wonderful,potatoes,ever,loved,potato,perfect,cake,love,happy,glad,best,perfectly,handy,easy,pleased,thank,ze,day,mas
beautiful,great,loves,excellent,awesome,highly,wonderful,potatoes,ever,loved,potato,perfect,cake,love,happy,glad,best,perfectly,handy,easy,pleased,thank,ze,day,mas
beautiful,great,loves,excellent,awesome,highly,wonderful,potatoes,ever,loved,potato,perfect,cake,love,happy,glad,best,perfectly,handy,easy,pleased,thank,ze,day,mas
beautiful,great,loves,excellent,awesome,highly,wonderful,potatoes,ever,loved,potato,perfect,cake,love,happy,glad,best,perfectly,handy,easy,pleased,thank,ze,day,mas
beautiful,great,loves,excellent,awesome,highly,wonderful,potatoes,ever,loved,potato,perfect,cake,love,happy,glad,best,perfectly,handy,easy,pleased,thank,ze,day,mas
beautiful,great,loves,excellent,awesome,highly,wonderful,potatoes,ever,loved,potato,perfect,cake,love,happy,glad,best,perfectly,handy,easy,pleased,thank,ze,day,mas
beautiful,great,loves,excellent,awesome,highly,wonderful,potatoes,ever,loved,potato,perfect,cake,love,happy,glad,best,perfectly,handy,easy,pleased,thank,ze,day,mas
beautiful,great,loves,excellent,awesome,highly,wonderful,potatoes,ever,loved,potato,perfect,cake,love,happy,glad,best,perfectly,handy,easy,pleased,thank,ze,day,mas
beautiful,great,loves,excellent,awesome,highly,wonderful,potatoes,ever,loved,potato,perfect,cake,love,happy,glad,best,perfectly,handy,easy,pleased,thank,ze,day,mas
beautiful,great,loves,excellent,awesome,highly,wonderful,potatoes,ever,loved,potato,perfect,cake,love,happy,glad,best,perfectly,handy,easy,pleased,thank,ze,day,mas
beautiful,great,loves,excellent,awesome,highly,wonderful,potatoes,ever,loved,potato,perfect,cake,love,happy,glad,best,perfectly,handy,easy,pleased,thank,ze,day,mas
beautiful,great,loves,excellent,awesome,highly,wonderful,potatoes,ever,loved,potato,perfect,cake,love,happy,glad,best,perfectly,handy,easy,pleased,thank,ze,day,mas
beautiful,great,loves,excellent,awesome,highly,wonderful,potatoes,ever,loved,potato,perfect,cake,love,happy,glad,best,perfectly,handy,easy,pleased,thank,ze,day,mas
beautiful,great,loves,excellent,awesome,highly,wonderful,potatoes,ever,loved,potato,perfect,cake,love,happy,glad,best,perfectly,handy,easy,pleased,thank,ze,day,mas
beautiful,great,loves,excellent,awesome,highly,wonderful,potatoes,ever,loved,potato,perfect,cake,love,happy,glad,best,perfectly,handy,easy,pleased,thank,ze,day,mas
beautiful,great,loves,excellent,awesome,highly,wonderful,potatoes,ever,loved,potato,perfect,cake,love,happy,glad,best,perfectly,handy,easy,pleased,thank,ze,day,mas
beautiful,great,loves,excellent,awesome,highly,wonderful,potatoes,ever,loved,potato,perfect,cake,love,happy,glad,best,perfectly,handy,easy,pleased,thank,ze,day,mas
beautiful,great,loves,excellent,awesome,highly,wonderful,potatoes,ever,loved,potato,perfect,cake,love,happy,glad,best,perfectly,handy,easy,pleased,thank,ze,day,mas
beautiful,great,loves,excellent,awesome,highly,wonderful,potatoes,ever,loved,potato,perfect,cake,love,happy,glad,best,perfectly,handy,easy,pleased,thank,ze,day,mas
beautiful,great,loves,excellent,awesome,highly,wonderful,potatoes,ever,loved,potato,perfect,cake,love,happy,glad,best,perfectly,handy,easy,pleased,thank,ze,day,mas
beautiful,great,loves,excellent,awesome,highly,wonderful,potatoes,ever,loved,potato,perfect,cake,love,happy,glad,best,perfectly,handy,easy,pleased,thank,ze,day,mas
beautiful,great,loves,excellent,awesome,highly,wonderful,potatoes,ever,loved,potato,perfect,cake,love,happy,glad,best,perfectly,handy,easy,pleased,thank,ze,day,mas
beautiful,great,loves,excellent,awesome,highly,wonderful,potatoes,ever,loved,potato,perfect,cake,love,happy,glad,best,perfectly,handy,easy,pleased,thank,ze,day,mas
beautiful,great,loves,excellent,awesome,highly,wonderful,potatoes,ever,loved,potato,perfect,cake,love,happy,glad,best,perfectly,handy,easy,pleased,thank,ze,day,mas
beautiful,great,loves,excellent,awesome,highly,wonderful,potatoes,ever,loved,potato,perfect,cake,love,happy,glad,best,perfectly,handy,easy,pleased,thank,ze,day,mas
beautiful,great,loves,excellent,awesome,highly,wonderful,potatoes,ever,loved,potato,perfect,cake,love,happy,glad,best,perfectly,handy,easy,pleased,thank,ze,day,mas
beautiful,great,loves,excellent,awesome,highly,wonderful,potatoes,ever,loved,potato,perfect,cake,love,happy,glad,best,perfectly,handy,easy,pleased,thank,ze,day,mas
beautiful,great,loves,excellent,awesome,highly,wonderful,potatoes,ever,loved,potato,perfect,cake,love,happy,glad,best,perfectly,handy,easy,pleased,thank,ze,day,mas
beautiful,great,loves,excellent,awesome,highly,wonderful,potatoes,ever,loved,potato,perfect,cake,love,happy,glad,best,perfectly,handy,easy,pleased,thank,ze,day,mas
beautiful,great,loves,excellent,awesome,highly,wonderful,potatoes,ever,loved,potato,perfect,cake,love,happy,glad,best,perfectly,handy,easy,pleased,thank,ze,day,mas
beautiful,great,loves,excellent,awesome,highly,wonderful,potatoes,ever,loved,potato,perfect,cake,love,happy,glad,best,perfectly,handy,easy,pleased,thank,ze,day,mas
beautiful,great,loves,excellent,awesome,highly,wonderful,potatoes,ever,loved,potato,perfect,cake,love,happy,glad,best,perfectly,handy,easy,pleased,thank,ze,day,mas
beautiful,great,loves,excellent,awesome,highly,wonderful,potatoes,ever,loved,potato,perfect,cake,love,happy,glad,best,perfectly,handy,easy,keeps,pleased,thank,ze,mas
beautiful,great,loves,excellent,awesome,highly,wonderful,potatoes,ever,loved,potato,perfect,cake,love,happy,glad,best,perfectly,handy,easy,keeps,pleased,thank,ze,mas
beautiful,great,loves,excellent,awesome,highly,wonderful,potatoes,ever,loved,potato,perfect,cake,love,happy,glad,best,perfectly,handy,easy,keeps,pleased,thank,ze,mas
beautiful,great,loves,excellent,awesome,highly,wonderful,potatoes,ever,loved,potato,perfect,cake,love,happy,glad,best,perfectly,handy,easy,keeps,pleased,thank,ze,mas
beautiful,great,loves,excellent,awesome,highly,wonderful,potatoes,ever,loved,potato,perfect,cake,love,happy,glad,best,perfectly,handy,easy,keeps,pleased,thank,ze,mas
beautiful,great,loves,excellent,awesome,highly,wonderful,potatoes,ever,loved,potato,perfect,cake,love,happy,glad,best,perfectly,handy,easy,keeps,pleased,thank,ze,mas
beautiful,great,loves,excellent,awesome,highly,wonderful,potatoes,ever,loved,potato,perfect,cake,love,happy,glad,best,perfectly,handy,easy,keeps,pleased,thank,ze,mas
beautiful,great,loves,excellent,awesome,highly,wonderful,potatoes,ever,loved,potato,perfect,cake,love,happy,glad,best,perfectly,handy,easy,keeps,pleased,thank,ze,mas
beautiful,great,loves,excellent,awesome,highly,wonderful,potatoes,ever,loved,potato,perfect,cake,love,happy,glad,best,perfectly,handy,easy,keeps,pleased,thank,ze,mas
beautiful,great,loves,excellent,awesome,highly,wonderful,potatoes,ever,loved,potato,perfect,cake,love,happy,glad,best,perfectly,handy,easy,keeps,pleased,thank,ze,mas
beautiful,great,loves,excellent,awesome,highly,wonderful,potatoes,ever,loved,potato,perfect,cake,love,happy,glad,best,perfectly,handy,easy,keeps,pleased,thank,ze,mas
beautiful,great,loves,excellent,awesome,highly,wonderful,potatoes,ever,loved,potato,perfect,cake,love,happy,glad,best,perfectly,handy,easy,keeps,pleased,thank,ze,mas
beautiful,great,loves,excellent,awesome,highly,wonderful,potatoes,ever,loved,potato,perfect,cake,love,happy,glad,best,perfectly,handy,easy,keeps,pleased,thank,ze,mas
beautiful,great,loves,excellent,awesome,highly,wonderful,potatoes,ever,loved,potato,perfect,cake,love,happy,glad,best,perfectly,handy,easy,keeps,pleased,thank,ze,mas
beautiful,great,loves,excellent,awesome,highly,wonderful,potatoes,ever,loved,potato,perfect,cake,love,happy,glad,best,perfectly,handy,easy,keeps,pleased,thank,ze,mas
beautiful,great,loves,excellent,awesome,highly,wonderful,potatoes,ever,loved,potato,perfect,cake,love,happy,glad,best,perfectly,handy,easy,keeps,pleased,thank,ze,mas
beautiful,great,loves,excellent,awesome,highly,wonderful,potatoes,ever,loved,potato,perfect,cake,love,happy,glad,best,perfectly,handy,easy,keeps,pleased,thank,ze,mas
beautiful,great,loves,excellent,awesome,highly,wonderful,potatoes,ever,loved,potato,perfect,cake,love,happy,glad,best,perfectly,handy,easy,keeps,pleased,thank,ze,mas
beautiful,great,loves,excellent,awesome,highly,wonderful,potatoes,ever,loved,potato,perfect,cake,love,happy,glad,best,perfectly,handy,easy,keeps,pleased,thank,ze,mas
beautiful,great,loves,excellent,awesome,highly,wonderful,potatoes,ever,loved,potato,perfect,cake,love,happy,glad,best,perfectly,handy,easy,keeps,pleased,thank,ze,mas
beautiful,great,loves,excellent,awesome,highly,wonderful,potatoes,ever,loved,potato,perfect,cake,love,happy,glad,best,perfectly,handy,easy,keeps,pleased,thank,ze,mas
beautiful,great,loves,excellent,awesome,highly,wonderful,potatoes,ever,loved,potato,perfect,cake,love,happy,glad,best,perfectly,handy,easy,keeps,pleased,thank,ze,mas
beautiful,great,loves,excellent,awesome,highly,wonderful,potatoes,ever,loved,potato,perfect,cake,love,happy,glad,best,perfectly,handy,easy,keeps,pleased,thank,ze,mas
beautiful,great,loves,excellent,awesome,highly,wonderful,potatoes,ever,loved,potato,perfect,cake,love,happy,glad,best,perfectly,handy,easy,keeps,pleased,thank,ze,mas
beautiful,great,loves,excellent,awesome,highly,wonderful,potatoes,ever,loved,potato,perfect,cake,love,happy,glad,best,perfectly,handy,easy,keeps,pleased,thank,ze,mas
beautiful,great,loves,excellent,awesome,highly,wonderful,potatoes,ever,loved,potato,perfect,cake,love,happy,glad,best,perfectly,handy,easy,keeps,pleased,thank,ze,mas
beautiful,great,loves,excellent,awesome,highly,wonderful,potatoes,ever,loved,potato,perfect,cake,love,happy,glad,best,perfectly,handy,easy,keeps,pleased,thank,ze,mas
beautiful,great,loves,excellent,awesome,highly,wonderful,potatoes,ever,loved,potato,perfect,cake,love,happy,glad,best,perfectly,handy,easy,keeps,pleased,thank,ze,mas
beautiful,great,loves,excellent,awesome,highly,wonderful,potatoes,ever,loved,potato,perfect,cake,love,happy,glad,best,perfectly,handy,easy,keeps,pleased,thank,ze,mas
beautiful,great,loves,excellent,awesome,highly,wonderful,potatoes,ever,loved,potato,perfect,cake,love,happy,glad,best,perfectly,handy,easy,keeps,pleased,thank,ze,mas
beautiful,great,loves,excellent,awesome,highly,wonderful,potatoes,ever,loved,potato,perfect,cake,love,happy,glad,best,perfectly,handy,easy,keeps,pleased,thank,ze,mas
beautiful,great,loves,excellent,awesome,highly,wonderful,potatoes,ever,loved,potato,perfect,cake,love,happy,glad,best,perfectly,handy,easy,keeps,pleased,thank,ze,mas
beautiful,great,loves,excellent,awesome,highly,wonderful,potatoes,ever,loved,potato,perfect,cake,love,happy,glad,best,perfectly,handy,easy,keeps,pleased,thank,ze,mas
beautiful,great,loves,excellent,awesome,highly,wonderful,potatoes,ever,loved,potato,perfect,cake,love,happy,glad,best,perfectly,handy,easy,keeps,pleased,thank,ze,mas
beautiful,great,loves,excellent,awesome,highly,wonderful,potatoes,ever,loved,potato,perfect,cake,love,happy,glad,best,perfectly,handy,easy,keeps,pleased,thank,ze,mas
beautiful,great,loves,excellent,awesome,highly,wonderful,potatoes,ever,loved,potato,perfect,cake,love,happy,glad,best,perfectly,handy,easy,keeps,pleased,thank,ze,mas
beautiful,great,loves,excellent,awesome,highly,wonderful,potatoes,ever,loved,potato,perfect,cake,love,happy,glad,best,perfectly,handy,easy,keeps,pleased,thank,ze,mas
beautiful,great,loves,excellent,awesome,highly,wonderful,potatoes,ever,loved,potato,perfect,cake,love,happy,glad,best,perfectly,handy,easy,keeps,pleased,thank,ze,mas
beautiful,great,loves,excellent,awesome,highly,wonderful,potatoes,ever,loved,potato,perfect,cake,love,happy,glad,best,perfectly,handy,easy,keeps,pleased,thank,ze,mas
beautiful,great,loves,excellent,awesome,highly,wonderful,potatoes,ever,loved,potato,perfect,cake,love,happy,glad,best,perfectly,handy,easy,keeps,pleased,thank,ze,mas
beautiful,great,loves,excellent,awesome,highly,wonderful,potatoes,ever,loved,potato,perfect,cake,love,happy,glad,best,perfectly,handy,easy,keeps,pleased,thank,ze,mas
beautiful,great,loves,excellent,awesome,highly,wonderful,potatoes,ever,loved,potato,perfect,cake,love,happy,glad,best,perfectly,handy,easy,keeps,pleased,thank,ze,mas
beautiful,great,loves,excellent,awesome,highly,wonderful,potatoes,ever,loved,potato,perfect,cake,love,happy,glad,best,perfectly,handy,easy,keeps,pleased,thank,ze,mas
beautiful,great,loves,excellent,awesome,highly,wonderful,potatoes,ever,loved,potato,perfect,cake,love,happy,glad,best,perfectly,handy,easy,keeps,pleased,thank,ze,mas
beautiful,great,loves,excellent,awesome,highly,wonderful,potatoes,ever,loved,potato,perfect,cake,love,happy,glad,best,perfectly,handy,easy,keeps,pleased,thank,ze,mas
beautiful,great,loves,excellent,awesome,highly,wonderful,potatoes,ever,loved,potato,perfect,cake,love,happy,glad,best,perfectly,handy,easy,keeps,pleased,thank,ze,mas
beautiful,great,loves,excellent,awesome,highly,wonderful,potatoes,ever,loved,potato,perfect,cake,love,happy,glad,best,perfectly,handy,easy,keeps,pleased,thank,ze,mas
beautiful,great,loves,excellent,awesome,highly,wonderful,potatoes,ever,loved,potato,perfect,cake,love,happy,glad,best,perfectly,handy,easy,keeps,pleased,thank,ze,mas
beautiful,great,loves,excellent,awesome,highly,wonderful,potatoes,ever,loved,potato,perfect,cake,love,happy,glad,best,perfectly,handy,easy,keeps,pleased,thank,ze,mas
beautiful,great,loves,excellent,awesome,highly,wonderful,potatoes,ever,loved,potato,perfect,cake,love,happy,glad,best,perfectly,handy,easy,keeps,pleased,thank,ze,mas
beautiful,great,loves,excellent,awesome,highly,wonderful,potatoes,ever,loved,potato,perfect,cake,love,happy,glad,best,perfectly,handy,easy,keeps,pleased,thank,ze,mas
beautiful,great,loves,excellent,awesome,highly,wonderful,potatoes,ever,loved,potato,perfect,cake,love,happy,glad,best,perfectly,handy,easy,keeps,pleased,thank,ze,mas
beautiful,great,loves,excellent,awesome,highly,wonderful,potatoes,ever,loved,potato,perfect,cake,love,happy,glad,best,perfectly,handy,easy,keeps,pleased,thank,ze,mas
beautiful,great,loves,excellent,awesome,highly,wonderful,potatoes,ever,loved,potato,perfect,cake,love,happy,glad,best,perfectly,handy,easy,keeps,pleased,thank,ze,mas
beautiful,great,loves,excellent,awesome,highly,wonderful,potatoes,ever,loved,potato,perfect,cake,love,happy,glad,best,perfectly,handy,easy,keeps,pleased,thank,ze,mas
beautiful,great,loves,excellent,awesome,highly,wonderful,potatoes,ever,loved,potato,perfect,cake,love,happy,glad,best,perfectly,handy,easy,keeps,pleased,thank,ze,mas
beautiful,great,loves,excellent,awesome,highly,wonderful,potatoes,ever,loved,potato,perfect,cake,love,happy,glad,best,perfectly,handy,easy,keeps,pleased,thank,ze,mas
beautiful,great,loves,excellent,awesome,highly,wonderful,potatoes,ever,loved,potato,perfect,cake,love,happy,glad,best,perfectly,handy,easy,keeps,pleased,thank,ze,mas
beautiful,great,loves,excellent,awesome,highly,wonderful,potatoes,ever,loved,potato,perfect,cake,love,happy,glad,best,perfectly,handy,easy,keeps,pleased,thank,ze,mas
beautiful,great,loves,excellent,awesome,highly,wonderful,potatoes,ever,loved,potato,perfect,cake,love,happy,glad,best,perfectly,handy,easy,keeps,pleased,thank,ze,mas
beautiful,great,loves,excellent,awesome,highly,wonderful,potatoes,ever,loved,potato,perfect,cake,love,happy,glad,best,perfectly,handy,easy,keeps,pleased,thank,ze,mas
beautiful,great,loves,excellent,awesome,highly,wonderful,potatoes,ever,loved,potato,perfect,cake,love,happy,glad,best,perfectly,handy,easy,keeps,pleased,thank,ze,mas
beautiful,great,loves,excellent,awesome,highly,wonderful,potatoes,ever,loved,potato,perfect,cake,love,happy,glad,best,perfectly,handy,easy,keeps,pleased,thank,ze,mas
beautiful,great,loves,excellent,awesome,highly,wonderful,potatoes,ever,loved,potato,perfect,cake,love,happy,glad,best,perfectly,handy,easy,keeps,pleased,thank,ze,mas
beautiful,great,loves,excellent,awesome,highly,wonderful,potatoes,ever,loved,potato,perfect,cake,love,happy,glad,best,perfectly,handy,easy,keeps,pleased,thank,ze,mas
beautiful,great,loves,excellent,awesome,highly,wonderful,potatoes,ever,loved,potato,perfect,cake,love,happy,glad,best,perfectly,handy,easy,keeps,pleased,thank,ze,mas
beautiful,great,loves,excellent,awesome,highly,wonderful,potatoes,ever,loved,potato,perfect,cake,love,happy,glad,best,perfectly,handy,easy,keeps,pleased,thank,ze,mas
beautiful,great,loves,excellent,awesome,highly,wonderful,potatoes,ever,loved,potato,perfect,cake,love,happy,glad,best,perfectly,handy,easy,keeps,pleased,thank,ze,mas
beautiful,great,loves,excellent,awesome,highly,wonderful,potatoes,ever,loved,potato,perfect,cake,love,happy,glad,best,perfectly,handy,easy,keeps,pleased,thank,ze,mas
beautiful,great,loves,excellent,awesome,highly,wonderful,potatoes,ever,loved,potato,perfect,cake,love,happy,glad,best,perfectly,handy,easy,keeps,pleased,thank,ze,mas
beautiful,great,loves,excellent,awesome,highly,wonderful,potatoes,ever,loved,potato,perfect,cake,love,happy,glad,best,perfectly,handy,easy,keeps,pleased,thank,ze,mas
beautiful,great,loves,excellent,awesome,highly,wonderful,potatoes,ever,loved,potato,perfect,cake,love,happy,glad,best,perfectly,handy,easy,keeps,pleased,thank,ze,mas
beautiful,great,loves,excellent,awesome,highly,wonderful,potatoes,ever,loved,potato,perfect,cake,love,happy,glad,best,perfectly,handy,easy,keeps,pleased,thank,ze,mas
beautiful,great,loves,excellent,awesome,highly,wonderful,potatoes,ever,loved,potato,perfect,cake,love,happy,glad,best,perfectly,handy,easy,keeps,pleased,thank,ze,mas
beautiful,great,loves,excellent,awesome,highly,wonderful,potatoes,ever,loved,potato,perfect,cake,love,happy,glad,best,perfectly,handy,easy,keeps,pleased,thank,ze,mas
beautiful,great,loves,excellent,awesome,highly,wonderful,potatoes,ever,loved,potato,perfect,cake,love,happy,glad,best,perfectly,handy,easy,keeps,pleased,thank,ze,mas
beautiful,great,loves,excellent,awesome,highly,wonderful,potatoes,ever,loved,potato,perfect,cake,love,happy,glad,best,perfectly,handy,easy,keeps,pleased,thank,ze,mas
beautiful,great,loves,excellent,awesome,highly,wonderful,potatoes,ever,loved,potato,perfect,cake,love,happy,glad,best,perfectly,handy,easy,keeps,pleased,thank,ze,mas
beautiful,great,loves,excellent,awesome,highly,wonderful,potatoes,ever,loved,potato,perfect,cake,love,happy,glad,best,perfectly,handy,easy,keeps,pleased,thank,ze,mas
beautiful,great,loves,excellent,awesome,highly,wonderful,potatoes,ever,loved,potato,perfect,cake,love,happy,glad,best,perfectly,handy,easy,keeps,pleased,thank,ze,mas
beautiful,great,loves,excellent,awesome,highly,wonderful,potatoes,ever,loved,potato,perfect,cake,love,happy,glad,best,perfectly,handy,easy,keeps,pleased,thank,ze,mas
beautiful,great,loves,excellent,awesome,highly,wonderful,potatoes,ever,loved,potato,perfect,cake,love,happy,glad,best,perfectly,handy,easy,keeps,pleased,thank,ze,mas
beautiful,great,loves,excellent,awesome,highly,wonderful,potatoes,ever,loved,potato,perfect,cake,love,happy,glad,best,perfectly,handy,easy,keeps,pleased,thank,ze,mas
beautiful,great,loves,excellent,awesome,highly,wonderful,potatoes,ever,loved,potato,perfect,cake,love,happy,glad,best,perfectly,handy,easy,keeps,pleased,thank,ze,mas
beautiful,great,loves,excellent,awesome,highly,wonderful,potatoes,ever,loved,potato,perfect,cake,love,happy,glad,best,perfectly,handy,easy,keeps,pleased,thank,ze,mas
beautiful,great,loves,excellent,awesome,highly,wonderful,potatoes,ever,loved,potato,perfect,cake,love,happy,glad,best,perfectly,handy,easy,keeps,pleased,thank,ze,mas
beautiful,great,loves,excellent,awesome,highly,wonderful,potatoes,ever,loved,potato,perfect,cake,love,happy,glad,best,perfectly,handy,easy,keeps,pleased,thank,ze,mas
beautiful,great,loves,excellent,awesome,highly,wonderful,potatoes,ever,loved,potato,perfect,cake,love,happy,glad,best,perfectly,handy,easy,keeps,pleased,thank,ze,mas
beautiful,great,loves,excellent,awesome,highly,wonderful,potatoes,ever,loved,potato,perfect,cake,love,happy,glad,best,perfectly,handy,easy,keeps,pleased,thank,ze,mas
beautiful,great,loves,excellent,awesome,highly,wonderful,potatoes,ever,loved,potato,perfect,cake,love,happy,glad,best,perfectly,handy,easy,keeps,pleased,thank,ze,mas
beautiful,great,loves,excellent,awesome,highly,wonderful,potatoes,ever,loved,potato,perfect,cake,love,happy,glad,best,perfectly,handy,easy,keeps,pleased,thank,ze,mas
beautiful,great,loves,excellent,awesome,highly,wonderful,potatoes,ever,loved,potato,perfect,cake,love,happy,glad,best,perfectly,handy,easy,keeps,pleased,thank,ze,mas
beautiful,great,loves,excellent,awesome,highly,wonderful,potatoes,ever,loved,potato,perfect,cake,love,happy,glad,best,perfectly,handy,easy,keeps,pleased,thank,ze,mas
beautiful,great,loves,excellent,awesome,highly,wonderful,potatoes,ever,loved,potato,perfect,cake,love,happy,glad,best,perfectly,handy,easy,keeps,pleased,thank,ze,mas
beautiful,great,loves,excellent,awesome,highly,wonderful,potatoes,ever,loved,potato,perfect,cake,love,happy,glad,best,perfectly,handy,easy,keeps,pleased,thank,ze,mas
beautiful,great,loves,excellent,awesome,highly,wonderful,potatoes,ever,loved,potato,perfect,cake,love,happy,glad,best,perfectly,handy,easy,keeps,pleased,thank,ze,mas
beautiful,great,loves,excellent,awesome,highly,wonderful,potatoes,ever,loved,potato,perfect,cake,love,happy,glad,best,perfectly,handy,easy,keeps,pleased,thank,ze,mas
beautiful,great,loves,excellent,awesome,highly,wonderful,potatoes,ever,loved,potato,perfect,cake,love,happy,glad,best,perfectly,handy,easy,keeps,pleased,thank,ze,mas
beautiful,great,loves,excellent,awesome,highly,wonderful,potatoes,ever,loved,potato,perfect,cake,love,happy,glad,best,perfectly,handy,easy,keeps,pleased,thank,ze,mas
beautiful,great,loves,excellent,awesome,highly,wonderful,potatoes,ever,loved,potato,perfect,cake,love,happy,glad,best,perfectly,handy,easy,keeps,pleased,thank,ze,mas
beautiful,great,loves,excellent,awesome,highly,wonderful,potatoes,ever,loved,potato,perfect,cake,love,happy,glad,best,perfectly,handy,easy,keeps,pleased,thank,ze,mas
beautiful,great,loves,excellent,awesome,highly,wonderful,potatoes,ever,loved,potato,perfect,cake,love,happy,glad,best,perfectly,handy,easy,keeps,pleased,thank,ze,mas
beautiful,great,loves,excellent,awesome,highly,wonderful,potatoes,ever,loved,potato,perfect,cake,love,happy,glad,best,perfectly,handy,easy,keeps,pleased,thank,ze,mas
beautiful,great,loves,excellent,awesome,highly,wonderful,potatoes,ever,loved,potato,perfect,cake,love,happy,glad,best,perfectly,handy,easy,keeps,pleased,thank,ze,mas
beautiful,great,loves,excellent,awesome,highly,wonderful,potatoes,ever,loved,potato,perfect,cake,love,happy,glad,best,perfectly,handy,easy,keeps,pleased,thank,ze,mas
beautiful,great,loves,excellent,awesome,highly,wonderful,potatoes,ever,loved,potato,perfect,cake,love,happy,glad,best,perfectly,handy,easy,keeps,pleased,thank,ze,mas
beautiful,great,loves,excellent,awesome,highly,wonderful,potatoes,ever,loved,potato,perfect,cake,love,happy,glad,best,perfectly,handy,easy,keeps,pleased,thank,ze,mas
beautiful,great,loves,excellent,awesome,highly,wonderful,potatoes,ever,loved,potato,perfect,cake,love,happy,glad,best,perfectly,handy,easy,keeps,pleased,thank,ze,mas
beautiful,great,loves,excellent,awesome,highly,wonderful,potatoes,ever,loved,potato,perfect,cake,love,happy,glad,best,perfectly,handy,easy,keeps,pleased,thank,ze,mas
beautiful,great,loves,excellent,awesome,highly,wonderful,potatoes,ever,loved,potato,perfect,cake,love,happy,glad,best,perfectly,handy,easy,keeps,pleased,thank,ze,mas
beautiful,great,loves,excellent,awesome,highly,wonderful,potatoes,ever,loved,potato,perfect,cake,love,happy,glad,best,perfectly,handy,easy,keeps,pleased,thank,ze,mas
beautiful,great,loves,excellent,awesome,highly,wonderful,potatoes,ever,loved,potato,perfect,cake,love,happy,glad,best,perfectly,handy,easy,keeps,pleased,thank,ze,mas
beautiful,great,loves,excellent,awesome,highly,wonderful,potatoes,ever,loved,potato,perfect,cake,love,happy,glad,best,perfectly,handy,easy,keeps,pleased,thank,ze,mas
beautiful,great,loves,excellent,awesome,highly,wonderful,potatoes,ever,loved,potato,perfect,cake,love,happy,glad,best,perfectly,handy,easy,keeps,pleased,thank,ze,mas
beautiful,great,loves,excellent,awesome,highly,wonderful,potatoes,ever,loved,potato,perfect,cake,love,happy,glad,best,perfectly,handy,easy,keeps,pleased,thank,ze,mas
beautiful,great,loves,excellent,awesome,highly,wonderful,potatoes,ever,loved,potato,perfect,cake,love,happy,glad,best,perfectly,handy,easy,keeps,pleased,thank,ze,mas
beautiful,great,loves,excellent,awesome,highly,wonderful,potatoes,ever,loved,potato,perfect,cake,love,happy,glad,best,perfectly,handy,easy,keeps,pleased,thank,ze,mas
beautiful,great,loves,excellent,awesome,highly,wonderful,potatoes,ever,loved,potato,perfect,cake,love,happy,glad,best,perfectly,handy,easy,keeps,pleased,thank,ze,mas
beautiful,great,loves,excellent,awesome,highly,wonderful,potatoes,ever,loved,potato,perfect,cake,love,happy,glad,best,perfectly,handy,easy,keeps,pleased,thank,ze,mas
beautiful,great,loves,excellent,awesome,highly,wonderful,potatoes,ever,loved,potato,perfect,cake,love,happy,glad,best,perfectly,handy,easy,keeps,pleased,thank,ze,mas
beautiful,great,loves,excellent,awesome,highly,wonderful,potatoes,ever,loved,potato,perfect,cake,love,happy,glad,best,perfectly,handy,easy,keeps,pleased,thank,ze,mas
beautiful,great,loves,excellent,awesome,highly,wonderful,potatoes,ever,loved,potato,perfect,cake,love,happy,glad,best,perfectly,handy,easy,keeps,pleased,thank,ze,mas
beautiful,great,loves,excellent,awesome,highly,wonderful,potatoes,ever,loved,potato,perfect,cake,love,happy,glad,best,perfectly,handy,easy,keeps,pleased,thank,ze,mas
beautiful,great,loves,excellent,awesome,highly,wonderful,potatoes,ever,loved,potato,perfect,cake,love,happy,glad,best,perfectly,handy,easy,keeps,pleased,thank,ze,mas
great,loves,excellent,awesome,highly,wonderful,potatoes,ever,loved,potato,perfect,cake,love,happy,glad,best,x,perfectly,handy,easy,keeps,pleased,thank,ze,mas
great,loves,excellent,awesome,highly,wonderful,potatoes,ever,loved,potato,perfect,cake,love,happy,glad,best,x,perfectly,handy,easy,keeps,pleased,thank,ze,mas
great,loves,excellent,awesome,highly,wonderful,potatoes,ever,loved,potato,perfect,cake,love,happy,glad,best,x,perfectly,handy,easy,keeps,pleased,thank,ze,mas
great,loves,excellent,awesome,highly,wonderful,potatoes,ever,loved,potato,perfect,cake,love,happy,glad,best,x,perfectly,handy,easy,keeps,pleased,thank,ze,mas
great,loves,excellent,awesome,highly,wonderful,potatoes,ever,loved,potato,perfect,cake,love,happy,glad,best,x,perfectly,handy,easy,keeps,pleased,thank,ze,mas
great,loves,excellent,awesome,highly,wonderful,potatoes,ever,loved,potato,perfect,cake,love,happy,glad,best,x,perfectly,handy,easy,keeps,pleased,thank,ze,mas
great,loves,excellent,awesome,highly,wonderful,potatoes,ever,loved,potato,perfect,cake,love,happy,glad,best,x,perfectly,handy,easy,keeps,pleased,thank,ze,mas
great,loves,excellent,awesome,highly,wonderful,potatoes,ever,loved,potato,perfect,cake,love,happy,glad,best,x,perfectly,handy,easy,keeps,pleased,thank,ze,mas
great,loves,excellent,awesome,highly,wonderful,potatoes,ever,loved,potato,perfect,cake,love,happy,glad,best,x,perfectly,handy,easy,keeps,pleased,thank,ze,mas
great,loves,excellent,awesome,highly,wonderful,potatoes,ever,loved,potato,perfect,cake,love,happy,glad,best,x,perfectly,handy,easy,keeps,pleased,thank,ze,mas
great,loves,excellent,awesome,highly,wonderful,potatoes,ever,loved,potato,perfect,cake,love,happy,glad,best,x,perfectly,handy,easy,keeps,pleased,thank,ze,mas
great,loves,excellent,awesome,highly,wonderful,potatoes,ever,loved,potato,perfect,cake,love,happy,glad,best,x,perfectly,handy,easy,keeps,pleased,thank,ze,mas
great,loves,excellent,awesome,highly,wonderful,potatoes,ever,loved,potato,perfect,cake,love,happy,glad,best,x,perfectly,handy,easy,keeps,pleased,thank,ze,mas
great,loves,excellent,awesome,highly,wonderful,potatoes,ever,loved,potato,perfect,cake,love,happy,glad,best,x,perfectly,handy,easy,keeps,pleased,thank,ze,mas
great,loves,excellent,awesome,highly,wonderful,potatoes,ever,loved,potato,perfect,cake,love,happy,glad,best,x,perfectly,handy,easy,keeps,pleased,thank,ze,mas
great,loves,excellent,awesome,highly,wonderful,potatoes,ever,loved,potato,perfect,cake,love,happy,glad,best,x,perfectly,handy,easy,pleased,thank,ze,kids,mas
great,loves,excellent,awesome,highly,wonderful,potatoes,ever,loved,potato,perfect,cake,love,happy,glad,best,x,perfectly,handy,easy,pleased,thank,ze,kids,mas
great,loves,excellent,awesome,highly,wonderful,potatoes,ever,loved,potato,perfect,cake,love,happy,glad,best,x,perfectly,handy,easy,pleased,thank,ze,kids,mas
great,loves,excellent,awesome,highly,wonderful,potatoes,ever,loved,potato,perfect,cake,love,happy,glad,best,x,perfectly,handy,easy,pleased,thank,ze,kids,mas
great,loves,excellent,awesome,highly,wonderful,potatoes,ever,loved,potato,perfect,cake,love,happy,glad,best,x,perfectly,handy,easy,pleased,thank,ze,kids,mas
great,loves,excellent,awesome,highly,wonderful,potatoes,ever,loved,potato,perfect,cake,love,happy,glad,best,x,perfectly,handy,easy,pleased,thank,ze,kids,mas
great,loves,excellent,awesome,highly,wonderful,potatoes,ever,loved,potato,perfect,cake,love,happy,glad,best,x,perfectly,handy,easy,pleased,thank,ze,kids,mas
great,loves,excellent,awesome,highly,wonderful,potatoes,ever,loved,potato,perfect,cake,love,happy,glad,best,x,perfectly,handy,easy,pleased,thank,ze,kids,mas
great,loves,excellent,awesome,highly,wonderful,potatoes,ever,loved,potato,perfect,cake,love,happy,glad,best,x,perfectly,handy,easy,pleased,thank,ze,kids,mas
great,loves,excellent,awesome,highly,wonderful,potatoes,ever,loved,potato,perfect,cake,love,happy,glad,best,x,perfectly,handy,easy,pleased,thank,ze,kids,mas
great,loves,excellent,awesome,highly,wonderful,potatoes,ever,loved,potato,perfect,cake,love,happy,glad,best,x,perfectly,handy,easy,pleased,thank,ze,kids,mas
great,loves,excellent,awesome,highly,wonderful,potatoes,ever,loved,potato,perfect,cake,love,happy,glad,best,x,perfectly,handy,easy,pleased,thank,ze,kids,mas
great,loves,excellent,awesome,highly,wonderful,potatoes,ever,loved,potato,perfect,cake,love,happy,glad,best,x,perfectly,handy,easy,pleased,thank,ze,kids,mas
great,loves,excellent,awesome,highly,wonderful,potatoes,ever,loved,potato,perfect,cake,love,happy,glad,best,x,perfectly,handy,easy,pleased,thank,ze,kids,mas
great,loves,excellent,awesome,highly,wonderful,potatoes,ever,loved,potato,perfect,cake,love,happy,glad,best,x,perfectly,handy,easy,pleased,thank,ze,kids,mas
great,loves,excellent,awesome,highly,wonderful,potatoes,ever,loved,potato,perfect,cake,love,happy,glad,best,x,perfectly,handy,easy,pleased,thank,ze,kids,mas
great,loves,excellent,awesome,highly,wonderful,potatoes,ever,loved,potato,perfect,cake,love,happy,glad,best,x,perfectly,handy,easy,pleased,thank,ze,kids,mas
great,loves,excellent,awesome,highly,wonderful,potatoes,ever,loved,potato,perfect,cake,love,happy,glad,best,x,perfectly,handy,easy,pleased,thank,ze,kids,mas
great,loves,excellent,awesome,highly,wonderful,potatoes,ever,loved,potato,perfect,cake,love,happy,glad,best,x,perfectly,handy,easy,pleased,thank,ze,kids,mas
great,loves,excellent,awesome,highly,wonderful,potatoes,ever,loved,potato,perfect,cake,love,happy,glad,best,x,perfectly,handy,easy,pleased,thank,ze,kids,mas
great,loves,excellent,awesome,highly,wonderful,potatoes,ever,loved,potato,perfect,cake,love,happy,glad,best,x,perfectly,handy,easy,pleased,thank,ze,kids,mas
great,loves,excellent,awesome,highly,wonderful,potatoes,ever,loved,potato,perfect,cake,love,happy,glad,best,x,perfectly,handy,easy,pleased,thank,ze,kids,mas
great,loves,excellent,awesome,highly,wonderful,potatoes,ever,loved,potato,perfect,cake,love,happy,glad,best,x,perfectly,handy,easy,pleased,thank,ze,kids,mas
great,loves,excellent,awesome,highly,wonderful,potatoes,ever,loved,potato,perfect,cake,love,happy,glad,best,x,perfectly,handy,easy,pleased,thank,ze,kids,mas
great,loves,excellent,awesome,highly,wonderful,potatoes,ever,loved,potato,perfect,cake,love,happy,glad,best,x,perfectly,handy,easy,pleased,thank,ze,kids,mas
great,loves,excellent,awesome,highly,wonderful,potatoes,ever,loved,potato,perfect,cake,love,happy,glad,best,x,perfectly,handy,easy,pleased,thank,ze,kids,mas
great,loves,excellent,awesome,highly,wonderful,potatoes,ever,loved,potato,perfect,cake,love,happy,glad,best,x,perfectly,handy,easy,pleased,thank,ze,kids,mas
great,loves,excellent,awesome,highly,wonderful,potatoes,ever,loved,potato,perfect,cake,love,happy,glad,best,x,perfectly,handy,easy,pleased,thank,ze,kids,mas
great,loves,excellent,awesome,highly,wonderful,potatoes,ever,loved,potato,perfect,cake,love,happy,glad,best,x,perfectly,handy,easy,pleased,thank,ze,kids,mas
great,loves,excellent,awesome,highly,wonderful,potatoes,ever,loved,potato,perfect,cake,love,happy,glad,best,x,perfectly,handy,easy,pleased,thank,ze,kids,mas
great,loves,excellent,awesome,highly,wonderful,potatoes,ever,loved,potato,perfect,cake,love,happy,glad,best,x,perfectly,handy,easy,pleased,thank,ze,kids,mas
great,loves,excellent,awesome,highly,wonderful,potatoes,ever,loved,potato,perfect,cake,love,happy,glad,best,x,perfectly,handy,easy,pleased,thank,ze,kids,mas
great,loves,excellent,awesome,highly,wonderful,potatoes,ever,loved,potato,perfect,cake,love,happy,glad,best,x,perfectly,handy,easy,pleased,thank,ze,kids,mas
great,loves,excellent,awesome,highly,wonderful,potatoes,ever,loved,potato,perfect,cake,love,happy,glad,best,x,perfectly,handy,easy,pleased,thank,ze,kids,mas
great,loves,excellent,awesome,highly,wonderful,potatoes,ever,loved,potato,perfect,cake,love,happy,glad,best,x,perfectly,handy,easy,pleased,thank,ze,kids,mas
great,loves,excellent,awesome,highly,wonderful,potatoes,ever,loved,potato,perfect,cake,love,happy,glad,best,x,perfectly,handy,easy,pleased,thank,ze,kids,mas
great,loves,excellent,awesome,highly,wonderful,potatoes,ever,loved,potato,perfect,cake,love,happy,glad,best,x,perfectly,handy,easy,pleased,thank,ze,kids,mas
great,loves,excellent,awesome,highly,wonderful,potatoes,ever,loved,potato,perfect,cake,love,happy,glad,best,x,perfectly,handy,easy,pleased,thank,ze,kids,mas
great,loves,excellent,awesome,highly,wonderful,potatoes,ever,loved,potato,perfect,cake,love,happy,glad,best,x,perfectly,handy,easy,pleased,thank,ze,kids,mas
great,loves,excellent,awesome,highly,wonderful,potatoes,ever,loved,potato,perfect,cake,love,happy,glad,best,x,perfectly,handy,easy,pleased,thank,ze,kids,mas
great,loves,excellent,awesome,highly,wonderful,potatoes,ever,loved,potato,perfect,cake,love,happy,glad,best,x,perfectly,handy,easy,pleased,thank,ze,kids,mas
great,loves,excellent,awesome,highly,wonderful,potatoes,ever,loved,potato,perfect,cake,love,happy,glad,best,x,perfectly,handy,easy,pleased,thank,ze,kids,mas
great,loves,excellent,awesome,highly,wonderful,potatoes,ever,loved,potato,perfect,cake,love,happy,glad,best,x,perfectly,handy,easy,pleased,thank,ze,kids,mas
great,loves,excellent,awesome,highly,wonderful,potatoes,ever,loved,potato,perfect,cake,love,happy,glad,best,x,perfectly,handy,easy,pleased,thank,ze,kids,mas
great,loves,excellent,awesome,highly,wonderful,potatoes,ever,loved,potato,perfect,cake,love,happy,glad,best,x,perfectly,handy,easy,pleased,thank,ze,kids,mas
great,loves,excellent,awesome,highly,wonderful,potatoes,ever,loved,potato,perfect,cake,love,happy,glad,best,x,perfectly,handy,easy,pleased,thank,ze,kids,mas
great,loves,excellent,awesome,highly,wonderful,potatoes,ever,loved,potato,perfect,cake,love,happy,glad,best,x,perfectly,handy,easy,pleased,thank,ze,kids,mas
great,loves,excellent,awesome,highly,wonderful,potatoes,ever,loved,potato,perfect,cake,love,happy,glad,best,x,perfectly,handy,easy,pleased,thank,ze,kids,mas
great,loves,excellent,awesome,highly,wonderful,potatoes,ever,loved,potato,perfect,cake,love,happy,glad,best,x,perfectly,handy,easy,pleased,thank,ze,kids,mas
great,loves,excellent,awesome,highly,wonderful,potatoes,ever,loved,potato,perfect,cake,love,happy,glad,best,x,perfectly,handy,easy,pleased,thank,ze,kids,mas
great,loves,excellent,awesome,highly,wonderful,potatoes,ever,loved,potato,perfect,cake,love,happy,glad,best,x,perfectly,handy,easy,pleased,thank,ze,kids,mas
great,loves,excellent,awesome,highly,wonderful,potatoes,ever,loved,potato,perfect,cake,love,happy,glad,best,x,perfectly,handy,easy,pleased,thank,ze,kids,mas
great,loves,excellent,awesome,highly,wonderful,potatoes,ever,loved,potato,perfect,cake,love,happy,glad,best,x,perfectly,handy,easy,pleased,thank,ze,kids,mas
great,loves,excellent,awesome,highly,wonderful,potatoes,ever,loved,potato,perfect,cake,love,happy,glad,best,x,perfectly,handy,easy,pleased,thank,ze,kids,mas
great,loves,excellent,awesome,highly,wonderful,potatoes,ever,loved,potato,perfect,cake,love,happy,glad,best,x,perfectly,handy,easy,pleased,thank,ze,kids,mas
great,loves,excellent,awesome,highly,wonderful,potatoes,ever,loved,potato,perfect,cake,love,happy,glad,best,x,perfectly,handy,easy,pleased,thank,ze,kids,mas
great,loves,excellent,awesome,highly,wonderful,potatoes,ever,loved,potato,perfect,cake,love,happy,glad,best,x,perfectly,handy,easy,pleased,thank,ze,kids,mas
great,loves,excellent,awesome,highly,wonderful,potatoes,ever,loved,potato,perfect,cake,love,happy,glad,best,x,perfectly,handy,easy,pleased,thank,ze,kids,mas
great,loves,excellent,awesome,highly,wonderful,potatoes,ever,loved,potato,perfect,cake,love,happy,glad,best,x,perfectly,handy,easy,pleased,thank,ze,kids,mas
great,loves,excellent,awesome,highly,wonderful,potatoes,ever,loved,potato,perfect,cake,love,happy,glad,best,x,perfectly,handy,easy,pleased,thank,ze,kids,mas
great,loves,excellent,awesome,highly,wonderful,potatoes,ever,loved,potato,perfect,cake,love,happy,glad,best,x,perfectly,handy,easy,pleased,thank,ze,kids,mas
great,loves,excellent,awesome,highly,wonderful,potatoes,ever,loved,potato,perfect,cake,love,happy,glad,best,x,perfectly,handy,easy,pleased,thank,ze,kids,mas
great,loves,excellent,awesome,highly,wonderful,potatoes,ever,loved,potato,perfect,cake,love,happy,glad,best,x,perfectly,handy,easy,pleased,thank,ze,kids,mas
great,loves,excellent,awesome,highly,wonderful,potatoes,ever,loved,potato,perfect,cake,love,happy,glad,best,x,perfectly,handy,easy,pleased,thank,ze,kids,mas
great,loves,excellent,awesome,highly,wonderful,potatoes,ever,loved,potato,perfect,cake,love,happy,glad,best,x,perfectly,handy,easy,pleased,thank,ze,kids,mas
great,loves,excellent,awesome,highly,wonderful,potatoes,ever,loved,potato,perfect,cake,love,happy,glad,best,x,perfectly,handy,easy,pleased,thank,ze,kids,mas
great,loves,excellent,awesome,highly,wonderful,potatoes,ever,loved,potato,perfect,cake,love,happy,glad,best,x,perfectly,handy,easy,pleased,thank,ze,kids,mas
great,loves,excellent,awesome,highly,wonderful,potatoes,ever,loved,potato,perfect,cake,love,happy,glad,best,x,perfectly,handy,easy,pleased,thank,ze,kids,mas
great,loves,excellent,awesome,highly,wonderful,potatoes,ever,loved,potato,perfect,cake,love,happy,glad,best,x,perfectly,handy,easy,pleased,thank,ze,kids,mas
great,loves,excellent,awesome,highly,wonderful,potatoes,ever,loved,potato,perfect,cake,love,happy,glad,best,x,perfectly,handy,easy,pleased,thank,ze,kids,mas
great,loves,excellent,awesome,highly,wonderful,potatoes,ever,loved,potato,perfect,cake,love,happy,glad,best,x,perfectly,handy,easy,pleased,thank,ze,kids,mas
great,loves,excellent,awesome,highly,wonderful,potatoes,ever,loved,potato,perfect,cake,love,happy,glad,best,x,perfectly,handy,easy,pleased,thank,ze,kids,mas
great,loves,excellent,awesome,highly,wonderful,potatoes,ever,loved,potato,perfect,cake,love,happy,glad,best,x,perfectly,handy,easy,pleased,thank,ze,kids,mas
great,loves,excellent,awesome,highly,wonderful,potatoes,ever,loved,potato,perfect,cake,love,happy,glad,best,x,perfectly,handy,easy,pleased,thank,ze,kids,mas
great,loves,excellent,awesome,highly,wonderful,potatoes,ever,loved,potato,perfect,cake,love,happy,glad,best,x,perfectly,handy,easy,pleased,thank,ze,kids,mas
great,loves,excellent,awesome,highly,wonderful,potatoes,ever,loved,potato,perfect,cake,love,happy,glad,best,x,perfectly,handy,easy,pleased,thank,ze,kids,mas
great,loves,excellent,awesome,highly,wonderful,potatoes,ever,loved,potato,perfect,cake,love,happy,glad,best,x,perfectly,handy,easy,pleased,thank,ze,kids,mas
great,loves,excellent,awesome,highly,wonderful,potatoes,ever,loved,potato,perfect,cake,love,happy,glad,best,x,perfectly,handy,easy,pleased,thank,ze,kids,mas
great,loves,excellent,awesome,highly,wonderful,potatoes,ever,loved,potato,perfect,cake,love,happy,glad,best,x,perfectly,handy,easy,pleased,thank,ze,kids,mas
great,loves,excellent,awesome,highly,wonderful,potatoes,ever,loved,potato,perfect,cake,love,happy,glad,best,x,perfectly,handy,easy,pleased,thank,ze,kids,mas
great,loves,excellent,awesome,highly,wonderful,potatoes,ever,loved,potato,perfect,cake,love,happy,glad,best,x,perfectly,handy,easy,pleased,thank,ze,kids,mas
great,loves,excellent,awesome,highly,wonderful,potatoes,ever,loved,potato,perfect,cake,love,happy,glad,best,x,perfectly,handy,easy,pleased,thank,ze,kids,mas
great,loves,excellent,awesome,highly,wonderful,potatoes,ever,loved,potato,perfect,cake,love,happy,glad,best,x,perfectly,handy,easy,pleased,thank,ze,kids,mas
great,loves,excellent,awesome,highly,wonderful,potatoes,ever,loved,potato,perfect,cake,love,happy,glad,best,x,perfectly,handy,easy,pleased,thank,ze,kids,mas
great,loves,excellent,awesome,highly,wonderful,potatoes,ever,loved,potato,perfect,cake,love,happy,glad,best,x,perfectly,handy,easy,pleased,thank,ze,kids,mas
great,loves,excellent,awesome,highly,wonderful,potatoes,ever,loved,potato,perfect,cake,love,happy,glad,best,x,perfectly,handy,easy,pleased,thank,ze,kids,mas
great,loves,excellent,awesome,highly,wonderful,potatoes,ever,loved,potato,perfect,cake,love,happy,glad,best,x,perfectly,handy,easy,pleased,thank,ze,kids,mas
great,loves,excellent,awesome,highly,wonderful,potatoes,ever,loved,potato,perfect,cake,love,happy,glad,best,x,perfectly,handy,easy,pleased,thank,ze,kids,mas
great,loves,excellent,awesome,highly,wonderful,potatoes,ever,loved,potato,perfect,cake,love,happy,glad,best,x,perfectly,handy,easy,pleased,thank,ze,kids,mas
great,loves,excellent,awesome,highly,wonderful,potatoes,ever,loved,potato,perfect,cake,love,happy,glad,best,x,perfectly,handy,easy,pleased,thank,ze,kids,mas
great,loves,excellent,awesome,highly,wonderful,potatoes,ever,loved,potato,perfect,cake,love,happy,glad,best,x,perfectly,handy,easy,pleased,thank,ze,kids,mas
great,loves,excellent,awesome,highly,wonderful,potatoes,ever,loved,potato,perfect,cake,love,happy,glad,best,x,perfectly,handy,easy,pleased,thank,ze,kids,mas
great,loves,excellent,awesome,highly,wonderful,potatoes,ever,loved,potato,perfect,cake,love,happy,glad,best,x,perfectly,handy,easy,pleased,thank,ze,kids,mas
great,loves,excellent,awesome,highly,wonderful,potatoes,ever,loved,potato,perfect,cake,love,happy,glad,best,x,perfectly,handy,easy,pleased,thank,ze,kids,mas
great,loves,excellent,awesome,highly,wonderful,potatoes,ever,loved,potato,perfect,cake,love,happy,glad,best,x,perfectly,handy,easy,pleased,thank,ze,kids,mas
great,loves,excellent,awesome,highly,wonderful,potatoes,ever,loved,potato,perfect,cake,love,happy,glad,best,x,perfectly,handy,easy,pleased,thank,ze,kids,mas
great,loves,excellent,awesome,highly,wonderful,potatoes,ever,loved,potato,perfect,cake,love,happy,glad,best,x,perfectly,handy,easy,pleased,thank,ze,kids,mas
great,loves,excellent,awesome,highly,wonderful,potatoes,ever,loved,potato,perfect,cake,love,happy,glad,best,x,perfectly,handy,easy,pleased,thank,ze,kids,mas
great,loves,excellent,awesome,highly,wonderful,potatoes,ever,loved,potato,perfect,cake,love,happy,glad,best,x,perfectly,handy,easy,pleased,thank,ze,kids,mas
great,loves,excellent,awesome,highly,wonderful,potatoes,ever,loved,potato,perfect,cake,love,happy,glad,best,x,perfectly,handy,easy,pleased,thank,ze,kids,mas
great,loves,excellent,awesome,highly,wonderful,potatoes,ever,loved,potato,perfect,cake,love,happy,glad,best,x,perfectly,handy,easy,pleased,thank,ze,kids,mas
great,loves,excellent,awesome,highly,wonderful,potatoes,ever,loved,potato,perfect,cake,love,happy,glad,best,x,perfectly,handy,easy,pleased,thank,ze,kids,mas
great,loves,excellent,awesome,highly,wonderful,potatoes,ever,loved,potato,perfect,cake,love,happy,glad,best,x,perfectly,handy,easy,pleased,thank,ze,kids,mas
great,loves,excellent,awesome,highly,wonderful,potatoes,ever,loved,potato,perfect,cake,love,happy,glad,best,x,perfectly,handy,easy,pleased,thank,ze,kids,mas
great,loves,excellent,awesome,highly,wonderful,potatoes,ever,loved,potato,perfect,cake,love,happy,glad,best,x,perfectly,handy,easy,pleased,thank,ze,kids,mas
great,loves,excellent,awesome,highly,wonderful,potatoes,ever,loved,potato,perfect,cake,love,happy,glad,best,x,perfectly,handy,easy,pleased,thank,ze,kids,mas
great,loves,excellent,awesome,highly,wonderful,potatoes,ever,loved,potato,perfect,cake,love,happy,glad,best,x,perfectly,handy,easy,pleased,thank,ze,kids,mas
great,loves,excellent,awesome,highly,wonderful,potatoes,ever,loved,potato,perfect,cake,love,happy,glad,best,x,perfectly,handy,easy,pleased,thank,ze,kids,mas
great,loves,excellent,awesome,highly,wonderful,potatoes,ever,loved,potato,perfect,cake,love,happy,glad,best,x,perfectly,handy,easy,pleased,thank,ze,kids,mas
great,loves,excellent,awesome,highly,wonderful,potatoes,ever,loved,potato,perfect,cake,love,happy,glad,best,x,perfectly,handy,easy,pleased,thank,ze,kids,mas
great,loves,excellent,awesome,highly,wonderful,potatoes,ever,loved,potato,perfect,cake,love,happy,glad,best,x,perfectly,handy,easy,pleased,thank,ze,kids,mas
great,loves,excellent,awesome,highly,wonderful,potatoes,ever,loved,potato,perfect,cake,love,happy,glad,best,x,perfectly,handy,easy,pleased,thank,ze,kids,mas
great,loves,excellent,awesome,highly,wonderful,potatoes,ever,loved,potato,perfect,cake,love,happy,glad,best,x,perfectly,handy,easy,pleased,thank,ze,kids,mas
great,loves,excellent,awesome,highly,wonderful,potatoes,ever,loved,potato,perfect,cake,love,happy,glad,best,x,perfectly,handy,easy,pleased,thank,ze,kids,mas
great,loves,excellent,awesome,highly,wonderful,potatoes,ever,loved,potato,perfect,cake,love,happy,glad,best,x,perfectly,handy,easy,pleased,thank,ze,kids,mas
great,loves,excellent,awesome,highly,wonderful,potatoes,ever,loved,potato,perfect,cake,love,happy,glad,best,x,perfectly,handy,easy,pleased,thank,ze,kids,mas
great,loves,excellent,awesome,highly,wonderful,potatoes,ever,loved,potato,perfect,cake,love,happy,glad,best,x,perfectly,handy,easy,pleased,thank,ze,kids,mas
great,loves,excellent,awesome,highly,wonderful,potatoes,ever,loved,potato,perfect,cake,love,happy,glad,best,x,perfectly,handy,easy,pleased,thank,ze,kids,mas
great,loves,excellent,awesome,highly,wonderful,potatoes,ever,loved,potato,perfect,cake,love,happy,glad,best,x,perfectly,handy,easy,pleased,thank,ze,kids,mas
great,loves,excellent,awesome,highly,wonderful,potatoes,ever,loved,potato,perfect,cake,love,happy,glad,best,x,perfectly,handy,easy,pleased,thank,ze,kids,mas
great,loves,excellent,awesome,highly,wonderful,potatoes,ever,loved,potato,perfect,cake,love,happy,glad,best,x,perfectly,handy,easy,pleased,thank,ze,kids,mas
great,loves,excellent,awesome,highly,wonderful,potatoes,ever,loved,potato,perfect,cake,love,happy,glad,best,x,perfectly,handy,easy,pleased,thank,ze,kids,mas
great,loves,excellent,awesome,highly,wonderful,potatoes,ever,loved,potato,perfect,cake,love,happy,glad,best,x,perfectly,handy,easy,pleased,thank,ze,kids,mas
great,loves,excellent,awesome,highly,wonderful,potatoes,ever,loved,potato,perfect,cake,love,happy,glad,best,x,perfectly,handy,easy,pleased,thank,ze,kids,mas
great,loves,excellent,awesome,highly,wonderful,potatoes,ever,loved,potato,perfect,cake,love,happy,glad,best,x,perfectly,handy,easy,pleased,thank,ze,kids,mas
great,loves,excellent,awesome,highly,wonderful,potatoes,ever,loved,potato,perfect,cake,love,happy,glad,best,x,perfectly,handy,easy,pleased,thank,ze,kids,mas
great,loves,excellent,awesome,highly,wonderful,potatoes,ever,loved,potato,perfect,cake,love,happy,glad,best,x,perfectly,handy,easy,pleased,thank,ze,kids,mas
great,loves,excellent,awesome,highly,wonderful,potatoes,ever,loved,potato,perfect,cake,love,happy,glad,best,x,perfectly,handy,easy,pleased,thank,ze,kids,mas
great,loves,excellent,awesome,highly,wonderful,potatoes,ever,loved,potato,perfect,cake,love,happy,glad,best,x,perfectly,handy,easy,pleased,thank,ze,kids,mas
great,loves,excellent,awesome,highly,wonderful,potatoes,ever,loved,potato,perfect,cake,love,happy,glad,best,x,perfectly,handy,easy,pleased,thank,ze,kids,mas
great,loves,excellent,awesome,highly,wonderful,potatoes,ever,loved,potato,perfect,cake,love,happy,glad,best,x,perfectly,handy,easy,pleased,thank,ze,kids,mas
great,loves,excellent,awesome,highly,wonderful,potatoes,ever,loved,potato,perfect,cake,love,happy,glad,best,x,perfectly,handy,easy,pleased,thank,ze,kids,mas
great,loves,excellent,awesome,highly,wonderful,potatoes,ever,loved,potato,perfect,cake,love,happy,glad,best,x,perfectly,handy,easy,pleased,thank,ze,kids,mas
great,loves,excellent,awesome,highly,wonderful,potatoes,ever,loved,potato,perfect,cake,love,happy,glad,best,x,perfectly,handy,easy,pleased,thank,ze,kids,mas
great,loves,excellent,awesome,highly,wonderful,potatoes,ever,loved,potato,perfect,cake,love,happy,glad,best,x,perfectly,handy,easy,pleased,thank,ze,kids,mas
great,loves,excellent,awesome,highly,wonderful,potatoes,ever,loved,potato,perfect,cake,love,happy,glad,best,x,perfectly,handy,easy,pleased,thank,ze,kids,mas
great,loves,excellent,awesome,highly,wonderful,potatoes,ever,loved,potato,perfect,cake,love,happy,glad,best,x,perfectly,handy,easy,pleased,thank,ze,kids,mas
great,loves,excellent,awesome,highly,wonderful,potatoes,ever,loved,potato,perfect,cake,love,happy,glad,best,x,perfectly,handy,easy,pleased,thank,ze,kids,mas
great,loves,excellent,awesome,highly,wonderful,potatoes,ever,loved,potato,perfect,cake,love,happy,glad,best,x,perfectly,handy,easy,pleased,thank,ze,kids,mas
great,loves,excellent,awesome,highly,wonderful,potatoes,ever,loved,potato,perfect,cake,love,happy,glad,best,x,perfectly,handy,easy,pleased,thank,ze,kids,mas
great,loves,excellent,awesome,highly,wonderful,potatoes,ever,loved,potato,perfect,cake,love,happy,glad,best,x,perfectly,handy,easy,pleased,thank,ze,kids,mas
great,loves,excellent,awesome,highly,wonderful,potatoes,ever,loved,potato,perfect,cake,love,happy,glad,best,x,perfectly,handy,easy,pleased,thank,ze,kids,mas
great,loves,excellent,awesome,highly,wonderful,potatoes,ever,loved,potato,perfect,cake,love,happy,glad,best,x,perfectly,handy,easy,pleased,thank,ze,kids,mas
great,loves,excellent,awesome,highly,wonderful,potatoes,ever,loved,potato,perfect,cake,love,happy,glad,best,x,perfectly,handy,easy,pleased,thank,ze,kids,mas
great,loves,excellent,awesome,highly,wonderful,potatoes,ever,loved,potato,perfect,cake,love,happy,glad,best,x,perfectly,handy,easy,pleased,thank,ze,kids,mas
great,loves,excellent,awesome,highly,wonderful,potatoes,ever,loved,potato,perfect,cake,love,happy,glad,best,x,perfectly,handy,easy,pleased,thank,ze,kids,mas
great,loves,excellent,awesome,highly,wonderful,potatoes,ever,loved,potato,perfect,cake,love,happy,glad,best,x,perfectly,handy,easy,pleased,thank,ze,kids,mas
great,loves,excellent,awesome,highly,wonderful,potatoes,ever,loved,potato,perfect,cake,love,happy,glad,best,x,perfectly,handy,easy,pleased,thank,ze,kids,mas
great,loves,excellent,awesome,highly,wonderful,potatoes,ever,loved,potato,perfect,cake,love,happy,glad,best,x,perfectly,handy,easy,pleased,thank,ze,kids,mas
great,loves,excellent,awesome,highly,wonderful,potatoes,ever,loved,potato,perfect,cake,love,happy,glad,best,x,perfectly,handy,easy,pleased,thank,ze,kids,mas
great,loves,excellent,awesome,highly,wonderful,potatoes,ever,loved,potato,perfect,cake,love,happy,glad,best,x,perfectly,handy,easy,pleased,thank,ze,kids,mas
great,loves,excellent,awesome,highly,wonderful,potatoes,ever,loved,potato,perfect,cake,love,happy,glad,best,x,perfectly,handy,easy,pleased,thank,ze,kids,mas
great,loves,excellent,awesome,highly,wonderful,potatoes,ever,loved,potato,perfect,cake,love,happy,glad,best,x,perfectly,handy,easy,pleased,thank,ze,kids,mas
great,loves,excellent,awesome,highly,wonderful,potatoes,ever,loved,potato,perfect,cake,love,happy,glad,best,x,perfectly,handy,easy,pleased,thank,ze,kids,mas
great,loves,excellent,awesome,highly,wonderful,potatoes,ever,loved,potato,perfect,cake,love,happy,glad,best,x,perfectly,handy,easy,pleased,thank,ze,kids,mas
great,loves,excellent,awesome,highly,wonderful,potatoes,ever,loved,potato,perfect,cake,love,happy,glad,best,x,perfectly,handy,easy,pleased,thank,ze,kids,mas
great,loves,excellent,awesome,highly,wonderful,potatoes,ever,loved,potato,perfect,cake,love,happy,glad,best,x,perfectly,handy,easy,pleased,thank,ze,kids,mas
great,loves,excellent,awesome,highly,wonderful,potatoes,ever,loved,potato,perfect,cake,love,happy,glad,best,x,perfectly,handy,easy,pleased,thank,ze,kids,mas
great,loves,excellent,awesome,highly,wonderful,potatoes,ever,loved,potato,perfect,cake,love,happy,glad,best,x,perfectly,handy,easy,pleased,thank,ze,kids,mas
great,loves,excellent,awesome,highly,wonderful,potatoes,ever,loved,potato,perfect,cake,love,happy,glad,best,x,perfectly,handy,easy,pleased,thank,ze,kids,mas
great,loves,excellent,awesome,highly,wonderful,potatoes,ever,loved,potato,perfect,cake,love,happy,glad,best,x,perfectly,handy,easy,pleased,thank,ze,kids,mas
great,loves,excellent,awesome,highly,wonderful,potatoes,ever,loved,potato,perfect,cake,love,happy,glad,best,x,perfectly,handy,easy,pleased,thank,ze,kids,mas
great,loves,excellent,awesome,highly,wonderful,potatoes,ever,loved,potato,perfect,cake,love,happy,glad,best,x,perfectly,handy,easy,pleased,thank,ze,kids,mas
great,loves,excellent,awesome,highly,wonderful,potatoes,ever,loved,potato,perfect,cake,love,happy,glad,best,x,perfectly,handy,easy,pleased,thank,ze,kids,mas
great,loves,excellent,awesome,highly,wonderful,potatoes,ever,loved,potato,perfect,cake,love,happy,glad,best,x,perfectly,handy,easy,pleased,thank,ze,kids,mas
great,loves,excellent,awesome,highly,wonderful,potatoes,ever,loved,potato,perfect,cake,love,happy,glad,best,x,perfectly,handy,easy,pleased,thank,ze,kids,mas
great,loves,excellent,awesome,highly,wonderful,potatoes,ever,loved,potato,perfect,cake,love,happy,glad,best,x,perfectly,handy,easy,pleased,thank,ze,kids,mas
great,loves,excellent,awesome,highly,wonderful,potatoes,ever,loved,potato,perfect,cake,love,happy,glad,best,x,perfectly,handy,easy,pleased,thank,ze,kids,mas
great,loves,excellent,awesome,highly,wonderful,potatoes,ever,loved,potato,perfect,cake,love,happy,glad,best,x,perfectly,handy,easy,pleased,thank,ze,kids,mas
great,loves,excellent,awesome,highly,wonderful,potatoes,ever,loved,potato,perfect,cake,love,happy,glad,best,x,perfectly,handy,easy,pleased,thank,ze,kids,mas
great,loves,excellent,awesome,highly,wonderful,potatoes,ever,loved,potato,perfect,cake,love,happy,glad,best,x,perfectly,handy,easy,pleased,thank,ze,kids,mas
great,loves,excellent,awesome,highly,wonderful,potatoes,ever,loved,potato,perfect,cake,love,happy,glad,best,x,perfectly,handy,easy,pleased,thank,ze,kids,mas
great,loves,excellent,awesome,highly,wonderful,potatoes,ever,loved,potato,perfect,cake,love,happy,glad,best,x,perfectly,handy,easy,pleased,thank,ze,kids,mas
great,loves,excellent,awesome,highly,wonderful,potatoes,ever,loved,potato,perfect,cake,love,happy,glad,best,x,perfectly,handy,easy,pleased,thank,ze,kids,mas
great,loves,excellent,awesome,highly,wonderful,potatoes,ever,loved,potato,perfect,cake,love,happy,glad,best,x,perfectly,handy,easy,pleased,thank,ze,kids,mas
great,loves,excellent,awesome,highly,wonderful,potatoes,ever,loved,potato,perfect,cake,love,happy,glad,best,x,perfectly,handy,easy,pleased,thank,ze,kids,mas
great,loves,excellent,awesome,highly,wonderful,potatoes,ever,loved,potato,perfect,cake,love,happy,glad,best,x,perfectly,handy,easy,pleased,thank,ze,kids,mas
great,loves,excellent,awesome,highly,wonderful,potatoes,ever,loved,potato,perfect,cake,love,happy,glad,best,x,perfectly,handy,easy,pleased,thank,ze,kids,mas
great,loves,excellent,awesome,highly,wonderful,potatoes,ever,loved,potato,perfect,cake,love,happy,glad,best,x,perfectly,handy,easy,pleased,thank,ze,kids,mas
great,loves,excellent,awesome,highly,wonderful,potatoes,ever,loved,potato,perfect,cake,love,happy,glad,best,x,perfectly,handy,easy,pleased,thank,ze,kids,mas
great,loves,excellent,awesome,highly,wonderful,potatoes,ever,loved,potato,perfect,cake,love,happy,glad,best,x,perfectly,handy,easy,pleased,thank,ze,kids,mas
great,loves,excellent,awesome,highly,wonderful,potatoes,ever,loved,potato,perfect,cake,love,happy,glad,best,x,perfectly,handy,easy,pleased,thank,ze,kids,mas
great,loves,excellent,awesome,highly,wonderful,potatoes,ever,loved,potato,perfect,cake,love,happy,glad,best,x,perfectly,handy,easy,pleased,thank,ze,kids,mas
great,loves,excellent,awesome,highly,wonderful,potatoes,ever,loved,potato,perfect,cake,love,happy,glad,best,x,perfectly,handy,easy,pleased,thank,ze,kids,mas
great,loves,excellent,awesome,highly,wonderful,potatoes,ever,loved,potato,perfect,cake,love,happy,glad,best,x,perfectly,handy,easy,pleased,thank,ze,kids,mas
great,loves,excellent,awesome,highly,wonderful,potatoes,ever,loved,potato,perfect,cake,love,happy,glad,best,x,perfectly,handy,easy,pleased,thank,ze,kids,mas
great,loves,excellent,awesome,highly,wonderful,potatoes,ever,loved,potato,perfect,cake,love,happy,glad,best,x,perfectly,handy,easy,pleased,thank,ze,kids,mas
great,loves,excellent,awesome,highly,wonderful,potatoes,ever,loved,potato,perfect,cake,love,happy,glad,best,x,perfectly,handy,easy,pleased,thank,ze,kids,mas
great,loves,excellent,awesome,highly,wonderful,potatoes,ever,loved,potato,perfect,cake,love,happy,glad,best,x,perfectly,handy,easy,pleased,thank,ze,kids,mas
great,loves,excellent,awesome,highly,wonderful,potatoes,ever,loved,potato,perfect,cake,love,happy,glad,best,x,perfectly,handy,easy,pleased,thank,ze,kids,mas
great,loves,excellent,awesome,highly,wonderful,potatoes,ever,loved,potato,perfect,cake,love,happy,glad,best,x,perfectly,handy,easy,pleased,thank,ze,kids,mas
great,loves,excellent,awesome,highly,wonderful,potatoes,ever,loved,potato,perfect,cake,love,happy,glad,best,x,perfectly,handy,easy,pleased,thank,ze,kids,mas
great,loves,excellent,awesome,highly,wonderful,potatoes,ever,loved,potato,perfect,cake,love,happy,glad,best,x,perfectly,handy,easy,pleased,thank,ze,kids,mas
great,loves,excellent,awesome,highly,wonderful,potatoes,ever,loved,potato,perfect,cake,love,happy,glad,best,x,perfectly,handy,easy,pleased,thank,ze,kids,mas
great,loves,excellent,awesome,highly,wonderful,potatoes,ever,loved,potato,perfect,cake,love,happy,glad,best,x,perfectly,handy,easy,pleased,thank,ze,kids,mas
great,loves,excellent,awesome,highly,wonderful,potatoes,ever,loved,potato,perfect,cake,love,happy,glad,best,x,perfectly,handy,easy,pleased,thank,ze,kids,mas
great,loves,excellent,awesome,highly,wonderful,potatoes,ever,loved,potato,perfect,cake,love,happy,glad,best,x,perfectly,handy,easy,pleased,thank,ze,kids,mas
great,loves,excellent,awesome,highly,wonderful,potatoes,ever,loved,potato,perfect,cake,love,happy,glad,best,x,perfectly,handy,easy,pleased,thank,ze,kids,mas
great,loves,excellent,awesome,highly,wonderful,potatoes,ever,loved,potato,perfect,cake,love,happy,glad,best,x,perfectly,handy,easy,pleased,thank,ze,kids,mas
great,loves,excellent,awesome,highly,wonderful,potatoes,ever,loved,potato,perfect,cake,love,happy,glad,best,x,perfectly,handy,easy,pleased,thank,ze,kids,mas
great,loves,excellent,awesome,highly,wonderful,potatoes,ever,loved,potato,perfect,cake,love,happy,glad,best,x,perfectly,handy,easy,pleased,thank,ze,kids,mas
great,loves,excellent,awesome,highly,wonderful,potatoes,ever,loved,potato,perfect,cake,love,happy,glad,best,x,perfectly,handy,easy,pleased,thank,ze,kids,mas
great,loves,excellent,awesome,highly,wonderful,potatoes,ever,loved,potato,perfect,cake,love,happy,glad,best,x,perfectly,handy,easy,pleased,thank,ze,kids,mas
great,loves,excellent,awesome,highly,wonderful,potatoes,ever,loved,potato,perfect,cake,love,happy,glad,best,x,perfectly,handy,easy,pleased,thank,ze,kids,mas
great,loves,excellent,awesome,highly,wonderful,potatoes,ever,loved,potato,perfect,cake,love,happy,glad,best,x,perfectly,handy,easy,pleased,thank,ze,kids,mas
great,loves,excellent,awesome,highly,wonderful,potatoes,ever,loved,potato,perfect,cake,love,happy,glad,best,x,perfectly,handy,easy,pleased,thank,ze,kids,mas
great,loves,excellent,awesome,highly,wonderful,potatoes,ever,loved,potato,perfect,cake,love,happy,glad,best,x,perfectly,handy,easy,pleased,thank,ze,kids,mas
great,loves,excellent,awesome,highly,wonderful,potatoes,ever,loved,potato,perfect,cake,love,happy,glad,best,x,perfectly,handy,easy,pleased,thank,ze,kids,mas
great,loves,excellent,awesome,highly,wonderful,potatoes,ever,loved,potato,perfect,cake,love,happy,glad,best,x,perfectly,handy,easy,pleased,thank,ze,kids,mas
great,loves,excellent,awesome,highly,wonderful,potatoes,ever,loved,potato,perfect,cake,love,happy,glad,best,x,perfectly,handy,easy,pleased,thank,ze,kids,mas
great,loves,excellent,awesome,highly,wonderful,potatoes,ever,loved,potato,perfect,cake,love,happy,glad,best,x,perfectly,handy,easy,pleased,thank,ze,kids,mas
great,loves,excellent,awesome,highly,wonderful,potatoes,ever,loved,potato,perfect,cake,love,happy,glad,best,x,perfectly,handy,easy,pleased,thank,ze,kids,mas
great,loves,excellent,awesome,highly,wonderful,potatoes,ever,loved,potato,perfect,cake,love,happy,glad,best,x,perfectly,handy,easy,pleased,thank,ze,kids,mas
great,loves,excellent,awesome,highly,wonderful,potatoes,ever,loved,potato,perfect,cake,love,happy,glad,best,x,perfectly,handy,easy,pleased,thank,ze,kids,mas
great,loves,excellent,awesome,highly,wonderful,potatoes,ever,loved,potato,perfect,cake,love,happy,glad,best,x,perfectly,handy,easy,pleased,thank,ze,kids,mas
great,loves,excellent,awesome,highly,wonderful,potatoes,ever,loved,potato,perfect,cake,love,happy,glad,best,x,perfectly,handy,easy,pleased,thank,ze,kids,mas
great,loves,excellent,awesome,highly,wonderful,potatoes,ever,loved,potato,perfect,cake,love,happy,glad,best,x,perfectly,handy,easy,pleased,thank,ze,kids,mas
great,loves,excellent,awesome,highly,wonderful,potatoes,ever,loved,potato,perfect,cake,love,happy,glad,best,x,perfectly,handy,easy,pleased,thank,ze,kids,mas
great,loves,excellent,awesome,highly,wonderful,potatoes,ever,loved,potato,perfect,cake,love,happy,glad,best,x,perfectly,handy,easy,pleased,thank,ze,kids,mas
great,loves,excellent,awesome,highly,wonderful,potatoes,ever,loved,potato,perfect,cake,love,happy,glad,best,x,perfectly,handy,easy,pleased,thank,ze,kids,mas
great,loves,excellent,awesome,highly,wonderful,potatoes,ever,loved,potato,perfect,cake,love,happy,glad,best,x,perfectly,handy,easy,pleased,thank,ze,kids,mas
great,loves,excellent,awesome,highly,wonderful,potatoes,ever,loved,potato,perfect,cake,love,happy,glad,best,x,perfectly,handy,easy,pleased,thank,ze,kids,mas
great,loves,excellent,awesome,highly,wonderful,potatoes,ever,loved,potato,perfect,cake,love,happy,glad,best,x,perfectly,handy,easy,pleased,thank,ze,kids,mas
great,loves,excellent,awesome,highly,wonderful,potatoes,ever,loved,potato,perfect,cake,love,happy,glad,best,x,perfectly,handy,easy,pleased,thank,ze,kids,mas
great,loves,excellent,awesome,highly,wonderful,potatoes,ever,loved,potato,perfect,cake,love,happy,glad,best,x,perfectly,handy,easy,pleased,thank,ze,kids,mas
great,loves,excellent,awesome,highly,wonderful,potatoes,ever,loved,potato,perfect,cake,love,happy,glad,best,x,perfectly,handy,easy,pleased,thank,ze,kids,mas
great,loves,excellent,awesome,highly,wonderful,potatoes,ever,loved,potato,perfect,cake,love,happy,glad,best,x,perfectly,handy,easy,pleased,thank,ze,kids,mas
great,loves,excellent,awesome,highly,wonderful,potatoes,ever,loved,potato,perfect,cake,love,happy,glad,best,x,perfectly,handy,easy,pleased,thank,ze,kids,mas
great,loves,excellent,awesome,highly,wonderful,potatoes,ever,loved,potato,perfect,cake,love,happy,glad,best,x,perfectly,handy,easy,pleased,thank,ze,kids,mas
great,loves,excellent,awesome,highly,wonderful,potatoes,ever,loved,potato,perfect,cake,love,happy,glad,best,x,perfectly,handy,easy,pleased,thank,ze,kids,mas
great,loves,excellent,awesome,highly,wonderful,potatoes,ever,loved,potato,perfect,cake,love,happy,glad,best,x,perfectly,handy,easy,pleased,thank,ze,kids,mas
great,loves,excellent,awesome,highly,wonderful,potatoes,ever,loved,potato,perfect,cake,love,happy,glad,best,x,perfectly,handy,easy,pleased,thank,ze,kids,mas
great,loves,excellent,awesome,highly,wonderful,potatoes,ever,loved,potato,perfect,cake,love,happy,glad,best,x,perfectly,handy,easy,pleased,thank,ze,kids,mas
great,loves,excellent,awesome,highly,wonderful,potatoes,ever,loved,potato,perfect,cake,love,happy,glad,best,x,perfectly,handy,easy,pleased,thank,ze,kids,mas
great,loves,excellent,awesome,highly,wonderful,potatoes,ever,loved,potato,perfect,cake,love,happy,glad,best,x,perfectly,handy,easy,pleased,thank,ze,kids,mas
great,loves,excellent,awesome,highly,wonderful,potatoes,ever,loved,potato,perfect,cake,love,happy,glad,best,x,perfectly,handy,easy,pleased,thank,ze,kids,mas
great,loves,excellent,awesome,highly,wonderful,potatoes,ever,loved,potato,perfect,cake,love,happy,glad,best,x,perfectly,handy,easy,pleased,thank,ze,kids,mas
great,loves,excellent,awesome,highly,wonderful,potatoes,ever,loved,potato,perfect,cake,love,happy,glad,best,x,perfectly,handy,easy,pleased,thank,ze,kids,mas
great,loves,excellent,awesome,highly,wonderful,potatoes,ever,loved,potato,perfect,cake,love,happy,glad,best,x,perfectly,handy,easy,pleased,thank,ze,kids,mas
great,loves,excellent,awesome,highly,wonderful,potatoes,ever,loved,potato,perfect,cake,love,happy,glad,best,x,perfectly,handy,easy,pleased,thank,ze,kids,mas
great,loves,excellent,awesome,highly,wonderful,potatoes,ever,loved,potato,perfect,cake,love,happy,glad,best,x,perfectly,handy,easy,pleased,thank,ze,kids,mas
great,loves,excellent,awesome,highly,wonderful,potatoes,ever,loved,potato,perfect,cake,love,happy,glad,best,x,perfectly,handy,easy,pleased,thank,ze,kids,mas
great,loves,excellent,awesome,highly,wonderful,potatoes,ever,loved,potato,perfect,cake,love,happy,glad,best,x,perfectly,handy,easy,pleased,thank,ze,kids,mas
great,loves,excellent,awesome,highly,wonderful,potatoes,ever,loved,potato,perfect,cake,love,happy,glad,best,x,perfectly,handy,easy,pleased,thank,ze,kids,mas
great,loves,excellent,awesome,highly,wonderful,potatoes,ever,loved,potato,perfect,cake,love,happy,glad,best,x,perfectly,handy,easy,pleased,thank,ze,kids,mas
great,loves,excellent,awesome,highly,wonderful,potatoes,ever,loved,potato,perfect,cake,love,happy,glad,best,x,perfectly,handy,easy,pleased,thank,ze,kids,mas
great,loves,excellent,awesome,highly,wonderful,potatoes,ever,loved,potato,perfect,cake,love,happy,glad,best,x,perfectly,handy,easy,pleased,thank,ze,kids,mas
great,loves,excellent,awesome,highly,wonderful,potatoes,ever,loved,potato,perfect,cake,love,happy,glad,best,x,perfectly,handy,easy,pleased,thank,ze,kids,mas
great,loves,excellent,awesome,highly,wonderful,potatoes,ever,loved,potato,perfect,cake,love,happy,glad,best,x,perfectly,handy,easy,pleased,thank,ze,kids,mas
great,loves,excellent,awesome,highly,wonderful,potatoes,ever,loved,potato,perfect,cake,love,happy,glad,best,x,perfectly,handy,easy,pleased,thank,ze,kids,mas
great,loves,excellent,awesome,highly,wonderful,potatoes,ever,loved,potato,perfect,cake,love,happy,glad,best,x,perfectly,handy,easy,pleased,thank,ze,kids,mas
great,loves,excellent,awesome,highly,wonderful,potatoes,ever,loved,potato,perfect,cake,love,happy,glad,best,x,perfectly,handy,easy,pleased,thank,ze,kids,mas
great,loves,excellent,awesome,highly,wonderful,potatoes,ever,loved,potato,perfect,cake,love,happy,glad,best,x,perfectly,handy,easy,pleased,thank,ze,kids,mas
great,loves,excellent,awesome,highly,wonderful,potatoes,ever,loved,potato,perfect,cake,love,happy,glad,best,x,perfectly,handy,easy,pleased,thank,ze,kids,mas
great,loves,excellent,awesome,highly,wonderful,potatoes,ever,loved,potato,perfect,cake,love,happy,glad,best,x,perfectly,handy,easy,pleased,thank,ze,kids,mas
great,loves,excellent,awesome,highly,wonderful,potatoes,ever,loved,potato,perfect,cake,love,happy,glad,best,x,perfectly,handy,easy,pleased,thank,ze,kids,mas
great,loves,excellent,awesome,highly,wonderful,potatoes,ever,loved,potato,perfect,cake,love,happy,glad,best,x,perfectly,handy,easy,pleased,thank,ze,kids,mas
great,loves,excellent,awesome,highly,wonderful,potatoes,ever,loved,potato,perfect,cake,love,happy,glad,best,x,perfectly,handy,easy,pleased,thank,ze,kids,mas
great,loves,excellent,awesome,highly,wonderful,potatoes,ever,loved,potato,perfect,cake,love,happy,glad,best,x,perfectly,handy,easy,pleased,thank,ze,kids,mas
great,loves,excellent,awesome,highly,wonderful,potatoes,ever,loved,potato,perfect,cake,love,happy,glad,best,x,perfectly,handy,easy,pleased,thank,ze,kids,mas
great,loves,excellent,awesome,highly,wonderful,potatoes,ever,loved,potato,perfect,cake,love,happy,glad,best,x,perfectly,handy,easy,pleased,thank,ze,kids,mas
great,loves,excellent,awesome,highly,wonderful,potatoes,ever,loved,potato,perfect,cake,love,happy,glad,best,x,perfectly,handy,easy,pleased,thank,ze,kids,mas
great,loves,excellent,awesome,highly,wonderful,potatoes,ever,loved,potato,perfect,cake,love,happy,glad,best,x,perfectly,handy,easy,pleased,thank,ze,kids,mas
great,loves,excellent,awesome,highly,wonderful,potatoes,ever,loved,potato,perfect,cake,love,happy,glad,best,x,perfectly,handy,easy,pleased,thank,ze,kids,mas
great,loves,excellent,awesome,highly,wonderful,potatoes,ever,loved,potato,perfect,cake,love,happy,glad,best,x,perfectly,handy,easy,pleased,thank,ze,kids,mas
great,loves,excellent,awesome,highly,wonderful,potatoes,ever,loved,potato,perfect,cake,love,happy,glad,best,x,perfectly,handy,easy,pleased,thank,ze,kids,mas
great,loves,excellent,awesome,highly,wonderful,potatoes,ever,loved,potato,perfect,cake,love,happy,glad,best,x,perfectly,handy,easy,pleased,thank,ze,kids,mas
great,loves,excellent,awesome,highly,wonderful,potatoes,ever,loved,potato,perfect,cake,love,happy,glad,best,x,perfectly,handy,easy,pleased,thank,ze,kids,mas
great,loves,excellent,awesome,highly,wonderful,potatoes,ever,loved,potato,perfect,cake,love,happy,glad,best,x,perfectly,handy,easy,pleased,thank,ze,kids,mas
great,loves,excellent,awesome,highly,wonderful,potatoes,ever,loved,potato,perfect,cake,love,happy,glad,best,x,perfectly,handy,easy,pleased,thank,ze,kids,mas
great,loves,excellent,awesome,highly,wonderful,potatoes,ever,loved,potato,perfect,cake,love,happy,glad,best,x,perfectly,handy,easy,pleased,thank,ze,kids,mas
great,loves,excellent,awesome,highly,wonderful,potatoes,ever,loved,potato,perfect,cake,love,happy,glad,best,x,perfectly,handy,easy,pleased,thank,ze,kids,mas
great,loves,excellent,awesome,highly,wonderful,potatoes,ever,loved,potato,perfect,cake,love,happy,glad,best,x,perfectly,handy,easy,pleased,thank,ze,kids,mas
great,loves,excellent,awesome,highly,wonderful,potatoes,ever,loved,potato,perfect,cake,love,happy,glad,best,x,perfectly,handy,easy,pleased,thank,ze,kids,mas
great,loves,excellent,awesome,highly,wonderful,potatoes,ever,loved,potato,perfect,cake,love,happy,glad,best,x,perfectly,handy,easy,pleased,thank,ze,kids,mas
great,loves,excellent,awesome,highly,wonderful,potatoes,ever,loved,potato,perfect,cake,love,happy,glad,best,x,perfectly,handy,easy,pleased,thank,ze,kids,mas
great,loves,excellent,awesome,highly,wonderful,potatoes,ever,loved,potato,perfect,cake,love,happy,glad,best,x,perfectly,handy,easy,pleased,thank,ze,kids,mas
great,loves,excellent,awesome,highly,wonderful,potatoes,ever,loved,potato,perfect,cake,love,happy,glad,best,x,perfectly,handy,easy,pleased,thank,ze,kids,mas
great,loves,excellent,awesome,highly,wonderful,potatoes,ever,loved,potato,perfect,cake,love,happy,glad,best,x,perfectly,handy,easy,pleased,thank,ze,kids,mas
great,loves,excellent,awesome,highly,wonderful,potatoes,ever,loved,potato,perfect,cake,love,happy,glad,best,x,perfectly,handy,easy,pleased,thank,ze,kids,mas
great,loves,excellent,awesome,highly,wonderful,potatoes,ever,loved,potato,perfect,cake,love,happy,glad,best,x,perfectly,handy,easy,pleased,thank,ze,kids,mas
great,loves,excellent,awesome,highly,wonderful,potatoes,ever,loved,potato,perfect,cake,love,happy,glad,best,x,perfectly,handy,easy,pleased,thank,ze,kids,mas
great,loves,excellent,awesome,highly,wonderful,potatoes,ever,loved,potato,perfect,cake,love,happy,glad,best,x,perfectly,handy,easy,pleased,thank,ze,kids,mas
great,loves,excellent,awesome,highly,wonderful,potatoes,ever,loved,potato,perfect,cake,love,happy,glad,best,x,perfectly,handy,easy,pleased,thank,ze,kids,mas
great,loves,excellent,awesome,highly,wonderful,potatoes,ever,loved,potato,perfect,cake,love,happy,glad,best,x,perfectly,handy,easy,pleased,thank,ze,kids,mas
great,loves,excellent,awesome,highly,wonderful,potatoes,ever,loved,potato,perfect,cake,love,happy,glad,best,x,perfectly,handy,easy,pleased,thank,ze,kids,mas
great,loves,excellent,awesome,highly,wonderful,potatoes,ever,loved,potato,perfect,cake,love,happy,glad,best,x,perfectly,handy,easy,pleased,thank,ze,kids,mas
great,loves,excellent,awesome,highly,wonderful,potatoes,ever,loved,potato,perfect,cake,love,happy,glad,best,x,perfectly,handy,easy,pleased,thank,ze,kids,mas
great,loves,excellent,awesome,highly,wonderful,potatoes,ever,loved,potato,perfect,cake,love,happy,glad,best,x,perfectly,handy,easy,pleased,thank,ze,kids,mas
great,loves,excellent,awesome,highly,wonderful,potatoes,ever,loved,potato,perfect,cake,love,happy,glad,best,x,perfectly,handy,easy,pleased,thank,ze,kids,mas
great,loves,excellent,awesome,highly,wonderful,potatoes,ever,loved,potato,perfect,cake,love,happy,glad,best,x,perfectly,handy,easy,pleased,thank,ze,kids,mas
great,loves,excellent,awesome,highly,wonderful,potatoes,ever,loved,potato,perfect,cake,love,happy,glad,best,x,perfectly,handy,easy,pleased,thank,ze,kids,mas
great,loves,excellent,awesome,highly,wonderful,potatoes,ever,loved,potato,perfect,cake,love,happy,glad,best,x,perfectly,handy,easy,pleased,thank,ze,kids,mas
great,loves,excellent,awesome,highly,wonderful,potatoes,ever,loved,potato,perfect,cake,love,happy,glad,best,x,perfectly,handy,easy,pleased,thank,ze,kids,mas
great,loves,excellent,awesome,highly,wonderful,potatoes,ever,loved,potato,perfect,cake,love,happy,glad,best,x,perfectly,handy,easy,pleased,thank,ze,kids,mas
great,loves,excellent,awesome,highly,wonderful,potatoes,ever,loved,potato,perfect,cake,love,happy,glad,best,x,perfectly,handy,easy,pleased,thank,ze,kids,mas
great,loves,excellent,awesome,highly,wonderful,potatoes,ever,loved,potato,perfect,cake,love,happy,glad,best,x,perfectly,handy,easy,pleased,thank,ze,kids,mas
great,loves,excellent,awesome,highly,wonderful,potatoes,ever,loved,potato,perfect,cake,love,happy,glad,best,x,perfectly,handy,easy,pleased,thank,ze,kids,mas
great,loves,excellent,awesome,highly,wonderful,potatoes,ever,loved,potato,perfect,cake,love,happy,glad,best,x,perfectly,handy,easy,pleased,thank,ze,kids,mas
great,loves,excellent,awesome,highly,wonderful,potatoes,ever,loved,potato,perfect,cake,love,happy,glad,best,x,perfectly,handy,easy,pleased,thank,ze,kids,mas
great,loves,excellent,awesome,highly,wonderful,potatoes,ever,loved,potato,perfect,cake,love,happy,glad,best,x,perfectly,handy,easy,pleased,thank,ze,kids,mas
great,loves,excellent,awesome,highly,wonderful,potatoes,ever,loved,potato,perfect,cake,love,happy,glad,best,x,perfectly,handy,easy,pleased,thank,ze,kids,mas
great,loves,excellent,awesome,highly,wonderful,potatoes,ever,loved,potato,perfect,cake,love,happy,glad,best,x,perfectly,handy,easy,pleased,thank,ze,kids,mas
great,loves,excellent,awesome,highly,wonderful,potatoes,ever,loved,potato,perfect,cake,love,happy,glad,best,x,perfectly,handy,easy,pleased,thank,ze,kids,mas
great,loves,excellent,awesome,highly,wonderful,potatoes,ever,loved,potato,perfect,cake,love,happy,glad,best,x,perfectly,handy,easy,pleased,thank,ze,kids,mas
great,loves,excellent,awesome,highly,wonderful,potatoes,ever,loved,potato,perfect,cake,love,happy,glad,best,x,perfectly,handy,easy,pleased,thank,ze,kids,mas
great,loves,excellent,awesome,highly,wonderful,potatoes,ever,loved,potato,perfect,cake,love,happy,glad,best,x,perfectly,handy,easy,pleased,thank,ze,kids,mas
great,loves,excellent,awesome,highly,wonderful,potatoes,ever,loved,potato,perfect,cake,love,happy,glad,best,x,perfectly,handy,easy,pleased,thank,ze,kids,mas
great,loves,excellent,awesome,highly,wonderful,potatoes,ever,loved,potato,perfect,cake,love,happy,glad,best,x,perfectly,handy,easy,pleased,thank,ze,kids,mas
great,loves,excellent,awesome,highly,wonderful,potatoes,ever,loved,potato,perfect,cake,love,happy,glad,best,x,perfectly,handy,easy,pleased,thank,ze,kids,mas
great,loves,excellent,awesome,highly,wonderful,potatoes,ever,loved,potato,perfect,cake,love,happy,glad,best,x,perfectly,handy,easy,pleased,thank,ze,kids,mas
great,loves,excellent,awesome,highly,wonderful,potatoes,ever,loved,potato,perfect,cake,love,happy,glad,best,x,perfectly,handy,easy,pleased,thank,ze,kids,mas
great,loves,excellent,awesome,highly,wonderful,potatoes,ever,loved,perfect,cake,love,happy,glad,best,x,perfectly,handy,easy,pleased,thank,ze,amazing,kids,mas
great,loves,excellent,awesome,highly,wonderful,potatoes,ever,loved,perfect,cake,love,happy,glad,best,x,perfectly,handy,easy,pleased,thank,ze,amazing,kids,mas
great,loves,excellent,awesome,highly,wonderful,potatoes,ever,loved,perfect,cake,love,happy,glad,best,x,perfectly,handy,easy,pleased,thank,ze,amazing,kids,mas
great,loves,excellent,awesome,highly,wonderful,potatoes,ever,loved,perfect,cake,love,happy,glad,best,x,perfectly,handy,easy,pleased,thank,ze,amazing,kids,mas
great,loves,excellent,awesome,highly,wonderful,potatoes,ever,loved,perfect,cake,love,happy,glad,best,x,perfectly,handy,easy,pleased,thank,ze,amazing,kids,mas
great,loves,excellent,awesome,highly,wonderful,potatoes,ever,loved,perfect,cake,love,happy,glad,best,x,perfectly,handy,easy,pleased,thank,ze,amazing,kids,mas
great,loves,excellent,awesome,highly,wonderful,potatoes,ever,loved,perfect,cake,love,happy,glad,best,x,perfectly,handy,easy,pleased,thank,ze,amazing,kids,mas
great,loves,excellent,awesome,highly,wonderful,potatoes,ever,loved,perfect,cake,love,happy,glad,best,x,perfectly,handy,easy,pleased,thank,ze,amazing,kids,mas
great,loves,excellent,awesome,highly,wonderful,potatoes,ever,loved,perfect,cake,love,happy,glad,best,x,perfectly,handy,easy,pleased,thank,ze,amazing,kids,mas
great,loves,excellent,awesome,highly,wonderful,potatoes,ever,loved,perfect,cake,love,happy,glad,best,x,perfectly,handy,easy,pleased,thank,ze,amazing,kids,mas
great,loves,excellent,awesome,highly,wonderful,potatoes,ever,loved,perfect,cake,love,happy,glad,best,x,perfectly,handy,easy,pleased,thank,ze,amazing,kids,mas
great,loves,excellent,awesome,highly,wonderful,potatoes,ever,loved,perfect,cake,love,happy,glad,best,x,perfectly,handy,easy,pleased,thank,ze,amazing,kids,mas
great,loves,excellent,awesome,highly,wonderful,potatoes,ever,loved,perfect,cake,love,happy,glad,best,x,perfectly,handy,easy,pleased,thank,ze,amazing,kids,mas
great,loves,excellent,awesome,highly,wonderful,potatoes,ever,loved,perfect,cake,love,happy,glad,best,x,perfectly,handy,easy,pleased,thank,ze,amazing,kids,mas
great,loves,excellent,awesome,highly,wonderful,potatoes,ever,loved,perfect,cake,love,happy,glad,best,x,perfectly,handy,easy,pleased,thank,ze,amazing,kids,mas
great,loves,excellent,awesome,highly,wonderful,potatoes,ever,loved,perfect,cake,love,happy,glad,best,x,perfectly,handy,easy,pleased,thank,ze,amazing,kids,mas
great,loves,excellent,awesome,highly,wonderful,potatoes,ever,loved,perfect,cake,love,happy,glad,best,x,perfectly,handy,easy,pleased,thank,ze,amazing,kids,mas
great,loves,excellent,awesome,highly,wonderful,potatoes,ever,loved,perfect,cake,love,happy,glad,best,x,perfectly,handy,easy,pleased,thank,ze,amazing,kids,mas
great,loves,excellent,awesome,highly,wonderful,potatoes,ever,loved,perfect,cake,love,happy,glad,best,x,perfectly,handy,easy,pleased,thank,ze,amazing,kids,mas
great,loves,excellent,awesome,highly,wonderful,potatoes,ever,loved,perfect,cake,love,happy,glad,best,x,perfectly,handy,easy,pleased,thank,ze,amazing,kids,mas
great,loves,excellent,awesome,highly,wonderful,potatoes,ever,loved,perfect,cake,love,happy,glad,best,x,perfectly,handy,easy,pleased,thank,ze,amazing,kids,mas
great,loves,excellent,awesome,highly,wonderful,potatoes,ever,loved,perfect,cake,love,happy,glad,best,x,perfectly,handy,easy,pleased,thank,ze,amazing,kids,mas
great,loves,excellent,awesome,highly,wonderful,potatoes,ever,loved,perfect,cake,love,happy,glad,best,x,perfectly,handy,easy,pleased,thank,ze,amazing,kids,mas
great,loves,excellent,awesome,highly,wonderful,potatoes,ever,loved,perfect,cake,love,happy,glad,best,x,perfectly,handy,easy,pleased,thank,ze,amazing,kids,mas
great,loves,excellent,awesome,highly,wonderful,potatoes,ever,loved,perfect,cake,love,happy,glad,best,x,perfectly,handy,easy,pleased,thank,ze,amazing,kids,mas
great,loves,excellent,awesome,highly,wonderful,potatoes,ever,loved,perfect,cake,love,happy,glad,best,x,perfectly,handy,easy,pleased,thank,ze,amazing,kids,mas
great,loves,excellent,awesome,highly,wonderful,potatoes,ever,loved,perfect,cake,love,happy,glad,best,x,perfectly,handy,easy,pleased,thank,ze,amazing,kids,mas
great,loves,excellent,awesome,highly,wonderful,potatoes,ever,loved,perfect,cake,love,happy,glad,best,x,perfectly,handy,easy,pleased,thank,ze,amazing,kids,mas
great,loves,excellent,awesome,highly,wonderful,potatoes,ever,loved,perfect,cake,love,happy,glad,best,x,perfectly,handy,easy,pleased,thank,ze,amazing,kids,mas
great,loves,excellent,awesome,highly,wonderful,potatoes,ever,loved,perfect,cake,love,happy,glad,best,x,perfectly,handy,easy,pleased,thank,ze,amazing,kids,mas
great,loves,excellent,awesome,highly,wonderful,potatoes,ever,loved,perfect,cake,love,happy,glad,best,x,perfectly,handy,easy,pleased,thank,ze,amazing,kids,mas
great,loves,excellent,awesome,highly,wonderful,potatoes,ever,loved,perfect,cake,love,happy,glad,best,x,perfectly,handy,easy,pleased,thank,ze,amazing,kids,mas
great,loves,excellent,awesome,highly,wonderful,potatoes,ever,loved,perfect,cake,love,happy,glad,best,x,perfectly,handy,easy,pleased,thank,ze,amazing,kids,mas
great,loves,excellent,awesome,highly,wonderful,potatoes,ever,loved,perfect,cake,love,happy,glad,best,x,perfectly,handy,easy,pleased,thank,ze,amazing,kids,mas
great,loves,excellent,awesome,highly,wonderful,potatoes,ever,loved,perfect,cake,love,happy,glad,best,x,perfectly,handy,easy,pleased,thank,ze,amazing,kids,mas
great,loves,excellent,awesome,highly,wonderful,potatoes,ever,loved,perfect,cake,love,happy,glad,best,x,perfectly,handy,easy,pleased,thank,ze,amazing,kids,mas
great,loves,excellent,awesome,highly,wonderful,potatoes,ever,loved,perfect,cake,love,happy,glad,best,x,perfectly,handy,easy,pleased,thank,ze,amazing,kids,mas
great,loves,excellent,awesome,highly,wonderful,potatoes,ever,loved,perfect,cake,love,happy,glad,best,x,perfectly,handy,easy,pleased,thank,ze,amazing,kids,mas
great,loves,excellent,awesome,highly,wonderful,potatoes,ever,loved,perfect,cake,love,happy,glad,best,x,perfectly,handy,easy,pleased,thank,ze,amazing,kids,mas
great,loves,excellent,awesome,highly,wonderful,potatoes,ever,loved,perfect,cake,love,happy,glad,best,x,perfectly,handy,easy,pleased,thank,ze,amazing,kids,mas
great,loves,excellent,awesome,highly,wonderful,potatoes,ever,loved,perfect,cake,love,happy,glad,best,x,perfectly,handy,easy,pleased,thank,ze,amazing,kids,mas
great,loves,excellent,awesome,highly,wonderful,potatoes,ever,loved,perfect,cake,love,happy,glad,best,x,perfectly,handy,easy,pleased,thank,ze,amazing,kids,mas
great,loves,excellent,awesome,highly,wonderful,potatoes,ever,loved,perfect,cake,love,happy,glad,best,x,perfectly,handy,easy,pleased,thank,ze,amazing,kids,mas
great,loves,excellent,awesome,highly,wonderful,potatoes,ever,loved,perfect,cake,love,happy,glad,best,x,perfectly,handy,easy,pleased,thank,ze,amazing,kids,mas
great,loves,excellent,awesome,highly,wonderful,potatoes,ever,loved,perfect,cake,love,happy,glad,best,x,perfectly,handy,easy,pleased,thank,ze,amazing,kids,mas
great,loves,excellent,awesome,highly,wonderful,potatoes,ever,loved,perfect,cake,love,happy,glad,best,x,perfectly,handy,easy,pleased,thank,ze,amazing,kids,mas
great,loves,excellent,awesome,highly,wonderful,potatoes,ever,loved,perfect,cake,love,happy,glad,best,x,perfectly,handy,easy,pleased,thank,ze,amazing,kids,mas
great,loves,excellent,awesome,highly,wonderful,potatoes,ever,loved,perfect,cake,love,happy,glad,best,x,perfectly,handy,easy,pleased,thank,ze,amazing,kids,mas
great,loves,excellent,awesome,highly,wonderful,potatoes,ever,loved,perfect,cake,love,happy,glad,best,x,perfectly,handy,easy,pleased,thank,ze,amazing,kids,mas
great,loves,excellent,awesome,highly,wonderful,potatoes,ever,loved,perfect,cake,love,happy,glad,best,x,perfectly,handy,easy,pleased,thank,ze,amazing,kids,mas
great,loves,excellent,awesome,highly,wonderful,potatoes,ever,loved,perfect,cake,love,happy,glad,best,x,perfectly,handy,easy,pleased,thank,ze,amazing,kids,mas
great,loves,excellent,awesome,highly,wonderful,potatoes,ever,loved,perfect,cake,love,happy,glad,best,x,perfectly,handy,easy,pleased,thank,ze,amazing,kids,mas
great,loves,excellent,awesome,highly,wonderful,potatoes,ever,loved,perfect,cake,love,happy,glad,best,x,perfectly,handy,easy,pleased,thank,ze,amazing,kids,mas
great,loves,excellent,awesome,highly,wonderful,potatoes,ever,loved,perfect,cake,love,happy,glad,best,x,perfectly,handy,easy,pleased,thank,ze,amazing,kids,mas
great,loves,excellent,awesome,highly,wonderful,potatoes,ever,loved,perfect,cake,love,happy,glad,best,x,perfectly,handy,easy,pleased,thank,ze,amazing,kids,mas
great,loves,excellent,awesome,highly,wonderful,potatoes,ever,loved,perfect,cake,love,happy,glad,best,x,perfectly,handy,easy,pleased,thank,ze,amazing,kids,mas
great,loves,excellent,awesome,highly,wonderful,potatoes,ever,loved,perfect,cake,love,happy,glad,best,x,perfectly,handy,easy,pleased,thank,ze,amazing,kids,mas
great,loves,excellent,awesome,highly,wonderful,potatoes,ever,loved,perfect,cake,love,happy,glad,best,x,perfectly,handy,easy,pleased,thank,ze,amazing,kids,mas
great,loves,excellent,awesome,highly,wonderful,potatoes,ever,loved,perfect,cake,love,happy,glad,best,x,perfectly,handy,easy,pleased,thank,ze,amazing,kids,mas
great,loves,excellent,awesome,highly,wonderful,potatoes,ever,loved,perfect,cake,love,happy,glad,best,x,perfectly,handy,easy,pleased,thank,ze,amazing,kids,mas
great,loves,excellent,awesome,highly,wonderful,potatoes,ever,loved,perfect,cake,love,happy,glad,best,x,perfectly,handy,easy,pleased,thank,ze,amazing,kids,mas
great,loves,excellent,awesome,highly,wonderful,potatoes,ever,loved,perfect,cake,love,happy,glad,best,x,perfectly,handy,easy,pleased,thank,ze,amazing,kids,mas
great,loves,excellent,awesome,highly,wonderful,potatoes,ever,loved,perfect,cake,love,happy,glad,best,x,perfectly,handy,easy,pleased,thank,ze,amazing,kids,mas
great,loves,excellent,awesome,highly,wonderful,potatoes,ever,loved,perfect,cake,love,happy,glad,best,x,perfectly,handy,easy,pleased,thank,ze,amazing,kids,mas
great,loves,excellent,awesome,highly,wonderful,potatoes,ever,loved,perfect,cake,love,happy,glad,best,x,perfectly,handy,easy,pleased,thank,ze,amazing,kids,mas
great,loves,excellent,awesome,highly,wonderful,potatoes,ever,loved,perfect,cake,love,happy,glad,best,x,perfectly,handy,easy,pleased,thank,ze,amazing,kids,mas
great,loves,excellent,awesome,highly,wonderful,potatoes,ever,loved,perfect,cake,love,happy,glad,best,x,perfectly,handy,easy,pleased,thank,ze,amazing,kids,mas
great,loves,excellent,awesome,highly,wonderful,potatoes,ever,loved,perfect,cake,love,happy,glad,best,x,perfectly,handy,easy,pleased,thank,ze,amazing,kids,mas
great,loves,excellent,awesome,highly,wonderful,potatoes,ever,loved,perfect,cake,love,happy,glad,best,x,perfectly,handy,easy,pleased,thank,ze,amazing,kids,mas
great,loves,excellent,awesome,highly,wonderful,potatoes,ever,loved,perfect,cake,love,happy,glad,best,x,perfectly,handy,easy,pleased,thank,ze,amazing,kids,mas
great,loves,excellent,awesome,highly,wonderful,potatoes,ever,loved,perfect,cake,love,happy,glad,best,x,perfectly,handy,easy,pleased,thank,ze,amazing,kids,mas
great,loves,excellent,awesome,highly,wonderful,potatoes,ever,loved,perfect,cake,love,happy,glad,best,x,perfectly,handy,easy,pleased,thank,ze,amazing,kids,mas
great,loves,excellent,awesome,highly,wonderful,potatoes,ever,loved,perfect,cake,love,happy,glad,best,x,perfectly,handy,easy,pleased,thank,ze,amazing,kids,mas
great,loves,excellent,awesome,highly,wonderful,potatoes,ever,loved,perfect,cake,love,happy,glad,best,x,perfectly,handy,easy,pleased,thank,ze,amazing,kids,mas
great,loves,excellent,awesome,highly,wonderful,potatoes,ever,loved,perfect,cake,love,happy,glad,best,x,perfectly,handy,easy,pleased,thank,ze,amazing,kids,mas
great,loves,excellent,awesome,highly,wonderful,potatoes,ever,loved,perfect,cake,love,happy,glad,best,x,perfectly,handy,easy,pleased,thank,ze,amazing,kids,mas
great,loves,excellent,awesome,highly,wonderful,potatoes,ever,loved,perfect,cake,love,happy,glad,best,x,perfectly,handy,easy,pleased,thank,ze,amazing,kids,mas
great,loves,excellent,awesome,highly,wonderful,potatoes,ever,loved,perfect,cake,love,happy,glad,best,x,perfectly,handy,easy,pleased,thank,ze,amazing,kids,mas
great,loves,excellent,awesome,highly,wonderful,potatoes,ever,loved,perfect,cake,love,happy,glad,best,x,perfectly,handy,easy,pleased,thank,ze,amazing,kids,mas
great,loves,excellent,awesome,highly,wonderful,potatoes,ever,loved,perfect,cake,love,happy,glad,best,x,perfectly,handy,easy,pleased,thank,ze,amazing,kids,mas
great,loves,excellent,awesome,highly,wonderful,potatoes,ever,loved,perfect,cake,love,happy,glad,best,x,perfectly,handy,easy,pleased,thank,ze,amazing,kids,mas
great,loves,excellent,awesome,highly,wonderful,potatoes,ever,loved,perfect,cake,love,happy,glad,best,x,perfectly,handy,easy,pleased,thank,ze,amazing,kids,mas
great,loves,excellent,awesome,highly,wonderful,potatoes,ever,loved,perfect,cake,love,happy,glad,best,x,perfectly,handy,easy,pleased,thank,ze,amazing,kids,mas
great,loves,excellent,awesome,highly,wonderful,potatoes,ever,loved,perfect,cake,love,happy,glad,best,x,perfectly,handy,easy,pleased,thank,ze,amazing,kids,mas
great,loves,excellent,awesome,highly,wonderful,potatoes,ever,loved,perfect,cake,love,happy,glad,best,x,perfectly,handy,easy,pleased,thank,ze,amazing,kids,mas
great,loves,excellent,awesome,highly,wonderful,potatoes,ever,loved,perfect,cake,love,happy,glad,best,x,perfectly,handy,easy,pleased,thank,ze,amazing,kids,mas
great,loves,excellent,awesome,highly,wonderful,potatoes,ever,loved,perfect,cake,love,happy,glad,best,x,perfectly,handy,easy,pleased,thank,ze,amazing,kids,mas
great,loves,excellent,awesome,highly,wonderful,potatoes,ever,loved,perfect,cake,love,happy,glad,best,x,perfectly,handy,easy,pleased,thank,ze,amazing,kids,mas
great,loves,excellent,awesome,highly,wonderful,potatoes,ever,loved,perfect,cake,love,happy,glad,best,x,perfectly,handy,easy,pleased,thank,ze,amazing,kids,mas
great,loves,excellent,awesome,highly,wonderful,potatoes,ever,loved,perfect,cake,love,happy,glad,best,x,perfectly,handy,easy,pleased,thank,ze,amazing,kids,mas
great,loves,excellent,awesome,highly,wonderful,potatoes,ever,loved,perfect,cake,love,happy,glad,best,x,perfectly,handy,easy,pleased,thank,ze,amazing,kids,mas
great,loves,excellent,awesome,highly,wonderful,potatoes,ever,loved,perfect,cake,love,happy,glad,best,x,perfectly,handy,easy,pleased,thank,ze,amazing,kids,mas
great,loves,excellent,awesome,highly,wonderful,potatoes,ever,loved,perfect,cake,love,happy,glad,best,x,perfectly,handy,easy,pleased,thank,ze,amazing,kids,mas
great,loves,excellent,awesome,highly,wonderful,potatoes,ever,loved,perfect,cake,love,happy,glad,best,x,perfectly,handy,easy,pleased,thank,ze,amazing,kids,mas
great,loves,excellent,awesome,highly,wonderful,potatoes,ever,loved,perfect,cake,love,happy,glad,best,x,perfectly,handy,easy,pleased,thank,ze,amazing,kids,mas
great,loves,excellent,awesome,highly,wonderful,potatoes,ever,loved,perfect,cake,love,happy,glad,best,x,perfectly,handy,easy,pleased,thank,ze,amazing,kids,mas
great,loves,excellent,awesome,highly,wonderful,potatoes,ever,loved,perfect,cake,love,happy,glad,best,x,perfectly,handy,easy,pleased,thank,ze,amazing,kids,mas
great,loves,excellent,awesome,highly,wonderful,potatoes,ever,loved,perfect,cake,love,happy,glad,best,x,perfectly,handy,easy,pleased,thank,ze,amazing,kids,mas
great,loves,excellent,awesome,highly,wonderful,potatoes,ever,loved,perfect,cake,love,happy,glad,best,x,perfectly,handy,easy,pleased,thank,ze,amazing,kids,mas
great,loves,excellent,awesome,highly,wonderful,potatoes,ever,loved,perfect,cake,love,happy,glad,best,x,perfectly,handy,easy,pleased,thank,ze,amazing,kids,mas
great,loves,excellent,awesome,highly,wonderful,potatoes,ever,loved,perfect,cake,love,happy,glad,best,x,perfectly,handy,easy,pleased,thank,ze,amazing,kids,mas
great,loves,excellent,awesome,highly,wonderful,potatoes,ever,loved,perfect,cake,love,happy,glad,best,x,perfectly,handy,easy,pleased,thank,ze,amazing,kids,mas
great,loves,excellent,awesome,highly,wonderful,potatoes,ever,loved,perfect,cake,love,happy,glad,best,x,perfectly,handy,easy,pleased,thank,ze,amazing,kids,mas
great,loves,excellent,awesome,highly,wonderful,potatoes,ever,loved,perfect,cake,love,happy,glad,best,x,perfectly,handy,easy,pleased,thank,ze,amazing,kids,mas
great,loves,excellent,awesome,highly,wonderful,potatoes,ever,loved,perfect,cake,love,happy,glad,best,x,perfectly,handy,easy,pleased,thank,ze,amazing,kids,mas
great,loves,excellent,awesome,highly,wonderful,potatoes,ever,loved,perfect,cake,love,happy,glad,best,x,perfectly,handy,easy,pleased,thank,ze,amazing,kids,mas
great,loves,excellent,awesome,highly,wonderful,potatoes,ever,loved,perfect,cake,love,happy,glad,best,x,perfectly,handy,easy,pleased,thank,ze,amazing,kids,mas
great,loves,excellent,awesome,highly,wonderful,potatoes,ever,loved,perfect,cake,love,happy,glad,best,x,perfectly,handy,easy,pleased,thank,ze,amazing,kids,mas
great,loves,excellent,awesome,highly,wonderful,potatoes,ever,loved,perfect,cake,love,happy,glad,best,x,perfectly,handy,easy,pleased,thank,ze,amazing,kids,mas
great,loves,excellent,awesome,highly,wonderful,potatoes,ever,loved,perfect,cake,love,happy,glad,best,x,perfectly,handy,easy,pleased,thank,ze,amazing,kids,mas
great,loves,excellent,awesome,highly,wonderful,potatoes,ever,loved,perfect,cake,love,happy,glad,best,x,perfectly,handy,easy,pleased,thank,ze,amazing,kids,mas
great,loves,excellent,awesome,highly,wonderful,potatoes,ever,loved,perfect,cake,love,happy,glad,best,x,perfectly,handy,easy,pleased,thank,ze,amazing,kids,mas
great,loves,excellent,awesome,highly,wonderful,potatoes,ever,loved,perfect,cake,love,happy,glad,best,x,perfectly,handy,easy,pleased,thank,ze,amazing,kids,mas
great,loves,excellent,awesome,highly,wonderful,potatoes,ever,loved,perfect,cake,love,happy,glad,best,x,perfectly,handy,easy,pleased,thank,ze,amazing,kids,mas
great,loves,excellent,awesome,highly,wonderful,potatoes,ever,loved,perfect,cake,love,happy,glad,best,x,perfectly,handy,easy,pleased,thank,ze,amazing,kids,mas
great,loves,excellent,awesome,highly,wonderful,potatoes,ever,loved,perfect,cake,love,happy,glad,best,x,perfectly,handy,easy,pleased,thank,ze,amazing,kids,mas
great,loves,excellent,awesome,highly,wonderful,potatoes,ever,loved,perfect,cake,love,happy,glad,best,x,perfectly,handy,easy,pleased,thank,ze,amazing,kids,mas
great,loves,excellent,awesome,highly,wonderful,potatoes,ever,loved,perfect,cake,love,happy,glad,best,x,perfectly,handy,easy,pleased,thank,ze,amazing,kids,mas
great,loves,excellent,awesome,highly,wonderful,potatoes,ever,loved,perfect,cake,love,happy,glad,best,x,perfectly,handy,easy,pleased,thank,ze,amazing,kids,mas
great,loves,excellent,awesome,highly,wonderful,potatoes,ever,loved,perfect,cake,love,happy,glad,best,x,perfectly,handy,easy,pleased,thank,ze,amazing,kids,mas
great,loves,excellent,awesome,highly,wonderful,potatoes,ever,loved,perfect,cake,love,happy,glad,best,x,perfectly,handy,easy,pleased,thank,ze,amazing,kids,mas
great,loves,excellent,awesome,highly,wonderful,potatoes,ever,loved,perfect,cake,love,happy,glad,best,x,perfectly,handy,easy,pleased,thank,ze,amazing,kids,mas
great,loves,excellent,awesome,highly,wonderful,potatoes,ever,loved,perfect,cake,love,happy,glad,best,x,perfectly,handy,easy,pleased,thank,ze,amazing,kids,mas
great,loves,excellent,awesome,highly,wonderful,potatoes,ever,loved,perfect,cake,love,happy,glad,best,x,perfectly,handy,easy,pleased,thank,ze,amazing,kids,mas
great,loves,excellent,awesome,highly,wonderful,potatoes,ever,loved,perfect,cake,love,happy,glad,best,x,perfectly,handy,easy,pleased,thank,ze,amazing,kids,mas
great,loves,excellent,awesome,highly,wonderful,potatoes,ever,loved,perfect,cake,love,happy,glad,best,x,perfectly,handy,easy,pleased,thank,ze,amazing,kids,mas
great,loves,excellent,awesome,highly,wonderful,potatoes,ever,loved,perfect,cake,love,happy,glad,best,x,perfectly,handy,easy,pleased,thank,ze,amazing,kids,mas
great,loves,excellent,awesome,highly,wonderful,potatoes,ever,loved,perfect,cake,love,happy,glad,best,x,perfectly,handy,easy,pleased,thank,ze,amazing,kids,mas
great,loves,excellent,awesome,highly,wonderful,potatoes,ever,loved,perfect,cake,love,happy,glad,best,x,perfectly,handy,easy,pleased,thank,ze,amazing,kids,mas
great,loves,excellent,awesome,highly,wonderful,potatoes,ever,loved,perfect,cake,love,happy,glad,best,x,perfectly,salad,easy,pleased,thank,ze,amazing,kids,mas
great,loves,excellent,awesome,highly,wonderful,potatoes,ever,loved,perfect,cake,love,happy,glad,best,x,perfectly,salad,easy,pleased,thank,ze,amazing,kids,mas
great,loves,excellent,awesome,highly,wonderful,potatoes,ever,loved,perfect,cake,love,happy,glad,best,x,perfectly,salad,easy,pleased,thank,ze,amazing,kids,mas
great,loves,excellent,awesome,highly,wonderful,potatoes,ever,loved,perfect,cake,love,happy,glad,best,x,perfectly,salad,easy,pleased,thank,ze,amazing,kids,mas
great,loves,excellent,awesome,highly,wonderful,potatoes,ever,loved,perfect,cake,love,happy,glad,best,x,perfectly,salad,easy,pleased,thank,ze,amazing,kids,mas
great,loves,excellent,awesome,highly,wonderful,potatoes,ever,loved,perfect,cake,love,happy,glad,best,x,perfectly,salad,easy,pleased,thank,ze,amazing,kids,mas
great,loves,excellent,awesome,highly,wonderful,potatoes,ever,loved,perfect,cake,love,happy,glad,best,x,perfectly,salad,easy,pleased,thank,ze,amazing,kids,mas
great,loves,excellent,awesome,highly,wonderful,potatoes,ever,loved,perfect,cake,love,happy,glad,best,x,perfectly,salad,easy,pleased,thank,ze,amazing,kids,mas
great,loves,excellent,awesome,highly,wonderful,potatoes,ever,loved,perfect,cake,love,happy,glad,best,x,perfectly,salad,easy,pleased,thank,ze,amazing,kids,mas
great,loves,excellent,awesome,highly,wonderful,potatoes,ever,loved,perfect,cake,love,happy,glad,best,x,perfectly,salad,easy,pleased,thank,ze,amazing,kids,mas
great,loves,excellent,awesome,highly,wonderful,potatoes,ever,loved,perfect,cake,love,happy,glad,best,x,perfectly,salad,easy,pleased,thank,ze,amazing,kids,mas
great,loves,excellent,awesome,highly,wonderful,potatoes,ever,loved,perfect,cake,love,happy,glad,best,x,perfectly,salad,easy,pleased,thank,ze,amazing,kids,mas
great,loves,excellent,awesome,highly,wonderful,potatoes,ever,loved,perfect,cake,love,happy,glad,best,x,perfectly,salad,easy,pleased,thank,ze,amazing,kids,mas
great,loves,excellent,awesome,highly,wonderful,potatoes,ever,loved,perfect,cake,love,happy,glad,best,x,perfectly,salad,easy,pleased,thank,ze,amazing,kids,mas
great,loves,excellent,awesome,highly,wonderful,potatoes,ever,loved,perfect,cake,love,happy,glad,best,x,perfectly,salad,easy,pleased,thank,ze,amazing,kids,mas
great,loves,excellent,awesome,highly,wonderful,potatoes,ever,loved,perfect,cake,love,happy,glad,best,x,perfectly,salad,easy,pleased,thank,ze,amazing,kids,mas
great,loves,excellent,awesome,highly,wonderful,potatoes,ever,loved,perfect,cake,love,happy,glad,best,x,perfectly,salad,easy,pleased,thank,ze,amazing,kids,mas
great,loves,excellent,awesome,highly,wonderful,potatoes,ever,loved,perfect,cake,love,happy,glad,best,x,perfectly,salad,easy,pleased,thank,ze,amazing,kids,mas
great,loves,excellent,awesome,highly,wonderful,potatoes,ever,loved,perfect,cake,love,happy,glad,best,x,perfectly,salad,easy,pleased,thank,ze,amazing,kids,mas
great,loves,excellent,awesome,highly,wonderful,potatoes,ever,loved,perfect,cake,love,happy,glad,best,x,perfectly,salad,easy,pleased,thank,ze,amazing,kids,mas
great,loves,excellent,awesome,highly,wonderful,potatoes,ever,loved,perfect,cake,love,happy,glad,best,x,perfectly,salad,easy,pleased,thank,ze,amazing,kids,mas
great,loves,excellent,awesome,highly,wonderful,potatoes,ever,loved,perfect,cake,love,happy,glad,best,x,perfectly,salad,easy,pleased,thank,ze,amazing,kids,mas
great,loves,excellent,awesome,highly,wonderful,potatoes,ever,loved,perfect,cake,love,happy,glad,best,x,perfectly,salad,easy,pleased,thank,ze,amazing,kids,mas
great,loves,excellent,awesome,highly,wonderful,potatoes,ever,loved,perfect,cake,love,happy,glad,best,x,perfectly,salad,easy,pleased,thank,ze,amazing,kids,mas
great,loves,excellent,awesome,highly,wonderful,potatoes,ever,loved,perfect,cake,love,happy,glad,best,x,perfectly,salad,easy,pleased,thank,ze,amazing,kids,mas
great,loves,excellent,awesome,highly,wonderful,potatoes,ever,loved,perfect,cake,love,happy,glad,best,x,perfectly,salad,easy,pleased,thank,ze,amazing,kids,mas
great,loves,excellent,awesome,highly,wonderful,potatoes,ever,loved,perfect,cake,love,happy,glad,best,x,perfectly,salad,easy,pleased,thank,ze,amazing,kids,mas
great,loves,excellent,awesome,highly,wonderful,potatoes,ever,loved,perfect,cake,love,happy,glad,best,x,perfectly,salad,easy,pleased,thank,ze,amazing,kids,mas
great,loves,excellent,awesome,highly,wonderful,potatoes,ever,loved,perfect,cake,love,happy,glad,best,x,perfectly,salad,easy,pleased,thank,ze,amazing,kids,mas
great,loves,excellent,awesome,highly,wonderful,potatoes,ever,loved,perfect,cake,love,happy,glad,best,x,perfectly,salad,easy,pleased,thank,ze,amazing,kids,mas
great,loves,excellent,awesome,highly,wonderful,potatoes,ever,loved,perfect,cake,love,happy,glad,best,x,perfectly,salad,easy,pleased,thank,ze,amazing,kids,mas
great,loves,excellent,awesome,highly,wonderful,potatoes,ever,loved,perfect,cake,love,happy,glad,best,x,perfectly,salad,easy,pleased,thank,ze,amazing,kids,mas
great,loves,excellent,awesome,highly,wonderful,potatoes,ever,loved,perfect,cake,love,happy,glad,best,x,perfectly,salad,easy,pleased,thank,ze,amazing,kids,mas
great,loves,excellent,awesome,highly,wonderful,potatoes,ever,loved,perfect,cake,love,happy,glad,best,x,perfectly,salad,easy,pleased,thank,ze,amazing,kids,mas
great,loves,excellent,awesome,highly,wonderful,potatoes,ever,loved,perfect,cake,love,happy,glad,best,x,perfectly,salad,easy,pleased,thank,ze,amazing,kids,mas
great,loves,excellent,awesome,highly,wonderful,potatoes,ever,loved,perfect,cake,love,happy,glad,best,x,perfectly,salad,easy,pleased,thank,ze,amazing,kids,mas
great,loves,excellent,awesome,highly,wonderful,potatoes,ever,loved,perfect,cake,love,happy,glad,best,x,perfectly,salad,easy,pleased,thank,ze,amazing,kids,mas
great,loves,excellent,awesome,highly,wonderful,potatoes,ever,loved,perfect,cake,love,happy,glad,best,x,perfectly,salad,easy,pleased,thank,ze,amazing,kids,mas
great,loves,excellent,awesome,highly,wonderful,potatoes,ever,loved,perfect,cake,love,happy,glad,best,x,perfectly,salad,easy,pleased,thank,ze,amazing,kids,mas
great,loves,excellent,awesome,highly,wonderful,potatoes,ever,loved,perfect,cake,love,happy,glad,best,x,perfectly,salad,easy,pleased,thank,ze,amazing,kids,mas
great,loves,excellent,awesome,highly,wonderful,potatoes,ever,loved,perfect,cake,love,happy,glad,best,x,perfectly,salad,easy,pleased,thank,ze,amazing,kids,mas
great,loves,excellent,awesome,highly,wonderful,potatoes,ever,loved,perfect,cake,love,happy,glad,best,x,perfectly,salad,easy,pleased,thank,ze,amazing,kids,mas
great,loves,excellent,awesome,highly,wonderful,potatoes,ever,loved,perfect,cake,love,happy,glad,best,x,perfectly,salad,easy,pleased,thank,ze,amazing,kids,mas
great,loves,excellent,awesome,highly,wonderful,potatoes,ever,loved,perfect,cake,love,happy,glad,best,x,perfectly,salad,easy,pleased,thank,ze,amazing,kids,mas
great,loves,excellent,awesome,highly,wonderful,potatoes,ever,loved,perfect,cake,love,happy,glad,best,x,perfectly,salad,easy,pleased,thank,ze,amazing,kids,mas
great,loves,excellent,awesome,highly,wonderful,potatoes,ever,loved,perfect,cake,love,happy,glad,best,x,perfectly,salad,easy,pleased,thank,ze,amazing,kids,mas
great,loves,excellent,awesome,highly,wonderful,potatoes,ever,loved,perfect,cake,love,happy,glad,best,x,perfectly,salad,easy,pleased,thank,ze,amazing,kids,mas
great,loves,excellent,awesome,highly,wonderful,potatoes,ever,loved,perfect,cake,love,happy,glad,best,x,perfectly,salad,easy,pleased,thank,ze,amazing,kids,mas
great,loves,excellent,awesome,highly,wonderful,potatoes,ever,loved,perfect,cake,love,happy,glad,best,x,perfectly,salad,easy,pleased,thank,ze,amazing,kids,mas
great,loves,excellent,awesome,highly,wonderful,potatoes,ever,loved,perfect,cake,love,happy,glad,best,x,perfectly,salad,easy,pleased,thank,ze,amazing,kids,mas
great,loves,excellent,awesome,highly,wonderful,potatoes,ever,loved,perfect,cake,love,happy,glad,best,x,perfectly,salad,easy,pleased,thank,ze,amazing,kids,mas
great,loves,excellent,awesome,highly,wonderful,potatoes,ever,loved,perfect,cake,love,happy,glad,best,x,perfectly,salad,easy,pleased,thank,ze,amazing,kids,mas
great,loves,excellent,awesome,highly,wonderful,potatoes,ever,loved,perfect,cake,love,happy,glad,best,x,perfectly,salad,easy,pleased,thank,ze,amazing,kids,mas
great,loves,excellent,awesome,highly,wonderful,potatoes,ever,loved,perfect,cake,love,happy,glad,best,x,perfectly,salad,easy,pleased,thank,ze,amazing,kids,mas
great,loves,excellent,awesome,highly,wonderful,potatoes,ever,loved,perfect,cake,love,happy,glad,best,x,perfectly,salad,easy,pleased,thank,ze,amazing,kids,mas
great,loves,excellent,awesome,highly,wonderful,potatoes,ever,loved,perfect,cake,love,happy,glad,best,x,perfectly,salad,easy,pleased,thank,ze,amazing,kids,mas
great,loves,excellent,awesome,highly,wonderful,potatoes,ever,loved,perfect,cake,love,happy,glad,best,x,perfectly,salad,easy,pleased,thank,ze,amazing,kids,mas
great,loves,excellent,awesome,highly,wonderful,potatoes,ever,loved,perfect,cake,love,happy,glad,best,x,perfectly,salad,easy,pleased,thank,ze,amazing,kids,mas
great,loves,excellent,awesome,highly,wonderful,potatoes,ever,loved,perfect,cake,love,happy,glad,best,x,perfectly,salad,easy,pleased,thank,ze,amazing,kids,mas
great,loves,excellent,awesome,highly,wonderful,potatoes,ever,loved,perfect,cake,love,happy,glad,best,x,perfectly,salad,easy,pleased,thank,ze,amazing,kids,mas
great,loves,excellent,awesome,highly,wonderful,potatoes,ever,loved,perfect,cake,love,happy,glad,best,x,perfectly,salad,easy,pleased,thank,ze,amazing,kids,mas
great,loves,excellent,awesome,highly,wonderful,potatoes,ever,loved,perfect,cake,love,happy,glad,best,x,perfectly,salad,easy,pleased,thank,ze,amazing,kids,mas
great,loves,excellent,awesome,highly,wonderful,potatoes,ever,loved,perfect,cake,love,happy,glad,best,x,perfectly,salad,easy,pleased,thank,ze,amazing,kids,mas
great,loves,excellent,awesome,highly,wonderful,potatoes,ever,loved,perfect,cake,love,happy,glad,best,x,perfectly,salad,easy,pleased,thank,ze,amazing,kids,mas
great,loves,excellent,awesome,highly,wonderful,potatoes,ever,loved,perfect,cake,love,happy,glad,best,x,perfectly,salad,easy,pleased,thank,ze,amazing,kids,mas
great,loves,excellent,awesome,highly,wonderful,potatoes,ever,loved,perfect,cake,love,happy,glad,best,x,perfectly,salad,easy,pleased,thank,ze,amazing,kids,mas
great,loves,excellent,awesome,highly,wonderful,potatoes,ever,loved,perfect,cake,love,happy,glad,best,x,perfectly,salad,easy,pleased,thank,ze,amazing,kids,mas
great,loves,excellent,awesome,highly,wonderful,potatoes,ever,loved,perfect,cake,love,happy,glad,best,x,perfectly,salad,easy,pleased,thank,ze,amazing,kids,mas
great,loves,excellent,awesome,highly,wonderful,potatoes,ever,loved,perfect,cake,love,happy,glad,best,x,perfectly,salad,easy,pleased,thank,ze,amazing,kids,mas
great,loves,excellent,awesome,highly,wonderful,potatoes,ever,loved,perfect,cake,love,happy,glad,best,x,perfectly,salad,easy,pleased,thank,ze,amazing,kids,mas
great,loves,excellent,awesome,highly,wonderful,potatoes,ever,loved,perfect,cake,love,happy,glad,best,x,perfectly,salad,easy,pleased,thank,ze,amazing,kids,mas
great,loves,excellent,awesome,highly,wonderful,potatoes,ever,loved,perfect,cake,love,happy,glad,best,x,perfectly,salad,easy,pleased,thank,ze,amazing,kids,mas
great,loves,excellent,awesome,highly,wonderful,potatoes,ever,loved,perfect,cake,love,happy,glad,best,x,perfectly,salad,easy,pleased,thank,ze,amazing,kids,mas
great,loves,excellent,awesome,highly,wonderful,potatoes,ever,loved,perfect,cake,love,happy,glad,best,x,perfectly,salad,easy,pleased,thank,ze,amazing,kids,mas
great,loves,excellent,awesome,highly,wonderful,potatoes,ever,loved,perfect,cake,love,happy,glad,best,x,perfectly,salad,easy,pleased,thank,ze,amazing,kids,mas
great,loves,excellent,awesome,highly,wonderful,potatoes,ever,loved,perfect,cake,love,happy,glad,best,x,perfectly,salad,easy,pleased,thank,ze,amazing,kids,mas
great,loves,excellent,awesome,highly,wonderful,potatoes,ever,loved,perfect,cake,love,happy,glad,best,x,perfectly,salad,easy,pleased,thank,ze,amazing,kids,mas
great,loves,excellent,awesome,highly,wonderful,potatoes,ever,loved,perfect,cake,love,happy,glad,best,x,perfectly,salad,easy,pleased,thank,ze,amazing,kids,mas
great,loves,excellent,awesome,highly,wonderful,potatoes,ever,loved,perfect,cake,love,happy,glad,best,x,perfectly,salad,easy,pleased,thank,ze,amazing,kids,mas
great,loves,excellent,awesome,highly,wonderful,potatoes,ever,loved,perfect,cake,love,happy,glad,best,x,perfectly,salad,easy,pleased,thank,ze,amazing,kids,mas
great,loves,excellent,awesome,highly,wonderful,potatoes,ever,loved,perfect,cake,love,happy,glad,best,x,perfectly,salad,easy,pleased,thank,ze,amazing,kids,mas
great,loves,excellent,awesome,highly,wonderful,potatoes,ever,loved,perfect,cake,love,happy,glad,best,x,perfectly,salad,easy,pleased,thank,ze,amazing,kids,mas
great,loves,excellent,awesome,highly,wonderful,potatoes,ever,loved,perfect,cake,love,happy,glad,best,x,perfectly,salad,easy,pleased,thank,ze,amazing,kids,mas
great,loves,excellent,awesome,highly,wonderful,potatoes,ever,loved,perfect,cake,love,happy,glad,best,x,perfectly,salad,easy,pleased,thank,ze,amazing,kids,mas
great,loves,excellent,awesome,highly,wonderful,potatoes,ever,loved,perfect,cake,love,happy,glad,best,x,perfectly,salad,easy,pleased,thank,ze,amazing,kids,mas
great,loves,excellent,awesome,highly,wonderful,potatoes,ever,loved,perfect,cake,love,happy,glad,best,x,perfectly,salad,easy,pleased,thank,ze,amazing,kids,mas
great,loves,excellent,awesome,highly,wonderful,potatoes,ever,loved,perfect,cake,love,happy,glad,best,x,perfectly,salad,easy,pleased,thank,ze,amazing,kids,mas
great,loves,excellent,awesome,highly,wonderful,potatoes,ever,loved,perfect,cake,love,happy,glad,best,x,perfectly,salad,easy,pleased,thank,ze,amazing,kids,mas
great,loves,excellent,awesome,highly,wonderful,potatoes,ever,loved,perfect,cake,love,happy,glad,best,x,perfectly,salad,easy,pleased,thank,ze,amazing,kids,mas
great,loves,excellent,awesome,highly,wonderful,potatoes,ever,loved,perfect,cake,love,happy,glad,best,x,perfectly,salad,easy,pleased,thank,ze,amazing,kids,mas
great,loves,excellent,awesome,highly,wonderful,potatoes,ever,loved,perfect,cake,love,happy,glad,best,x,perfectly,salad,easy,pleased,thank,ze,amazing,kids,mas
great,loves,excellent,awesome,highly,wonderful,potatoes,ever,loved,perfect,cake,love,happy,glad,best,x,perfectly,salad,easy,pleased,thank,ze,amazing,kids,mas
great,loves,excellent,awesome,highly,wonderful,potatoes,ever,loved,perfect,cake,love,happy,glad,best,x,perfectly,salad,easy,pleased,thank,ze,amazing,kids,mas
great,loves,excellent,awesome,highly,wonderful,potatoes,ever,loved,perfect,cake,love,happy,glad,best,x,perfectly,salad,easy,pleased,thank,ze,amazing,kids,mas
great,loves,excellent,awesome,highly,wonderful,potatoes,ever,loved,perfect,cake,love,happy,glad,best,x,perfectly,salad,easy,pleased,thank,ze,amazing,kids,mas
great,loves,excellent,awesome,highly,wonderful,potatoes,ever,loved,perfect,cake,love,happy,glad,best,x,perfectly,salad,easy,pleased,thank,ze,amazing,kids,mas
great,loves,excellent,awesome,highly,wonderful,potatoes,ever,loved,perfect,cake,love,happy,glad,best,x,perfectly,salad,easy,pleased,thank,ze,amazing,kids,mas
great,loves,excellent,awesome,highly,wonderful,potatoes,ever,loved,perfect,cake,love,happy,glad,best,x,perfectly,salad,easy,pleased,thank,ze,amazing,kids,mas
great,loves,excellent,awesome,highly,wonderful,potatoes,ever,loved,perfect,cake,love,happy,glad,best,x,perfectly,salad,easy,pleased,thank,ze,amazing,kids,mas
great,loves,excellent,awesome,highly,wonderful,potatoes,ever,loved,perfect,cake,love,happy,glad,best,x,perfectly,salad,easy,pleased,thank,ze,amazing,kids,mas
great,loves,excellent,awesome,highly,wonderful,potatoes,ever,loved,perfect,cake,love,happy,glad,best,x,perfectly,salad,easy,pleased,thank,ze,amazing,kids,mas
great,loves,excellent,awesome,highly,wonderful,potatoes,ever,loved,perfect,cake,love,happy,glad,best,x,perfectly,salad,easy,pleased,thank,ze,amazing,kids,mas
great,loves,excellent,awesome,highly,wonderful,potatoes,ever,loved,perfect,cake,love,happy,glad,best,x,perfectly,salad,easy,pleased,thank,ze,amazing,kids,mas
great,loves,excellent,awesome,highly,wonderful,potatoes,ever,loved,perfect,cake,love,happy,glad,best,x,perfectly,salad,easy,pleased,thank,ze,amazing,kids,mas
great,loves,excellent,awesome,highly,wonderful,potatoes,ever,loved,perfect,cake,love,happy,glad,best,x,perfectly,salad,easy,pleased,thank,ze,amazing,kids,mas
great,loves,excellent,awesome,highly,wonderful,potatoes,ever,loved,perfect,cake,love,happy,glad,best,x,perfectly,salad,easy,pleased,thank,ze,amazing,kids,mas
great,loves,excellent,awesome,highly,wonderful,potatoes,ever,loved,perfect,cake,love,happy,glad,best,x,perfectly,salad,easy,pleased,thank,ze,amazing,kids,mas
great,loves,excellent,awesome,highly,wonderful,potatoes,ever,loved,perfect,cake,love,happy,glad,best,x,perfectly,salad,easy,pleased,thank,ze,amazing,kids,mas
great,loves,excellent,awesome,highly,wonderful,potatoes,ever,loved,perfect,cake,love,happy,glad,best,x,perfectly,salad,easy,pleased,thank,ze,amazing,kids,mas
great,loves,excellent,awesome,highly,wonderful,potatoes,ever,loved,perfect,cake,love,happy,glad,best,x,perfectly,salad,easy,pleased,thank,ze,amazing,kids,mas
great,loves,excellent,awesome,highly,wonderful,potatoes,ever,loved,perfect,cake,love,happy,glad,best,x,perfectly,salad,easy,pleased,thank,ze,amazing,kids,mas
great,loves,excellent,awesome,highly,wonderful,potatoes,ever,loved,perfect,cake,love,happy,glad,best,x,perfectly,salad,easy,pleased,thank,ze,amazing,kids,mas
great,loves,excellent,awesome,highly,wonderful,potatoes,ever,loved,perfect,cake,love,happy,glad,best,x,perfectly,salad,easy,pleased,thank,ze,amazing,kids,mas
great,loves,excellent,awesome,highly,wonderful,potatoes,ever,loved,perfect,cake,love,happy,glad,best,x,perfectly,salad,easy,pleased,thank,ze,amazing,kids,mas
great,loves,excellent,awesome,highly,wonderful,potatoes,ever,loved,perfect,cake,love,happy,glad,best,x,perfectly,salad,easy,pleased,thank,ze,amazing,kids,mas
great,loves,excellent,awesome,highly,wonderful,potatoes,ever,loved,perfect,cake,love,happy,glad,best,x,perfectly,salad,easy,pleased,thank,ze,amazing,kids,mas
great,loves,excellent,awesome,highly,wonderful,potatoes,ever,loved,perfect,cake,love,happy,glad,best,x,perfectly,salad,easy,pleased,thank,ze,amazing,kids,mas
great,loves,excellent,awesome,highly,wonderful,potatoes,ever,loved,perfect,cake,love,happy,glad,best,x,perfectly,salad,easy,pleased,thank,ze,amazing,kids,mas
great,loves,excellent,awesome,highly,wonderful,potatoes,ever,loved,perfect,cake,love,happy,glad,best,x,perfectly,salad,easy,pleased,thank,ze,amazing,kids,mas
great,loves,excellent,awesome,highly,wonderful,potatoes,ever,loved,perfect,cake,love,happy,glad,best,x,perfectly,salad,easy,pleased,thank,ze,amazing,kids,mas
great,loves,excellent,awesome,highly,wonderful,potatoes,ever,loved,perfect,cake,love,happy,glad,best,x,perfectly,salad,easy,pleased,thank,ze,amazing,kids,mas
great,loves,excellent,awesome,highly,wonderful,potatoes,ever,loved,perfect,cake,love,happy,glad,best,x,perfectly,salad,easy,pleased,thank,ze,amazing,kids,mas
great,loves,excellent,awesome,highly,wonderful,potatoes,ever,loved,perfect,cake,love,happy,glad,best,x,perfectly,salad,easy,pleased,thank,ze,amazing,kids,mas
great,loves,excellent,awesome,highly,wonderful,potatoes,ever,loved,perfect,cake,love,happy,glad,best,x,perfectly,salad,easy,pleased,thank,ze,amazing,kids,mas
great,loves,excellent,awesome,highly,wonderful,potatoes,ever,loved,perfect,cake,love,happy,glad,best,x,perfectly,salad,easy,pleased,thank,ze,amazing,kids,mas
great,loves,excellent,awesome,highly,wonderful,potatoes,ever,loved,perfect,cake,love,happy,glad,best,x,perfectly,salad,easy,pleased,thank,ze,amazing,kids,mas
great,loves,excellent,awesome,highly,wonderful,potatoes,ever,loved,perfect,cake,love,happy,glad,best,x,perfectly,salad,easy,pleased,thank,ze,amazing,kids,mas
great,loves,excellent,awesome,highly,wonderful,potatoes,ever,loved,perfect,cake,love,happy,glad,best,x,perfectly,salad,easy,pleased,thank,ze,amazing,kids,mas
great,loves,excellent,awesome,highly,wonderful,potatoes,ever,loved,perfect,cake,love,happy,glad,best,x,perfectly,salad,easy,pleased,thank,ze,amazing,kids,mas
great,loves,excellent,awesome,highly,wonderful,potatoes,ever,loved,perfect,cake,love,happy,glad,best,x,perfectly,salad,easy,pleased,thank,ze,amazing,kids,mas
great,loves,excellent,awesome,highly,wonderful,potatoes,ever,loved,perfect,cake,love,happy,glad,best,x,perfectly,salad,easy,pleased,thank,ze,amazing,kids,mas
great,loves,excellent,awesome,highly,wonderful,potatoes,ever,loved,perfect,cake,love,happy,glad,best,x,perfectly,salad,easy,pleased,thank,ze,amazing,kids,mas
great,loves,excellent,awesome,highly,wonderful,potatoes,ever,loved,perfect,cake,love,happy,glad,best,x,perfectly,salad,easy,pleased,thank,ze,amazing,kids,mas
great,loves,excellent,awesome,highly,wonderful,potatoes,ever,loved,perfect,cake,love,happy,glad,best,x,perfectly,salad,easy,pleased,thank,ze,amazing,kids,mas
great,loves,excellent,awesome,highly,wonderful,potatoes,ever,loved,perfect,cake,love,happy,glad,best,x,perfectly,salad,easy,pleased,thank,ze,amazing,kids,mas
great,loves,excellent,awesome,highly,wonderful,potatoes,ever,loved,perfect,cake,love,happy,glad,best,x,perfectly,salad,easy,pleased,thank,ze,amazing,kids,mas
great,loves,excellent,awesome,highly,wonderful,potatoes,ever,loved,perfect,cake,love,happy,glad,best,x,perfectly,salad,easy,pleased,thank,ze,amazing,kids,mas
great,loves,excellent,awesome,highly,wonderful,potatoes,ever,loved,perfect,cake,love,happy,glad,best,x,perfectly,salad,easy,pleased,thank,ze,amazing,kids,mas
great,loves,excellent,awesome,highly,wonderful,potatoes,ever,loved,perfect,cake,love,happy,glad,best,x,perfectly,salad,easy,pleased,thank,ze,amazing,kids,mas
great,loves,excellent,awesome,highly,wonderful,potatoes,ever,loved,perfect,cake,love,happy,glad,best,x,perfectly,salad,easy,pleased,thank,ze,amazing,kids,mas
great,loves,excellent,awesome,highly,wonderful,potatoes,ever,loved,perfect,cake,love,happy,glad,best,x,perfectly,salad,easy,pleased,thank,ze,amazing,kids,mas
great,loves,excellent,awesome,highly,wonderful,potatoes,ever,loved,perfect,cake,love,happy,glad,best,x,perfectly,salad,easy,pleased,thank,ze,amazing,kids,mas
great,loves,excellent,awesome,highly,wonderful,potatoes,ever,loved,perfect,cake,love,happy,glad,best,x,perfectly,salad,easy,pleased,thank,ze,amazing,kids,mas
great,loves,excellent,awesome,highly,wonderful,potatoes,ever,loved,perfect,cake,love,happy,glad,best,x,perfectly,salad,easy,pleased,thank,ze,amazing,kids,mas
great,loves,excellent,awesome,highly,wonderful,potatoes,ever,loved,perfect,cake,love,happy,glad,best,x,perfectly,salad,easy,pleased,thank,ze,amazing,kids,mas
great,loves,excellent,awesome,highly,wonderful,potatoes,ever,loved,perfect,cake,love,happy,glad,best,x,perfectly,salad,easy,pleased,thank,ze,amazing,kids,mas
great,loves,excellent,awesome,highly,wonderful,potatoes,ever,loved,perfect,cake,love,happy,glad,best,x,perfectly,salad,easy,pleased,thank,ze,amazing,kids,mas
great,loves,excellent,awesome,highly,wonderful,potatoes,ever,loved,perfect,cake,love,happy,glad,best,x,perfectly,salad,easy,pleased,thank,ze,amazing,kids,mas
great,loves,excellent,awesome,highly,wonderful,potatoes,ever,loved,perfect,cake,love,happy,glad,best,x,perfectly,salad,easy,pleased,thank,ze,amazing,kids,mas
great,loves,excellent,awesome,highly,wonderful,potatoes,ever,loved,perfect,cake,love,happy,glad,best,x,perfectly,salad,easy,pleased,thank,ze,amazing,kids,mas
great,loves,excellent,awesome,highly,wonderful,potatoes,ever,loved,perfect,cake,love,happy,glad,best,x,perfectly,salad,easy,pleased,thank,ze,amazing,kids,mas
great,loves,excellent,awesome,highly,wonderful,potatoes,ever,loved,perfect,cake,love,happy,glad,best,x,perfectly,salad,easy,pleased,thank,ze,amazing,kids,mas
great,loves,excellent,awesome,highly,wonderful,potatoes,ever,loved,perfect,cake,love,happy,glad,best,x,perfectly,salad,easy,pleased,thank,ze,amazing,kids,mas
great,loves,excellent,awesome,highly,wonderful,potatoes,ever,loved,perfect,cake,love,happy,glad,best,x,perfectly,salad,easy,pleased,thank,ze,amazing,kids,mas
great,loves,excellent,awesome,highly,wonderful,potatoes,ever,loved,perfect,cake,love,happy,glad,best,x,perfectly,salad,easy,pleased,thank,ze,amazing,kids,mas
great,loves,excellent,awesome,highly,wonderful,potatoes,ever,loved,perfect,cake,love,happy,glad,best,x,perfectly,salad,easy,pleased,thank,ze,amazing,kids,mas
great,loves,excellent,awesome,highly,wonderful,potatoes,ever,loved,perfect,cake,love,happy,glad,best,x,perfectly,salad,easy,pleased,thank,ze,amazing,kids,mas
great,loves,excellent,awesome,highly,wonderful,potatoes,ever,loved,perfect,cake,love,happy,glad,best,x,perfectly,salad,easy,pleased,thank,ze,amazing,kids,mas
great,loves,excellent,awesome,highly,wonderful,potatoes,ever,loved,perfect,cake,love,happy,glad,best,x,perfectly,salad,easy,pleased,thank,ze,amazing,kids,mas
great,loves,excellent,awesome,highly,wonderful,potatoes,ever,loved,perfect,cake,love,happy,glad,best,x,perfectly,salad,easy,pleased,thank,ze,amazing,kids,mas
great,loves,excellent,awesome,highly,wonderful,potatoes,ever,loved,perfect,cake,love,happy,glad,best,x,perfectly,salad,easy,pleased,thank,ze,amazing,kids,mas
great,loves,excellent,awesome,highly,wonderful,potatoes,ever,loved,perfect,cake,love,happy,glad,best,x,perfectly,salad,easy,pleased,thank,ze,amazing,kids,mas
great,loves,excellent,awesome,highly,wonderful,potatoes,ever,loved,perfect,cake,love,happy,glad,best,x,perfectly,salad,easy,pleased,thank,ze,amazing,kids,mas
great,loves,excellent,awesome,highly,wonderful,potatoes,ever,loved,perfect,cake,love,happy,glad,best,x,perfectly,salad,easy,pleased,thank,ze,amazing,kids,mas
great,loves,excellent,awesome,highly,wonderful,potatoes,ever,loved,perfect,cake,love,happy,glad,best,x,perfectly,salad,easy,pleased,thank,ze,amazing,kids,mas
great,loves,excellent,awesome,highly,wonderful,potatoes,ever,loved,perfect,cake,love,happy,glad,best,x,perfectly,salad,easy,pleased,thank,ze,amazing,kids,mas
great,loves,excellent,awesome,highly,wonderful,potatoes,ever,loved,perfect,cake,love,happy,glad,best,x,perfectly,salad,easy,pleased,thank,ze,amazing,kids,mas
great,loves,excellent,awesome,highly,wonderful,potatoes,ever,loved,perfect,cake,love,happy,glad,best,x,perfectly,salad,easy,pleased,thank,ze,amazing,kids,mas
great,loves,excellent,awesome,highly,wonderful,potatoes,ever,loved,perfect,cake,love,happy,glad,best,x,perfectly,salad,easy,pleased,thank,ze,amazing,kids,mas
great,loves,excellent,awesome,highly,wonderful,potatoes,ever,loved,perfect,cake,love,happy,glad,best,x,perfectly,salad,easy,pleased,thank,ze,amazing,kids,mas
great,loves,excellent,awesome,highly,wonderful,potatoes,ever,loved,perfect,cake,love,happy,glad,best,x,perfectly,salad,easy,pleased,thank,ze,amazing,kids,mas
great,loves,excellent,awesome,highly,wonderful,potatoes,ever,loved,perfect,cake,love,happy,glad,best,x,perfectly,salad,easy,pleased,thank,ze,amazing,kids,mas
great,loves,excellent,awesome,highly,wonderful,potatoes,ever,loved,perfect,cake,love,happy,glad,best,x,perfectly,salad,easy,pleased,thank,ze,amazing,kids,mas
great,loves,excellent,awesome,highly,wonderful,potatoes,ever,loved,perfect,cake,love,happy,glad,best,x,perfectly,salad,easy,pleased,thank,ze,amazing,kids,mas
great,loves,excellent,awesome,highly,wonderful,potatoes,ever,loved,perfect,cake,love,happy,glad,best,x,perfectly,salad,easy,pleased,thank,ze,amazing,kids,mas
great,loves,excellent,awesome,highly,wonderful,potatoes,ever,loved,perfect,cake,love,happy,glad,best,x,perfectly,salad,easy,pleased,thank,ze,amazing,kids,mas
great,loves,excellent,awesome,highly,wonderful,potatoes,ever,loved,perfect,cake,love,happy,glad,best,x,perfectly,salad,easy,pleased,thank,ze,amazing,kids,mas
great,loves,excellent,awesome,highly,wonderful,potatoes,ever,loved,perfect,cake,love,happy,glad,best,x,perfectly,salad,easy,pleased,thank,ze,amazing,kids,mas
great,loves,excellent,awesome,highly,wonderful,potatoes,ever,loved,perfect,cake,love,happy,glad,best,x,perfectly,salad,easy,pleased,thank,ze,amazing,kids,mas
great,loves,excellent,awesome,highly,wonderful,potatoes,ever,loved,perfect,cake,love,happy,glad,best,x,perfectly,salad,easy,pleased,thank,ze,amazing,kids,mas
great,loves,excellent,awesome,highly,wonderful,potatoes,ever,loved,perfect,cake,love,happy,glad,best,x,perfectly,salad,easy,pleased,thank,ze,amazing,kids,mas
great,loves,excellent,awesome,highly,wonderful,potatoes,ever,loved,perfect,cake,love,happy,glad,best,x,perfectly,salad,easy,pleased,thank,ze,amazing,kids,mas
great,loves,excellent,awesome,highly,wonderful,potatoes,ever,loved,perfect,cake,love,happy,glad,best,x,perfectly,salad,easy,pleased,thank,ze,amazing,kids,mas
great,loves,excellent,awesome,highly,wonderful,potatoes,ever,loved,perfect,cake,love,happy,glad,best,x,perfectly,salad,easy,pleased,thank,ze,amazing,kids,mas
great,loves,excellent,awesome,highly,wonderful,potatoes,ever,loved,perfect,cake,love,happy,glad,best,x,perfectly,salad,easy,pleased,thank,ze,amazing,kids,mas
great,loves,excellent,awesome,highly,wonderful,potatoes,ever,loved,perfect,cake,love,happy,glad,best,x,perfectly,salad,easy,pleased,thank,ze,amazing,kids,mas
great,loves,excellent,awesome,highly,wonderful,potatoes,ever,loved,perfect,cake,love,happy,glad,best,x,perfectly,salad,easy,pleased,thank,ze,amazing,kids,mas
great,loves,excellent,awesome,highly,wonderful,potatoes,ever,loved,perfect,cake,love,happy,glad,best,x,perfectly,salad,easy,pleased,thank,ze,amazing,kids,mas
great,loves,excellent,awesome,highly,wonderful,potatoes,ever,loved,perfect,cake,love,happy,glad,best,x,perfectly,salad,easy,pleased,thank,ze,amazing,kids,mas
great,loves,excellent,awesome,highly,wonderful,potatoes,ever,loved,perfect,cake,love,happy,glad,best,x,perfectly,salad,easy,pleased,thank,ze,amazing,kids,mas
great,loves,excellent,awesome,highly,wonderful,potatoes,ever,loved,perfect,cake,love,happy,glad,best,x,perfectly,salad,easy,pleased,thank,ze,amazing,kids,mas
great,loves,excellent,awesome,highly,wonderful,potatoes,ever,loved,perfect,cake,love,happy,glad,best,x,perfectly,handy,easy,pleased,thank,ze,amazing,kids,mas
great,loves,excellent,awesome,highly,wonderful,potatoes,ever,loved,perfect,cake,love,happy,glad,best,x,perfectly,handy,easy,pleased,thank,ze,amazing,kids,mas
great,loves,excellent,awesome,highly,wonderful,potatoes,ever,loved,perfect,cake,love,happy,glad,best,x,perfectly,handy,easy,pleased,thank,ze,amazing,kids,mas
great,loves,excellent,awesome,highly,wonderful,potatoes,ever,loved,perfect,cake,love,happy,glad,best,x,perfectly,handy,easy,pleased,thank,ze,amazing,kids,mas
great,loves,excellent,awesome,highly,wonderful,potatoes,ever,loved,perfect,cake,love,happy,glad,best,x,perfectly,handy,easy,pleased,thank,ze,amazing,kids,mas
great,loves,excellent,awesome,highly,wonderful,potatoes,ever,loved,perfect,cake,love,happy,glad,best,x,perfectly,handy,easy,pleased,thank,ze,amazing,kids,mas
great,loves,excellent,awesome,highly,wonderful,potatoes,ever,loved,perfect,cake,love,happy,glad,best,x,perfectly,handy,easy,pleased,thank,ze,amazing,kids,mas
great,loves,excellent,awesome,highly,wonderful,potatoes,ever,loved,perfect,cake,love,happy,glad,best,x,perfectly,handy,easy,pleased,thank,ze,amazing,kids,mas
great,loves,excellent,awesome,highly,wonderful,potatoes,ever,loved,perfect,cake,love,happy,glad,best,x,perfectly,handy,easy,pleased,thank,ze,amazing,kids,mas
great,loves,excellent,awesome,highly,wonderful,potatoes,ever,loved,perfect,cake,love,happy,best,x,perfectly,handy,salad,easy,pleased,thank,ze,amazing,kids,mas
great,loves,excellent,awesome,highly,wonderful,potatoes,ever,loved,perfect,cake,love,happy,best,x,perfectly,handy,salad,easy,pleased,thank,ze,amazing,kids,mas
great,loves,excellent,awesome,highly,wonderful,potatoes,ever,loved,perfect,cake,love,happy,best,x,perfectly,handy,salad,easy,pleased,thank,ze,amazing,kids,mas
great,loves,excellent,awesome,highly,wonderful,potatoes,ever,loved,perfect,cake,love,happy,best,x,perfectly,handy,salad,easy,pleased,thank,ze,amazing,kids,mas
great,loves,excellent,awesome,highly,wonderful,potatoes,ever,loved,perfect,cake,love,happy,best,x,perfectly,handy,salad,easy,pleased,thank,ze,amazing,kids,mas
great,loves,excellent,awesome,highly,wonderful,potatoes,ever,loved,perfect,cake,love,happy,best,x,perfectly,handy,salad,easy,pleased,thank,ze,amazing,kids,mas
great,loves,excellent,awesome,highly,wonderful,potatoes,ever,loved,perfect,cake,love,happy,best,x,perfectly,handy,salad,easy,pleased,thank,ze,amazing,kids,mas
great,loves,excellent,awesome,highly,wonderful,potatoes,ever,loved,perfect,cake,love,happy,best,x,perfectly,handy,salad,easy,pleased,thank,ze,amazing,kids,mas
great,loves,excellent,awesome,highly,wonderful,potatoes,ever,loved,perfect,cake,love,happy,best,x,perfectly,handy,salad,easy,pleased,thank,ze,amazing,kids,mas
great,loves,excellent,awesome,highly,wonderful,potatoes,ever,loved,perfect,cake,love,happy,best,x,perfectly,handy,salad,easy,pleased,thank,ze,amazing,kids,mas
great,loves,excellent,awesome,highly,wonderful,potatoes,ever,loved,perfect,cake,love,happy,best,x,perfectly,handy,salad,easy,pleased,thank,ze,amazing,kids,mas
great,loves,excellent,awesome,highly,wonderful,potatoes,ever,loved,perfect,cake,love,happy,best,x,perfectly,handy,salad,easy,pleased,thank,ze,amazing,kids,mas
great,loves,excellent,awesome,highly,wonderful,potatoes,ever,loved,perfect,cake,love,happy,best,x,perfectly,handy,salad,easy,pleased,thank,ze,amazing,kids,mas
great,loves,excellent,awesome,highly,wonderful,potatoes,ever,loved,perfect,cake,love,happy,best,x,perfectly,handy,salad,easy,pleased,thank,ze,amazing,kids,mas
great,loves,excellent,awesome,highly,wonderful,potatoes,ever,loved,perfect,cake,love,happy,best,x,perfectly,handy,salad,easy,pleased,thank,ze,amazing,kids,mas
great,loves,excellent,awesome,highly,wonderful,potatoes,ever,loved,perfect,cake,love,happy,best,x,perfectly,handy,salad,easy,pleased,thank,ze,amazing,kids,mas
great,loves,excellent,awesome,highly,wonderful,potatoes,ever,loved,perfect,cake,love,happy,best,x,perfectly,handy,salad,easy,pleased,thank,ze,amazing,kids,mas
great,loves,excellent,awesome,highly,wonderful,potatoes,ever,loved,perfect,cake,love,happy,best,x,perfectly,handy,salad,easy,pleased,thank,ze,amazing,kids,mas
great,loves,excellent,awesome,highly,wonderful,potatoes,ever,loved,perfect,cake,love,happy,best,x,perfectly,handy,salad,easy,pleased,thank,ze,amazing,kids,mas
great,loves,excellent,awesome,highly,wonderful,potatoes,ever,loved,perfect,cake,love,happy,best,x,perfectly,handy,salad,easy,pleased,thank,ze,amazing,kids,mas
great,loves,excellent,awesome,highly,wonderful,potatoes,ever,loved,perfect,cake,love,happy,best,x,perfectly,handy,salad,easy,pleased,thank,ze,amazing,kids,mas
great,loves,excellent,awesome,highly,wonderful,potatoes,ever,loved,perfect,cake,love,happy,best,x,perfectly,handy,salad,easy,pleased,thank,ze,amazing,kids,mas
great,loves,excellent,awesome,highly,wonderful,potatoes,ever,loved,perfect,cake,love,happy,best,x,perfectly,handy,salad,easy,pleased,thank,ze,amazing,kids,mas
great,loves,excellent,awesome,highly,wonderful,potatoes,ever,loved,perfect,cake,love,happy,best,x,perfectly,handy,salad,easy,pleased,thank,ze,amazing,kids,mas
great,loves,excellent,awesome,highly,wonderful,potatoes,ever,loved,perfect,cake,love,happy,best,x,perfectly,handy,salad,easy,pleased,thank,ze,amazing,kids,mas
great,loves,excellent,awesome,highly,wonderful,potatoes,ever,loved,perfect,cake,love,happy,best,x,perfectly,handy,salad,easy,pleased,thank,ze,amazing,kids,mas
great,loves,excellent,awesome,highly,wonderful,potatoes,ever,loved,perfect,cake,love,happy,best,x,perfectly,handy,salad,easy,pleased,thank,ze,amazing,kids,mas
great,loves,excellent,awesome,highly,wonderful,potatoes,ever,loved,perfect,cake,love,happy,best,x,perfectly,handy,salad,easy,pleased,thank,ze,amazing,kids,mas
great,loves,excellent,awesome,highly,wonderful,potatoes,ever,loved,perfect,cake,love,happy,best,x,perfectly,handy,salad,easy,pleased,thank,ze,amazing,kids,mas
great,loves,excellent,awesome,highly,wonderful,potatoes,ever,loved,perfect,cake,love,happy,best,x,perfectly,handy,salad,easy,pleased,thank,ze,amazing,kids,mas
great,loves,excellent,awesome,highly,wonderful,potatoes,ever,loved,perfect,cake,love,happy,best,x,perfectly,handy,salad,easy,pleased,thank,ze,amazing,kids,mas
great,loves,excellent,awesome,highly,wonderful,potatoes,ever,loved,perfect,cake,love,happy,best,x,perfectly,handy,salad,easy,pleased,thank,ze,amazing,kids,mas
great,loves,excellent,awesome,highly,wonderful,potatoes,ever,loved,perfect,cake,love,happy,best,x,perfectly,handy,salad,easy,pleased,thank,ze,amazing,kids,mas
great,loves,excellent,awesome,highly,wonderful,potatoes,ever,loved,perfect,cake,love,happy,best,x,perfectly,handy,salad,easy,pleased,thank,ze,amazing,kids,mas
great,loves,excellent,awesome,highly,wonderful,potatoes,ever,loved,perfect,cake,love,happy,best,x,perfectly,handy,salad,easy,pleased,thank,ze,amazing,kids,mas
great,loves,excellent,awesome,highly,wonderful,potatoes,ever,loved,perfect,cake,love,happy,best,x,perfectly,handy,salad,easy,pleased,thank,ze,amazing,kids,mas
great,loves,excellent,awesome,highly,wonderful,potatoes,ever,loved,perfect,cake,love,happy,best,x,perfectly,handy,salad,easy,pleased,thank,ze,amazing,kids,mas
great,loves,excellent,awesome,highly,wonderful,potatoes,ever,loved,perfect,cake,love,happy,best,x,perfectly,handy,salad,easy,pleased,thank,ze,amazing,kids,mas
great,loves,excellent,awesome,highly,wonderful,potatoes,ever,loved,perfect,cake,love,happy,best,x,perfectly,handy,salad,easy,pleased,thank,ze,amazing,kids,mas
great,loves,excellent,awesome,highly,wonderful,potatoes,ever,loved,perfect,cake,love,happy,best,x,perfectly,handy,salad,easy,pleased,thank,ze,amazing,kids,mas
great,loves,excellent,awesome,highly,wonderful,potatoes,ever,loved,perfect,cake,love,happy,best,x,perfectly,handy,salad,easy,pleased,thank,ze,amazing,kids,mas
great,loves,excellent,awesome,highly,wonderful,potatoes,ever,loved,perfect,cake,love,happy,best,x,perfectly,handy,salad,easy,pleased,thank,ze,amazing,kids,mas
great,loves,excellent,awesome,highly,wonderful,potatoes,ever,loved,perfect,cake,love,happy,best,x,perfectly,handy,salad,easy,pleased,thank,ze,amazing,kids,mas
great,loves,excellent,awesome,highly,wonderful,potatoes,ever,loved,perfect,cake,love,happy,best,x,perfectly,handy,salad,easy,pleased,thank,ze,amazing,kids,mas
great,loves,excellent,awesome,highly,wonderful,potatoes,ever,loved,perfect,cake,love,happy,best,x,perfectly,handy,salad,easy,pleased,thank,ze,amazing,kids,mas
great,loves,excellent,awesome,highly,wonderful,potatoes,ever,loved,perfect,cake,love,happy,best,x,perfectly,handy,salad,easy,pleased,thank,ze,amazing,kids,mas
great,loves,excellent,awesome,highly,wonderful,potatoes,ever,loved,perfect,cake,love,happy,best,x,perfectly,handy,salad,easy,pleased,thank,ze,amazing,kids,mas
great,loves,excellent,awesome,highly,wonderful,potatoes,ever,loved,perfect,cake,love,happy,best,x,perfectly,handy,salad,easy,pleased,thank,ze,amazing,kids,mas
great,loves,excellent,awesome,highly,wonderful,potatoes,ever,loved,perfect,cake,love,happy,best,x,perfectly,handy,salad,easy,pleased,thank,ze,amazing,kids,mas
great,loves,excellent,awesome,highly,wonderful,potatoes,ever,loved,perfect,cake,love,happy,best,x,perfectly,handy,salad,easy,pleased,thank,ze,amazing,kids,mas
great,loves,excellent,awesome,highly,wonderful,potatoes,ever,loved,perfect,cake,love,happy,best,x,perfectly,handy,salad,easy,pleased,thank,ze,amazing,kids,mas
great,loves,excellent,awesome,highly,wonderful,potatoes,ever,loved,perfect,cake,love,happy,best,x,perfectly,handy,salad,easy,pleased,thank,ze,amazing,kids,mas
great,loves,excellent,awesome,highly,wonderful,potatoes,ever,loved,perfect,cake,love,happy,best,x,perfectly,handy,salad,easy,pleased,thank,ze,amazing,kids,mas
great,loves,excellent,awesome,highly,wonderful,potatoes,ever,loved,perfect,cake,love,happy,best,x,perfectly,handy,salad,easy,pleased,thank,ze,amazing,kids,mas
great,loves,excellent,awesome,highly,wonderful,potatoes,ever,loved,perfect,cake,love,happy,best,x,perfectly,handy,salad,easy,pleased,thank,ze,amazing,kids,mas
great,loves,excellent,awesome,highly,wonderful,potatoes,ever,loved,perfect,cake,love,happy,best,x,perfectly,handy,salad,easy,pleased,thank,ze,amazing,kids,mas
great,loves,excellent,awesome,highly,wonderful,potatoes,ever,loved,perfect,cake,love,happy,best,x,perfectly,handy,salad,easy,pleased,thank,ze,amazing,kids,mas
great,loves,excellent,awesome,highly,wonderful,potatoes,ever,loved,perfect,cake,love,happy,best,x,perfectly,handy,salad,easy,pleased,thank,ze,amazing,kids,mas
great,loves,excellent,awesome,highly,wonderful,potatoes,ever,loved,perfect,cake,love,happy,best,x,perfectly,handy,salad,easy,pleased,thank,ze,amazing,kids,mas
great,loves,excellent,awesome,highly,wonderful,potatoes,ever,loved,perfect,cake,love,happy,best,x,perfectly,handy,salad,easy,pleased,thank,ze,amazing,kids,mas
great,loves,excellent,awesome,highly,wonderful,potatoes,ever,loved,perfect,cake,love,happy,best,x,perfectly,handy,salad,easy,pleased,thank,ze,amazing,kids,mas
great,loves,excellent,awesome,highly,wonderful,potatoes,ever,loved,perfect,cake,love,happy,best,x,perfectly,handy,salad,easy,pleased,thank,ze,amazing,kids,mas
great,loves,excellent,awesome,highly,wonderful,potatoes,ever,loved,perfect,cake,love,happy,best,x,perfectly,handy,salad,easy,pleased,thank,ze,amazing,kids,mas
great,loves,excellent,awesome,highly,wonderful,potatoes,ever,loved,perfect,cake,love,happy,best,x,perfectly,handy,salad,easy,pleased,thank,ze,amazing,kids,mas
great,loves,excellent,awesome,highly,wonderful,potatoes,ever,loved,perfect,cake,love,happy,best,x,perfectly,handy,salad,easy,pleased,thank,ze,amazing,kids,mas
great,loves,excellent,awesome,highly,wonderful,potatoes,ever,loved,perfect,cake,love,happy,best,x,perfectly,handy,salad,easy,pleased,thank,ze,amazing,kids,mas
great,loves,excellent,awesome,highly,wonderful,potatoes,ever,loved,perfect,cake,love,happy,best,x,perfectly,handy,salad,easy,pleased,thank,ze,amazing,kids,mas
great,loves,excellent,awesome,highly,wonderful,potatoes,ever,loved,perfect,cake,love,happy,best,x,perfectly,handy,salad,easy,pleased,thank,ze,amazing,kids,mas
great,loves,excellent,awesome,highly,wonderful,potatoes,ever,loved,perfect,cake,love,happy,best,x,perfectly,handy,salad,easy,pleased,thank,ze,amazing,kids,mas
great,loves,excellent,awesome,highly,wonderful,potatoes,ever,loved,perfect,cake,love,happy,best,x,perfectly,handy,salad,easy,pleased,thank,ze,amazing,kids,mas
great,loves,excellent,awesome,highly,wonderful,potatoes,ever,loved,perfect,cake,love,happy,best,x,perfectly,handy,salad,easy,pleased,thank,ze,amazing,kids,mas
great,loves,excellent,awesome,highly,wonderful,potatoes,ever,loved,perfect,cake,love,happy,best,x,perfectly,handy,salad,easy,pleased,thank,ze,amazing,kids,mas
great,loves,excellent,awesome,highly,wonderful,potatoes,ever,loved,perfect,cake,love,happy,best,x,perfectly,handy,salad,easy,pleased,thank,ze,amazing,kids,mas
great,loves,excellent,awesome,highly,wonderful,potatoes,ever,loved,perfect,cake,love,happy,best,x,perfectly,handy,salad,easy,pleased,thank,ze,amazing,kids,mas
great,loves,excellent,awesome,highly,wonderful,potatoes,ever,loved,perfect,cake,love,happy,best,x,perfectly,handy,salad,easy,pleased,thank,ze,amazing,kids,mas
great,loves,excellent,awesome,highly,wonderful,potatoes,ever,loved,perfect,cake,love,happy,best,x,perfectly,handy,salad,easy,pleased,thank,ze,amazing,kids,mas
great,loves,excellent,awesome,highly,wonderful,potatoes,ever,loved,perfect,cake,love,happy,best,x,perfectly,handy,salad,easy,pleased,thank,ze,amazing,kids,mas
great,loves,excellent,awesome,highly,wonderful,potatoes,ever,loved,perfect,cake,love,happy,best,x,perfectly,handy,salad,easy,pleased,thank,ze,amazing,kids,mas
great,loves,excellent,awesome,highly,wonderful,potatoes,ever,loved,perfect,cake,love,happy,best,x,perfectly,handy,salad,easy,pleased,thank,ze,amazing,kids,mas
great,loves,excellent,awesome,highly,wonderful,potatoes,ever,loved,perfect,cake,love,happy,best,x,perfectly,handy,salad,easy,pleased,thank,ze,amazing,kids,mas
great,loves,excellent,awesome,highly,wonderful,potatoes,ever,loved,perfect,cake,love,happy,best,x,perfectly,handy,salad,easy,pleased,thank,ze,amazing,kids,mas
great,loves,excellent,awesome,highly,wonderful,potatoes,ever,loved,perfect,cake,love,happy,best,x,perfectly,handy,salad,easy,pleased,thank,ze,amazing,kids,mas
great,loves,excellent,awesome,highly,wonderful,potatoes,ever,loved,perfect,cake,love,happy,best,x,perfectly,handy,salad,easy,pleased,thank,ze,amazing,kids,mas
great,loves,excellent,awesome,highly,wonderful,potatoes,ever,loved,perfect,cake,love,happy,best,x,perfectly,handy,salad,easy,pleased,thank,ze,amazing,kids,mas
great,loves,excellent,awesome,highly,wonderful,potatoes,ever,loved,perfect,cake,love,happy,best,x,perfectly,handy,salad,easy,pleased,thank,ze,amazing,kids,mas
great,loves,excellent,awesome,highly,wonderful,potatoes,ever,loved,perfect,cake,love,happy,best,x,perfectly,handy,salad,easy,pleased,thank,ze,amazing,kids,mas
great,loves,excellent,awesome,highly,wonderful,potatoes,ever,loved,perfect,cake,love,happy,best,x,perfectly,handy,salad,easy,pleased,thank,ze,amazing,kids,mas
great,loves,excellent,awesome,highly,wonderful,potatoes,ever,loved,perfect,cake,love,happy,best,x,perfectly,handy,salad,easy,pleased,thank,ze,amazing,kids,mas
great,loves,excellent,awesome,highly,wonderful,potatoes,ever,loved,perfect,cake,love,happy,best,x,perfectly,handy,salad,easy,pleased,thank,ze,amazing,kids,mas
great,loves,excellent,awesome,highly,wonderful,potatoes,ever,loved,perfect,cake,love,happy,best,x,perfectly,handy,salad,easy,pleased,thank,ze,amazing,kids,mas
great,loves,excellent,awesome,highly,wonderful,potatoes,ever,loved,perfect,cake,love,happy,best,x,perfectly,handy,salad,easy,pleased,thank,ze,amazing,kids,mas
great,loves,excellent,awesome,highly,wonderful,potatoes,ever,loved,perfect,cake,love,happy,best,x,perfectly,handy,salad,easy,pleased,thank,ze,amazing,kids,mas
great,loves,excellent,awesome,highly,wonderful,potatoes,ever,loved,perfect,cake,love,happy,best,x,perfectly,handy,salad,easy,pleased,thank,ze,amazing,kids,mas
great,loves,excellent,awesome,highly,wonderful,potatoes,ever,loved,perfect,cake,love,happy,best,x,perfectly,handy,salad,easy,pleased,thank,ze,amazing,kids,mas
great,loves,excellent,awesome,highly,wonderful,potatoes,ever,loved,perfect,cake,love,happy,best,x,perfectly,handy,salad,easy,pleased,thank,ze,amazing,kids,mas
great,loves,excellent,awesome,highly,wonderful,potatoes,ever,loved,perfect,cake,love,happy,best,x,perfectly,handy,salad,easy,pleased,thank,ze,amazing,kids,mas
great,loves,excellent,awesome,highly,wonderful,potatoes,ever,loved,perfect,cake,love,happy,best,x,perfectly,handy,salad,easy,pleased,thank,ze,amazing,kids,mas
great,loves,excellent,awesome,highly,wonderful,potatoes,ever,loved,perfect,cake,love,happy,best,x,perfectly,handy,salad,easy,pleased,thank,ze,amazing,kids,mas
great,loves,excellent,awesome,highly,wonderful,potatoes,ever,loved,perfect,cake,love,happy,best,x,perfectly,handy,salad,easy,pleased,thank,ze,amazing,kids,mas
great,loves,excellent,awesome,highly,wonderful,potatoes,ever,loved,perfect,cake,love,happy,best,x,perfectly,handy,salad,easy,pleased,thank,ze,amazing,kids,mas
great,loves,excellent,awesome,highly,wonderful,potatoes,ever,loved,perfect,cake,love,happy,best,x,perfectly,handy,salad,easy,pleased,thank,ze,amazing,kids,mas
great,loves,excellent,awesome,highly,wonderful,potatoes,ever,loved,perfect,cake,love,happy,best,x,perfectly,handy,salad,easy,pleased,thank,ze,amazing,kids,mas
great,loves,excellent,awesome,highly,wonderful,potatoes,ever,loved,perfect,cake,love,happy,best,x,perfectly,handy,salad,easy,pleased,thank,ze,amazing,kids,mas
great,loves,excellent,awesome,highly,wonderful,potatoes,ever,loved,perfect,cake,love,happy,best,x,perfectly,handy,salad,easy,pleased,thank,ze,amazing,kids,mas
great,loves,excellent,awesome,highly,wonderful,potatoes,ever,loved,perfect,cake,love,happy,best,x,perfectly,handy,salad,easy,pleased,thank,ze,amazing,kids,mas
great,loves,excellent,awesome,highly,wonderful,potatoes,ever,loved,perfect,cake,love,happy,best,x,perfectly,handy,salad,easy,pleased,thank,ze,amazing,kids,mas
great,loves,excellent,awesome,highly,wonderful,potatoes,ever,loved,perfect,cake,love,happy,best,x,perfectly,handy,salad,easy,pleased,thank,ze,amazing,kids,mas
great,loves,excellent,awesome,highly,wonderful,potatoes,ever,loved,perfect,cake,love,happy,best,x,perfectly,handy,salad,easy,pleased,thank,ze,amazing,kids,mas
great,loves,excellent,awesome,highly,wonderful,potatoes,ever,loved,perfect,cake,love,happy,best,x,perfectly,handy,salad,easy,pleased,thank,ze,amazing,kids,mas
great,loves,excellent,awesome,highly,wonderful,potatoes,ever,loved,perfect,cake,love,happy,best,x,perfectly,handy,salad,easy,pleased,thank,ze,amazing,kids,mas
great,loves,excellent,awesome,highly,wonderful,potatoes,ever,loved,perfect,cake,love,happy,best,x,perfectly,handy,salad,easy,pleased,thank,ze,amazing,kids,mas
great,loves,excellent,awesome,highly,wonderful,potatoes,ever,loved,perfect,cake,love,happy,best,x,perfectly,handy,salad,easy,pleased,thank,ze,amazing,kids,mas
great,loves,excellent,awesome,highly,wonderful,potatoes,ever,loved,perfect,cake,love,happy,best,x,perfectly,handy,salad,easy,pleased,thank,ze,amazing,kids,mas
great,loves,excellent,awesome,highly,wonderful,potatoes,ever,loved,perfect,cake,love,happy,best,x,perfectly,handy,salad,easy,pleased,thank,ze,amazing,kids,mas
great,loves,excellent,awesome,highly,wonderful,potatoes,ever,loved,perfect,cake,love,happy,best,x,perfectly,handy,salad,easy,pleased,thank,ze,amazing,kids,mas
great,loves,excellent,awesome,highly,wonderful,potatoes,ever,loved,perfect,cake,love,happy,best,x,perfectly,handy,salad,easy,pleased,thank,ze,amazing,kids,mas
great,loves,excellent,awesome,highly,wonderful,potatoes,ever,loved,perfect,cake,love,happy,best,x,perfectly,handy,salad,easy,pleased,thank,ze,amazing,kids,mas
great,loves,excellent,awesome,highly,wonderful,potatoes,ever,loved,perfect,cake,love,happy,best,x,perfectly,handy,salad,easy,pleased,thank,ze,amazing,kids,mas
great,loves,excellent,awesome,highly,wonderful,potatoes,ever,loved,perfect,cake,love,happy,best,x,perfectly,handy,salad,easy,pleased,thank,ze,amazing,kids,mas
great,loves,excellent,awesome,highly,wonderful,potatoes,ever,loved,perfect,cake,love,happy,best,x,perfectly,handy,salad,easy,pleased,thank,ze,amazing,kids,mas
great,loves,excellent,awesome,highly,wonderful,potatoes,ever,loved,perfect,cake,love,happy,best,x,perfectly,handy,salad,easy,pleased,thank,ze,amazing,kids,mas
great,loves,excellent,awesome,highly,wonderful,potatoes,ever,loved,perfect,cake,love,happy,best,x,perfectly,handy,salad,easy,pleased,thank,ze,amazing,kids,mas
great,loves,excellent,awesome,highly,wonderful,potatoes,ever,loved,perfect,cake,love,happy,best,x,perfectly,handy,salad,easy,pleased,thank,ze,amazing,kids,mas
great,loves,excellent,awesome,highly,wonderful,potatoes,ever,loved,perfect,cake,love,happy,best,x,perfectly,handy,salad,easy,pleased,thank,ze,amazing,kids,mas
great,loves,excellent,awesome,highly,wonderful,potatoes,ever,loved,perfect,cake,love,happy,best,x,perfectly,handy,salad,easy,pleased,thank,ze,amazing,kids,mas
great,loves,excellent,awesome,highly,wonderful,potatoes,ever,loved,perfect,cake,love,happy,best,x,perfectly,handy,salad,easy,pleased,thank,ze,amazing,kids,mas
great,loves,excellent,awesome,highly,wonderful,potatoes,ever,loved,perfect,cake,love,happy,best,x,perfectly,handy,salad,easy,pleased,thank,ze,amazing,kids,mas
great,loves,excellent,awesome,highly,wonderful,potatoes,ever,loved,perfect,cake,love,happy,best,x,perfectly,handy,salad,easy,pleased,thank,ze,amazing,kids,mas
great,loves,excellent,awesome,highly,wonderful,potatoes,ever,loved,perfect,cake,love,happy,best,x,perfectly,handy,salad,easy,pleased,thank,ze,amazing,kids,mas
great,loves,excellent,awesome,highly,wonderful,potatoes,ever,loved,perfect,cake,love,happy,best,x,perfectly,handy,salad,easy,pleased,thank,ze,amazing,kids,mas
great,loves,excellent,awesome,highly,wonderful,potatoes,ever,loved,perfect,cake,love,happy,best,x,perfectly,handy,salad,easy,pleased,thank,ze,amazing,kids,mas
great,loves,excellent,awesome,highly,wonderful,potatoes,ever,loved,perfect,cake,love,happy,best,x,perfectly,handy,salad,easy,pleased,thank,ze,amazing,kids,mas
great,loves,excellent,awesome,highly,wonderful,potatoes,ever,loved,perfect,cake,love,happy,best,x,perfectly,handy,salad,easy,pleased,thank,ze,amazing,kids,mas
great,loves,excellent,awesome,highly,wonderful,potatoes,ever,loved,perfect,cake,love,happy,best,x,perfectly,handy,salad,easy,pleased,thank,ze,amazing,kids,mas
great,loves,excellent,awesome,highly,wonderful,potatoes,ever,loved,perfect,cake,love,happy,best,x,perfectly,handy,salad,easy,pleased,thank,ze,amazing,kids,mas
great,loves,excellent,awesome,highly,wonderful,potatoes,ever,loved,perfect,cake,love,happy,best,x,perfectly,handy,salad,easy,pleased,thank,ze,amazing,kids,mas
great,loves,excellent,awesome,highly,wonderful,potatoes,ever,loved,perfect,cake,love,happy,best,x,perfectly,handy,salad,easy,pleased,thank,ze,amazing,kids,mas
great,loves,excellent,awesome,highly,wonderful,potatoes,ever,loved,perfect,cake,love,happy,best,x,perfectly,handy,salad,easy,pleased,thank,ze,amazing,kids,mas
great,loves,excellent,awesome,highly,wonderful,potatoes,ever,loved,perfect,cake,love,happy,best,x,perfectly,handy,salad,easy,pleased,thank,ze,amazing,kids,mas
great,loves,excellent,awesome,highly,wonderful,potatoes,ever,loved,perfect,cake,love,happy,best,x,perfectly,handy,salad,easy,pleased,thank,ze,amazing,kids,mas
great,loves,excellent,awesome,highly,wonderful,potatoes,ever,loved,perfect,cake,love,happy,best,x,perfectly,handy,salad,easy,pleased,thank,ze,amazing,kids,mas
great,loves,excellent,awesome,highly,wonderful,potatoes,ever,loved,perfect,cake,love,happy,best,x,perfectly,handy,salad,easy,pleased,thank,ze,amazing,kids,mas
great,loves,excellent,awesome,highly,wonderful,potatoes,ever,loved,perfect,cake,love,happy,best,x,perfectly,handy,salad,easy,pleased,thank,ze,amazing,kids,mas
great,loves,excellent,awesome,highly,wonderful,potatoes,ever,loved,perfect,cake,love,happy,best,x,perfectly,handy,salad,easy,pleased,thank,ze,amazing,kids,mas
great,loves,excellent,awesome,highly,wonderful,potatoes,ever,loved,perfect,cake,love,happy,best,x,perfectly,handy,salad,easy,pleased,thank,ze,amazing,kids,mas
great,loves,excellent,awesome,highly,wonderful,potatoes,ever,loved,perfect,cake,love,happy,best,x,perfectly,handy,salad,easy,pleased,thank,ze,amazing,kids,mas
great,loves,excellent,awesome,highly,wonderful,potatoes,ever,loved,perfect,cake,love,happy,best,x,perfectly,handy,salad,easy,pleased,thank,ze,amazing,kids,mas
great,loves,excellent,awesome,highly,wonderful,potatoes,ever,loved,perfect,cake,love,happy,best,x,perfectly,handy,salad,easy,pleased,thank,ze,amazing,kids,mas
great,loves,excellent,awesome,highly,wonderful,potatoes,ever,loved,perfect,cake,love,happy,best,x,perfectly,handy,salad,easy,pleased,thank,ze,amazing,kids,mas
great,loves,excellent,awesome,highly,wonderful,potatoes,ever,loved,perfect,cake,love,happy,best,x,perfectly,handy,salad,easy,pleased,thank,ze,amazing,kids,mas
great,loves,excellent,awesome,highly,wonderful,potatoes,ever,loved,perfect,cake,love,happy,best,x,perfectly,handy,salad,easy,pleased,thank,ze,amazing,kids,mas
great,loves,excellent,awesome,highly,wonderful,potatoes,ever,loved,perfect,cake,love,happy,best,x,perfectly,handy,salad,easy,pleased,thank,ze,amazing,kids,mas
great,loves,excellent,awesome,highly,wonderful,potatoes,ever,loved,perfect,cake,love,happy,best,x,perfectly,handy,salad,easy,pleased,thank,ze,amazing,kids,mas
great,loves,excellent,awesome,highly,wonderful,potatoes,ever,loved,perfect,cake,love,happy,best,x,perfectly,handy,salad,easy,pleased,thank,ze,amazing,kids,mas
great,loves,excellent,awesome,highly,wonderful,potatoes,ever,loved,perfect,cake,love,happy,best,x,perfectly,handy,salad,easy,pleased,thank,ze,amazing,kids,mas
great,loves,excellent,awesome,highly,wonderful,potatoes,ever,loved,perfect,cake,love,happy,best,x,perfectly,handy,salad,easy,pleased,thank,ze,amazing,kids,mas
great,loves,excellent,awesome,highly,wonderful,potatoes,ever,loved,perfect,cake,love,happy,best,x,perfectly,handy,salad,easy,pleased,thank,ze,amazing,kids,mas
great,loves,excellent,awesome,highly,wonderful,potatoes,ever,loved,perfect,cake,love,happy,best,x,perfectly,handy,salad,easy,pleased,thank,ze,amazing,kids,mas
great,loves,excellent,awesome,highly,wonderful,potatoes,ever,loved,perfect,cake,love,happy,best,x,perfectly,handy,salad,easy,pleased,thank,ze,amazing,kids,mas
great,loves,excellent,awesome,highly,wonderful,potatoes,ever,loved,perfect,cake,love,happy,best,x,perfectly,handy,salad,easy,pleased,thank,ze,amazing,kids,mas
great,loves,excellent,awesome,highly,wonderful,potatoes,ever,loved,perfect,cake,love,happy,best,x,perfectly,handy,salad,easy,pleased,thank,ze,amazing,kids,mas
great,loves,excellent,awesome,highly,wonderful,potatoes,ever,loved,perfect,cake,love,happy,best,x,perfectly,handy,salad,easy,pleased,thank,ze,amazing,kids,mas
great,loves,excellent,awesome,highly,wonderful,potatoes,ever,loved,perfect,cake,love,happy,best,x,perfectly,handy,salad,easy,pleased,thank,ze,amazing,kids,mas
great,loves,excellent,awesome,highly,wonderful,potatoes,ever,loved,perfect,cake,love,happy,best,x,perfectly,handy,salad,easy,pleased,thank,ze,amazing,kids,mas
great,loves,excellent,awesome,highly,wonderful,potatoes,ever,loved,perfect,cake,love,happy,best,x,perfectly,handy,salad,easy,pleased,thank,ze,amazing,kids,mas
great,loves,excellent,awesome,highly,wonderful,potatoes,ever,loved,perfect,cake,love,happy,best,x,perfectly,handy,salad,easy,pleased,thank,ze,amazing,kids,mas
great,loves,excellent,awesome,highly,wonderful,potatoes,ever,loved,perfect,cake,love,happy,best,x,perfectly,handy,salad,easy,pleased,thank,ze,amazing,kids,mas
great,loves,excellent,awesome,highly,wonderful,potatoes,ever,loved,perfect,cake,love,happy,best,x,perfectly,handy,salad,easy,pleased,thank,ze,amazing,kids,mas
great,loves,excellent,awesome,highly,wonderful,potatoes,ever,loved,perfect,cake,love,happy,best,x,perfectly,handy,salad,easy,pleased,thank,ze,amazing,kids,mas
great,loves,excellent,awesome,highly,wonderful,potatoes,ever,loved,perfect,cake,love,happy,best,x,perfectly,handy,salad,easy,pleased,thank,ze,amazing,kids,mas
great,loves,excellent,awesome,highly,wonderful,potatoes,ever,loved,perfect,cake,love,happy,best,x,perfectly,handy,salad,easy,pleased,thank,ze,amazing,kids,mas
great,loves,excellent,awesome,highly,wonderful,potatoes,ever,loved,perfect,cake,love,happy,best,x,perfectly,handy,salad,easy,pleased,thank,ze,amazing,kids,mas
great,loves,excellent,awesome,highly,wonderful,potatoes,ever,loved,perfect,cake,love,happy,best,x,perfectly,handy,salad,easy,pleased,thank,ze,amazing,kids,mas
great,loves,excellent,awesome,highly,wonderful,potatoes,ever,loved,perfect,cake,love,happy,best,x,perfectly,handy,salad,easy,pleased,thank,ze,amazing,kids,mas
great,loves,excellent,awesome,highly,wonderful,potatoes,ever,loved,perfect,cake,love,happy,best,x,perfectly,handy,salad,easy,pleased,thank,ze,amazing,kids,mas
great,loves,excellent,awesome,highly,wonderful,potatoes,ever,loved,perfect,cake,love,happy,best,x,perfectly,handy,salad,easy,pleased,thank,ze,amazing,kids,mas
great,loves,excellent,awesome,highly,wonderful,potatoes,ever,loved,perfect,cake,love,happy,best,x,perfectly,handy,salad,easy,pleased,thank,ze,amazing,kids,mas
great,loves,excellent,awesome,highly,wonderful,potatoes,ever,loved,perfect,cake,love,happy,best,x,perfectly,handy,salad,easy,pleased,thank,ze,amazing,kids,mas
great,loves,excellent,awesome,highly,wonderful,potatoes,ever,loved,perfect,cake,love,happy,best,x,perfectly,handy,salad,easy,pleased,thank,ze,amazing,kids,mas
great,loves,excellent,awesome,highly,wonderful,potatoes,ever,loved,perfect,cake,love,happy,best,x,perfectly,handy,salad,easy,pleased,thank,ze,amazing,kids,mas
great,loves,excellent,awesome,highly,wonderful,potatoes,ever,loved,perfect,cake,love,happy,best,x,perfectly,handy,salad,easy,pleased,thank,ze,amazing,kids,mas
great,loves,excellent,awesome,highly,wonderful,potatoes,ever,loved,perfect,cake,love,happy,best,x,perfectly,handy,salad,easy,pleased,thank,ze,amazing,kids,mas
great,loves,excellent,awesome,highly,wonderful,potatoes,ever,loved,perfect,cake,love,happy,best,x,perfectly,handy,salad,easy,pleased,thank,ze,amazing,kids,mas
great,loves,excellent,awesome,highly,wonderful,potatoes,ever,loved,perfect,cake,love,happy,best,x,perfectly,handy,salad,easy,pleased,thank,ze,amazing,kids,mas
great,loves,excellent,awesome,highly,wonderful,potatoes,ever,loved,perfect,cake,love,happy,best,x,perfectly,handy,salad,easy,pleased,thank,ze,amazing,kids,mas
great,loves,excellent,awesome,highly,wonderful,potatoes,ever,loved,perfect,cake,love,happy,best,x,perfectly,handy,salad,easy,pleased,thank,ze,amazing,kids,mas
great,loves,excellent,awesome,highly,wonderful,potatoes,ever,loved,perfect,cake,love,happy,best,x,perfectly,handy,salad,easy,pleased,thank,ze,amazing,kids,mas
great,loves,excellent,awesome,highly,wonderful,potatoes,ever,loved,perfect,cake,love,happy,best,x,perfectly,handy,salad,easy,pleased,thank,ze,amazing,kids,mas
great,loves,excellent,awesome,highly,wonderful,potatoes,ever,loved,perfect,cake,love,happy,best,x,perfectly,handy,salad,easy,pleased,thank,ze,amazing,kids,mas
great,loves,excellent,awesome,highly,wonderful,potatoes,ever,loved,perfect,cake,love,happy,best,x,perfectly,handy,salad,easy,pleased,thank,ze,amazing,kids,mas
great,loves,excellent,awesome,highly,wonderful,potatoes,ever,loved,perfect,cake,love,happy,best,x,perfectly,handy,salad,easy,pleased,thank,ze,amazing,kids,mas
great,loves,excellent,awesome,highly,wonderful,potatoes,ever,loved,perfect,cake,love,happy,best,x,perfectly,handy,salad,easy,pleased,thank,ze,amazing,kids,mas
great,loves,excellent,awesome,highly,wonderful,potatoes,ever,loved,perfect,cake,love,happy,best,x,perfectly,handy,salad,easy,pleased,thank,ze,amazing,kids,mas
great,loves,excellent,awesome,highly,wonderful,potatoes,ever,loved,perfect,cake,love,happy,best,x,perfectly,handy,salad,easy,pleased,thank,ze,amazing,kids,mas
great,loves,excellent,awesome,highly,wonderful,potatoes,ever,loved,perfect,cake,love,happy,best,x,perfectly,handy,salad,easy,pleased,thank,ze,amazing,kids,mas
great,loves,excellent,awesome,highly,wonderful,potatoes,ever,loved,perfect,cake,love,happy,best,x,perfectly,handy,salad,easy,pleased,thank,ze,amazing,kids,mas
great,loves,excellent,awesome,highly,wonderful,potatoes,ever,loved,perfect,cake,love,happy,best,x,perfectly,handy,salad,easy,pleased,thank,ze,amazing,kids,mas
great,loves,excellent,awesome,highly,wonderful,potatoes,ever,loved,perfect,cake,love,happy,best,x,perfectly,handy,salad,easy,pleased,thank,ze,amazing,kids,mas
great,loves,excellent,awesome,highly,wonderful,potatoes,ever,loved,perfect,cake,love,happy,best,x,perfectly,handy,salad,easy,pleased,thank,ze,amazing,kids,mas
great,loves,excellent,awesome,highly,wonderful,potatoes,ever,loved,perfect,cake,love,happy,best,x,perfectly,handy,salad,easy,pleased,thank,ze,amazing,kids,mas
great,loves,excellent,awesome,highly,wonderful,potatoes,ever,loved,perfect,cake,love,happy,best,x,perfectly,handy,salad,easy,pleased,thank,ze,amazing,kids,mas
great,loves,excellent,awesome,highly,wonderful,potatoes,ever,loved,perfect,cake,love,happy,best,x,perfectly,handy,salad,easy,pleased,thank,ze,amazing,kids,mas
great,loves,excellent,awesome,highly,wonderful,potatoes,ever,loved,perfect,cake,love,happy,best,x,perfectly,handy,salad,easy,pleased,thank,ze,amazing,kids,mas
great,loves,excellent,awesome,highly,wonderful,potatoes,ever,loved,perfect,cake,love,happy,best,x,perfectly,handy,salad,easy,pleased,thank,ze,amazing,kids,mas
great,loves,excellent,awesome,highly,wonderful,potatoes,ever,loved,perfect,cake,love,happy,best,x,perfectly,handy,salad,easy,pleased,thank,ze,amazing,kids,mas
great,loves,excellent,awesome,highly,wonderful,potatoes,ever,loved,perfect,cake,love,happy,best,x,perfectly,handy,salad,easy,pleased,thank,ze,amazing,kids,mas
great,loves,excellent,awesome,highly,wonderful,potatoes,ever,loved,perfect,cake,love,happy,best,x,perfectly,handy,salad,easy,pleased,thank,ze,amazing,kids,mas
great,loves,excellent,awesome,highly,wonderful,potatoes,ever,loved,perfect,cake,love,happy,best,x,perfectly,handy,salad,easy,pleased,thank,ze,amazing,kids,mas
great,loves,excellent,awesome,highly,wonderful,potatoes,ever,loved,perfect,cake,love,happy,best,x,perfectly,handy,salad,easy,pleased,thank,ze,amazing,kids,mas
great,loves,excellent,awesome,highly,wonderful,potatoes,ever,loved,perfect,cake,love,happy,best,x,perfectly,handy,salad,easy,pleased,thank,ze,amazing,kids,mas
great,loves,excellent,awesome,highly,wonderful,potatoes,ever,loved,perfect,cake,love,happy,best,x,perfectly,handy,salad,easy,pleased,thank,ze,amazing,kids,mas
great,loves,excellent,awesome,highly,wonderful,potatoes,ever,loved,perfect,cake,love,happy,best,x,perfectly,handy,salad,easy,pleased,thank,ze,amazing,kids,mas
great,loves,excellent,awesome,highly,wonderful,potatoes,ever,loved,perfect,cake,love,happy,best,x,perfectly,handy,salad,easy,pleased,thank,ze,amazing,kids,mas
great,loves,excellent,awesome,highly,wonderful,potatoes,ever,loved,perfect,cake,love,happy,best,x,perfectly,handy,salad,easy,pleased,thank,ze,amazing,kids,mas
great,loves,excellent,awesome,highly,wonderful,potatoes,ever,loved,perfect,cake,love,happy,best,x,perfectly,handy,salad,easy,pleased,thank,ze,amazing,kids,mas
great,loves,excellent,awesome,highly,wonderful,potatoes,ever,loved,perfect,cake,love,happy,best,x,perfectly,handy,salad,easy,pleased,thank,ze,amazing,kids,mas
great,loves,excellent,awesome,highly,wonderful,potatoes,ever,loved,perfect,cake,love,happy,best,x,perfectly,handy,salad,easy,pleased,thank,ze,amazing,kids,mas
great,loves,excellent,awesome,highly,wonderful,potatoes,ever,loved,perfect,cake,love,happy,best,x,perfectly,handy,salad,easy,pleased,thank,ze,amazing,kids,mas
great,loves,excellent,awesome,highly,wonderful,potatoes,ever,loved,perfect,cake,love,happy,best,x,perfectly,handy,salad,easy,pleased,thank,ze,amazing,kids,mas
great,loves,excellent,awesome,highly,wonderful,potatoes,ever,loved,perfect,cake,love,happy,best,x,perfectly,handy,salad,easy,pleased,thank,ze,amazing,kids,mas
great,loves,excellent,awesome,highly,wonderful,potatoes,ever,loved,perfect,cake,love,happy,best,x,perfectly,handy,salad,easy,pleased,thank,ze,amazing,kids,mas
great,loves,excellent,awesome,highly,wonderful,potatoes,ever,loved,perfect,cake,love,happy,best,x,perfectly,handy,salad,easy,pleased,thank,ze,amazing,kids,mas
great,loves,excellent,awesome,highly,wonderful,potatoes,ever,loved,perfect,cake,love,happy,best,x,perfectly,handy,salad,easy,pleased,thank,ze,amazing,kids,mas
great,loves,excellent,awesome,highly,wonderful,potatoes,ever,loved,perfect,cake,love,happy,best,x,perfectly,handy,salad,easy,pleased,thank,ze,amazing,kids,mas
great,loves,excellent,awesome,highly,wonderful,potatoes,ever,loved,perfect,cake,love,happy,best,x,perfectly,handy,salad,easy,pleased,thank,ze,amazing,kids,mas
great,loves,excellent,awesome,highly,wonderful,potatoes,ever,loved,perfect,cake,love,happy,best,x,perfectly,handy,salad,easy,pleased,thank,ze,amazing,kids,mas
great,loves,excellent,awesome,highly,wonderful,potatoes,ever,loved,perfect,cake,love,happy,best,x,perfectly,handy,salad,easy,pleased,thank,ze,amazing,kids,mas
great,loves,excellent,awesome,highly,wonderful,potatoes,ever,loved,perfect,cake,love,happy,best,x,perfectly,handy,salad,easy,pleased,thank,ze,amazing,kids,mas
great,loves,excellent,awesome,highly,wonderful,potatoes,ever,loved,perfect,cake,love,happy,best,x,perfectly,handy,salad,easy,pleased,thank,ze,amazing,kids,mas
great,loves,excellent,awesome,highly,wonderful,potatoes,ever,loved,perfect,cake,love,happy,best,x,perfectly,handy,salad,easy,pleased,thank,ze,amazing,kids,mas
great,loves,excellent,awesome,highly,wonderful,potatoes,ever,loved,perfect,cake,love,happy,best,x,perfectly,handy,salad,easy,pleased,thank,ze,amazing,kids,mas
great,loves,excellent,awesome,highly,wonderful,potatoes,ever,loved,perfect,cake,love,happy,best,x,perfectly,handy,salad,easy,pleased,thank,ze,amazing,kids,mas
great,loves,excellent,awesome,highly,wonderful,potatoes,ever,loved,perfect,cake,love,happy,best,x,perfectly,handy,salad,easy,pleased,thank,ze,amazing,kids,mas
great,loves,excellent,awesome,highly,wonderful,potatoes,ever,loved,perfect,cake,love,happy,best,x,perfectly,handy,salad,easy,pleased,thank,ze,amazing,kids,mas
great,loves,excellent,awesome,highly,wonderful,potatoes,ever,loved,perfect,cake,love,happy,best,x,perfectly,handy,salad,easy,pleased,thank,ze,amazing,kids,mas
great,loves,excellent,awesome,highly,wonderful,potatoes,ever,loved,perfect,cake,love,happy,best,x,perfectly,handy,salad,easy,pleased,thank,ze,amazing,kids,mas
great,loves,excellent,awesome,highly,wonderful,potatoes,ever,loved,perfect,cake,love,happy,best,x,perfectly,handy,salad,easy,pleased,thank,ze,amazing,kids,mas
great,loves,excellent,awesome,highly,wonderful,potatoes,ever,loved,perfect,cake,love,happy,best,x,perfectly,handy,salad,easy,pleased,thank,ze,amazing,kids,mas
great,loves,excellent,awesome,highly,wonderful,potatoes,loved,perfect,cake,love,happy,best,x,perfectly,handy,salad,easy,pressure,pleased,thank,ze,amazing,kids,mas
great,loves,excellent,awesome,highly,wonderful,potatoes,loved,perfect,cake,love,happy,best,x,perfectly,handy,salad,easy,pressure,pleased,thank,ze,amazing,kids,mas
great,loves,excellent,awesome,highly,wonderful,potatoes,loved,perfect,cake,love,happy,best,x,perfectly,handy,salad,easy,pressure,pleased,thank,ze,amazing,kids,mas
great,loves,excellent,awesome,highly,wonderful,potatoes,loved,perfect,cake,love,happy,best,x,perfectly,handy,salad,easy,pressure,pleased,thank,ze,amazing,kids,mas
great,loves,excellent,awesome,highly,wonderful,potatoes,loved,perfect,cake,love,happy,best,x,perfectly,handy,salad,easy,pressure,pleased,thank,ze,amazing,kids,mas
great,loves,excellent,awesome,highly,wonderful,potatoes,loved,perfect,cake,love,happy,best,x,perfectly,handy,salad,easy,pressure,pleased,thank,ze,amazing,kids,mas
great,loves,excellent,awesome,highly,wonderful,potatoes,loved,perfect,cake,love,happy,best,x,perfectly,handy,salad,easy,pressure,pleased,thank,ze,amazing,kids,mas
great,loves,excellent,awesome,highly,wonderful,potatoes,loved,perfect,cake,love,happy,best,x,perfectly,handy,salad,easy,pressure,pleased,thank,ze,amazing,kids,mas
great,loves,excellent,awesome,highly,wonderful,potatoes,loved,perfect,cake,love,happy,best,x,perfectly,handy,salad,easy,pressure,pleased,thank,ze,amazing,kids,mas
great,loves,excellent,awesome,highly,wonderful,potatoes,loved,perfect,cake,love,happy,best,x,perfectly,handy,salad,easy,pressure,pleased,thank,ze,amazing,kids,mas
great,loves,excellent,awesome,highly,wonderful,potatoes,loved,perfect,cake,love,happy,best,x,perfectly,handy,salad,easy,pressure,pleased,thank,ze,amazing,kids,mas
great,loves,excellent,awesome,highly,wonderful,potatoes,loved,perfect,cake,love,happy,best,x,perfectly,handy,salad,easy,pressure,pleased,thank,ze,amazing,kids,mas
great,loves,excellent,awesome,highly,wonderful,potatoes,loved,perfect,cake,love,happy,best,x,perfectly,handy,salad,easy,pressure,pleased,thank,ze,amazing,kids,mas
great,loves,excellent,awesome,highly,wonderful,potatoes,loved,perfect,cake,love,happy,best,x,perfectly,handy,salad,easy,pressure,pleased,thank,ze,amazing,kids,mas
great,loves,excellent,awesome,highly,wonderful,potatoes,loved,perfect,cake,love,happy,best,x,perfectly,handy,salad,easy,pressure,pleased,thank,ze,amazing,kids,mas
great,loves,excellent,awesome,highly,wonderful,potatoes,loved,perfect,cake,love,happy,best,x,perfectly,handy,salad,easy,pressure,pleased,thank,ze,amazing,kids,mas
great,loves,excellent,awesome,highly,wonderful,potatoes,loved,perfect,cake,love,happy,best,x,perfectly,handy,salad,easy,pressure,pleased,thank,ze,amazing,kids,mas
great,loves,excellent,awesome,highly,wonderful,potatoes,loved,perfect,cake,love,happy,best,x,perfectly,handy,salad,easy,pressure,pleased,thank,ze,amazing,kids,mas
great,loves,excellent,awesome,highly,wonderful,potatoes,loved,perfect,cake,love,happy,best,x,perfectly,handy,salad,easy,pressure,pleased,thank,ze,amazing,kids,mas
great,loves,excellent,awesome,highly,wonderful,potatoes,loved,perfect,cake,love,happy,best,x,perfectly,handy,salad,easy,pressure,pleased,thank,ze,amazing,kids,mas
great,loves,excellent,awesome,highly,wonderful,potatoes,loved,perfect,cake,love,happy,best,x,perfectly,handy,salad,easy,pressure,pleased,thank,ze,amazing,kids,mas
great,loves,excellent,awesome,highly,wonderful,potatoes,loved,perfect,cake,love,happy,best,x,perfectly,handy,salad,easy,pressure,pleased,thank,ze,amazing,kids,mas
great,loves,excellent,awesome,highly,wonderful,potatoes,loved,perfect,cake,love,happy,best,x,perfectly,handy,salad,easy,pressure,pleased,thank,ze,amazing,kids,mas
great,loves,excellent,awesome,highly,wonderful,potatoes,loved,perfect,cake,love,happy,best,x,perfectly,handy,salad,easy,pressure,pleased,thank,ze,amazing,kids,mas
great,loves,excellent,awesome,highly,wonderful,potatoes,loved,perfect,cake,love,happy,best,x,perfectly,handy,salad,easy,pressure,pleased,thank,ze,amazing,kids,mas
great,loves,excellent,awesome,highly,wonderful,potatoes,loved,perfect,cake,love,happy,best,x,perfectly,handy,salad,easy,pressure,pleased,thank,ze,amazing,kids,mas
great,loves,excellent,awesome,highly,wonderful,potatoes,loved,perfect,cake,love,happy,best,x,perfectly,handy,salad,easy,pressure,pleased,thank,ze,amazing,kids,mas
great,loves,excellent,awesome,highly,wonderful,potatoes,loved,perfect,cake,love,happy,best,x,perfectly,handy,salad,easy,pressure,pleased,thank,ze,amazing,kids,mas
great,loves,excellent,awesome,highly,wonderful,potatoes,loved,perfect,cake,love,happy,best,x,perfectly,handy,salad,easy,pressure,pleased,thank,ze,amazing,kids,mas
great,loves,excellent,awesome,highly,wonderful,potatoes,loved,perfect,cake,love,happy,glad,best,x,perfectly,handy,salad,easy,pressure,pleased,thank,ze,kids,mas
great,loves,excellent,awesome,highly,wonderful,potatoes,loved,perfect,cake,love,happy,glad,best,x,perfectly,handy,salad,easy,pressure,pleased,thank,ze,kids,mas
great,loves,excellent,awesome,highly,wonderful,potatoes,loved,perfect,cake,love,happy,glad,best,x,perfectly,handy,salad,easy,pressure,pleased,thank,ze,kids,mas
great,loves,excellent,awesome,highly,wonderful,potatoes,loved,perfect,cake,love,happy,glad,best,x,perfectly,handy,salad,easy,pressure,pleased,thank,ze,kids,mas
great,loves,excellent,awesome,highly,wonderful,potatoes,loved,perfect,cake,love,happy,glad,best,x,perfectly,handy,salad,easy,pressure,pleased,thank,ze,kids,mas
great,loves,excellent,awesome,highly,wonderful,potatoes,loved,perfect,cake,love,happy,glad,best,x,perfectly,handy,salad,easy,pressure,pleased,thank,ze,kids,mas
great,loves,excellent,awesome,highly,wonderful,potatoes,loved,perfect,cake,love,happy,glad,best,x,perfectly,handy,salad,easy,pressure,pleased,thank,ze,kids,mas
great,loves,excellent,awesome,highly,wonderful,potatoes,loved,perfect,cake,love,happy,glad,best,x,perfectly,handy,salad,easy,pressure,pleased,thank,ze,kids,mas
great,loves,excellent,awesome,highly,wonderful,potatoes,loved,perfect,cake,love,happy,glad,best,x,perfectly,handy,salad,easy,pressure,pleased,thank,ze,kids,mas
great,loves,excellent,awesome,highly,wonderful,potatoes,loved,perfect,cake,love,happy,glad,best,x,perfectly,handy,salad,easy,pressure,pleased,thank,ze,kids,mas
great,loves,excellent,awesome,highly,wonderful,potatoes,loved,perfect,cake,love,happy,glad,best,x,perfectly,handy,salad,easy,pressure,pleased,thank,ze,kids,mas
great,loves,excellent,awesome,highly,wonderful,potatoes,loved,perfect,cake,love,happy,glad,best,x,perfectly,handy,salad,easy,pressure,pleased,thank,ze,kids,mas
great,loves,excellent,awesome,highly,wonderful,potatoes,loved,perfect,cake,love,happy,glad,best,x,perfectly,handy,salad,easy,pressure,pleased,thank,ze,kids,mas
great,loves,excellent,awesome,highly,wonderful,potatoes,loved,perfect,cake,love,happy,glad,best,x,perfectly,handy,salad,easy,pressure,pleased,thank,ze,kids,mas
great,loves,excellent,awesome,highly,wonderful,potatoes,loved,perfect,cake,love,happy,glad,best,x,perfectly,handy,salad,easy,pressure,pleased,thank,ze,kids,mas
great,loves,excellent,awesome,highly,wonderful,potatoes,loved,perfect,cake,love,happy,glad,best,x,perfectly,handy,salad,easy,pressure,pleased,thank,ze,kids,mas
great,loves,excellent,awesome,highly,wonderful,potatoes,loved,perfect,cake,love,happy,glad,best,x,perfectly,handy,salad,easy,pressure,pleased,thank,ze,kids,mas
great,loves,excellent,awesome,highly,wonderful,potatoes,loved,perfect,cake,love,happy,glad,best,x,perfectly,handy,salad,easy,pressure,pleased,thank,ze,kids,mas
great,loves,excellent,awesome,highly,wonderful,potatoes,loved,perfect,cake,love,happy,glad,best,x,perfectly,handy,salad,easy,pressure,pleased,thank,ze,kids,mas
great,loves,excellent,awesome,highly,wonderful,potatoes,loved,perfect,cake,love,happy,glad,best,x,perfectly,handy,salad,easy,pressure,pleased,thank,ze,kids,mas
great,loves,excellent,awesome,highly,wonderful,potatoes,loved,perfect,cake,love,happy,glad,best,x,perfectly,handy,salad,easy,pressure,pleased,thank,ze,kids,mas
great,loves,excellent,awesome,highly,wonderful,potatoes,loved,perfect,cake,love,happy,glad,best,x,perfectly,handy,salad,easy,pressure,pleased,thank,ze,kids,mas
great,loves,excellent,awesome,highly,wonderful,potatoes,loved,perfect,cake,love,happy,glad,best,x,perfectly,handy,salad,easy,pressure,pleased,thank,ze,kids,mas
great,loves,excellent,awesome,highly,wonderful,potatoes,loved,perfect,cake,love,happy,glad,best,x,perfectly,handy,salad,easy,pressure,pleased,thank,ze,kids,mas
great,loves,excellent,awesome,highly,wonderful,potatoes,loved,perfect,cake,love,happy,glad,best,x,perfectly,handy,salad,easy,pressure,pleased,thank,ze,kids,mas
great,loves,excellent,awesome,highly,wonderful,potatoes,loved,perfect,cake,love,happy,glad,best,x,perfectly,handy,salad,easy,pressure,pleased,thank,ze,kids,mas
great,loves,excellent,awesome,highly,wonderful,potatoes,loved,perfect,cake,love,happy,glad,best,x,perfectly,handy,salad,easy,pressure,pleased,thank,ze,kids,mas
great,loves,excellent,awesome,highly,wonderful,potatoes,loved,perfect,cake,love,happy,glad,best,x,perfectly,handy,salad,easy,pressure,pleased,thank,ze,kids,mas
great,loves,excellent,awesome,highly,wonderful,potatoes,loved,perfect,cake,love,happy,glad,best,x,perfectly,handy,salad,easy,pressure,pleased,thank,ze,kids,mas
great,loves,excellent,awesome,highly,wonderful,potatoes,loved,perfect,cake,love,happy,glad,best,x,perfectly,handy,salad,easy,pressure,pleased,thank,ze,kids,mas
great,loves,excellent,awesome,highly,wonderful,potatoes,loved,perfect,cake,love,happy,glad,best,x,perfectly,handy,salad,easy,pressure,pleased,thank,ze,kids,mas
great,loves,excellent,awesome,highly,wonderful,potatoes,loved,perfect,cake,love,happy,glad,best,x,perfectly,handy,salad,easy,pressure,pleased,thank,ze,kids,mas
great,loves,excellent,awesome,highly,wonderful,potatoes,loved,perfect,cake,love,happy,glad,best,x,perfectly,handy,salad,easy,pressure,pleased,thank,ze,kids,mas
great,loves,excellent,awesome,highly,wonderful,potatoes,loved,perfect,cake,love,happy,glad,best,x,perfectly,handy,salad,easy,pressure,pleased,thank,ze,kids,mas
great,loves,excellent,awesome,highly,wonderful,potatoes,loved,perfect,cake,love,happy,glad,best,x,perfectly,handy,salad,easy,pressure,pleased,thank,ze,kids,mas
great,loves,excellent,awesome,highly,wonderful,potatoes,loved,perfect,cake,love,happy,glad,best,x,perfectly,handy,salad,easy,pressure,pleased,thank,ze,kids,mas
great,loves,excellent,awesome,highly,wonderful,potatoes,loved,perfect,cake,love,happy,glad,best,x,perfectly,handy,salad,easy,pressure,pleased,thank,ze,kids,mas
great,loves,excellent,awesome,highly,wonderful,potatoes,loved,perfect,cake,love,happy,glad,best,x,perfectly,handy,salad,easy,pressure,pleased,thank,ze,kids,mas
great,loves,excellent,awesome,highly,wonderful,potatoes,loved,perfect,cake,love,happy,glad,best,x,perfectly,handy,salad,easy,pressure,pleased,thank,ze,kids,mas
great,loves,excellent,awesome,highly,wonderful,potatoes,loved,perfect,cake,love,happy,glad,best,x,perfectly,handy,salad,easy,pressure,pleased,thank,ze,kids,mas
great,loves,excellent,awesome,highly,wonderful,potatoes,loved,perfect,cake,love,happy,glad,best,x,perfectly,handy,salad,easy,pressure,pleased,thank,ze,kids,mas
great,loves,excellent,awesome,highly,wonderful,potatoes,loved,perfect,cake,love,happy,glad,best,x,perfectly,handy,salad,easy,pressure,pleased,thank,ze,kids,mas
great,loves,excellent,awesome,highly,wonderful,potatoes,loved,perfect,cake,love,happy,glad,best,x,perfectly,handy,salad,easy,pressure,pleased,thank,ze,kids,mas
great,loves,excellent,awesome,highly,wonderful,potatoes,loved,perfect,cake,love,happy,glad,best,x,perfectly,handy,salad,easy,pressure,pleased,thank,ze,kids,mas
great,loves,excellent,awesome,highly,wonderful,potatoes,loved,perfect,cake,love,happy,glad,best,x,perfectly,handy,salad,easy,pressure,pleased,thank,ze,kids,mas
great,loves,excellent,awesome,highly,wonderful,potatoes,loved,perfect,cake,love,happy,glad,best,x,perfectly,handy,salad,easy,pressure,pleased,thank,ze,kids,mas
great,loves,excellent,awesome,highly,wonderful,potatoes,loved,perfect,cake,love,happy,glad,best,x,perfectly,handy,salad,easy,pressure,pleased,thank,ze,kids,mas
great,loves,excellent,awesome,highly,wonderful,potatoes,loved,perfect,cake,love,happy,glad,best,x,perfectly,handy,salad,easy,pressure,pleased,thank,ze,kids,mas
great,loves,excellent,awesome,highly,wonderful,potatoes,loved,perfect,cake,love,happy,glad,best,x,perfectly,handy,salad,easy,pressure,pleased,thank,ze,kids,mas
great,loves,excellent,awesome,highly,wonderful,potatoes,loved,perfect,cake,love,happy,glad,best,x,perfectly,handy,salad,easy,pressure,pleased,thank,ze,kids,mas
great,loves,excellent,awesome,highly,wonderful,potatoes,loved,perfect,cake,love,happy,glad,best,x,perfectly,handy,salad,easy,pressure,pleased,thank,ze,kids,mas
great,loves,excellent,awesome,highly,wonderful,potatoes,loved,perfect,cake,love,happy,glad,best,x,perfectly,handy,salad,easy,pressure,pleased,thank,ze,kids,mas
great,loves,excellent,awesome,highly,wonderful,potatoes,loved,perfect,cake,love,happy,glad,best,x,perfectly,handy,salad,easy,pressure,pleased,thank,ze,kids,mas
great,loves,excellent,awesome,highly,wonderful,potatoes,loved,perfect,cake,love,happy,glad,best,x,perfectly,handy,salad,easy,pressure,pleased,thank,ze,kids,mas
great,loves,excellent,awesome,highly,wonderful,potatoes,loved,perfect,cake,love,happy,glad,best,x,perfectly,handy,salad,easy,pressure,pleased,thank,ze,kids,mas
great,loves,excellent,awesome,highly,wonderful,potatoes,loved,perfect,cake,love,happy,glad,best,x,perfectly,handy,salad,easy,pressure,pleased,thank,ze,kids,mas
great,loves,excellent,awesome,highly,wonderful,potatoes,loved,perfect,cake,love,happy,glad,best,x,perfectly,handy,salad,easy,pressure,pleased,thank,ze,kids,mas
great,loves,excellent,awesome,highly,wonderful,potatoes,loved,perfect,cake,love,happy,glad,best,x,perfectly,handy,salad,easy,pressure,pleased,thank,ze,kids,mas
great,loves,excellent,awesome,highly,wonderful,potatoes,loved,perfect,cake,love,happy,glad,best,x,perfectly,handy,salad,easy,pressure,pleased,thank,ze,kids,mas
great,loves,excellent,awesome,highly,wonderful,potatoes,loved,perfect,cake,love,happy,glad,best,x,perfectly,handy,salad,easy,pressure,pleased,thank,ze,kids,mas
great,loves,excellent,awesome,highly,wonderful,potatoes,loved,perfect,cake,love,happy,glad,best,x,perfectly,handy,salad,easy,pressure,pleased,thank,ze,kids,mas
great,loves,excellent,awesome,highly,wonderful,potatoes,loved,perfect,cake,love,happy,glad,best,x,perfectly,handy,salad,easy,pressure,pleased,thank,ze,kids,mas
great,loves,excellent,awesome,highly,wonderful,potatoes,loved,perfect,cake,love,happy,glad,best,x,perfectly,handy,salad,easy,pressure,pleased,thank,ze,kids,mas
great,loves,excellent,awesome,highly,wonderful,potatoes,loved,perfect,cake,love,happy,glad,best,x,perfectly,handy,salad,easy,pressure,pleased,thank,ze,kids,mas
great,loves,excellent,awesome,highly,wonderful,potatoes,loved,perfect,cake,love,happy,glad,best,x,perfectly,handy,salad,easy,pressure,pleased,thank,ze,kids,mas
great,loves,excellent,awesome,highly,wonderful,potatoes,loved,perfect,cake,love,happy,glad,best,x,perfectly,handy,salad,easy,pressure,pleased,thank,ze,kids,mas
great,loves,excellent,awesome,highly,wonderful,potatoes,loved,perfect,cake,love,happy,glad,best,x,perfectly,handy,salad,easy,pressure,pleased,thank,ze,kids,mas
great,loves,excellent,awesome,highly,wonderful,potatoes,loved,perfect,cake,love,happy,glad,best,x,perfectly,handy,salad,easy,pressure,pleased,thank,ze,kids,mas
great,loves,excellent,awesome,highly,wonderful,potatoes,loved,perfect,cake,love,happy,glad,best,x,perfectly,handy,salad,easy,pressure,pleased,thank,ze,kids,mas
great,loves,excellent,awesome,highly,wonderful,potatoes,loved,perfect,cake,love,happy,glad,best,x,perfectly,handy,salad,easy,pressure,pleased,thank,ze,kids,mas
great,loves,excellent,awesome,highly,wonderful,potatoes,loved,perfect,cake,love,happy,glad,best,x,perfectly,handy,salad,easy,pressure,pleased,thank,ze,kids,mas
great,loves,excellent,awesome,highly,wonderful,potatoes,loved,perfect,cake,love,happy,glad,best,x,perfectly,handy,salad,easy,pressure,pleased,thank,ze,kids,mas
great,loves,excellent,awesome,highly,wonderful,potatoes,loved,perfect,cake,love,happy,glad,best,x,perfectly,handy,salad,easy,pressure,pleased,thank,ze,kids,mas
great,loves,excellent,awesome,highly,wonderful,potatoes,loved,perfect,cake,love,happy,glad,best,x,perfectly,handy,salad,easy,pressure,pleased,thank,ze,kids,mas
great,loves,excellent,awesome,highly,wonderful,potatoes,loved,perfect,cake,love,happy,glad,best,x,perfectly,handy,salad,easy,pressure,pleased,thank,ze,kids,mas
great,loves,excellent,awesome,highly,wonderful,potatoes,loved,perfect,cake,love,happy,glad,best,x,perfectly,handy,salad,easy,pressure,pleased,thank,ze,kids,mas
great,loves,excellent,awesome,highly,wonderful,potatoes,loved,perfect,cake,love,happy,glad,best,x,perfectly,handy,salad,easy,pressure,pleased,thank,ze,kids,mas
great,loves,excellent,awesome,highly,wonderful,potatoes,loved,perfect,cake,love,happy,glad,best,x,perfectly,handy,salad,easy,pressure,pleased,thank,ze,kids,mas
great,loves,excellent,awesome,highly,wonderful,potatoes,loved,perfect,cake,love,happy,glad,best,x,perfectly,handy,salad,easy,pressure,pleased,thank,ze,kids,mas
great,loves,excellent,awesome,highly,wonderful,potatoes,loved,perfect,cake,love,happy,glad,best,x,perfectly,handy,salad,easy,pressure,pleased,thank,ze,kids,mas
great,loves,excellent,awesome,highly,wonderful,potatoes,loved,perfect,cake,love,happy,glad,best,x,perfectly,handy,salad,easy,pressure,pleased,thank,ze,kids,mas
great,loves,excellent,awesome,highly,wonderful,potatoes,loved,perfect,cake,love,happy,glad,best,x,perfectly,handy,salad,easy,pressure,pleased,thank,ze,kids,mas
great,loves,excellent,awesome,highly,wonderful,potatoes,perfect,ever,cake,love,happy,glad,best,x,perfectly,handy,salad,easy,pressure,pleased,thank,ze,kids,mas
great,loves,excellent,awesome,highly,wonderful,potatoes,perfect,ever,cake,love,happy,glad,best,x,perfectly,handy,salad,easy,pressure,pleased,thank,ze,kids,mas
great,loves,excellent,awesome,highly,wonderful,potatoes,perfect,ever,cake,love,happy,glad,best,x,perfectly,handy,salad,easy,pressure,pleased,thank,ze,kids,mas
great,loves,excellent,awesome,highly,wonderful,potatoes,perfect,ever,cake,love,happy,glad,best,x,perfectly,handy,salad,easy,pressure,pleased,thank,ze,kids,mas
great,loves,excellent,awesome,highly,wonderful,potatoes,perfect,ever,cake,love,happy,glad,best,x,perfectly,handy,salad,easy,pressure,pleased,thank,ze,kids,mas
great,loves,excellent,awesome,highly,wonderful,potatoes,perfect,ever,cake,love,happy,glad,best,x,perfectly,handy,salad,easy,pressure,pleased,thank,ze,kids,mas
great,loves,excellent,awesome,highly,wonderful,potatoes,perfect,ever,cake,love,happy,glad,best,x,perfectly,handy,salad,easy,pressure,pleased,thank,ze,kids,mas
great,loves,excellent,awesome,highly,wonderful,potatoes,perfect,ever,cake,love,happy,glad,best,x,perfectly,handy,salad,easy,pressure,pleased,thank,ze,kids,mas
great,loves,excellent,awesome,highly,wonderful,potatoes,perfect,ever,cake,love,happy,glad,best,x,perfectly,handy,salad,easy,pressure,pleased,thank,ze,kids,mas
great,loves,excellent,awesome,highly,wonderful,potatoes,perfect,ever,cake,love,happy,glad,best,x,perfectly,handy,salad,easy,pressure,pleased,thank,ze,kids,mas
great,loves,excellent,awesome,highly,wonderful,potatoes,perfect,ever,cake,love,happy,glad,best,x,perfectly,handy,salad,easy,pressure,pleased,thank,ze,kids,mas
great,loves,excellent,awesome,highly,wonderful,potatoes,perfect,ever,cake,love,happy,glad,best,x,perfectly,handy,salad,easy,pressure,pleased,thank,ze,kids,mas
great,loves,excellent,awesome,highly,wonderful,potatoes,perfect,ever,cake,love,happy,glad,best,x,perfectly,handy,salad,easy,pressure,pleased,thank,ze,kids,mas
great,loves,excellent,awesome,highly,wonderful,potatoes,perfect,ever,cake,love,happy,glad,best,x,perfectly,handy,salad,easy,pressure,pleased,thank,ze,kids,mas
great,loves,excellent,awesome,highly,wonderful,potatoes,perfect,ever,cake,love,happy,glad,best,x,perfectly,handy,salad,easy,pressure,pleased,thank,ze,kids,mas
great,loves,excellent,awesome,highly,wonderful,potatoes,perfect,ever,cake,love,happy,glad,best,x,perfectly,handy,salad,easy,pressure,pleased,thank,ze,kids,mas
great,loves,excellent,awesome,highly,wonderful,potatoes,perfect,ever,cake,love,happy,glad,best,x,perfectly,handy,salad,easy,pressure,pleased,thank,ze,kids,mas
great,loves,excellent,awesome,highly,wonderful,potatoes,perfect,ever,cake,love,happy,glad,best,x,perfectly,handy,salad,easy,pressure,pleased,thank,ze,kids,mas
great,loves,excellent,awesome,highly,wonderful,potatoes,perfect,ever,cake,love,happy,glad,best,x,perfectly,handy,salad,easy,pressure,pleased,thank,ze,kids,mas
great,loves,excellent,awesome,highly,wonderful,potatoes,perfect,ever,cake,love,happy,glad,best,x,perfectly,handy,salad,easy,pressure,pleased,thank,ze,kids,mas
great,loves,excellent,awesome,highly,wonderful,potatoes,perfect,ever,cake,love,happy,glad,best,x,perfectly,handy,salad,easy,pressure,pleased,thank,ze,kids,mas
great,loves,excellent,awesome,highly,wonderful,potatoes,perfect,ever,cake,love,happy,glad,best,x,perfectly,handy,salad,easy,pressure,pleased,thank,ze,kids,mas
great,loves,excellent,awesome,highly,wonderful,potatoes,perfect,ever,cake,love,happy,glad,best,x,perfectly,handy,salad,easy,pressure,pleased,thank,ze,kids,mas
great,loves,excellent,awesome,highly,wonderful,potatoes,perfect,ever,cake,love,happy,glad,best,x,perfectly,handy,salad,easy,pressure,pleased,thank,ze,kids,mas
great,loves,excellent,awesome,highly,wonderful,potatoes,perfect,ever,cake,love,happy,glad,best,x,perfectly,handy,salad,easy,pressure,pleased,thank,ze,kids,mas
great,loves,excellent,awesome,highly,wonderful,potatoes,perfect,ever,cake,love,happy,glad,best,x,perfectly,handy,salad,easy,pressure,pleased,thank,ze,kids,mas
great,loves,excellent,awesome,highly,wonderful,potatoes,perfect,ever,cake,love,happy,glad,best,x,perfectly,handy,salad,easy,pressure,pleased,thank,ze,kids,mas
great,loves,excellent,awesome,highly,wonderful,potatoes,perfect,ever,cake,love,happy,glad,best,x,perfectly,handy,salad,easy,pressure,pleased,thank,ze,kids,mas
great,loves,excellent,awesome,highly,wonderful,potatoes,perfect,ever,cake,love,happy,glad,best,x,perfectly,handy,salad,easy,pressure,pleased,thank,ze,kids,mas
great,loves,excellent,awesome,highly,wonderful,potatoes,perfect,ever,cake,love,happy,glad,best,x,perfectly,handy,salad,easy,pressure,pleased,thank,ze,kids,mas
great,loves,excellent,awesome,highly,wonderful,potatoes,perfect,ever,cake,love,happy,glad,best,x,perfectly,handy,salad,easy,pressure,pleased,thank,ze,kids,mas
great,loves,excellent,awesome,highly,wonderful,potatoes,perfect,ever,cake,love,happy,glad,best,x,perfectly,handy,salad,easy,pressure,pleased,thank,ze,kids,mas
great,loves,excellent,awesome,highly,wonderful,potatoes,perfect,ever,cake,love,happy,glad,best,x,perfectly,handy,salad,easy,pressure,pleased,thank,ze,kids,mas
great,loves,excellent,awesome,highly,wonderful,potatoes,perfect,ever,cake,love,happy,glad,best,x,perfectly,handy,salad,easy,pressure,pleased,thank,ze,kids,mas
great,loves,excellent,awesome,highly,wonderful,potatoes,perfect,ever,cake,love,happy,glad,best,x,perfectly,handy,salad,easy,pressure,pleased,thank,ze,kids,mas
great,loves,excellent,awesome,highly,wonderful,potatoes,perfect,ever,cake,love,happy,glad,best,x,perfectly,handy,salad,easy,pressure,pleased,thank,ze,kids,mas
great,loves,excellent,awesome,highly,wonderful,potatoes,perfect,ever,cake,love,happy,glad,best,x,perfectly,handy,salad,easy,pressure,pleased,thank,ze,kids,mas
great,loves,excellent,awesome,highly,wonderful,potatoes,perfect,ever,cake,love,happy,glad,best,x,perfectly,handy,salad,easy,pressure,pleased,thank,ze,kids,mas
great,loves,excellent,awesome,highly,wonderful,potatoes,perfect,ever,cake,love,happy,glad,best,x,perfectly,handy,salad,easy,pressure,pleased,thank,ze,kids,mas
great,loves,excellent,awesome,highly,wonderful,potatoes,perfect,ever,cake,love,happy,glad,best,x,perfectly,handy,salad,easy,pressure,pleased,thank,ze,kids,mas
great,loves,excellent,awesome,highly,wonderful,potatoes,perfect,ever,cake,love,happy,glad,best,x,perfectly,handy,salad,easy,pressure,pleased,thank,ze,kids,mas
great,loves,excellent,awesome,highly,wonderful,potatoes,perfect,ever,cake,love,happy,glad,best,x,perfectly,handy,salad,easy,pressure,pleased,thank,ze,kids,mas
great,loves,excellent,awesome,highly,wonderful,potatoes,perfect,ever,cake,love,happy,glad,best,x,perfectly,handy,salad,easy,pressure,pleased,thank,ze,kids,mas
great,loves,excellent,awesome,highly,wonderful,potatoes,perfect,ever,cake,love,happy,glad,best,x,perfectly,handy,salad,easy,pressure,pleased,thank,ze,kids,mas
great,loves,excellent,awesome,highly,wonderful,potatoes,perfect,ever,cake,love,happy,glad,best,x,perfectly,handy,salad,easy,pressure,pleased,thank,ze,kids,mas
great,loves,excellent,awesome,highly,wonderful,potatoes,perfect,ever,cake,love,happy,glad,best,x,perfectly,handy,salad,easy,pressure,pleased,thank,ze,kids,mas
great,loves,excellent,awesome,highly,wonderful,potatoes,perfect,ever,cake,love,happy,glad,best,x,perfectly,handy,salad,easy,pressure,pleased,thank,ze,kids,mas
great,loves,excellent,awesome,highly,wonderful,potatoes,perfect,ever,cake,love,happy,glad,best,x,perfectly,handy,salad,easy,pressure,pleased,thank,ze,kids,mas
great,loves,excellent,awesome,highly,wonderful,potatoes,perfect,ever,cake,love,happy,glad,best,x,perfectly,handy,salad,easy,pressure,pleased,thank,ze,kids,mas
great,loves,excellent,awesome,highly,wonderful,potatoes,perfect,ever,cake,love,happy,glad,best,x,perfectly,handy,salad,easy,pressure,pleased,thank,ze,kids,mas
great,loves,excellent,awesome,highly,wonderful,potatoes,perfect,ever,cake,love,happy,glad,best,x,perfectly,handy,salad,easy,pressure,pleased,thank,ze,kids,mas
great,loves,excellent,awesome,highly,wonderful,potatoes,perfect,ever,cake,love,happy,glad,best,x,perfectly,handy,salad,easy,pressure,pleased,thank,ze,kids,mas
great,loves,excellent,awesome,highly,wonderful,potatoes,perfect,ever,cake,love,happy,glad,best,x,perfectly,handy,salad,easy,pressure,pleased,thank,ze,kids,mas
great,loves,excellent,awesome,highly,wonderful,potatoes,perfect,ever,cake,love,happy,glad,best,x,perfectly,handy,salad,easy,pressure,pleased,thank,ze,kids,mas
great,loves,excellent,awesome,highly,wonderful,potatoes,perfect,ever,cake,love,happy,glad,best,x,perfectly,handy,salad,easy,pressure,pleased,thank,ze,kids,mas
great,loves,excellent,awesome,highly,wonderful,potatoes,perfect,ever,cake,love,happy,glad,best,x,perfectly,handy,salad,easy,pressure,pleased,thank,ze,kids,mas
great,loves,excellent,awesome,highly,wonderful,potatoes,perfect,ever,cake,love,happy,glad,best,x,perfectly,handy,salad,easy,pressure,pleased,thank,ze,kids,mas
great,loves,excellent,awesome,highly,wonderful,potatoes,perfect,ever,cake,love,happy,glad,best,x,perfectly,handy,salad,easy,pressure,pleased,thank,ze,kids,mas
great,loves,excellent,awesome,highly,wonderful,potatoes,perfect,ever,cake,love,happy,glad,best,x,perfectly,handy,salad,easy,pressure,pleased,thank,ze,kids,mas
great,loves,excellent,awesome,highly,wonderful,potatoes,perfect,ever,cake,love,happy,glad,best,x,perfectly,handy,salad,easy,pressure,pleased,thank,ze,kids,mas
great,loves,excellent,awesome,highly,wonderful,potatoes,perfect,ever,cake,love,happy,glad,best,x,perfectly,handy,salad,easy,pressure,pleased,thank,ze,kids,mas
great,loves,excellent,awesome,highly,wonderful,potatoes,perfect,ever,cake,love,happy,glad,best,x,perfectly,handy,salad,easy,pressure,pleased,thank,ze,kids,mas
great,loves,excellent,awesome,highly,wonderful,potatoes,perfect,ever,cake,love,happy,glad,best,x,perfectly,handy,salad,easy,pressure,pleased,thank,ze,kids,mas
great,loves,excellent,awesome,highly,wonderful,potatoes,perfect,ever,cake,love,happy,glad,best,x,perfectly,handy,salad,easy,pressure,pleased,thank,ze,kids,mas
great,loves,excellent,awesome,highly,wonderful,potatoes,perfect,ever,cake,love,happy,glad,best,x,perfectly,handy,salad,easy,pressure,pleased,thank,ze,kids,mas
great,loves,excellent,awesome,highly,wonderful,potatoes,perfect,ever,cake,love,happy,glad,best,x,perfectly,handy,salad,easy,pressure,pleased,thank,ze,kids,mas
great,loves,excellent,awesome,highly,wonderful,potatoes,perfect,ever,cake,love,happy,glad,best,x,perfectly,handy,salad,easy,pressure,pleased,thank,ze,kids,mas
great,loves,excellent,awesome,highly,wonderful,potatoes,perfect,ever,cake,love,happy,glad,best,x,perfectly,handy,salad,easy,pressure,pleased,thank,ze,kids,mas
great,loves,excellent,awesome,highly,wonderful,potatoes,perfect,ever,cake,love,happy,glad,best,x,perfectly,handy,salad,easy,pressure,pleased,thank,ze,kids,mas
great,loves,excellent,awesome,highly,wonderful,potatoes,perfect,ever,cake,love,happy,glad,best,x,perfectly,handy,salad,easy,pressure,pleased,thank,ze,kids,mas
great,loves,excellent,awesome,highly,wonderful,potatoes,perfect,ever,cake,love,happy,glad,best,x,perfectly,handy,salad,easy,pressure,pleased,thank,ze,kids,mas
great,loves,excellent,awesome,highly,wonderful,potatoes,perfect,ever,cake,love,happy,glad,best,x,perfectly,handy,salad,easy,pressure,pleased,thank,ze,kids,mas
great,loves,excellent,awesome,highly,wonderful,potatoes,perfect,ever,cake,love,happy,glad,best,x,perfectly,handy,salad,easy,pressure,pleased,thank,ze,kids,mas
great,loves,excellent,awesome,highly,wonderful,potatoes,perfect,ever,cake,love,happy,glad,best,x,perfectly,handy,salad,easy,pressure,pleased,thank,ze,kids,mas
great,loves,excellent,awesome,highly,wonderful,potatoes,perfect,ever,cake,love,happy,glad,best,x,perfectly,handy,salad,easy,pressure,pleased,thank,ze,kids,mas
great,loves,excellent,awesome,highly,wonderful,potatoes,perfect,ever,cake,love,happy,glad,best,x,perfectly,handy,salad,easy,pressure,pleased,thank,ze,kids,mas
great,loves,excellent,awesome,highly,wonderful,potatoes,perfect,ever,cake,love,happy,glad,best,x,perfectly,handy,salad,easy,pressure,pleased,thank,ze,kids,mas
great,loves,excellent,awesome,highly,wonderful,potatoes,perfect,ever,cake,love,happy,glad,best,x,perfectly,handy,salad,easy,pressure,pleased,thank,ze,kids,mas
great,loves,excellent,awesome,highly,wonderful,potatoes,perfect,ever,cake,love,happy,glad,best,x,perfectly,handy,salad,easy,pressure,pleased,thank,ze,kids,mas
great,loves,excellent,awesome,highly,wonderful,potatoes,perfect,ever,cake,love,happy,glad,best,x,perfectly,handy,salad,easy,pressure,pleased,thank,ze,kids,mas
great,loves,excellent,awesome,highly,wonderful,potatoes,perfect,ever,cake,love,happy,glad,best,x,perfectly,handy,salad,easy,pressure,pleased,thank,ze,kids,mas
great,loves,excellent,awesome,highly,wonderful,potatoes,perfect,ever,cake,love,happy,glad,best,x,perfectly,handy,salad,easy,pressure,pleased,thank,ze,kids,mas
great,loves,excellent,awesome,highly,wonderful,potatoes,perfect,ever,cake,love,happy,glad,best,x,perfectly,handy,salad,easy,pressure,pleased,thank,ze,kids,mas
great,loves,excellent,awesome,highly,wonderful,potatoes,perfect,ever,cake,love,happy,glad,best,x,perfectly,handy,salad,easy,pressure,pleased,thank,ze,kids,mas
great,loves,excellent,awesome,highly,wonderful,potatoes,perfect,ever,cake,love,happy,glad,best,x,perfectly,handy,salad,easy,pressure,pleased,thank,ze,kids,mas
great,loves,excellent,awesome,highly,wonderful,potatoes,perfect,ever,cake,love,happy,glad,best,x,perfectly,handy,salad,easy,pressure,pleased,thank,ze,kids,mas
great,loves,excellent,awesome,highly,wonderful,potatoes,perfect,ever,cake,love,happy,glad,best,x,perfectly,handy,salad,easy,pressure,pleased,thank,ze,kids,mas
great,loves,excellent,awesome,highly,wonderful,potatoes,perfect,ever,cake,love,happy,glad,best,x,perfectly,handy,salad,easy,pressure,pleased,thank,ze,kids,mas
great,loves,excellent,awesome,highly,wonderful,potatoes,perfect,ever,cake,love,happy,glad,best,x,perfectly,handy,salad,easy,pressure,pleased,thank,ze,kids,mas
great,loves,excellent,awesome,highly,wonderful,potatoes,perfect,ever,cake,love,happy,glad,best,x,perfectly,handy,salad,easy,pressure,pleased,thank,ze,kids,mas
great,loves,excellent,awesome,highly,wonderful,potatoes,perfect,ever,cake,love,happy,glad,best,x,perfectly,handy,salad,easy,pressure,pleased,thank,ze,kids,mas
great,loves,excellent,awesome,highly,wonderful,potatoes,perfect,ever,cake,love,happy,glad,best,x,perfectly,handy,salad,easy,pressure,pleased,thank,ze,kids,mas
great,loves,excellent,awesome,highly,wonderful,potatoes,perfect,ever,cake,love,happy,glad,best,x,perfectly,handy,salad,easy,pressure,pleased,thank,ze,kids,mas
great,loves,excellent,awesome,highly,wonderful,potatoes,perfect,ever,cake,love,happy,glad,best,x,perfectly,handy,salad,easy,pressure,pleased,thank,ze,kids,mas
great,loves,excellent,awesome,highly,wonderful,potatoes,perfect,ever,cake,love,happy,glad,best,x,perfectly,handy,salad,easy,pressure,pleased,thank,ze,kids,mas
great,loves,excellent,awesome,highly,wonderful,potatoes,perfect,ever,cake,love,happy,glad,best,x,perfectly,handy,salad,easy,pressure,pleased,thank,ze,kids,mas
great,loves,excellent,awesome,highly,wonderful,potatoes,perfect,ever,cake,love,happy,glad,best,x,perfectly,handy,salad,easy,pressure,pleased,thank,ze,kids,mas
great,loves,excellent,awesome,highly,wonderful,potatoes,perfect,ever,cake,love,happy,glad,best,x,perfectly,handy,salad,easy,pressure,pleased,thank,ze,kids,mas
great,loves,excellent,awesome,highly,wonderful,potatoes,perfect,ever,cake,love,happy,glad,best,x,perfectly,handy,salad,easy,pressure,pleased,thank,ze,kids,mas
great,loves,excellent,awesome,highly,wonderful,potatoes,perfect,ever,cake,love,happy,glad,best,x,perfectly,handy,salad,easy,pressure,pleased,thank,ze,kids,mas
great,loves,excellent,awesome,highly,wonderful,potatoes,perfect,ever,cake,love,happy,glad,best,x,perfectly,handy,salad,easy,pressure,pleased,thank,ze,kids,mas
great,loves,excellent,awesome,highly,wonderful,potatoes,perfect,ever,cake,love,happy,glad,best,x,perfectly,handy,salad,easy,pressure,pleased,thank,ze,kids,mas
great,loves,excellent,awesome,highly,wonderful,potatoes,perfect,ever,cake,love,happy,glad,best,x,perfectly,handy,salad,easy,pressure,pleased,thank,ze,kids,mas
great,loves,excellent,awesome,highly,wonderful,potatoes,perfect,ever,cake,love,happy,glad,best,x,perfectly,handy,salad,easy,pressure,pleased,thank,ze,kids,mas
great,loves,excellent,awesome,highly,wonderful,potatoes,perfect,ever,cake,love,happy,glad,best,x,perfectly,handy,salad,easy,pressure,pleased,thank,ze,kids,mas
great,loves,excellent,awesome,highly,wonderful,potatoes,perfect,ever,cake,love,happy,glad,best,x,perfectly,handy,salad,easy,pressure,pleased,thank,ze,kids,mas
great,loves,excellent,awesome,highly,wonderful,potatoes,perfect,ever,cake,love,happy,glad,best,x,perfectly,handy,salad,easy,pressure,pleased,thank,ze,kids,mas
great,loves,excellent,awesome,highly,wonderful,potatoes,perfect,ever,cake,love,happy,glad,best,x,perfectly,handy,salad,easy,pressure,pleased,thank,ze,kids,mas
great,loves,excellent,awesome,highly,wonderful,potatoes,perfect,ever,cake,love,happy,glad,best,x,perfectly,handy,salad,easy,pressure,pleased,thank,ze,kids,mas
great,loves,excellent,awesome,highly,wonderful,potatoes,perfect,ever,cake,love,happy,glad,best,x,perfectly,handy,salad,easy,pressure,pleased,thank,ze,kids,mas
great,loves,excellent,awesome,highly,wonderful,potatoes,perfect,ever,cake,love,happy,glad,best,x,perfectly,handy,salad,easy,pressure,pleased,thank,ze,kids,mas
great,loves,excellent,awesome,highly,wonderful,potatoes,perfect,ever,cake,love,happy,glad,best,x,perfectly,handy,salad,easy,pressure,pleased,thank,ze,kids,mas
great,loves,excellent,awesome,highly,wonderful,potatoes,perfect,ever,cake,love,happy,glad,best,x,perfectly,handy,salad,easy,pressure,pleased,thank,ze,kids,mas
great,loves,excellent,awesome,highly,wonderful,potatoes,perfect,ever,cake,love,happy,glad,best,x,perfectly,handy,salad,easy,pressure,pleased,thank,ze,kids,mas
great,loves,excellent,awesome,highly,wonderful,potatoes,perfect,ever,cake,love,happy,glad,best,x,perfectly,handy,salad,easy,pressure,pleased,thank,ze,kids,mas
great,loves,excellent,awesome,highly,wonderful,potatoes,perfect,ever,cake,love,happy,glad,best,x,perfectly,handy,salad,easy,pressure,pleased,thank,ze,kids,mas
great,loves,excellent,awesome,highly,wonderful,potatoes,perfect,ever,cake,love,happy,glad,best,x,perfectly,handy,salad,easy,pressure,pleased,thank,ze,kids,mas
great,loves,excellent,awesome,highly,wonderful,potatoes,perfect,ever,cake,love,happy,glad,best,x,perfectly,handy,salad,easy,pressure,pleased,thank,ze,kids,mas
great,loves,excellent,awesome,highly,wonderful,potatoes,perfect,ever,cake,love,happy,glad,best,x,perfectly,handy,salad,easy,pressure,pleased,thank,ze,kids,mas
great,loves,excellent,awesome,highly,wonderful,potatoes,perfect,ever,cake,love,happy,glad,best,x,perfectly,handy,salad,easy,pressure,pleased,thank,ze,kids,mas
great,loves,excellent,awesome,highly,wonderful,potatoes,perfect,ever,cake,love,happy,glad,best,x,perfectly,handy,salad,easy,pressure,pleased,thank,ze,kids,mas
great,loves,excellent,awesome,highly,wonderful,potatoes,perfect,ever,cake,love,happy,glad,best,x,perfectly,handy,salad,easy,pressure,pleased,thank,ze,kids,mas
great,loves,excellent,awesome,highly,wonderful,potatoes,perfect,ever,cake,love,happy,glad,best,x,perfectly,handy,salad,easy,pressure,pleased,thank,ze,kids,mas
great,loves,excellent,awesome,highly,wonderful,potatoes,perfect,ever,cake,love,happy,glad,best,x,perfectly,handy,salad,easy,pressure,pleased,thank,ze,kids,mas
great,loves,excellent,awesome,highly,wonderful,potatoes,perfect,ever,cake,love,happy,glad,best,x,perfectly,handy,salad,easy,pressure,pleased,thank,ze,kids,mas
great,loves,excellent,awesome,highly,wonderful,potatoes,perfect,ever,cake,love,happy,glad,best,x,perfectly,handy,salad,easy,pressure,pleased,thank,ze,kids,mas
great,loves,excellent,awesome,highly,wonderful,potatoes,perfect,ever,cake,love,happy,glad,best,x,perfectly,handy,salad,easy,pressure,pleased,thank,ze,kids,mas
great,loves,excellent,awesome,highly,wonderful,potatoes,perfect,ever,cake,love,happy,glad,best,x,perfectly,handy,salad,easy,pressure,pleased,thank,ze,kids,mas
great,loves,excellent,awesome,highly,wonderful,potatoes,perfect,ever,cake,love,happy,glad,best,x,perfectly,handy,salad,easy,pressure,pleased,thank,ze,kids,mas
great,loves,excellent,awesome,highly,wonderful,potatoes,perfect,ever,cake,love,happy,glad,best,x,perfectly,handy,salad,easy,pressure,pleased,thank,ze,kids,mas
great,loves,excellent,awesome,highly,wonderful,potatoes,perfect,ever,cake,love,happy,glad,best,x,perfectly,handy,salad,easy,pressure,pleased,thank,ze,kids,mas
great,loves,excellent,awesome,highly,wonderful,potatoes,perfect,ever,cake,love,happy,glad,best,x,perfectly,handy,salad,easy,pressure,pleased,thank,ze,kids,mas
great,loves,excellent,awesome,highly,wonderful,potatoes,perfect,ever,cake,love,happy,glad,best,x,perfectly,handy,salad,easy,pressure,pleased,thank,ze,kids,mas
great,loves,excellent,awesome,highly,wonderful,potatoes,perfect,ever,cake,love,happy,glad,best,x,perfectly,handy,salad,easy,pressure,pleased,thank,ze,kids,mas
great,loves,excellent,awesome,highly,wonderful,potatoes,perfect,ever,cake,love,happy,glad,best,x,perfectly,handy,salad,easy,pressure,pleased,thank,ze,kids,mas
great,loves,excellent,awesome,highly,wonderful,potatoes,perfect,ever,cake,love,happy,glad,best,x,perfectly,handy,salad,easy,pressure,pleased,thank,ze,kids,mas
great,loves,excellent,awesome,highly,wonderful,potatoes,perfect,ever,cake,love,happy,glad,best,x,perfectly,handy,salad,easy,pressure,pleased,thank,ze,kids,mas
great,loves,excellent,awesome,highly,wonderful,potatoes,perfect,ever,cake,love,happy,glad,best,x,perfectly,handy,salad,easy,pressure,pleased,thank,ze,kids,mas
great,loves,excellent,awesome,highly,wonderful,potatoes,perfect,ever,cake,love,happy,glad,best,x,perfectly,handy,salad,easy,pressure,pleased,thank,ze,kids,mas
great,loves,excellent,awesome,highly,wonderful,potatoes,perfect,ever,cake,love,happy,glad,best,x,perfectly,handy,salad,easy,pressure,pleased,thank,ze,kids,mas
great,loves,excellent,awesome,highly,wonderful,potatoes,perfect,ever,cake,love,happy,glad,best,x,perfectly,handy,salad,easy,pressure,pleased,thank,ze,kids,mas
great,loves,excellent,awesome,highly,wonderful,potatoes,perfect,ever,cake,love,happy,glad,best,x,perfectly,handy,salad,easy,pressure,pleased,thank,ze,kids,mas
great,loves,excellent,awesome,highly,wonderful,potatoes,perfect,ever,cake,love,happy,glad,best,x,perfectly,handy,salad,easy,pressure,pleased,thank,ze,kids,mas
great,loves,excellent,awesome,highly,wonderful,potatoes,perfect,ever,cake,love,happy,glad,best,x,perfectly,handy,salad,easy,pressure,pleased,thank,ze,kids,mas
great,loves,excellent,awesome,highly,wonderful,potatoes,perfect,ever,cake,love,happy,glad,best,x,perfectly,handy,salad,easy,pressure,pleased,thank,ze,kids,mas
great,loves,excellent,awesome,highly,wonderful,potatoes,perfect,ever,cake,love,happy,glad,best,x,perfectly,handy,salad,easy,pressure,pleased,thank,ze,kids,mas
great,loves,excellent,awesome,highly,wonderful,potatoes,perfect,ever,cake,love,happy,glad,best,x,perfectly,handy,salad,easy,pressure,pleased,thank,ze,kids,mas
great,loves,excellent,awesome,highly,wonderful,potatoes,perfect,ever,cake,love,happy,glad,best,x,perfectly,handy,salad,easy,pressure,pleased,thank,ze,kids,mas
great,loves,excellent,awesome,highly,wonderful,potatoes,perfect,ever,cake,love,happy,glad,best,x,perfectly,handy,salad,easy,pressure,pleased,thank,ze,kids,mas
great,loves,excellent,awesome,highly,wonderful,potatoes,perfect,ever,cake,love,happy,glad,best,x,perfectly,handy,salad,easy,pressure,pleased,thank,ze,kids,mas
great,loves,excellent,awesome,highly,wonderful,potatoes,perfect,ever,cake,love,happy,glad,best,x,perfectly,handy,salad,easy,pressure,pleased,thank,ze,kids,mas
great,loves,excellent,awesome,highly,wonderful,potatoes,perfect,ever,cake,love,happy,glad,best,x,perfectly,handy,salad,easy,pressure,pleased,thank,ze,kids,mas
great,loves,excellent,awesome,highly,wonderful,potatoes,perfect,ever,cake,love,happy,glad,best,x,perfectly,handy,salad,easy,pressure,pleased,thank,ze,kids,mas
great,loves,excellent,awesome,highly,wonderful,potatoes,perfect,ever,cake,love,happy,glad,best,x,perfectly,handy,salad,easy,pressure,pleased,thank,ze,kids,mas
great,loves,excellent,awesome,highly,wonderful,potatoes,perfect,ever,cake,love,happy,glad,best,x,perfectly,handy,salad,easy,pressure,pleased,thank,ze,kids,mas
great,loves,excellent,awesome,highly,wonderful,potatoes,perfect,ever,cake,love,happy,glad,best,x,perfectly,handy,salad,easy,pressure,pleased,thank,ze,kids,mas
great,loves,excellent,awesome,highly,wonderful,potatoes,perfect,ever,cake,love,happy,glad,best,x,perfectly,handy,salad,easy,pressure,pleased,thank,ze,kids,mas
great,loves,excellent,awesome,highly,wonderful,potatoes,perfect,ever,cake,love,happy,glad,best,x,perfectly,handy,salad,easy,pressure,pleased,thank,ze,kids,mas
great,loves,excellent,awesome,highly,wonderful,potatoes,perfect,ever,cake,love,happy,glad,best,x,perfectly,handy,salad,easy,pressure,pleased,thank,ze,kids,mas
great,loves,excellent,awesome,highly,wonderful,potatoes,perfect,ever,cake,love,happy,glad,best,x,perfectly,handy,salad,easy,pressure,pleased,thank,ze,kids,mas
great,loves,excellent,awesome,highly,wonderful,potatoes,perfect,ever,cake,love,happy,glad,best,x,perfectly,handy,salad,easy,pressure,pleased,thank,ze,kids,mas
great,loves,excellent,awesome,highly,wonderful,potatoes,perfect,ever,cake,love,happy,glad,best,x,perfectly,handy,salad,easy,pressure,pleased,thank,ze,kids,mas
great,loves,excellent,awesome,highly,wonderful,potatoes,perfect,ever,cake,love,happy,glad,best,x,perfectly,handy,salad,easy,pressure,pleased,thank,ze,kids,mas
great,loves,excellent,awesome,highly,wonderful,potatoes,perfect,ever,cake,love,happy,glad,best,x,perfectly,handy,salad,easy,pressure,pleased,thank,ze,kids,mas
great,loves,excellent,awesome,highly,wonderful,potatoes,perfect,ever,cake,love,happy,glad,best,x,perfectly,handy,salad,easy,pressure,pleased,thank,ze,kids,mas
great,loves,excellent,awesome,highly,wonderful,potatoes,perfect,ever,cake,love,happy,glad,best,x,perfectly,handy,salad,easy,pressure,pleased,thank,ze,kids,mas
great,loves,excellent,awesome,highly,wonderful,potatoes,perfect,ever,cake,love,happy,glad,best,x,perfectly,handy,salad,easy,pressure,pleased,thank,ze,kids,mas
great,loves,excellent,awesome,highly,wonderful,potatoes,perfect,ever,cake,love,happy,glad,best,x,perfectly,handy,salad,easy,pressure,pleased,thank,ze,kids,mas
great,loves,excellent,awesome,highly,wonderful,potatoes,perfect,ever,cake,love,happy,glad,best,x,perfectly,handy,salad,easy,pressure,pleased,thank,ze,kids,mas
great,loves,excellent,awesome,highly,wonderful,potatoes,perfect,ever,cake,love,happy,glad,best,x,perfectly,handy,salad,easy,pressure,pleased,thank,ze,kids,mas
great,loves,excellent,awesome,highly,wonderful,potatoes,perfect,ever,cake,love,happy,glad,best,x,perfectly,handy,salad,easy,pressure,pleased,thank,ze,kids,mas
great,loves,excellent,awesome,highly,wonderful,potatoes,perfect,ever,cake,love,happy,glad,best,x,perfectly,handy,salad,easy,pressure,pleased,thank,ze,kids,mas
great,loves,excellent,awesome,highly,wonderful,potatoes,perfect,ever,cake,love,happy,glad,best,x,perfectly,handy,salad,easy,pressure,pleased,thank,ze,kids,mas
great,loves,excellent,awesome,highly,wonderful,potatoes,perfect,ever,cake,love,happy,glad,best,x,perfectly,handy,salad,easy,pressure,pleased,thank,ze,kids,mas
great,loves,excellent,awesome,highly,wonderful,potatoes,perfect,ever,cake,love,happy,glad,best,x,perfectly,handy,salad,easy,pressure,pleased,thank,ze,kids,mas
great,loves,excellent,awesome,highly,wonderful,potatoes,perfect,ever,cake,love,happy,glad,best,x,perfectly,handy,salad,easy,pressure,pleased,thank,ze,kids,mas
great,loves,excellent,awesome,highly,wonderful,potatoes,perfect,ever,cake,love,happy,glad,best,x,perfectly,handy,salad,easy,pressure,pleased,thank,ze,kids,mas
great,loves,excellent,awesome,highly,wonderful,potatoes,perfect,ever,cake,love,happy,glad,best,x,perfectly,handy,salad,easy,pressure,pleased,thank,ze,kids,mas
great,loves,excellent,awesome,highly,wonderful,potatoes,perfect,ever,cake,love,happy,glad,best,x,perfectly,handy,salad,easy,pressure,pleased,thank,ze,kids,mas
great,loves,excellent,awesome,highly,wonderful,potatoes,perfect,ever,cake,love,happy,glad,best,x,perfectly,handy,salad,easy,pressure,pleased,thank,ze,kids,mas
great,loves,excellent,awesome,highly,wonderful,potatoes,perfect,ever,cake,love,happy,glad,best,x,perfectly,handy,salad,easy,pressure,pleased,thank,ze,kids,mas
great,loves,excellent,awesome,highly,wonderful,potatoes,perfect,ever,cake,love,happy,glad,best,x,perfectly,handy,salad,easy,pressure,pleased,thank,ze,kids,mas
great,loves,excellent,awesome,highly,wonderful,potatoes,perfect,ever,cake,love,happy,glad,best,x,perfectly,handy,salad,easy,pressure,pleased,thank,ze,kids,mas
great,loves,excellent,awesome,highly,wonderful,potatoes,perfect,ever,cake,love,happy,glad,best,x,perfectly,handy,salad,easy,pressure,pleased,thank,ze,kids,mas
great,loves,excellent,awesome,highly,wonderful,potatoes,perfect,ever,cake,love,happy,glad,best,x,perfectly,handy,salad,easy,pressure,pleased,thank,ze,kids,mas
great,loves,excellent,awesome,highly,wonderful,potatoes,perfect,ever,cake,love,happy,glad,best,x,perfectly,handy,salad,easy,pressure,pleased,thank,ze,kids,mas
great,loves,excellent,awesome,highly,wonderful,potatoes,perfect,ever,cake,love,happy,glad,best,x,perfectly,handy,salad,easy,pressure,pleased,thank,ze,kids,mas
great,loves,excellent,awesome,highly,wonderful,potatoes,perfect,ever,cake,love,happy,glad,best,x,perfectly,handy,salad,easy,pressure,pleased,thank,ze,kids,mas
great,loves,excellent,awesome,highly,wonderful,potatoes,perfect,ever,cake,love,happy,glad,best,x,perfectly,handy,salad,easy,pressure,pleased,thank,ze,kids,mas
great,loves,excellent,awesome,highly,wonderful,potatoes,perfect,ever,cake,love,happy,glad,best,x,perfectly,handy,salad,easy,pressure,pleased,thank,ze,kids,mas
ice,great,loves,excellent,awesome,highly,wonderful,potatoes,perfect,ever,love,happy,glad,best,x,perfectly,handy,salad,easy,pressure,pleased,thank,ze,kids,mas
ice,great,loves,excellent,awesome,highly,wonderful,potatoes,perfect,ever,love,happy,glad,best,x,perfectly,handy,salad,easy,pressure,pleased,thank,ze,kids,mas
ice,great,loves,excellent,awesome,highly,wonderful,potatoes,perfect,ever,love,happy,glad,best,x,perfectly,handy,salad,easy,pressure,pleased,thank,ze,kids,mas
ice,great,loves,excellent,awesome,highly,wonderful,potatoes,perfect,ever,love,happy,glad,best,x,perfectly,handy,salad,easy,pressure,pleased,thank,ze,kids,mas
ice,great,loves,excellent,awesome,highly,wonderful,potatoes,perfect,ever,love,happy,glad,best,x,perfectly,handy,salad,easy,pressure,pleased,thank,ze,kids,mas
ice,great,loves,excellent,awesome,highly,wonderful,potatoes,perfect,ever,love,happy,glad,best,x,perfectly,handy,salad,easy,pressure,pleased,thank,ze,kids,mas
ice,great,loves,excellent,awesome,highly,wonderful,potatoes,perfect,ever,love,happy,glad,best,x,perfectly,handy,salad,easy,pressure,pleased,thank,ze,kids,mas
ice,great,loves,excellent,awesome,highly,wonderful,potatoes,perfect,ever,love,happy,glad,best,x,perfectly,handy,salad,easy,pressure,pleased,thank,ze,kids,mas
ice,great,loves,excellent,awesome,highly,wonderful,potatoes,perfect,ever,love,happy,glad,best,x,perfectly,handy,salad,easy,pressure,pleased,thank,ze,kids,mas
ice,great,loves,excellent,awesome,highly,wonderful,potatoes,perfect,ever,love,happy,glad,best,x,perfectly,handy,salad,easy,pressure,pleased,thank,ze,kids,mas
ice,great,loves,excellent,awesome,highly,wonderful,potatoes,perfect,ever,love,happy,glad,best,x,perfectly,handy,salad,easy,pressure,pleased,thank,ze,kids,mas
ice,great,loves,excellent,awesome,highly,wonderful,potatoes,perfect,ever,love,happy,glad,best,x,perfectly,handy,salad,easy,pressure,pleased,thank,ze,kids,mas
ice,great,loves,excellent,awesome,highly,wonderful,potatoes,perfect,ever,love,happy,glad,best,x,perfectly,handy,salad,easy,pressure,pleased,thank,ze,kids,mas
ice,great,loves,excellent,awesome,highly,wonderful,potatoes,perfect,ever,love,happy,glad,best,x,perfectly,handy,salad,easy,pressure,pleased,thank,ze,kids,mas
ice,great,loves,excellent,awesome,highly,wonderful,potatoes,perfect,ever,love,happy,glad,best,x,perfectly,handy,salad,easy,pressure,pleased,thank,ze,kids,mas
ice,great,loves,excellent,awesome,highly,wonderful,potatoes,perfect,ever,love,happy,glad,best,x,perfectly,handy,salad,easy,pressure,pleased,thank,ze,kids,mas
ice,great,loves,excellent,awesome,highly,wonderful,potatoes,perfect,ever,love,happy,glad,best,x,perfectly,handy,salad,easy,pressure,pleased,thank,ze,kids,mas
ice,great,loves,excellent,awesome,highly,wonderful,potatoes,perfect,ever,love,happy,glad,best,x,perfectly,handy,salad,easy,pressure,pleased,thank,ze,kids,mas
ice,great,loves,excellent,awesome,highly,wonderful,potatoes,perfect,ever,love,happy,glad,best,x,perfectly,handy,salad,easy,pressure,pleased,thank,ze,kids,mas
ice,great,loves,excellent,awesome,highly,wonderful,potatoes,perfect,ever,love,happy,glad,best,x,perfectly,handy,salad,easy,pressure,pleased,thank,ze,kids,mas
ice,great,loves,excellent,awesome,highly,wonderful,potatoes,perfect,ever,love,happy,glad,best,x,perfectly,handy,salad,easy,pressure,pleased,thank,ze,kids,mas
ice,great,loves,excellent,awesome,highly,wonderful,potatoes,perfect,ever,love,happy,glad,best,x,perfectly,handy,salad,easy,pressure,pleased,thank,ze,kids,mas
ice,great,loves,excellent,awesome,highly,wonderful,potatoes,perfect,ever,love,happy,glad,best,x,perfectly,handy,salad,easy,pressure,pleased,thank,ze,kids,mas
ice,great,loves,excellent,awesome,highly,wonderful,potatoes,perfect,ever,love,happy,glad,best,x,perfectly,handy,salad,easy,pressure,pleased,thank,ze,kids,mas
ice,great,loves,excellent,awesome,highly,wonderful,potatoes,perfect,ever,love,happy,glad,best,x,perfectly,handy,salad,easy,pressure,pleased,thank,ze,kids,mas
ice,great,loves,excellent,awesome,highly,wonderful,potatoes,perfect,ever,love,happy,glad,best,x,perfectly,handy,salad,easy,pressure,pleased,thank,ze,kids,mas
ice,great,loves,excellent,awesome,highly,wonderful,potatoes,perfect,ever,love,happy,glad,best,x,perfectly,handy,salad,easy,pressure,pleased,thank,ze,kids,mas
ice,great,loves,excellent,awesome,highly,wonderful,potatoes,perfect,ever,love,happy,glad,best,x,perfectly,handy,salad,easy,pressure,pleased,thank,ze,kids,mas
ice,great,loves,excellent,awesome,highly,wonderful,potatoes,perfect,ever,love,happy,glad,best,x,perfectly,handy,salad,easy,pressure,pleased,thank,ze,kids,mas
ice,great,loves,excellent,awesome,highly,wonderful,potatoes,perfect,ever,love,happy,glad,best,x,perfectly,handy,salad,easy,pressure,pleased,thank,ze,kids,mas
ice,great,loves,excellent,awesome,highly,wonderful,potatoes,perfect,ever,love,happy,glad,best,x,perfectly,handy,salad,easy,pressure,pleased,thank,ze,kids,mas
ice,great,loves,excellent,awesome,highly,wonderful,potatoes,perfect,ever,love,happy,glad,best,x,perfectly,handy,salad,easy,pressure,pleased,thank,ze,kids,mas
ice,great,loves,excellent,awesome,highly,wonderful,potatoes,perfect,ever,love,happy,glad,best,x,perfectly,handy,salad,easy,pressure,pleased,thank,ze,kids,mas
ice,great,loves,excellent,awesome,highly,wonderful,potatoes,perfect,ever,love,happy,glad,best,x,perfectly,handy,salad,easy,pressure,pleased,thank,ze,kids,mas
ice,great,loves,excellent,awesome,highly,wonderful,potatoes,perfect,ever,love,happy,glad,best,x,perfectly,handy,salad,easy,pressure,pleased,thank,ze,kids,mas
ice,great,loves,excellent,awesome,highly,wonderful,potatoes,perfect,ever,love,happy,glad,best,x,perfectly,handy,salad,easy,pressure,pleased,thank,ze,kids,mas
ice,great,loves,excellent,awesome,highly,wonderful,potatoes,perfect,ever,love,happy,glad,best,x,perfectly,handy,salad,easy,pressure,pleased,thank,ze,kids,mas
ice,great,loves,excellent,awesome,highly,wonderful,potatoes,perfect,ever,love,happy,glad,best,x,perfectly,handy,salad,easy,pressure,pleased,thank,ze,kids,mas
ice,great,loves,excellent,awesome,highly,wonderful,potatoes,perfect,ever,love,happy,glad,best,x,perfectly,handy,salad,easy,pressure,pleased,thank,ze,kids,mas
ice,great,loves,excellent,awesome,highly,wonderful,potatoes,perfect,ever,love,happy,glad,best,x,perfectly,handy,salad,easy,pressure,pleased,thank,ze,kids,mas
ice,great,loves,excellent,awesome,highly,wonderful,potatoes,perfect,ever,love,happy,glad,best,x,perfectly,handy,salad,easy,pressure,pleased,thank,ze,kids,mas
ice,great,loves,excellent,awesome,highly,wonderful,potatoes,perfect,ever,love,happy,glad,best,x,perfectly,handy,salad,easy,pressure,pleased,thank,ze,kids,mas
ice,great,loves,excellent,awesome,highly,wonderful,potatoes,perfect,ever,love,happy,glad,best,x,perfectly,handy,salad,easy,pressure,pleased,thank,ze,kids,mas
ice,great,loves,excellent,awesome,highly,wonderful,potatoes,perfect,ever,love,happy,glad,best,x,perfectly,handy,salad,easy,pressure,pleased,thank,ze,kids,mas
ice,great,loves,excellent,awesome,highly,wonderful,potatoes,perfect,ever,love,happy,glad,best,x,perfectly,handy,salad,easy,pressure,pleased,thank,ze,kids,mas
ice,great,loves,excellent,awesome,highly,wonderful,potatoes,perfect,ever,love,happy,glad,best,x,perfectly,handy,salad,easy,pressure,pleased,thank,ze,kids,mas
ice,great,loves,excellent,awesome,highly,wonderful,potatoes,perfect,ever,love,happy,glad,best,x,perfectly,handy,salad,easy,pressure,pleased,thank,ze,kids,mas
ice,great,loves,excellent,awesome,highly,wonderful,potatoes,perfect,ever,love,happy,glad,best,x,perfectly,handy,salad,easy,pressure,pleased,thank,ze,kids,mas
ice,great,loves,excellent,awesome,highly,wonderful,potatoes,perfect,ever,love,happy,glad,best,x,perfectly,handy,salad,easy,pressure,pleased,thank,ze,kids,mas
ice,great,loves,excellent,awesome,highly,wonderful,potatoes,perfect,ever,love,happy,glad,best,x,perfectly,handy,salad,easy,pressure,pleased,thank,ze,kids,mas
ice,great,loves,excellent,awesome,highly,wonderful,potatoes,perfect,ever,love,happy,glad,best,x,perfectly,handy,salad,easy,pressure,pleased,thank,ze,kids,mas
ice,great,loves,excellent,awesome,highly,wonderful,potatoes,perfect,ever,love,happy,glad,best,x,perfectly,handy,salad,easy,pressure,pleased,thank,ze,kids,mas
ice,great,loves,excellent,awesome,highly,wonderful,potatoes,perfect,ever,love,happy,glad,best,x,perfectly,handy,salad,easy,pressure,pleased,thank,ze,kids,mas
ice,great,loves,excellent,awesome,highly,wonderful,potatoes,perfect,ever,love,happy,glad,best,x,perfectly,handy,salad,easy,pressure,pleased,thank,ze,kids,mas
ice,great,loves,excellent,awesome,highly,wonderful,potatoes,perfect,ever,love,happy,glad,best,x,perfectly,handy,salad,easy,pressure,pleased,thank,ze,kids,mas
ice,great,loves,excellent,awesome,highly,wonderful,potatoes,perfect,ever,love,happy,glad,best,x,perfectly,handy,salad,easy,pressure,pleased,thank,ze,kids,mas
ice,great,loves,excellent,awesome,highly,wonderful,potatoes,perfect,ever,love,happy,glad,best,x,perfectly,handy,salad,easy,pressure,pleased,thank,ze,kids,mas
ice,great,loves,excellent,awesome,highly,wonderful,potatoes,perfect,ever,love,happy,glad,best,x,perfectly,handy,salad,easy,pressure,pleased,thank,ze,kids,mas
ice,great,loves,excellent,awesome,highly,wonderful,potatoes,perfect,ever,love,happy,glad,best,x,perfectly,handy,salad,easy,pressure,pleased,thank,ze,kids,mas
ice,great,loves,excellent,awesome,highly,wonderful,potatoes,perfect,ever,love,happy,glad,best,x,perfectly,handy,salad,easy,pressure,pleased,thank,ze,kids,mas
ice,great,loves,excellent,awesome,highly,wonderful,potatoes,perfect,ever,love,happy,glad,best,x,perfectly,handy,salad,easy,pressure,pleased,thank,ze,kids,mas
ice,great,loves,excellent,awesome,highly,wonderful,potatoes,perfect,ever,love,happy,glad,best,x,perfectly,handy,salad,easy,pressure,pleased,thank,ze,kids,mas
ice,great,loves,excellent,awesome,highly,wonderful,potatoes,perfect,ever,love,happy,glad,best,x,perfectly,handy,salad,easy,pressure,pleased,thank,ze,kids,mas
ice,great,loves,excellent,awesome,highly,wonderful,potatoes,perfect,ever,love,happy,glad,best,x,perfectly,handy,salad,easy,pressure,pleased,thank,ze,kids,mas
ice,great,loves,excellent,awesome,highly,wonderful,potatoes,perfect,ever,love,happy,glad,best,x,perfectly,handy,salad,easy,pressure,pleased,thank,ze,kids,mas
ice,great,loves,excellent,awesome,highly,wonderful,potatoes,perfect,ever,love,happy,glad,best,x,perfectly,handy,salad,easy,pressure,pleased,thank,ze,kids,mas
ice,great,loves,excellent,awesome,highly,wonderful,potatoes,perfect,ever,love,happy,glad,best,x,perfectly,handy,salad,easy,pressure,pleased,thank,ze,kids,mas
ice,great,loves,excellent,awesome,highly,wonderful,potatoes,perfect,ever,love,happy,glad,best,x,perfectly,handy,salad,easy,pressure,pleased,thank,ze,kids,mas
ice,great,loves,excellent,awesome,highly,wonderful,potatoes,perfect,ever,love,happy,glad,best,x,perfectly,handy,salad,easy,pressure,pleased,thank,ze,kids,mas
ice,great,loves,excellent,awesome,highly,wonderful,potatoes,perfect,ever,love,happy,glad,best,x,perfectly,handy,salad,easy,pressure,pleased,thank,ze,kids,mas
ice,great,loves,excellent,awesome,highly,wonderful,potatoes,perfect,ever,love,happy,glad,best,x,perfectly,handy,salad,easy,pressure,pleased,thank,ze,kids,mas
ice,great,loves,excellent,awesome,highly,wonderful,potatoes,perfect,ever,love,happy,glad,best,x,perfectly,handy,salad,easy,pressure,pleased,thank,ze,kids,mas
ice,great,loves,excellent,awesome,highly,wonderful,potatoes,perfect,ever,love,happy,glad,best,x,perfectly,handy,salad,easy,pressure,pleased,thank,ze,kids,mas
ice,great,loves,excellent,awesome,highly,wonderful,potatoes,perfect,ever,love,happy,glad,best,x,perfectly,handy,salad,easy,pressure,pleased,thank,ze,kids,mas
ice,great,loves,excellent,awesome,highly,wonderful,potatoes,perfect,ever,love,happy,glad,best,x,perfectly,handy,salad,easy,pressure,pleased,thank,ze,kids,mas
ice,great,loves,excellent,awesome,highly,wonderful,potatoes,perfect,ever,love,happy,glad,best,x,perfectly,handy,salad,easy,pressure,pleased,thank,ze,kids,mas
ice,great,loves,excellent,awesome,highly,wonderful,potatoes,perfect,ever,love,happy,glad,best,x,perfectly,handy,salad,easy,pressure,pleased,thank,ze,kids,mas
ice,great,loves,excellent,awesome,highly,wonderful,potatoes,perfect,ever,love,happy,glad,best,x,perfectly,handy,salad,easy,pressure,pleased,thank,ze,kids,mas
ice,great,loves,excellent,awesome,highly,wonderful,potatoes,perfect,ever,love,happy,glad,best,x,perfectly,handy,salad,easy,pressure,pleased,thank,ze,kids,mas
ice,great,loves,excellent,awesome,highly,wonderful,potatoes,perfect,ever,love,happy,glad,best,x,perfectly,handy,salad,easy,pressure,pleased,thank,ze,kids,mas
ice,great,loves,excellent,awesome,highly,wonderful,potatoes,perfect,ever,love,happy,glad,best,x,perfectly,handy,salad,easy,pressure,pleased,thank,ze,kids,mas
ice,great,loves,excellent,awesome,highly,wonderful,potatoes,perfect,ever,love,happy,glad,best,x,perfectly,handy,salad,easy,pressure,pleased,thank,ze,kids,mas
ice,great,loves,excellent,awesome,highly,wonderful,potatoes,perfect,ever,love,happy,glad,best,x,perfectly,handy,salad,easy,pressure,pleased,thank,ze,kids,mas
ice,great,loves,excellent,awesome,highly,wonderful,potatoes,perfect,ever,love,happy,glad,best,x,perfectly,handy,salad,easy,pressure,pleased,thank,ze,kids,mas
ice,great,loves,excellent,awesome,highly,wonderful,potatoes,perfect,ever,love,happy,glad,best,x,perfectly,handy,salad,easy,pressure,pleased,thank,ze,kids,mas
ice,great,loves,excellent,awesome,highly,wonderful,potatoes,perfect,ever,love,happy,glad,best,x,perfectly,handy,salad,easy,pressure,pleased,thank,ze,kids,mas
ice,great,loves,excellent,awesome,highly,wonderful,potatoes,perfect,ever,love,happy,glad,best,x,perfectly,handy,salad,easy,pressure,pleased,thank,ze,kids,mas
ice,great,loves,excellent,awesome,highly,wonderful,potatoes,perfect,ever,love,happy,glad,best,x,perfectly,handy,salad,easy,pressure,pleased,thank,ze,kids,mas
ice,great,loves,excellent,awesome,highly,wonderful,potatoes,perfect,ever,love,happy,glad,best,x,perfectly,handy,salad,easy,pressure,pleased,thank,ze,kids,mas
ice,great,loves,excellent,awesome,highly,wonderful,potatoes,perfect,ever,love,happy,glad,best,x,perfectly,handy,salad,easy,pressure,pleased,thank,ze,kids,mas
ice,great,loves,excellent,awesome,highly,wonderful,potatoes,perfect,ever,love,happy,glad,best,x,perfectly,handy,salad,easy,pressure,pleased,thank,ze,kids,mas
ice,great,loves,excellent,awesome,highly,wonderful,potatoes,perfect,ever,love,happy,glad,best,x,perfectly,handy,salad,easy,pressure,pleased,thank,ze,kids,mas
ice,great,loves,excellent,awesome,highly,wonderful,potatoes,perfect,loved,love,happy,glad,best,x,perfectly,handy,salad,easy,pressure,pleased,thank,ze,kids,mas
ice,great,loves,excellent,awesome,highly,wonderful,potatoes,perfect,loved,love,happy,glad,best,x,perfectly,handy,salad,easy,pressure,pleased,thank,ze,kids,mas
ice,great,loves,excellent,awesome,highly,wonderful,potatoes,perfect,loved,love,happy,glad,best,x,perfectly,handy,salad,easy,pressure,pleased,thank,ze,kids,mas
ice,great,loves,excellent,awesome,highly,wonderful,potatoes,perfect,loved,love,happy,glad,best,x,perfectly,handy,salad,easy,pressure,pleased,thank,ze,kids,mas
ice,great,loves,excellent,awesome,highly,wonderful,potatoes,perfect,loved,love,happy,glad,best,x,perfectly,handy,salad,easy,pressure,pleased,thank,ze,kids,mas
ice,great,loves,excellent,awesome,highly,wonderful,potatoes,perfect,loved,love,happy,glad,best,x,perfectly,handy,salad,easy,pressure,pleased,thank,ze,kids,mas
ice,great,loves,excellent,awesome,highly,wonderful,potatoes,perfect,loved,love,happy,glad,best,x,perfectly,handy,salad,easy,pressure,pleased,thank,ze,kids,mas
ice,great,loves,excellent,awesome,highly,wonderful,potatoes,perfect,loved,love,happy,glad,best,x,perfectly,handy,salad,easy,pressure,pleased,thank,ze,kids,mas
ice,great,loves,excellent,awesome,highly,wonderful,potatoes,perfect,loved,love,happy,glad,best,x,perfectly,handy,salad,easy,pressure,pleased,thank,ze,kids,mas
ice,great,loves,excellent,awesome,highly,wonderful,potatoes,perfect,loved,love,happy,glad,best,x,perfectly,handy,salad,easy,pressure,pleased,thank,ze,kids,mas
ice,great,loves,excellent,awesome,highly,wonderful,potatoes,perfect,loved,love,happy,glad,best,x,perfectly,handy,salad,easy,pressure,pleased,thank,ze,kids,mas
ice,great,loves,excellent,awesome,highly,wonderful,potatoes,perfect,loved,love,happy,glad,best,x,perfectly,handy,salad,easy,pressure,pleased,thank,ze,kids,mas
ice,great,loves,excellent,awesome,highly,wonderful,potatoes,perfect,loved,love,happy,glad,best,x,perfectly,handy,salad,easy,pressure,pleased,thank,ze,kids,mas
ice,great,loves,excellent,awesome,highly,wonderful,potatoes,perfect,loved,love,happy,glad,best,x,perfectly,handy,salad,easy,pressure,pleased,thank,ze,kids,mas
ice,great,loves,excellent,awesome,highly,wonderful,potatoes,perfect,loved,love,happy,glad,best,x,perfectly,handy,salad,easy,pressure,pleased,thank,ze,kids,mas
ice,great,loves,excellent,awesome,highly,wonderful,potatoes,perfect,loved,love,happy,glad,best,x,perfectly,handy,salad,easy,pressure,pleased,thank,ze,kids,mas
ice,great,loves,excellent,awesome,highly,wonderful,potatoes,perfect,loved,love,happy,glad,best,x,perfectly,handy,salad,easy,pressure,pleased,thank,ze,kids,mas
ice,great,loves,excellent,awesome,highly,wonderful,potatoes,perfect,loved,love,happy,glad,best,x,perfectly,handy,salad,easy,pressure,pleased,thank,ze,kids,mas
ice,great,loves,excellent,awesome,highly,wonderful,potatoes,perfect,loved,love,happy,glad,best,x,perfectly,handy,salad,easy,pressure,pleased,thank,ze,kids,mas
ice,great,loves,excellent,awesome,highly,wonderful,potatoes,perfect,loved,love,happy,glad,best,x,perfectly,handy,salad,easy,pressure,pleased,thank,ze,kids,mas
ice,great,loves,excellent,awesome,highly,wonderful,potatoes,perfect,loved,love,happy,glad,best,x,perfectly,handy,salad,easy,pressure,pleased,thank,ze,kids,mas
ice,great,loves,excellent,awesome,highly,wonderful,potatoes,perfect,loved,love,happy,glad,best,x,perfectly,handy,salad,easy,pressure,pleased,thank,ze,kids,mas
ice,great,loves,excellent,awesome,highly,wonderful,potatoes,perfect,loved,love,happy,glad,best,x,perfectly,handy,salad,easy,pressure,pleased,thank,ze,kids,mas
ice,great,loves,excellent,awesome,highly,wonderful,potatoes,perfect,loved,love,happy,glad,best,x,perfectly,handy,salad,easy,pressure,pleased,thank,ze,kids,mas
ice,great,loves,excellent,awesome,highly,wonderful,potatoes,perfect,loved,love,happy,glad,best,x,perfectly,handy,salad,easy,pressure,pleased,thank,ze,kids,mas
ice,great,loves,excellent,awesome,highly,wonderful,potatoes,perfect,loved,love,happy,glad,best,x,perfectly,handy,salad,easy,pressure,pleased,thank,ze,kids,mas
ice,great,loves,excellent,awesome,highly,wonderful,potatoes,perfect,loved,love,happy,glad,best,x,perfectly,handy,salad,easy,pressure,pleased,thank,ze,kids,mas
ice,great,loves,excellent,awesome,highly,wonderful,potatoes,perfect,loved,love,happy,glad,best,x,perfectly,handy,salad,easy,pressure,pleased,thank,ze,kids,mas
ice,great,loves,excellent,awesome,highly,wonderful,potatoes,perfect,loved,love,happy,glad,best,x,perfectly,handy,salad,easy,pressure,pleased,thank,ze,kids,mas
ice,great,loves,excellent,awesome,highly,wonderful,potatoes,perfect,loved,love,happy,glad,best,x,perfectly,handy,salad,easy,pressure,pleased,thank,ze,kids,mas
ice,great,loves,excellent,awesome,highly,wonderful,potatoes,perfect,loved,love,happy,glad,best,x,perfectly,handy,salad,easy,pressure,pleased,thank,ze,kids,mas
ice,great,loves,excellent,awesome,highly,wonderful,potatoes,perfect,loved,love,happy,glad,best,x,perfectly,handy,salad,easy,pressure,pleased,thank,ze,kids,mas
ice,great,loves,excellent,awesome,highly,wonderful,potatoes,perfect,loved,love,happy,glad,best,x,perfectly,handy,salad,easy,pressure,pleased,thank,ze,kids,mas
ice,great,loves,excellent,awesome,highly,wonderful,potatoes,perfect,loved,love,happy,glad,best,x,perfectly,handy,salad,easy,pressure,pleased,thank,ze,kids,mas
ice,great,loves,excellent,awesome,highly,wonderful,potatoes,perfect,loved,love,happy,glad,best,x,perfectly,handy,salad,easy,pressure,pleased,thank,ze,kids,mas
ice,great,loves,excellent,awesome,highly,wonderful,potatoes,perfect,loved,love,happy,glad,best,x,perfectly,handy,salad,easy,pressure,pleased,thank,ze,kids,mas
ice,great,loves,excellent,awesome,highly,wonderful,potatoes,perfect,loved,love,happy,glad,best,x,perfectly,handy,salad,easy,pressure,pleased,thank,ze,kids,mas
ice,great,loves,excellent,awesome,highly,wonderful,potatoes,perfect,loved,love,happy,glad,best,x,perfectly,handy,salad,easy,pressure,pleased,thank,ze,kids,mas
ice,great,loves,excellent,awesome,highly,wonderful,potatoes,perfect,loved,love,happy,glad,best,x,perfectly,handy,salad,easy,pressure,pleased,thank,ze,kids,mas
ice,great,loves,excellent,awesome,highly,wonderful,potatoes,perfect,loved,love,happy,glad,best,x,perfectly,handy,salad,easy,pressure,pleased,thank,ze,kids,mas
ice,great,loves,excellent,awesome,highly,wonderful,potatoes,perfect,loved,love,happy,glad,best,x,perfectly,handy,salad,easy,pressure,pleased,thank,ze,kids,mas
ice,great,loves,excellent,awesome,highly,wonderful,potatoes,perfect,loved,love,happy,glad,best,x,perfectly,handy,salad,easy,pressure,pleased,thank,ze,kids,mas
ice,great,loves,excellent,awesome,highly,wonderful,potatoes,perfect,loved,love,happy,glad,best,x,perfectly,handy,salad,easy,pressure,pleased,thank,ze,kids,mas
ice,great,loves,excellent,awesome,highly,wonderful,potatoes,perfect,loved,love,happy,glad,best,x,perfectly,handy,salad,easy,pressure,pleased,thank,ze,kids,mas
ice,great,loves,excellent,awesome,highly,wonderful,potatoes,perfect,loved,love,happy,glad,best,x,perfectly,handy,salad,easy,pressure,pleased,thank,ze,kids,mas
ice,great,loves,excellent,awesome,highly,wonderful,potatoes,perfect,loved,love,happy,glad,best,x,perfectly,handy,salad,easy,pressure,pleased,thank,ze,kids,mas
ice,great,loves,excellent,awesome,highly,wonderful,potatoes,perfect,loved,love,happy,glad,best,x,perfectly,handy,salad,easy,pressure,pleased,thank,ze,kids,mas
ice,great,loves,excellent,awesome,highly,wonderful,potatoes,perfect,loved,love,happy,glad,best,x,perfectly,handy,salad,easy,pressure,pleased,thank,ze,kids,mas
ice,great,loves,excellent,awesome,highly,wonderful,potatoes,perfect,loved,love,happy,glad,best,x,perfectly,handy,salad,easy,pressure,pleased,thank,ze,kids,mas
ice,great,loves,excellent,awesome,highly,wonderful,potatoes,perfect,loved,love,happy,glad,best,x,perfectly,handy,salad,easy,pressure,pleased,thank,ze,kids,mas
ice,great,loves,excellent,awesome,highly,wonderful,potatoes,perfect,loved,love,happy,glad,best,x,perfectly,handy,salad,easy,pressure,pleased,thank,ze,kids,mas
ice,great,loves,excellent,awesome,highly,wonderful,potatoes,perfect,loved,love,happy,glad,best,x,perfectly,handy,salad,easy,pressure,pleased,thank,ze,kids,mas
ice,great,loves,excellent,awesome,highly,wonderful,potatoes,perfect,loved,love,happy,glad,best,x,perfectly,handy,salad,easy,pressure,pleased,thank,ze,kids,mas
ice,great,loves,excellent,awesome,highly,wonderful,potatoes,perfect,loved,love,happy,glad,best,x,perfectly,handy,salad,easy,pressure,pleased,thank,ze,kids,mas
ice,great,loves,excellent,awesome,highly,wonderful,potatoes,perfect,loved,love,happy,glad,best,x,perfectly,handy,salad,easy,pressure,pleased,thank,ze,kids,mas
ice,great,loves,excellent,awesome,highly,wonderful,potatoes,perfect,loved,love,happy,glad,best,x,perfectly,handy,salad,easy,pressure,pleased,thank,ze,kids,mas
ice,great,loves,excellent,awesome,highly,wonderful,potatoes,perfect,loved,love,happy,glad,best,x,perfectly,handy,salad,easy,pressure,pleased,thank,ze,kids,mas
ice,great,loves,excellent,awesome,highly,wonderful,potatoes,perfect,loved,love,happy,glad,best,x,perfectly,handy,salad,easy,pressure,pleased,thank,ze,kids,mas
ice,great,loves,excellent,awesome,highly,wonderful,potatoes,perfect,loved,love,happy,glad,best,x,perfectly,handy,salad,easy,pressure,pleased,thank,ze,kids,mas
ice,great,loves,excellent,awesome,highly,wonderful,potatoes,perfect,loved,love,happy,glad,best,x,perfectly,handy,salad,easy,pressure,pleased,thank,ze,kids,mas
ice,great,loves,excellent,awesome,highly,wonderful,potatoes,perfect,loved,love,happy,glad,best,x,perfectly,handy,salad,easy,pressure,pleased,thank,ze,kids,mas
ice,great,loves,excellent,awesome,highly,wonderful,potatoes,perfect,loved,love,happy,glad,best,x,perfectly,handy,salad,easy,pressure,pleased,thank,ze,kids,mas
ice,great,loves,excellent,awesome,highly,wonderful,potatoes,perfect,loved,love,happy,glad,best,x,perfectly,handy,salad,easy,pressure,pleased,thank,ze,kids,mas
ice,great,loves,excellent,awesome,highly,wonderful,potatoes,perfect,loved,love,happy,glad,best,x,perfectly,handy,salad,easy,pressure,pleased,thank,ze,kids,mas
ice,great,loves,excellent,awesome,highly,wonderful,potatoes,perfect,loved,love,happy,glad,best,x,perfectly,handy,salad,easy,pressure,pleased,thank,ze,kids,mas
ice,great,loves,excellent,awesome,highly,wonderful,potatoes,perfect,loved,love,happy,glad,best,x,perfectly,handy,salad,easy,pressure,pleased,thank,ze,kids,mas
ice,great,loves,excellent,awesome,highly,wonderful,potatoes,perfect,loved,love,happy,glad,best,x,perfectly,handy,salad,easy,pressure,pleased,thank,ze,kids,mas
ice,great,loves,excellent,awesome,highly,wonderful,potatoes,perfect,loved,love,happy,glad,best,x,perfectly,handy,salad,easy,pressure,pleased,thank,ze,kids,mas
ice,great,loves,excellent,awesome,highly,wonderful,potatoes,perfect,loved,love,happy,glad,best,x,perfectly,handy,salad,easy,pressure,pleased,thank,ze,kids,mas
ice,great,loves,excellent,awesome,highly,wonderful,potatoes,perfect,loved,love,happy,glad,best,x,perfectly,handy,salad,easy,pressure,pleased,thank,ze,kids,mas
ice,great,loves,excellent,awesome,highly,wonderful,potatoes,perfect,loved,love,happy,glad,best,x,perfectly,handy,salad,easy,pressure,pleased,thank,ze,kids,mas
ice,great,loves,excellent,awesome,highly,wonderful,potatoes,perfect,loved,love,happy,glad,best,x,perfectly,handy,salad,easy,pressure,pleased,thank,ze,kids,mas
ice,great,loves,excellent,awesome,highly,wonderful,potatoes,perfect,loved,love,happy,glad,best,x,perfectly,handy,salad,easy,pressure,pleased,thank,ze,kids,mas
ice,great,loves,excellent,awesome,highly,wonderful,potatoes,perfect,loved,love,happy,glad,best,x,perfectly,handy,salad,easy,pressure,pleased,thank,ze,kids,mas
ice,great,loves,excellent,awesome,highly,wonderful,potatoes,perfect,loved,love,happy,glad,best,x,perfectly,handy,salad,easy,pressure,pleased,thank,ze,kids,mas
ice,great,loves,excellent,awesome,highly,wonderful,potatoes,perfect,loved,love,happy,glad,best,x,perfectly,handy,salad,easy,pressure,pleased,thank,ze,kids,mas
ice,great,loves,excellent,awesome,highly,wonderful,potatoes,perfect,loved,love,happy,glad,best,x,perfectly,handy,salad,easy,pressure,pleased,thank,ze,kids,mas
ice,great,loves,excellent,awesome,highly,wonderful,potatoes,perfect,loved,love,happy,glad,best,x,perfectly,handy,salad,easy,pressure,pleased,thank,ze,kids,mas
ice,great,loves,excellent,awesome,highly,wonderful,potatoes,perfect,loved,love,happy,glad,best,x,perfectly,handy,salad,easy,pressure,pleased,thank,ze,kids,mas
ice,great,loves,excellent,awesome,highly,wonderful,potatoes,perfect,loved,love,happy,glad,best,x,perfectly,handy,salad,easy,pressure,pleased,thank,ze,kids,mas
ice,great,loves,excellent,awesome,highly,wonderful,potatoes,perfect,loved,love,happy,glad,best,x,perfectly,handy,salad,easy,pressure,pleased,thank,ze,kids,mas
ice,great,loves,excellent,awesome,highly,wonderful,potatoes,perfect,loved,love,happy,glad,best,x,perfectly,handy,salad,easy,pressure,pleased,thank,ze,kids,mas
ice,great,loves,excellent,awesome,highly,wonderful,potatoes,perfect,loved,love,happy,glad,best,x,perfectly,handy,salad,easy,pressure,pleased,thank,ze,kids,mas
ice,great,loves,excellent,awesome,highly,wonderful,potatoes,perfect,loved,love,happy,glad,best,x,perfectly,handy,salad,easy,pressure,pleased,thank,ze,kids,mas
ice,great,loves,excellent,awesome,highly,wonderful,potatoes,perfect,loved,love,happy,glad,best,x,perfectly,handy,salad,easy,pressure,pleased,thank,ze,kids,mas
ice,great,loves,excellent,awesome,highly,wonderful,potatoes,perfect,loved,love,happy,glad,best,x,perfectly,handy,salad,easy,pressure,pleased,thank,ze,kids,mas
ice,great,loves,excellent,awesome,highly,wonderful,potatoes,perfect,loved,love,happy,glad,best,x,perfectly,handy,salad,easy,pressure,pleased,thank,ze,kids,mas
ice,great,loves,excellent,awesome,highly,wonderful,potatoes,perfect,loved,love,happy,glad,best,x,perfectly,handy,salad,easy,pressure,pleased,thank,ze,kids,mas
ice,great,loves,excellent,awesome,highly,wonderful,potatoes,perfect,loved,love,happy,glad,best,x,perfectly,handy,salad,easy,pressure,pleased,thank,ze,kids,mas
ice,great,loves,excellent,awesome,highly,wonderful,potatoes,perfect,loved,love,happy,glad,best,x,perfectly,handy,salad,easy,pressure,pleased,thank,ze,kids,mas
ice,great,loves,excellent,awesome,highly,wonderful,potatoes,perfect,loved,love,happy,glad,best,x,perfectly,handy,salad,easy,pressure,pleased,thank,ze,kids,mas
ice,great,loves,excellent,awesome,highly,wonderful,potatoes,perfect,loved,love,happy,glad,best,x,perfectly,handy,salad,easy,pressure,pleased,thank,ze,kids,mas
ice,great,loves,excellent,awesome,highly,wonderful,potatoes,perfect,loved,love,happy,glad,best,x,perfectly,handy,salad,easy,pressure,pleased,thank,ze,kids,mas
ice,great,loves,excellent,awesome,highly,wonderful,potatoes,perfect,loved,love,happy,glad,best,x,perfectly,handy,salad,easy,pressure,pleased,thank,ze,kids,mas
ice,great,loves,excellent,awesome,highly,wonderful,potatoes,perfect,loved,love,happy,glad,best,x,perfectly,handy,salad,easy,pressure,pleased,thank,ze,kids,mas
ice,great,loves,excellent,awesome,highly,wonderful,potatoes,perfect,loved,love,happy,glad,best,x,perfectly,handy,salad,easy,pressure,pleased,thank,ze,kids,mas
ice,great,loves,excellent,awesome,highly,wonderful,potatoes,perfect,loved,love,happy,glad,best,x,perfectly,handy,salad,easy,pressure,pleased,thank,ze,kids,mas
ice,great,loves,excellent,awesome,highly,wonderful,potatoes,perfect,loved,love,happy,glad,best,x,perfectly,handy,salad,easy,pressure,pleased,thank,ze,kids,mas
ice,great,loves,excellent,awesome,highly,wonderful,potatoes,perfect,loved,love,happy,glad,best,x,perfectly,handy,salad,easy,pressure,pleased,thank,ze,kids,mas
ice,great,loves,excellent,awesome,highly,wonderful,potatoes,perfect,loved,love,happy,glad,best,x,perfectly,handy,salad,easy,pressure,pleased,thank,ze,kids,mas
ice,great,loves,excellent,awesome,highly,wonderful,potatoes,perfect,loved,love,happy,glad,best,x,perfectly,handy,salad,easy,pressure,pleased,thank,ze,kids,mas
ice,great,loves,excellent,awesome,highly,wonderful,potatoes,perfect,loved,love,happy,glad,best,x,perfectly,handy,salad,easy,pressure,pleased,thank,ze,kids,mas
ice,great,loves,excellent,awesome,highly,wonderful,potatoes,perfect,loved,love,happy,glad,best,x,perfectly,handy,salad,easy,pressure,pleased,thank,ze,kids,mas
ice,great,loves,excellent,awesome,highly,wonderful,potatoes,perfect,loved,love,happy,glad,best,x,perfectly,handy,salad,easy,pressure,pleased,thank,ze,kids,mas
ice,great,loves,excellent,awesome,highly,wonderful,potatoes,perfect,loved,love,happy,glad,best,x,perfectly,handy,salad,easy,pressure,pleased,thank,ze,kids,mas
ice,great,loves,excellent,awesome,highly,wonderful,potatoes,perfect,loved,love,happy,glad,best,x,perfectly,handy,salad,easy,pressure,pleased,thank,ze,kids,mas
ice,great,loves,excellent,awesome,highly,wonderful,potatoes,perfect,loved,love,happy,glad,best,x,perfectly,handy,salad,easy,pressure,pleased,thank,ze,kids,mas
ice,great,loves,excellent,awesome,highly,wonderful,potatoes,perfect,loved,love,happy,glad,best,x,perfectly,handy,salad,easy,pressure,pleased,thank,ze,kids,mas
ice,great,loves,excellent,awesome,highly,wonderful,potatoes,perfect,loved,love,happy,glad,best,x,perfectly,handy,salad,easy,pressure,pleased,thank,ze,kids,mas
ice,great,loves,excellent,awesome,highly,wonderful,potatoes,perfect,loved,love,happy,glad,best,x,perfectly,handy,salad,easy,pressure,pleased,thank,ze,kids,mas
ice,great,loves,excellent,awesome,highly,wonderful,potatoes,perfect,loved,love,happy,glad,best,x,perfectly,handy,salad,easy,pressure,pleased,thank,ze,kids,mas
ice,great,loves,excellent,awesome,highly,wonderful,potatoes,perfect,loved,love,happy,glad,best,x,perfectly,handy,salad,easy,pressure,pleased,thank,ze,kids,mas
ice,great,loves,excellent,awesome,highly,wonderful,potatoes,perfect,loved,love,happy,glad,best,x,perfectly,handy,salad,easy,pressure,pleased,thank,ze,kids,mas
ice,great,loves,excellent,awesome,highly,wonderful,potatoes,perfect,loved,love,happy,glad,best,x,perfectly,handy,salad,easy,pressure,pleased,thank,ze,kids,mas
ice,great,loves,excellent,awesome,highly,wonderful,potatoes,perfect,loved,love,happy,glad,best,x,perfectly,handy,salad,easy,pressure,pleased,thank,ze,kids,mas
ice,great,loves,excellent,awesome,highly,wonderful,potatoes,perfect,loved,love,happy,glad,best,x,perfectly,handy,salad,easy,pressure,pleased,thank,ze,kids,mas
ice,great,loves,excellent,awesome,highly,wonderful,potatoes,perfect,loved,love,happy,glad,best,x,perfectly,handy,salad,easy,pressure,pleased,thank,ze,kids,mas
ice,great,loves,excellent,awesome,highly,wonderful,potatoes,perfect,loved,love,happy,glad,best,x,perfectly,handy,salad,easy,pressure,pleased,thank,ze,kids,mas
ice,great,loves,excellent,awesome,highly,wonderful,potatoes,perfect,loved,love,happy,glad,best,x,perfectly,handy,salad,easy,pressure,pleased,thank,ze,kids,mas
ice,great,loves,excellent,awesome,highly,wonderful,potatoes,perfect,loved,love,happy,glad,best,x,perfectly,handy,salad,easy,pressure,pleased,thank,ze,kids,mas
ice,great,loves,excellent,awesome,highly,wonderful,potatoes,perfect,loved,love,happy,glad,best,x,perfectly,handy,salad,easy,pressure,pleased,thank,ze,kids,mas
ice,great,loves,excellent,awesome,highly,wonderful,potatoes,perfect,loved,love,happy,glad,best,x,perfectly,handy,salad,easy,pressure,pleased,thank,ze,kids,mas
ice,great,loves,excellent,awesome,highly,wonderful,potatoes,perfect,loved,love,happy,glad,best,x,perfectly,handy,salad,easy,pressure,pleased,thank,ze,kids,mas
ice,great,loves,excellent,awesome,highly,wonderful,potatoes,perfect,loved,love,happy,glad,best,x,perfectly,handy,salad,easy,pressure,pleased,thank,ze,kids,mas
ice,great,loves,excellent,awesome,highly,wonderful,potatoes,perfect,loved,love,happy,glad,best,x,perfectly,handy,salad,easy,pressure,pleased,thank,ze,kids,mas
ice,great,loves,excellent,awesome,highly,wonderful,potatoes,perfect,loved,love,happy,glad,best,x,perfectly,handy,salad,easy,pressure,pleased,thank,ze,kids,mas
ice,great,loves,excellent,awesome,highly,wonderful,potatoes,perfect,loved,love,happy,glad,best,x,perfectly,handy,salad,easy,pressure,pleased,thank,ze,kids,mas
ice,great,loves,excellent,awesome,highly,wonderful,potatoes,perfect,loved,love,happy,glad,best,x,perfectly,handy,salad,easy,pressure,pleased,thank,ze,kids,mas
ice,great,loves,excellent,awesome,highly,wonderful,potatoes,perfect,loved,love,happy,glad,best,x,perfectly,handy,salad,easy,pressure,pleased,thank,ze,kids,mas
ice,great,loves,excellent,awesome,highly,wonderful,potatoes,perfect,loved,love,happy,glad,best,x,perfectly,handy,salad,easy,pressure,pleased,thank,ze,kids,mas
ice,great,loves,excellent,awesome,highly,wonderful,potatoes,perfect,loved,love,happy,glad,best,x,perfectly,handy,salad,easy,pressure,pleased,thank,ze,kids,mas
ice,great,loves,excellent,awesome,highly,wonderful,potatoes,perfect,loved,love,happy,glad,best,x,perfectly,handy,salad,easy,pressure,pleased,thank,ze,kids,mas
ice,great,loves,excellent,awesome,highly,wonderful,potatoes,perfect,loved,love,happy,glad,best,x,perfectly,handy,salad,easy,pressure,pleased,thank,ze,kids,mas
ice,great,loves,excellent,awesome,highly,wonderful,potatoes,perfect,loved,love,happy,glad,best,x,perfectly,handy,salad,easy,pressure,pleased,thank,ze,kids,mas
ice,great,loves,excellent,awesome,highly,wonderful,potatoes,perfect,loved,love,happy,glad,best,x,perfectly,handy,salad,easy,pressure,pleased,thank,ze,kids,mas
ice,great,loves,excellent,awesome,highly,wonderful,potatoes,perfect,loved,love,happy,glad,best,x,perfectly,handy,salad,easy,pressure,pleased,thank,ze,kids,mas
ice,great,loves,excellent,awesome,highly,wonderful,potatoes,perfect,loved,love,happy,glad,best,x,perfectly,handy,salad,easy,pressure,pleased,thank,ze,kids,mas
ice,great,loves,excellent,awesome,highly,wonderful,potatoes,perfect,loved,love,happy,glad,best,x,perfectly,handy,salad,easy,pressure,pleased,thank,ze,kids,mas
ice,great,loves,excellent,awesome,highly,wonderful,potatoes,perfect,loved,love,happy,glad,best,x,perfectly,handy,salad,easy,pressure,pleased,thank,ze,kids,mas
ice,great,loves,excellent,awesome,highly,wonderful,potatoes,perfect,loved,love,happy,glad,best,x,perfectly,handy,salad,easy,pressure,pleased,thank,ze,kids,mas
ice,great,loves,excellent,awesome,highly,wonderful,potatoes,perfect,loved,love,happy,glad,best,x,perfectly,handy,salad,easy,pressure,pleased,thank,ze,kids,mas
ice,great,loves,excellent,awesome,highly,wonderful,potatoes,perfect,loved,love,happy,glad,best,x,perfectly,handy,salad,easy,pressure,pleased,thank,ze,kids,mas
ice,great,loves,excellent,awesome,highly,wonderful,potatoes,perfect,loved,love,happy,glad,best,x,perfectly,handy,salad,easy,pressure,pleased,thank,ze,kids,mas
ice,great,loves,excellent,awesome,highly,wonderful,potatoes,perfect,loved,love,happy,glad,best,x,perfectly,handy,salad,easy,pressure,pleased,thank,ze,kids,mas
ice,great,loves,excellent,awesome,highly,wonderful,potatoes,perfect,loved,love,happy,glad,best,x,perfectly,handy,salad,easy,pressure,pleased,thank,ze,kids,mas
ice,great,loves,excellent,awesome,highly,wonderful,potatoes,perfect,loved,love,happy,glad,best,x,perfectly,handy,salad,easy,pressure,pleased,thank,ze,kids,mas
ice,great,loves,excellent,awesome,highly,wonderful,potatoes,perfect,loved,love,happy,glad,best,x,perfectly,handy,salad,easy,pressure,pleased,thank,ze,kids,mas
ice,great,loves,excellent,awesome,highly,wonderful,potatoes,perfect,loved,love,happy,glad,best,x,perfectly,handy,salad,easy,pressure,pleased,thank,ze,kids,mas
ice,great,loves,excellent,awesome,highly,wonderful,potatoes,perfect,loved,love,happy,glad,best,x,perfectly,handy,salad,easy,pressure,pleased,thank,ze,kids,mas
ice,great,loves,excellent,awesome,highly,wonderful,potatoes,perfect,loved,love,happy,glad,best,x,perfectly,handy,salad,easy,pressure,pleased,thank,ze,kids,mas
ice,great,loves,excellent,awesome,highly,wonderful,potatoes,perfect,loved,love,happy,glad,best,x,perfectly,handy,salad,easy,pressure,pleased,thank,ze,kids,mas
ice,great,loves,excellent,awesome,highly,wonderful,potatoes,perfect,loved,love,happy,glad,best,x,perfectly,handy,salad,easy,pressure,pleased,thank,ze,kids,mas
ice,great,loves,excellent,awesome,highly,wonderful,potatoes,perfect,loved,love,happy,glad,best,x,perfectly,handy,salad,easy,pressure,pleased,thank,ze,kids,mas
ice,great,loves,excellent,awesome,highly,wonderful,potatoes,perfect,loved,love,happy,glad,best,x,perfectly,handy,salad,easy,pressure,pleased,thank,ze,kids,mas
ice,great,loves,excellent,awesome,highly,wonderful,potatoes,perfect,loved,love,happy,glad,best,x,perfectly,handy,salad,easy,pressure,pleased,thank,ze,kids,mas
ice,great,loves,excellent,awesome,highly,wonderful,potatoes,perfect,loved,love,happy,glad,best,x,perfectly,handy,salad,easy,pressure,pleased,thank,ze,kids,mas
ice,great,loves,excellent,awesome,highly,wonderful,potatoes,perfect,loved,love,happy,glad,best,x,perfectly,handy,salad,easy,pressure,pleased,thank,ze,kids,mas
ice,great,loves,excellent,awesome,highly,wonderful,potatoes,perfect,loved,love,happy,glad,best,x,perfectly,handy,salad,easy,pressure,pleased,thank,ze,kids,mas
ice,great,loves,excellent,awesome,highly,wonderful,potatoes,perfect,loved,love,happy,glad,best,x,perfectly,handy,salad,easy,pressure,pleased,thank,ze,kids,mas
ice,great,loves,excellent,awesome,highly,wonderful,potatoes,perfect,loved,love,happy,glad,best,x,perfectly,handy,salad,easy,pressure,pleased,thank,ze,kids,mas
ice,great,loves,excellent,awesome,highly,wonderful,potatoes,perfect,loved,love,happy,glad,best,x,perfectly,handy,salad,easy,pressure,pleased,thank,ze,kids,mas
ice,great,loves,excellent,awesome,highly,wonderful,potatoes,perfect,loved,love,happy,glad,best,x,perfectly,handy,salad,easy,pressure,pleased,thank,ze,kids,mas
ice,great,loves,excellent,awesome,highly,wonderful,potatoes,perfect,loved,love,happy,glad,best,x,perfectly,handy,salad,easy,pressure,pleased,thank,ze,kids,mas
ice,great,loves,excellent,awesome,highly,wonderful,potatoes,perfect,loved,love,happy,glad,best,x,perfectly,handy,salad,easy,pressure,pleased,thank,ze,kids,mas
ice,great,loves,excellent,awesome,highly,wonderful,potatoes,perfect,loved,love,happy,glad,best,x,perfectly,handy,salad,easy,pressure,pleased,thank,ze,kids,mas
ice,great,loves,excellent,awesome,highly,wonderful,potatoes,perfect,loved,love,happy,glad,best,x,perfectly,handy,salad,easy,pressure,pleased,thank,ze,kids,mas
ice,great,loves,excellent,awesome,highly,wonderful,potatoes,perfect,loved,love,happy,glad,best,x,perfectly,handy,salad,easy,pressure,pleased,thank,ze,kids,mas
ice,great,loves,excellent,awesome,highly,wonderful,potatoes,perfect,loved,love,happy,glad,best,x,perfectly,handy,salad,easy,pressure,pleased,thank,ze,kids,mas
ice,great,loves,excellent,awesome,highly,wonderful,potatoes,perfect,loved,love,happy,glad,best,x,perfectly,handy,salad,easy,pressure,pleased,thank,ze,kids,mas
ice,great,loves,excellent,awesome,highly,wonderful,potatoes,perfect,loved,love,happy,glad,best,x,perfectly,handy,salad,easy,pressure,pleased,thank,ze,kids,mas
ice,great,loves,excellent,awesome,highly,wonderful,potatoes,perfect,loved,love,happy,glad,best,x,perfectly,handy,salad,easy,pressure,pleased,thank,ze,kids,mas
ice,great,loves,excellent,awesome,highly,wonderful,potatoes,perfect,loved,love,happy,glad,best,x,perfectly,handy,salad,easy,pressure,pleased,thank,ze,kids,mas
ice,great,loves,excellent,awesome,highly,wonderful,potatoes,perfect,loved,love,happy,glad,best,x,perfectly,handy,salad,easy,pressure,pleased,thank,ze,kids,mas
ice,great,loves,excellent,awesome,highly,wonderful,potatoes,perfect,loved,love,happy,glad,best,x,perfectly,handy,salad,easy,pressure,pleased,thank,ze,kids,mas
ice,great,loves,excellent,awesome,highly,wonderful,potatoes,perfect,loved,love,happy,glad,best,x,perfectly,handy,salad,easy,pressure,pleased,thank,ze,kids,mas
ice,great,loves,excellent,awesome,highly,wonderful,potatoes,perfect,loved,love,happy,glad,best,x,perfectly,handy,salad,easy,pressure,pleased,thank,ze,kids,mas
ice,great,loves,excellent,awesome,highly,wonderful,potatoes,perfect,loved,love,happy,glad,best,x,perfectly,handy,salad,easy,pressure,pleased,thank,ze,kids,mas
ice,great,loves,excellent,awesome,highly,wonderful,potatoes,perfect,loved,love,happy,glad,best,x,perfectly,handy,salad,easy,pressure,pleased,thank,ze,kids,mas
ice,great,loves,excellent,awesome,highly,wonderful,potatoes,perfect,loved,love,happy,glad,best,x,perfectly,handy,salad,easy,pressure,pleased,thank,ze,kids,mas
ice,great,loves,excellent,awesome,highly,wonderful,potatoes,perfect,loved,love,happy,glad,best,x,perfectly,handy,salad,easy,pressure,pleased,thank,ze,kids,mas
ice,great,loves,excellent,awesome,highly,wonderful,potatoes,perfect,loved,love,happy,glad,best,x,perfectly,handy,salad,easy,pressure,pleased,thank,ze,kids,mas
ice,great,loves,excellent,awesome,highly,wonderful,potatoes,perfect,loved,love,happy,glad,best,x,perfectly,handy,salad,easy,pressure,pleased,thank,ze,kids,mas
ice,great,loves,excellent,awesome,highly,wonderful,potatoes,perfect,loved,love,happy,glad,best,x,perfectly,handy,salad,easy,pressure,pleased,thank,ze,kids,mas
ice,great,loves,excellent,awesome,highly,wonderful,potatoes,perfect,loved,love,happy,glad,best,x,perfectly,handy,salad,easy,pressure,pleased,thank,ze,kids,mas
ice,great,loves,excellent,awesome,highly,wonderful,potatoes,perfect,loved,love,happy,glad,best,x,perfectly,handy,salad,easy,pressure,pleased,thank,ze,kids,mas
ice,great,loves,excellent,awesome,highly,wonderful,potatoes,perfect,loved,love,happy,glad,best,x,perfectly,handy,salad,easy,pressure,pleased,thank,ze,kids,mas
ice,great,loves,excellent,awesome,highly,wonderful,potatoes,perfect,loved,love,happy,glad,best,x,perfectly,handy,salad,easy,pressure,pleased,thank,ze,kids,mas
ice,great,loves,excellent,awesome,highly,wonderful,potatoes,perfect,loved,love,happy,glad,best,x,perfectly,handy,salad,easy,pressure,pleased,thank,ze,kids,mas
ice,great,loves,excellent,awesome,highly,wonderful,potatoes,perfect,loved,love,happy,glad,best,x,perfectly,handy,salad,easy,pressure,pleased,thank,ze,kids,mas
ice,great,loves,excellent,awesome,highly,wonderful,potatoes,perfect,loved,love,happy,glad,best,x,perfectly,handy,salad,easy,pressure,pleased,thank,ze,kids,mas
ice,great,loves,excellent,awesome,highly,wonderful,potatoes,perfect,loved,love,happy,glad,best,x,perfectly,handy,salad,easy,pressure,pleased,thank,ze,kids,mas
ice,great,loves,excellent,awesome,highly,wonderful,potatoes,perfect,loved,love,happy,glad,best,x,perfectly,handy,salad,easy,pressure,pleased,thank,ze,kids,mas
ice,great,loves,excellent,awesome,highly,wonderful,potatoes,perfect,loved,love,happy,glad,best,x,perfectly,handy,salad,easy,pressure,pleased,thank,ze,kids,mas
ice,great,loves,excellent,awesome,highly,wonderful,potatoes,perfect,loved,love,happy,glad,best,x,perfectly,handy,salad,easy,pressure,pleased,thank,ze,kids,mas
ice,great,loves,excellent,awesome,highly,wonderful,potatoes,perfect,loved,love,happy,glad,best,x,perfectly,handy,salad,easy,pressure,pleased,thank,ze,kids,mas
ice,great,loves,excellent,awesome,highly,wonderful,potatoes,perfect,loved,love,happy,glad,best,x,perfectly,handy,salad,easy,pressure,pleased,thank,ze,kids,mas
ice,great,loves,excellent,awesome,highly,wonderful,potatoes,perfect,loved,love,happy,glad,best,x,perfectly,handy,salad,easy,pressure,pleased,thank,ze,kids,mas
ice,great,loves,excellent,awesome,highly,wonderful,potatoes,perfect,loved,love,happy,glad,best,x,perfectly,handy,salad,easy,pressure,pleased,thank,ze,kids,mas
ice,great,loves,excellent,awesome,highly,wonderful,potatoes,perfect,loved,love,happy,glad,best,x,perfectly,handy,salad,easy,pressure,pleased,thank,ze,kids,mas
ice,great,loves,excellent,awesome,highly,wonderful,potatoes,perfect,loved,love,happy,glad,best,x,perfectly,handy,salad,easy,pressure,pleased,thank,ze,kids,mas
ice,great,loves,excellent,awesome,highly,wonderful,potatoes,perfect,loved,love,happy,glad,best,x,perfectly,handy,salad,easy,pressure,pleased,thank,ze,kids,mas
ice,great,loves,excellent,awesome,highly,wonderful,potatoes,perfect,loved,love,happy,glad,best,x,perfectly,handy,salad,easy,pressure,pleased,thank,ze,kids,mas
ice,great,loves,excellent,awesome,highly,wonderful,potatoes,perfect,loved,love,happy,glad,best,x,perfectly,handy,salad,easy,pressure,pleased,thank,ze,kids,mas
ice,great,loves,excellent,awesome,highly,wonderful,potatoes,perfect,loved,love,happy,glad,best,x,perfectly,handy,salad,easy,pressure,pleased,thank,ze,kids,mas
ice,great,loves,excellent,awesome,highly,wonderful,potatoes,perfect,loved,love,happy,glad,best,x,perfectly,handy,salad,easy,pressure,pleased,thank,ze,kids,mas
ice,great,loves,excellent,awesome,highly,wonderful,potatoes,perfect,loved,love,happy,glad,best,x,perfectly,handy,salad,easy,pressure,pleased,thank,ze,kids,mas
ice,great,loves,excellent,awesome,highly,wonderful,potatoes,perfect,loved,love,happy,glad,best,x,perfectly,handy,salad,easy,pressure,pleased,thank,ze,kids,mas
ice,great,loves,excellent,awesome,highly,wonderful,potatoes,perfect,loved,love,happy,glad,best,x,perfectly,handy,salad,easy,pressure,pleased,thank,ze,kids,mas
ice,great,loves,excellent,awesome,highly,wonderful,potatoes,perfect,loved,love,happy,glad,best,x,perfectly,handy,salad,easy,pressure,pleased,thank,ze,kids,mas
ice,great,loves,excellent,awesome,highly,wonderful,potatoes,perfect,loved,love,happy,glad,best,x,perfectly,handy,salad,easy,pressure,pleased,thank,ze,kids,mas
ice,great,loves,excellent,awesome,highly,wonderful,potatoes,perfect,loved,love,happy,glad,best,x,perfectly,handy,salad,easy,pressure,pleased,thank,ze,kids,mas
ice,great,loves,excellent,awesome,highly,wonderful,potatoes,perfect,loved,love,happy,glad,best,x,perfectly,handy,salad,easy,pressure,pleased,thank,ze,kids,mas
ice,great,loves,excellent,awesome,highly,wonderful,potatoes,perfect,loved,love,happy,glad,best,x,perfectly,handy,salad,easy,pressure,pleased,thank,ze,kids,mas
ice,great,loves,excellent,awesome,highly,wonderful,potatoes,perfect,loved,love,happy,glad,best,x,perfectly,handy,salad,easy,pressure,pleased,thank,ze,kids,mas
ice,great,loves,excellent,awesome,highly,wonderful,potatoes,perfect,loved,love,happy,glad,best,x,perfectly,handy,salad,easy,pressure,pleased,thank,ze,kids,mas
ice,great,loves,excellent,awesome,highly,wonderful,potatoes,perfect,loved,love,happy,glad,best,x,perfectly,handy,salad,easy,pressure,pleased,thank,ze,kids,mas
ice,great,loves,excellent,awesome,highly,wonderful,potatoes,perfect,loved,love,happy,glad,best,x,perfectly,handy,salad,easy,pressure,pleased,thank,ze,kids,mas
ice,great,loves,excellent,awesome,highly,wonderful,potatoes,perfect,loved,love,happy,glad,best,x,perfectly,handy,salad,easy,pressure,pleased,thank,ze,kids,mas
ice,great,loves,excellent,awesome,highly,wonderful,potatoes,perfect,loved,love,happy,glad,best,x,perfectly,handy,salad,easy,pressure,pleased,thank,ze,kids,mas
ice,great,loves,excellent,awesome,highly,wonderful,potatoes,perfect,loved,love,happy,glad,best,x,perfectly,handy,salad,easy,pressure,pleased,thank,ze,kids,mas
ice,great,loves,excellent,awesome,highly,wonderful,potatoes,perfect,loved,love,happy,glad,best,x,perfectly,handy,salad,easy,pressure,pleased,thank,ze,kids,mas
ice,great,loves,excellent,awesome,highly,wonderful,potatoes,perfect,loved,love,happy,glad,best,x,perfectly,handy,salad,easy,pressure,pleased,thank,ze,kids,mas
ice,great,loves,excellent,awesome,highly,wonderful,potatoes,perfect,loved,love,happy,glad,best,x,perfectly,handy,salad,easy,pressure,pleased,thank,ze,kids,mas
ice,great,loves,excellent,awesome,highly,wonderful,potatoes,perfect,loved,love,happy,glad,best,x,perfectly,handy,salad,easy,pressure,pleased,thank,ze,kids,mas
ice,great,loves,excellent,awesome,highly,wonderful,potatoes,perfect,loved,love,happy,glad,best,x,perfectly,handy,salad,easy,pressure,pleased,thank,ze,kids,mas
ice,great,loves,excellent,awesome,highly,wonderful,potatoes,perfect,loved,love,happy,glad,best,x,perfectly,handy,salad,easy,pressure,pleased,thank,ze,kids,mas
ice,great,loves,excellent,awesome,highly,wonderful,potatoes,perfect,loved,love,happy,glad,best,x,perfectly,handy,salad,easy,pressure,pleased,thank,ze,kids,mas
ice,great,loves,excellent,awesome,highly,wonderful,potatoes,perfect,loved,love,happy,glad,best,x,perfectly,handy,salad,easy,pressure,pleased,thank,ze,kids,mas
ice,great,loves,excellent,awesome,highly,wonderful,potatoes,perfect,loved,love,happy,glad,best,x,perfectly,handy,salad,easy,pressure,pleased,thank,ze,kids,mas
ice,great,loves,excellent,awesome,highly,wonderful,potatoes,perfect,loved,love,happy,glad,best,x,perfectly,handy,salad,easy,pressure,pleased,thank,ze,kids,mas
ice,great,loves,excellent,awesome,highly,wonderful,potatoes,perfect,loved,love,happy,glad,best,x,perfectly,handy,salad,easy,pressure,pleased,thank,ze,kids,mas
ice,great,loves,excellent,awesome,highly,wonderful,potatoes,perfect,loved,love,happy,glad,best,x,perfectly,handy,salad,easy,pressure,pleased,thank,ze,kids,mas
ice,great,loves,excellent,awesome,highly,wonderful,potatoes,perfect,loved,love,happy,glad,best,x,perfectly,handy,salad,easy,pressure,pleased,thank,ze,kids,mas
ice,great,loves,excellent,awesome,highly,wonderful,potatoes,perfect,loved,love,happy,glad,best,x,perfectly,handy,salad,easy,pressure,pleased,thank,ze,kids,mas
ice,great,loves,excellent,awesome,highly,wonderful,potatoes,perfect,loved,love,happy,glad,best,x,perfectly,handy,salad,easy,pressure,pleased,thank,ze,kids,mas
ice,great,loves,excellent,awesome,highly,wonderful,potatoes,perfect,loved,love,happy,glad,best,x,perfectly,handy,salad,easy,pressure,pleased,thank,ze,kids,mas
ice,great,loves,excellent,awesome,highly,wonderful,potatoes,perfect,loved,love,happy,glad,best,x,perfectly,handy,salad,easy,pressure,pleased,thank,ze,kids,mas
ice,great,loves,excellent,awesome,highly,wonderful,potatoes,perfect,loved,love,happy,glad,best,x,perfectly,handy,salad,easy,pressure,pleased,thank,ze,kids,mas
ice,great,loves,excellent,awesome,highly,wonderful,potatoes,perfect,loved,love,happy,glad,best,x,perfectly,handy,salad,easy,pressure,pleased,thank,ze,kids,mas
ice,great,loves,excellent,awesome,highly,wonderful,potatoes,perfect,loved,love,happy,glad,best,x,perfectly,handy,salad,easy,pressure,pleased,thank,ze,kids,mas
ice,great,loves,excellent,awesome,highly,wonderful,potatoes,perfect,loved,love,happy,glad,best,x,perfectly,handy,salad,easy,pressure,pleased,thank,ze,kids,mas
ice,great,loves,excellent,awesome,highly,wonderful,potatoes,perfect,loved,love,happy,glad,best,x,perfectly,handy,salad,easy,pressure,pleased,thank,ze,kids,mas
ice,great,loves,excellent,awesome,highly,wonderful,potatoes,perfect,loved,love,happy,glad,best,x,perfectly,handy,salad,easy,pressure,pleased,thank,ze,kids,mas
ice,great,loves,excellent,awesome,highly,wonderful,potatoes,perfect,loved,love,happy,glad,best,x,perfectly,handy,salad,easy,pressure,pleased,thank,ze,kids,mas
ice,great,loves,excellent,awesome,highly,wonderful,potatoes,perfect,loved,love,happy,glad,best,x,perfectly,handy,salad,easy,pressure,pleased,thank,ze,kids,mas
ice,great,loves,excellent,awesome,highly,wonderful,potatoes,perfect,loved,love,happy,glad,best,x,perfectly,handy,salad,easy,pressure,pleased,thank,ze,kids,mas
ice,great,loves,excellent,awesome,highly,wonderful,potatoes,perfect,loved,love,happy,glad,best,x,perfectly,handy,salad,easy,pressure,pleased,thank,ze,kids,mas
ice,great,loves,excellent,awesome,highly,wonderful,potatoes,perfect,loved,love,happy,glad,best,x,perfectly,handy,salad,easy,pressure,pleased,thank,ze,kids,mas
ice,great,loves,excellent,awesome,highly,wonderful,potatoes,perfect,loved,love,happy,glad,best,x,perfectly,handy,salad,easy,pressure,pleased,thank,ze,kids,mas
ice,great,loves,excellent,awesome,highly,wonderful,potatoes,perfect,loved,love,happy,glad,best,x,perfectly,handy,salad,easy,pressure,pleased,thank,ze,kids,mas
ice,great,loves,excellent,awesome,highly,wonderful,potatoes,perfect,loved,love,happy,glad,best,x,perfectly,handy,salad,easy,pressure,pleased,thank,ze,kids,mas
ice,great,loves,excellent,awesome,highly,wonderful,potatoes,perfect,loved,love,happy,glad,best,x,perfectly,handy,salad,easy,pressure,pleased,thank,ze,kids,mas
ice,great,loves,excellent,awesome,highly,wonderful,potatoes,perfect,loved,love,happy,glad,best,x,perfectly,handy,salad,easy,pressure,pleased,thank,ze,kids,mas
ice,great,loves,excellent,awesome,highly,wonderful,potatoes,perfect,loved,love,happy,glad,best,x,perfectly,handy,salad,easy,pressure,pleased,thank,ze,kids,mas
ice,great,loves,excellent,awesome,highly,wonderful,potatoes,perfect,loved,love,happy,glad,best,x,perfectly,handy,salad,easy,pressure,pleased,thank,ze,kids,mas
ice,great,loves,excellent,awesome,highly,wonderful,potatoes,perfect,loved,love,happy,glad,best,x,perfectly,handy,salad,easy,pressure,pleased,thank,ze,kids,mas
ice,great,loves,excellent,awesome,highly,wonderful,potatoes,perfect,loved,love,happy,glad,best,x,perfectly,handy,salad,easy,pressure,pleased,thank,ze,kids,mas
ice,great,loves,excellent,awesome,highly,wonderful,potatoes,perfect,loved,love,happy,glad,best,x,perfectly,handy,salad,easy,pressure,pleased,thank,ze,kids,mas
ice,great,loves,excellent,awesome,highly,wonderful,potatoes,perfect,loved,love,happy,glad,best,x,perfectly,handy,salad,easy,pressure,pleased,thank,ze,kids,mas
ice,great,loves,excellent,awesome,highly,wonderful,potatoes,perfect,loved,love,happy,glad,best,x,perfectly,handy,salad,easy,pressure,pleased,thank,ze,kids,mas
ice,great,loves,excellent,awesome,highly,wonderful,potatoes,perfect,loved,love,happy,glad,best,x,perfectly,handy,salad,easy,pressure,pleased,thank,ze,kids,mas
ice,great,loves,excellent,awesome,highly,wonderful,potatoes,perfect,loved,love,happy,glad,best,x,perfectly,handy,salad,easy,pressure,pleased,thank,ze,kids,mas
ice,great,loves,excellent,awesome,highly,wonderful,potatoes,perfect,loved,love,happy,glad,best,x,perfectly,handy,salad,easy,pressure,pleased,thank,ze,kids,mas
ice,great,loves,excellent,awesome,highly,wonderful,potatoes,perfect,loved,love,happy,glad,best,x,perfectly,handy,salad,easy,pressure,pleased,thank,ze,kids,mas
ice,great,loves,excellent,awesome,highly,wonderful,potatoes,perfect,loved,love,happy,glad,best,x,perfectly,handy,salad,easy,pressure,pleased,thank,ze,kids,mas
ice,great,loves,excellent,awesome,highly,wonderful,potatoes,perfect,loved,love,happy,glad,best,x,perfectly,handy,salad,easy,pressure,pleased,thank,ze,kids,mas
ice,great,loves,excellent,awesome,highly,wonderful,potatoes,perfect,loved,love,happy,glad,best,x,perfectly,handy,salad,easy,pressure,pleased,thank,ze,kids,mas
ice,great,loves,excellent,awesome,highly,wonderful,potatoes,perfect,loved,love,happy,glad,best,x,perfectly,handy,salad,easy,pressure,pleased,thank,ze,kids,mas
ice,great,loves,excellent,awesome,highly,wonderful,potatoes,perfect,loved,love,happy,glad,best,x,perfectly,handy,salad,easy,pressure,pleased,thank,ze,kids,mas
ice,great,loves,excellent,awesome,highly,wonderful,potatoes,perfect,loved,love,happy,glad,best,x,perfectly,handy,salad,easy,pressure,pleased,thank,ze,kids,mas
ice,great,loves,excellent,awesome,highly,wonderful,potatoes,perfect,loved,love,happy,glad,best,x,perfectly,handy,salad,easy,pressure,pleased,thank,ze,kids,mas
ice,great,loves,excellent,awesome,highly,wonderful,potatoes,perfect,loved,love,happy,glad,best,x,perfectly,handy,salad,easy,pressure,pleased,thank,ze,kids,mas
ice,great,loves,excellent,awesome,highly,wonderful,potatoes,perfect,loved,love,happy,glad,best,x,perfectly,handy,salad,easy,pressure,pleased,thank,ze,kids,mas
ice,great,loves,excellent,awesome,highly,wonderful,potatoes,perfect,loved,love,happy,glad,best,x,perfectly,handy,salad,easy,pressure,pleased,thank,ze,kids,mas
ice,great,loves,excellent,awesome,highly,wonderful,potatoes,perfect,loved,love,happy,glad,best,x,perfectly,handy,salad,easy,pressure,pleased,thank,ze,kids,mas
great,loves,excellent,awesome,highly,wonderful,potatoes,perfect,cake,loved,love,happy,glad,best,x,perfectly,handy,salad,easy,pressure,pleased,thank,ze,kids,mas
great,loves,excellent,awesome,highly,wonderful,potatoes,perfect,cake,loved,love,happy,glad,best,x,perfectly,handy,salad,easy,pressure,pleased,thank,ze,kids,mas
great,loves,excellent,awesome,highly,wonderful,potatoes,perfect,cake,loved,love,happy,glad,best,x,perfectly,handy,salad,easy,pressure,pleased,thank,ze,kids,mas
great,loves,excellent,awesome,highly,wonderful,potatoes,perfect,cake,loved,love,happy,glad,best,x,perfectly,handy,salad,easy,pressure,pleased,thank,ze,kids,mas
great,loves,excellent,awesome,highly,wonderful,potatoes,perfect,cake,loved,love,happy,glad,best,x,perfectly,handy,salad,easy,pressure,pleased,thank,ze,kids,mas
great,loves,excellent,awesome,highly,wonderful,potatoes,perfect,cake,loved,love,happy,glad,best,x,perfectly,handy,salad,easy,pressure,pleased,thank,ze,kids,mas
great,loves,excellent,awesome,highly,wonderful,potatoes,perfect,cake,loved,love,happy,glad,best,x,perfectly,handy,salad,easy,pressure,pleased,thank,ze,kids,mas
great,loves,excellent,awesome,highly,wonderful,potatoes,perfect,cake,loved,love,happy,glad,best,x,perfectly,handy,salad,easy,pressure,pleased,thank,ze,kids,mas
great,loves,excellent,awesome,highly,wonderful,potatoes,perfect,cake,loved,love,happy,glad,best,x,perfectly,handy,salad,easy,pressure,pleased,thank,ze,kids,mas
great,loves,excellent,awesome,highly,wonderful,potatoes,perfect,cake,loved,love,happy,glad,best,x,perfectly,handy,salad,easy,pressure,pleased,thank,ze,kids,mas
great,loves,excellent,awesome,highly,wonderful,potatoes,perfect,cake,loved,love,happy,glad,best,x,perfectly,handy,salad,easy,pressure,pleased,thank,ze,kids,mas
great,loves,excellent,awesome,highly,wonderful,potatoes,perfect,cake,loved,love,happy,glad,best,x,perfectly,handy,salad,easy,pressure,pleased,thank,ze,kids,mas
great,loves,excellent,awesome,highly,wonderful,potatoes,perfect,cake,loved,love,happy,glad,best,x,perfectly,handy,salad,easy,pressure,pleased,thank,ze,kids,mas
great,loves,excellent,awesome,highly,wonderful,potatoes,perfect,cake,loved,love,happy,glad,best,x,perfectly,handy,salad,easy,pressure,pleased,thank,ze,kids,mas
great,loves,excellent,awesome,highly,wonderful,potatoes,perfect,cake,loved,love,happy,glad,best,x,perfectly,handy,salad,easy,pressure,pleased,thank,ze,kids,mas
great,loves,excellent,awesome,highly,wonderful,potatoes,perfect,cake,loved,love,happy,glad,best,x,perfectly,handy,salad,easy,pressure,pleased,thank,ze,kids,mas
great,loves,excellent,awesome,highly,wonderful,potatoes,perfect,cake,loved,love,happy,glad,best,x,perfectly,handy,salad,easy,pressure,pleased,thank,ze,kids,mas
great,loves,excellent,awesome,highly,wonderful,potatoes,perfect,cake,loved,love,happy,glad,best,x,perfectly,handy,salad,easy,pressure,pleased,thank,ze,kids,mas
great,loves,excellent,awesome,highly,wonderful,potatoes,perfect,cake,loved,love,happy,glad,best,x,perfectly,handy,salad,easy,pressure,pleased,thank,ze,kids,mas
great,loves,excellent,awesome,highly,wonderful,potatoes,perfect,cake,loved,love,happy,glad,best,x,perfectly,handy,salad,easy,pressure,pleased,thank,ze,kids,mas
great,loves,excellent,awesome,highly,wonderful,potatoes,perfect,cake,loved,love,happy,glad,best,x,perfectly,handy,salad,easy,pressure,pleased,thank,ze,kids,mas
great,loves,excellent,awesome,highly,wonderful,potatoes,perfect,cake,loved,love,happy,glad,best,x,perfectly,handy,salad,easy,pressure,pleased,thank,ze,kids,mas
great,loves,excellent,awesome,highly,wonderful,potatoes,perfect,cake,loved,love,happy,glad,best,x,perfectly,handy,salad,easy,pressure,pleased,thank,ze,kids,mas
great,loves,excellent,awesome,highly,wonderful,potatoes,perfect,cake,loved,love,happy,glad,best,x,perfectly,handy,salad,easy,pressure,pleased,thank,ze,kids,mas
great,loves,excellent,awesome,highly,wonderful,potatoes,perfect,cake,loved,love,happy,glad,best,x,perfectly,handy,salad,easy,pressure,pleased,thank,ze,kids,mas
great,loves,excellent,awesome,highly,wonderful,potatoes,perfect,cake,loved,love,happy,glad,best,x,perfectly,handy,salad,easy,pressure,pleased,thank,ze,kids,mas
great,loves,excellent,awesome,highly,wonderful,potatoes,perfect,cake,loved,love,happy,glad,best,x,perfectly,handy,salad,easy,pressure,pleased,thank,ze,kids,mas
great,loves,excellent,awesome,highly,wonderful,potatoes,perfect,cake,loved,love,happy,glad,best,x,perfectly,handy,salad,easy,pressure,pleased,thank,ze,kids,mas
great,loves,excellent,awesome,highly,wonderful,potatoes,perfect,cake,loved,love,happy,glad,best,x,perfectly,handy,salad,easy,pressure,pleased,thank,ze,kids,mas
great,loves,excellent,awesome,highly,wonderful,potatoes,perfect,cake,loved,love,happy,glad,best,x,perfectly,handy,salad,easy,pressure,pleased,thank,ze,kids,mas
great,loves,excellent,awesome,highly,wonderful,potatoes,perfect,cake,loved,love,happy,glad,best,x,perfectly,handy,salad,easy,pressure,pleased,thank,ze,kids,mas
great,loves,excellent,awesome,highly,wonderful,potatoes,perfect,cake,loved,love,happy,glad,best,x,perfectly,handy,salad,easy,pressure,pleased,thank,ze,kids,mas
great,loves,excellent,awesome,highly,wonderful,potatoes,perfect,cake,loved,love,happy,glad,best,x,perfectly,handy,salad,easy,pressure,pleased,thank,ze,kids,mas
great,loves,excellent,awesome,highly,wonderful,potatoes,perfect,cake,loved,love,happy,glad,best,x,perfectly,handy,salad,easy,pressure,pleased,thank,ze,kids,mas
great,loves,excellent,awesome,highly,wonderful,potatoes,perfect,cake,loved,love,happy,glad,best,x,perfectly,handy,salad,easy,pressure,pleased,thank,ze,kids,mas
great,loves,excellent,awesome,highly,wonderful,potatoes,perfect,cake,loved,love,happy,glad,best,x,perfectly,handy,salad,easy,pressure,pleased,thank,ze,kids,mas
great,loves,excellent,awesome,highly,wonderful,potatoes,perfect,cake,loved,love,happy,glad,best,x,perfectly,handy,salad,easy,pressure,pleased,thank,ze,kids,mas
great,loves,excellent,awesome,highly,wonderful,potatoes,perfect,cake,loved,love,happy,glad,best,x,perfectly,handy,salad,easy,pressure,pleased,thank,ze,kids,mas
great,loves,excellent,awesome,highly,wonderful,potatoes,perfect,cake,loved,love,happy,glad,best,x,perfectly,handy,salad,easy,pressure,pleased,thank,ze,kids,mas
great,loves,excellent,awesome,highly,wonderful,potatoes,perfect,cake,loved,love,happy,glad,best,x,perfectly,handy,salad,easy,pressure,pleased,thank,ze,kids,mas
great,loves,excellent,awesome,highly,wonderful,potatoes,perfect,cake,loved,love,happy,glad,best,x,perfectly,handy,salad,easy,pressure,pleased,thank,ze,kids,mas
great,loves,excellent,awesome,highly,wonderful,potatoes,perfect,cake,loved,love,happy,glad,best,x,perfectly,handy,salad,easy,pressure,pleased,thank,ze,kids,mas
great,loves,excellent,awesome,highly,wonderful,potatoes,perfect,cake,loved,love,happy,glad,best,x,perfectly,handy,salad,easy,pressure,pleased,thank,ze,kids,mas
great,loves,excellent,awesome,highly,wonderful,potatoes,perfect,cake,loved,love,happy,glad,best,x,perfectly,handy,salad,easy,pressure,pleased,thank,ze,kids,mas
great,loves,excellent,awesome,highly,wonderful,potatoes,perfect,cake,loved,love,happy,glad,best,x,perfectly,handy,salad,easy,pressure,pleased,thank,ze,kids,mas
great,loves,excellent,awesome,highly,wonderful,potatoes,perfect,cake,loved,love,happy,glad,best,x,perfectly,handy,salad,easy,pressure,pleased,thank,ze,kids,mas
great,loves,excellent,awesome,highly,wonderful,potatoes,perfect,cake,loved,love,happy,glad,best,x,perfectly,handy,salad,easy,pressure,pleased,thank,ze,kids,mas
great,loves,excellent,awesome,highly,wonderful,potatoes,perfect,cake,loved,love,happy,glad,best,x,perfectly,handy,salad,easy,pressure,pleased,thank,ze,kids,mas
great,loves,excellent,awesome,highly,wonderful,potatoes,perfect,cake,loved,love,happy,glad,best,x,perfectly,handy,salad,easy,pressure,pleased,thank,ze,kids,mas
great,loves,excellent,awesome,highly,wonderful,potatoes,perfect,cake,loved,love,happy,glad,best,x,perfectly,handy,salad,easy,pressure,pleased,thank,ze,kids,mas
great,loves,excellent,awesome,highly,wonderful,potatoes,perfect,cake,loved,love,happy,glad,best,x,perfectly,handy,salad,easy,pressure,pleased,thank,ze,kids,mas
great,loves,excellent,awesome,highly,wonderful,potatoes,perfect,cake,loved,love,happy,glad,best,x,perfectly,handy,salad,easy,pressure,pleased,thank,ze,kids,mas
great,loves,excellent,awesome,highly,wonderful,potatoes,perfect,cake,loved,love,happy,glad,best,x,perfectly,handy,salad,easy,pressure,pleased,thank,ze,kids,mas
great,loves,excellent,awesome,highly,wonderful,potatoes,perfect,cake,loved,love,happy,glad,best,x,perfectly,handy,salad,easy,pressure,pleased,thank,ze,kids,mas
great,loves,excellent,awesome,highly,wonderful,potatoes,perfect,cake,loved,love,happy,glad,best,x,perfectly,handy,salad,easy,pressure,pleased,thank,ze,kids,mas
great,loves,excellent,awesome,highly,wonderful,potatoes,perfect,cake,loved,love,happy,glad,best,x,perfectly,handy,salad,easy,pressure,pleased,thank,ze,kids,mas
great,loves,excellent,awesome,highly,wonderful,potatoes,perfect,cake,loved,love,happy,glad,best,x,perfectly,handy,salad,easy,pressure,pleased,thank,ze,kids,mas
great,loves,excellent,awesome,highly,wonderful,potatoes,perfect,cake,loved,love,happy,glad,best,x,perfectly,handy,salad,easy,pressure,pleased,thank,ze,kids,mas
great,loves,excellent,awesome,highly,wonderful,potatoes,perfect,cake,loved,love,happy,glad,best,x,perfectly,handy,salad,easy,pressure,pleased,thank,ze,kids,mas
great,loves,excellent,awesome,highly,wonderful,potatoes,perfect,cake,loved,love,happy,glad,best,x,perfectly,handy,salad,easy,pressure,pleased,thank,ze,kids,mas
great,loves,excellent,awesome,highly,wonderful,potatoes,perfect,cake,loved,love,happy,glad,best,x,perfectly,handy,salad,easy,pressure,pleased,thank,ze,kids,mas
great,loves,excellent,awesome,highly,wonderful,potatoes,perfect,cake,loved,love,happy,glad,best,x,perfectly,handy,salad,easy,pressure,pleased,thank,ze,kids,mas
great,loves,excellent,awesome,highly,wonderful,potatoes,perfect,cake,loved,love,happy,glad,best,x,perfectly,handy,salad,easy,pressure,pleased,thank,ze,kids,mas
great,loves,excellent,awesome,highly,wonderful,potatoes,perfect,cake,loved,love,happy,glad,best,x,perfectly,handy,salad,easy,pressure,pleased,thank,ze,kids,mas
great,loves,excellent,awesome,highly,wonderful,potatoes,perfect,cake,loved,love,happy,glad,best,x,perfectly,handy,salad,easy,pressure,pleased,thank,ze,kids,mas
great,loves,excellent,awesome,highly,wonderful,potatoes,perfect,cake,loved,love,happy,glad,best,x,perfectly,handy,salad,easy,pressure,pleased,thank,ze,kids,mas
great,loves,excellent,awesome,highly,wonderful,potatoes,perfect,cake,loved,love,happy,glad,best,x,perfectly,handy,salad,easy,pressure,pleased,thank,ze,kids,mas
great,loves,excellent,awesome,highly,wonderful,potatoes,perfect,cake,loved,love,happy,glad,best,x,perfectly,handy,salad,easy,pressure,pleased,thank,ze,kids,mas
great,loves,excellent,awesome,highly,wonderful,potatoes,perfect,cake,loved,love,happy,glad,best,x,perfectly,handy,salad,easy,pressure,pleased,thank,ze,kids,mas
great,loves,excellent,awesome,highly,wonderful,potatoes,perfect,cake,loved,love,happy,glad,best,x,perfectly,handy,salad,easy,pressure,pleased,thank,ze,kids,mas
great,loves,excellent,awesome,highly,wonderful,potatoes,perfect,cake,loved,love,happy,glad,best,x,perfectly,handy,salad,easy,pressure,pleased,thank,ze,kids,mas
great,loves,excellent,awesome,highly,wonderful,potatoes,perfect,cake,loved,love,happy,glad,best,x,perfectly,handy,salad,easy,pressure,pleased,thank,ze,kids,mas
great,loves,excellent,awesome,highly,wonderful,potatoes,perfect,cake,loved,love,happy,glad,best,x,perfectly,handy,salad,easy,pressure,pleased,thank,ze,kids,mas
great,loves,excellent,awesome,highly,wonderful,potatoes,perfect,cake,loved,love,happy,glad,best,x,perfectly,handy,salad,easy,pressure,pleased,thank,ze,kids,mas
great,loves,excellent,awesome,highly,wonderful,potatoes,perfect,cake,loved,love,happy,glad,best,x,perfectly,handy,salad,easy,pressure,pleased,thank,ze,kids,mas
great,loves,excellent,awesome,highly,wonderful,potatoes,perfect,cake,loved,love,happy,glad,best,x,perfectly,handy,salad,easy,pressure,pleased,thank,ze,kids,mas
great,loves,excellent,awesome,highly,wonderful,potatoes,perfect,cake,loved,love,happy,glad,best,x,perfectly,handy,salad,easy,pressure,pleased,thank,ze,kids,mas
great,loves,excellent,awesome,highly,wonderful,potatoes,perfect,cake,loved,love,happy,glad,best,x,perfectly,handy,salad,easy,pressure,pleased,thank,ze,kids,mas
great,loves,excellent,awesome,highly,wonderful,potatoes,perfect,cake,loved,love,happy,glad,best,x,perfectly,handy,salad,easy,pressure,pleased,thank,ze,kids,mas
great,loves,excellent,awesome,highly,wonderful,potatoes,perfect,cake,loved,love,happy,glad,best,x,perfectly,handy,salad,easy,pressure,pleased,thank,ze,kids,mas
great,loves,excellent,awesome,highly,wonderful,potatoes,perfect,cake,loved,love,happy,glad,best,x,perfectly,handy,salad,easy,pressure,pleased,thank,ze,kids,mas
great,loves,excellent,awesome,highly,wonderful,potatoes,perfect,cake,loved,love,happy,glad,best,x,perfectly,handy,salad,easy,pressure,pleased,thank,ze,kids,mas
great,loves,excellent,awesome,highly,wonderful,potatoes,perfect,cake,loved,love,happy,glad,best,x,perfectly,handy,salad,easy,pressure,pleased,thank,ze,kids,mas
great,loves,excellent,awesome,highly,wonderful,potatoes,perfect,cake,loved,love,happy,glad,best,x,perfectly,handy,salad,easy,pressure,pleased,thank,ze,kids,mas
great,loves,excellent,awesome,highly,wonderful,potatoes,perfect,cake,loved,love,happy,glad,best,x,perfectly,handy,salad,easy,pressure,pleased,thank,ze,kids,mas
great,loves,excellent,awesome,highly,wonderful,potatoes,perfect,cake,loved,love,happy,glad,best,x,perfectly,handy,salad,easy,pressure,pleased,thank,ze,kids,mas
great,loves,excellent,awesome,highly,wonderful,potatoes,perfect,cake,loved,love,happy,glad,best,x,perfectly,handy,salad,easy,pressure,pleased,thank,ze,kids,mas
great,loves,excellent,awesome,highly,wonderful,potatoes,perfect,cake,loved,love,happy,glad,best,x,perfectly,handy,salad,easy,pressure,pleased,thank,ze,kids,mas
great,loves,excellent,awesome,highly,wonderful,potatoes,perfect,cake,loved,love,happy,glad,best,x,perfectly,handy,salad,easy,pressure,pleased,thank,ze,kids,mas
great,loves,excellent,awesome,highly,wonderful,potatoes,perfect,cake,loved,love,happy,glad,best,x,perfectly,handy,salad,easy,pressure,pleased,thank,ze,kids,mas
great,loves,excellent,awesome,highly,wonderful,potatoes,perfect,cake,loved,love,happy,glad,best,x,perfectly,handy,salad,easy,pressure,pleased,thank,ze,kids,mas
great,loves,excellent,awesome,highly,wonderful,potatoes,perfect,cake,loved,love,happy,glad,best,x,perfectly,handy,salad,easy,pressure,pleased,thank,ze,kids,mas
great,loves,excellent,awesome,highly,wonderful,potatoes,perfect,cake,loved,love,happy,glad,best,x,perfectly,handy,salad,easy,pressure,pleased,thank,ze,kids,mas
great,loves,excellent,awesome,highly,wonderful,potatoes,perfect,cake,loved,love,happy,glad,best,x,perfectly,handy,salad,easy,pressure,pleased,thank,ze,kids,mas
great,loves,excellent,awesome,highly,wonderful,potatoes,perfect,cake,loved,love,happy,glad,best,x,perfectly,handy,salad,easy,pressure,pleased,thank,ze,kids,mas
great,loves,excellent,awesome,highly,wonderful,potatoes,perfect,cake,loved,love,happy,glad,best,x,perfectly,handy,salad,easy,pressure,pleased,thank,ze,kids,mas
great,loves,excellent,awesome,highly,wonderful,potatoes,perfect,cake,loved,love,happy,glad,best,x,perfectly,handy,salad,easy,pressure,pleased,thank,ze,kids,mas
great,loves,excellent,awesome,highly,wonderful,potatoes,perfect,cake,loved,love,happy,glad,best,x,perfectly,handy,salad,easy,pressure,pleased,thank,ze,kids,mas
great,loves,excellent,awesome,highly,wonderful,potatoes,perfect,cake,loved,love,happy,glad,best,x,perfectly,handy,salad,easy,pressure,pleased,thank,ze,kids,mas
great,loves,excellent,awesome,highly,wonderful,potatoes,perfect,cake,loved,love,happy,glad,best,x,perfectly,handy,salad,easy,pressure,pleased,thank,ze,kids,mas
great,loves,excellent,awesome,highly,wonderful,potatoes,perfect,cake,loved,love,happy,glad,best,x,perfectly,handy,salad,easy,pressure,pleased,thank,ze,kids,mas
great,loves,excellent,awesome,highly,wonderful,potatoes,perfect,cake,loved,love,happy,glad,best,x,perfectly,handy,salad,easy,pressure,pleased,thank,ze,kids,mas
great,loves,excellent,awesome,highly,wonderful,potatoes,perfect,cake,loved,love,happy,glad,best,x,perfectly,handy,salad,easy,pressure,pleased,thank,ze,kids,mas
great,loves,excellent,awesome,highly,wonderful,potatoes,perfect,cake,loved,love,happy,glad,best,x,perfectly,handy,salad,easy,pressure,pleased,thank,ze,kids,mas
great,loves,excellent,awesome,highly,wonderful,potatoes,perfect,cake,loved,love,happy,glad,best,x,perfectly,handy,salad,easy,pressure,pleased,thank,ze,kids,mas
great,loves,excellent,awesome,highly,wonderful,potatoes,perfect,cake,loved,love,happy,glad,best,x,perfectly,handy,salad,easy,pressure,pleased,thank,ze,kids,mas
great,loves,excellent,awesome,highly,wonderful,potatoes,perfect,cake,loved,love,happy,glad,best,x,perfectly,handy,salad,easy,pressure,pleased,thank,ze,kids,mas
great,loves,excellent,awesome,highly,wonderful,potatoes,perfect,cake,loved,love,happy,glad,best,x,perfectly,handy,salad,easy,pressure,pleased,thank,ze,kids,mas
great,loves,excellent,awesome,highly,wonderful,potatoes,perfect,cake,loved,love,happy,glad,best,x,perfectly,handy,salad,easy,pressure,pleased,thank,ze,kids,mas
great,loves,excellent,awesome,highly,wonderful,potatoes,perfect,cake,loved,love,happy,glad,best,x,perfectly,handy,salad,easy,pressure,pleased,thank,ze,kids,mas
great,loves,excellent,awesome,highly,wonderful,potatoes,perfect,cake,loved,love,happy,glad,best,x,perfectly,handy,salad,easy,pressure,pleased,thank,ze,kids,mas
great,loves,excellent,awesome,highly,wonderful,potatoes,perfect,cake,loved,love,happy,glad,best,x,perfectly,handy,salad,easy,pressure,pleased,thank,ze,kids,mas
great,loves,excellent,awesome,highly,wonderful,potatoes,perfect,cake,loved,love,happy,glad,best,x,perfectly,handy,salad,easy,pressure,pleased,thank,ze,kids,mas
great,loves,excellent,awesome,highly,wonderful,potatoes,perfect,cake,loved,love,happy,glad,best,x,perfectly,handy,salad,easy,pressure,pleased,thank,ze,kids,mas
great,loves,excellent,awesome,highly,wonderful,potatoes,perfect,cake,loved,love,happy,glad,best,x,perfectly,handy,salad,easy,pressure,pleased,thank,ze,kids,mas
great,loves,excellent,awesome,highly,wonderful,potatoes,perfect,cake,loved,love,happy,glad,best,x,perfectly,handy,salad,easy,pressure,pleased,thank,ze,kids,mas
great,loves,excellent,awesome,highly,wonderful,potatoes,perfect,cake,loved,love,happy,glad,best,x,perfectly,handy,salad,easy,pressure,pleased,thank,ze,kids,mas
great,loves,excellent,awesome,highly,wonderful,potatoes,perfect,cake,loved,love,happy,glad,best,x,perfectly,handy,salad,easy,pressure,pleased,thank,ze,kids,mas
great,loves,excellent,awesome,highly,wonderful,potatoes,perfect,cake,loved,love,happy,glad,best,x,perfectly,handy,salad,easy,pressure,pleased,thank,ze,kids,mas
great,loves,excellent,awesome,highly,wonderful,potatoes,perfect,cake,loved,love,happy,glad,best,x,perfectly,handy,salad,easy,pressure,pleased,thank,ze,kids,mas
great,loves,excellent,awesome,highly,wonderful,potatoes,perfect,cake,loved,love,happy,glad,best,x,perfectly,handy,salad,easy,pressure,pleased,thank,ze,kids,mas
great,loves,excellent,awesome,highly,wonderful,potatoes,perfect,cake,loved,love,happy,glad,best,x,perfectly,handy,salad,easy,pressure,pleased,thank,ze,kids,mas
great,loves,excellent,awesome,highly,wonderful,potatoes,perfect,cake,loved,love,happy,glad,best,x,perfectly,handy,salad,easy,pressure,pleased,thank,ze,kids,mas
great,loves,excellent,awesome,highly,wonderful,potatoes,perfect,cake,loved,love,happy,glad,best,x,perfectly,handy,salad,easy,pressure,pleased,thank,ze,kids,mas
great,loves,excellent,awesome,highly,wonderful,potatoes,perfect,cake,loved,love,happy,glad,best,x,perfectly,handy,salad,easy,pressure,pleased,thank,ze,kids,mas
great,loves,excellent,awesome,highly,wonderful,potatoes,perfect,cake,loved,love,happy,glad,best,x,perfectly,handy,salad,easy,pressure,pleased,thank,ze,kids,mas
great,loves,excellent,awesome,highly,wonderful,potatoes,perfect,cake,loved,love,happy,glad,best,x,perfectly,handy,salad,easy,pressure,pleased,thank,ze,kids,mas
great,loves,excellent,awesome,highly,wonderful,potatoes,perfect,cake,loved,love,happy,glad,best,x,perfectly,handy,salad,easy,pressure,pleased,thank,ze,kids,mas
great,loves,excellent,awesome,highly,wonderful,potatoes,perfect,cake,loved,love,happy,glad,best,x,perfectly,handy,salad,easy,pressure,pleased,thank,ze,kids,mas
great,loves,excellent,awesome,highly,wonderful,potatoes,perfect,cake,loved,love,happy,glad,best,x,perfectly,handy,salad,easy,pressure,pleased,thank,ze,kids,mas
great,loves,excellent,awesome,highly,wonderful,potatoes,perfect,cake,loved,love,happy,glad,best,x,perfectly,handy,salad,easy,pressure,pleased,thank,ze,kids,mas
great,loves,excellent,awesome,highly,wonderful,potatoes,perfect,cake,loved,love,happy,glad,best,x,perfectly,handy,salad,easy,pressure,pleased,thank,ze,kids,mas
great,loves,excellent,awesome,highly,wonderful,potatoes,perfect,cake,loved,love,happy,glad,best,x,perfectly,handy,salad,easy,pressure,pleased,thank,ze,kids,mas
great,loves,excellent,awesome,highly,wonderful,potatoes,perfect,cake,loved,love,happy,glad,best,x,perfectly,handy,salad,easy,pressure,pleased,thank,ze,kids,mas
great,loves,excellent,awesome,highly,wonderful,potatoes,perfect,cake,loved,love,happy,glad,best,x,perfectly,handy,salad,easy,pressure,pleased,thank,ze,kids,mas
great,loves,excellent,awesome,highly,wonderful,potatoes,perfect,cake,loved,love,happy,glad,best,x,perfectly,handy,salad,easy,pressure,pleased,thank,ze,kids,mas
great,loves,excellent,awesome,highly,wonderful,potatoes,perfect,cake,loved,love,happy,glad,best,x,perfectly,handy,salad,easy,pressure,pleased,thank,ze,kids,mas
great,loves,excellent,awesome,highly,wonderful,potatoes,perfect,cake,loved,love,happy,glad,best,x,perfectly,handy,salad,easy,pressure,pleased,thank,ze,kids,mas
great,loves,excellent,awesome,highly,wonderful,potatoes,perfect,cake,loved,love,happy,glad,best,x,perfectly,handy,salad,easy,pressure,pleased,thank,ze,kids,mas
great,loves,excellent,awesome,highly,wonderful,potatoes,perfect,cake,loved,love,happy,glad,best,x,perfectly,handy,salad,easy,pressure,pleased,thank,ze,kids,mas
great,loves,excellent,awesome,highly,wonderful,potatoes,perfect,cake,loved,love,happy,glad,best,x,perfectly,handy,salad,easy,pressure,pleased,thank,ze,kids,mas
great,loves,excellent,awesome,highly,wonderful,potatoes,perfect,cake,loved,love,happy,glad,best,x,perfectly,handy,salad,easy,pressure,pleased,thank,ze,kids,mas
great,loves,excellent,awesome,highly,wonderful,potatoes,perfect,cake,loved,love,happy,glad,best,x,perfectly,handy,salad,easy,pressure,pleased,thank,ze,kids,mas
great,loves,excellent,awesome,highly,wonderful,potatoes,perfect,cake,loved,love,happy,glad,best,x,perfectly,handy,salad,easy,pressure,pleased,thank,ze,kids,mas
great,loves,excellent,awesome,highly,wonderful,potatoes,perfect,cake,loved,love,happy,glad,best,x,perfectly,handy,salad,easy,pressure,pleased,thank,ze,kids,mas
great,loves,excellent,awesome,highly,wonderful,potatoes,perfect,cake,loved,love,happy,glad,best,x,perfectly,handy,salad,easy,pressure,pleased,thank,ze,kids,mas
great,loves,excellent,awesome,highly,wonderful,potatoes,perfect,cake,loved,love,happy,glad,best,x,perfectly,handy,salad,easy,pressure,pleased,thank,ze,kids,mas
great,loves,excellent,awesome,highly,wonderful,potatoes,perfect,cake,loved,love,happy,glad,best,x,perfectly,handy,salad,easy,pressure,pleased,thank,ze,kids,mas
great,loves,excellent,awesome,highly,wonderful,potatoes,perfect,cake,loved,love,happy,glad,best,x,perfectly,handy,salad,easy,pressure,pleased,thank,ze,kids,mas
great,loves,excellent,awesome,highly,wonderful,potatoes,perfect,cake,loved,love,happy,glad,best,x,perfectly,handy,salad,easy,pressure,pleased,thank,ze,kids,mas
great,loves,excellent,awesome,highly,wonderful,potatoes,perfect,cake,loved,love,happy,glad,best,x,perfectly,handy,salad,easy,pressure,pleased,thank,ze,kids,mas
great,loves,excellent,awesome,highly,wonderful,potatoes,perfect,cake,loved,love,happy,glad,best,x,perfectly,handy,salad,easy,pressure,pleased,thank,ze,kids,mas
great,loves,excellent,awesome,highly,wonderful,potatoes,perfect,cake,loved,love,happy,glad,best,x,perfectly,handy,salad,easy,pressure,pleased,thank,ze,kids,mas
great,loves,excellent,awesome,highly,wonderful,potatoes,perfect,cake,loved,love,happy,glad,best,x,perfectly,handy,salad,easy,pressure,pleased,thank,ze,kids,mas
great,loves,excellent,awesome,highly,wonderful,potatoes,perfect,cake,loved,love,happy,glad,best,x,perfectly,handy,salad,easy,pressure,pleased,thank,ze,kids,mas
great,loves,excellent,awesome,highly,wonderful,potatoes,perfect,cake,loved,love,happy,glad,best,x,perfectly,handy,salad,easy,pressure,pleased,thank,ze,kids,mas
great,loves,excellent,awesome,highly,wonderful,potatoes,perfect,cake,loved,love,happy,glad,best,x,perfectly,handy,salad,easy,pressure,pleased,thank,ze,kids,mas
great,loves,excellent,awesome,highly,wonderful,potatoes,perfect,cake,loved,love,happy,glad,best,x,perfectly,handy,salad,easy,pressure,pleased,thank,ze,kids,mas
great,loves,excellent,awesome,highly,wonderful,potatoes,perfect,cake,loved,love,happy,glad,best,x,perfectly,handy,salad,easy,pressure,pleased,thank,ze,kids,mas
great,loves,excellent,awesome,highly,wonderful,potatoes,perfect,cake,loved,love,happy,glad,best,x,perfectly,handy,salad,easy,pressure,pleased,thank,ze,kids,mas
great,loves,excellent,awesome,highly,wonderful,potatoes,perfect,cake,loved,love,happy,glad,best,x,perfectly,handy,salad,easy,pressure,pleased,thank,ze,kids,mas
great,loves,excellent,awesome,highly,wonderful,potatoes,perfect,cake,loved,love,happy,glad,best,x,perfectly,handy,salad,easy,pressure,pleased,thank,ze,kids,mas
great,loves,excellent,awesome,highly,wonderful,potatoes,perfect,cake,loved,love,happy,glad,best,x,perfectly,handy,salad,easy,pressure,pleased,thank,ze,kids,mas
great,loves,excellent,awesome,highly,wonderful,potatoes,perfect,cake,loved,love,happy,glad,best,x,perfectly,handy,salad,easy,pressure,pleased,thank,ze,kids,mas
great,loves,excellent,awesome,highly,wonderful,potatoes,perfect,cake,loved,love,happy,glad,best,x,perfectly,handy,salad,easy,pressure,pleased,thank,ze,kids,mas
great,loves,excellent,awesome,highly,wonderful,potatoes,perfect,cake,loved,love,happy,glad,best,x,perfectly,handy,salad,easy,pressure,pleased,thank,ze,kids,mas
great,loves,excellent,awesome,highly,wonderful,potatoes,perfect,cake,loved,love,happy,glad,best,x,perfectly,handy,salad,easy,pressure,pleased,thank,ze,kids,mas
great,loves,excellent,awesome,highly,wonderful,potatoes,perfect,cake,loved,love,happy,glad,best,x,perfectly,handy,salad,easy,pressure,pleased,thank,ze,kids,mas
great,loves,excellent,awesome,highly,wonderful,potatoes,perfect,cake,loved,love,happy,glad,best,x,perfectly,handy,salad,easy,pressure,pleased,thank,ze,kids,mas
great,loves,excellent,awesome,highly,wonderful,potatoes,perfect,cake,loved,love,happy,glad,best,x,perfectly,handy,salad,easy,pressure,pleased,thank,ze,kids,mas
great,loves,excellent,awesome,highly,wonderful,potatoes,perfect,cake,loved,love,happy,glad,best,x,perfectly,handy,salad,easy,pressure,pleased,thank,ze,kids,mas
great,loves,excellent,awesome,highly,wonderful,potatoes,perfect,cake,loved,love,happy,glad,best,x,perfectly,handy,salad,easy,pressure,pleased,thank,ze,kids,mas
great,loves,excellent,awesome,highly,wonderful,potatoes,perfect,cake,loved,love,happy,glad,best,x,perfectly,handy,salad,easy,pressure,pleased,thank,ze,kids,mas
great,loves,excellent,awesome,highly,wonderful,potatoes,perfect,cake,loved,love,happy,glad,best,x,perfectly,handy,salad,easy,pressure,pleased,thank,ze,kids,mas
great,loves,excellent,awesome,highly,wonderful,potatoes,perfect,cake,loved,love,happy,glad,best,x,perfectly,handy,salad,easy,pressure,pleased,thank,ze,kids,mas
great,loves,excellent,awesome,highly,wonderful,potatoes,perfect,cake,loved,love,happy,glad,best,x,perfectly,handy,salad,easy,pressure,pleased,thank,ze,kids,mas
great,loves,excellent,awesome,highly,wonderful,potatoes,perfect,cake,loved,love,happy,glad,best,x,perfectly,handy,salad,easy,pressure,pleased,thank,ze,kids,mas
great,loves,excellent,awesome,highly,wonderful,potatoes,perfect,cake,loved,love,happy,glad,best,x,perfectly,handy,salad,easy,pressure,pleased,thank,ze,kids,mas
great,loves,excellent,awesome,highly,wonderful,potatoes,perfect,cake,loved,love,happy,glad,best,x,perfectly,handy,salad,easy,pressure,pleased,thank,ze,kids,mas
great,loves,excellent,awesome,highly,wonderful,potatoes,perfect,cake,loved,love,happy,glad,best,x,perfectly,handy,salad,easy,pressure,pleased,thank,ze,kids,mas
great,loves,excellent,awesome,highly,wonderful,potatoes,perfect,cake,loved,love,happy,glad,best,x,perfectly,handy,salad,easy,pressure,pleased,thank,ze,kids,mas
great,loves,excellent,awesome,highly,wonderful,potatoes,perfect,cake,loved,love,happy,glad,best,x,perfectly,handy,salad,easy,pressure,pleased,thank,ze,kids,mas
great,loves,excellent,awesome,highly,wonderful,potatoes,perfect,cake,loved,love,happy,glad,best,x,perfectly,handy,salad,easy,pressure,pleased,thank,ze,kids,mas
great,loves,excellent,awesome,highly,wonderful,potatoes,perfect,cake,loved,love,happy,glad,best,x,perfectly,handy,salad,easy,pressure,pleased,thank,ze,kids,mas
great,loves,excellent,awesome,highly,wonderful,potatoes,perfect,cake,loved,love,happy,glad,best,x,perfectly,handy,salad,easy,pressure,pleased,thank,ze,kids,mas
great,loves,excellent,awesome,highly,wonderful,potatoes,perfect,cake,loved,love,happy,glad,best,x,perfectly,handy,salad,easy,pressure,pleased,thank,ze,kids,mas
great,loves,excellent,awesome,highly,wonderful,potatoes,perfect,cake,loved,love,happy,glad,best,x,perfectly,handy,salad,easy,pressure,pleased,thank,ze,kids,mas
great,loves,excellent,awesome,highly,wonderful,potatoes,perfect,cake,loved,love,happy,glad,best,x,perfectly,handy,salad,easy,pressure,pleased,thank,ze,kids,mas
great,loves,excellent,awesome,highly,wonderful,potatoes,perfect,cake,loved,love,happy,glad,best,x,perfectly,handy,salad,easy,pressure,pleased,thank,ze,kids,mas
great,loves,excellent,awesome,highly,wonderful,potatoes,perfect,cake,loved,love,happy,glad,best,x,perfectly,handy,salad,easy,pressure,pleased,thank,ze,kids,mas
great,loves,excellent,awesome,highly,wonderful,potatoes,perfect,cake,loved,love,happy,glad,best,x,perfectly,handy,salad,easy,pressure,pleased,thank,ze,kids,mas
great,loves,excellent,awesome,highly,wonderful,potatoes,perfect,cake,loved,love,happy,glad,best,x,perfectly,handy,salad,easy,pressure,pleased,thank,ze,kids,mas
great,loves,excellent,awesome,highly,wonderful,potatoes,perfect,cake,loved,love,happy,glad,best,x,perfectly,handy,salad,easy,pressure,pleased,thank,ze,kids,mas
great,loves,excellent,awesome,highly,wonderful,potatoes,perfect,cake,loved,love,happy,glad,best,x,perfectly,handy,salad,easy,pressure,pleased,thank,ze,kids,mas
great,loves,excellent,awesome,highly,wonderful,potatoes,perfect,cake,loved,love,happy,glad,best,x,perfectly,handy,salad,easy,pressure,pleased,thank,ze,kids,mas
great,loves,excellent,awesome,highly,wonderful,potatoes,perfect,cake,loved,love,happy,glad,best,x,perfectly,handy,salad,easy,pressure,pleased,thank,ze,kids,mas
great,loves,excellent,awesome,highly,wonderful,potatoes,perfect,cake,loved,love,happy,glad,best,x,perfectly,handy,salad,easy,pressure,pleased,thank,ze,kids,mas
great,loves,excellent,awesome,highly,wonderful,potatoes,perfect,cake,loved,love,happy,glad,best,x,perfectly,handy,salad,easy,pressure,pleased,thank,ze,kids,mas
great,loves,excellent,awesome,highly,wonderful,potatoes,perfect,cake,loved,love,happy,glad,best,x,perfectly,handy,salad,easy,pressure,pleased,thank,ze,kids,mas
great,loves,excellent,awesome,highly,wonderful,potatoes,perfect,cake,loved,love,happy,glad,best,x,perfectly,handy,salad,easy,pressure,pleased,thank,ze,kids,mas
great,loves,excellent,awesome,highly,wonderful,potatoes,perfect,cake,loved,love,happy,glad,best,x,perfectly,handy,salad,easy,pressure,pleased,thank,ze,kids,mas
great,loves,excellent,awesome,highly,wonderful,potatoes,perfect,cake,loved,love,happy,glad,best,x,perfectly,handy,salad,easy,pressure,pleased,thank,ze,kids,mas
great,loves,excellent,awesome,highly,wonderful,potatoes,perfect,cake,loved,love,happy,glad,best,x,perfectly,handy,salad,easy,pressure,pleased,thank,ze,kids,mas
great,loves,excellent,awesome,highly,wonderful,potatoes,perfect,cake,loved,love,happy,glad,best,x,perfectly,handy,salad,easy,pressure,pleased,thank,ze,kids,mas
great,loves,excellent,awesome,highly,wonderful,potatoes,perfect,cake,loved,love,happy,glad,best,x,perfectly,handy,salad,easy,pressure,pleased,thank,ze,kids,mas
great,loves,excellent,awesome,highly,wonderful,potatoes,perfect,cake,loved,love,happy,glad,best,x,perfectly,handy,salad,easy,pressure,pleased,thank,ze,kids,mas
great,loves,excellent,awesome,highly,wonderful,potatoes,perfect,cake,loved,love,happy,glad,best,x,perfectly,handy,salad,easy,pressure,pleased,thank,ze,kids,mas
great,loves,excellent,awesome,highly,wonderful,potatoes,perfect,cake,loved,love,happy,glad,best,x,perfectly,handy,salad,easy,pressure,pleased,thank,ze,kids,mas
great,loves,excellent,awesome,highly,wonderful,potatoes,perfect,cake,loved,love,happy,glad,best,x,perfectly,handy,salad,easy,pressure,pleased,thank,ze,kids,mas
great,loves,excellent,awesome,highly,wonderful,potatoes,perfect,cake,loved,love,happy,glad,best,x,perfectly,handy,salad,easy,pressure,pleased,thank,ze,kids,mas
great,loves,excellent,awesome,highly,wonderful,potatoes,perfect,cake,loved,love,happy,glad,best,x,perfectly,handy,salad,easy,pressure,pleased,thank,ze,kids,mas
great,loves,excellent,awesome,highly,wonderful,potatoes,perfect,cake,loved,love,happy,glad,best,x,perfectly,handy,salad,easy,pressure,pleased,thank,ze,kids,mas
great,loves,excellent,awesome,highly,wonderful,potatoes,perfect,cake,loved,love,happy,glad,best,x,perfectly,handy,salad,easy,pressure,pleased,thank,ze,kids,mas
great,loves,excellent,awesome,highly,wonderful,potatoes,perfect,cake,loved,love,happy,glad,best,x,perfectly,handy,salad,easy,pressure,pleased,thank,ze,kids,mas
great,loves,excellent,awesome,highly,wonderful,potatoes,perfect,cake,loved,love,happy,glad,best,x,perfectly,handy,salad,easy,pressure,pleased,thank,ze,kids,mas
great,loves,excellent,awesome,highly,wonderful,potatoes,perfect,cake,loved,love,happy,glad,best,x,perfectly,handy,salad,easy,pressure,pleased,thank,ze,kids,mas
great,loves,excellent,awesome,highly,wonderful,potatoes,perfect,cake,loved,love,happy,glad,best,x,perfectly,handy,salad,easy,pressure,pleased,thank,ze,kids,mas
great,loves,excellent,awesome,highly,wonderful,potatoes,perfect,cake,loved,love,happy,glad,best,x,perfectly,handy,salad,easy,pressure,pleased,thank,ze,kids,mas
great,loves,excellent,awesome,highly,wonderful,potatoes,perfect,cake,loved,love,happy,glad,best,x,perfectly,handy,salad,easy,pressure,pleased,thank,ze,kids,mas
great,loves,excellent,awesome,highly,wonderful,potatoes,perfect,cake,loved,love,happy,glad,best,x,perfectly,handy,salad,easy,pressure,pleased,thank,ze,kids,mas
great,loves,excellent,awesome,highly,wonderful,potatoes,perfect,cake,loved,love,happy,glad,best,x,perfectly,handy,salad,easy,pressure,pleased,thank,ze,kids,mas
great,loves,excellent,awesome,highly,wonderful,potatoes,perfect,cake,loved,love,happy,glad,best,x,perfectly,handy,salad,easy,pressure,pleased,thank,ze,kids,mas
great,loves,excellent,awesome,highly,wonderful,potatoes,perfect,cake,loved,love,happy,glad,best,x,perfectly,handy,salad,easy,pressure,pleased,thank,ze,kids,mas
great,loves,excellent,awesome,highly,wonderful,potatoes,perfect,cake,loved,love,happy,glad,best,x,perfectly,handy,salad,easy,pressure,pleased,thank,ze,kids,mas
great,loves,excellent,awesome,highly,wonderful,potatoes,perfect,cake,loved,love,happy,glad,best,x,perfectly,handy,salad,easy,pressure,pleased,thank,ze,kids,mas
great,loves,excellent,awesome,highly,wonderful,potatoes,perfect,cake,loved,love,happy,glad,best,x,perfectly,handy,salad,easy,pressure,pleased,thank,ze,kids,mas
great,loves,excellent,awesome,highly,wonderful,potatoes,perfect,cake,loved,love,happy,glad,best,x,perfectly,handy,salad,easy,pressure,pleased,thank,ze,kids,mas
great,loves,excellent,awesome,highly,wonderful,potatoes,perfect,cake,loved,love,happy,glad,best,x,perfectly,handy,salad,easy,pressure,pleased,thank,ze,kids,mas
great,loves,excellent,awesome,highly,wonderful,potatoes,perfect,cake,loved,love,happy,glad,best,x,perfectly,handy,salad,easy,pressure,pleased,thank,ze,kids,mas
great,loves,excellent,awesome,highly,wonderful,potatoes,perfect,cake,loved,love,happy,glad,best,x,perfectly,handy,salad,easy,pressure,pleased,thank,ze,kids,mas
great,loves,excellent,awesome,highly,wonderful,potatoes,perfect,cake,loved,love,happy,glad,best,x,perfectly,handy,salad,easy,pressure,pleased,thank,ze,kids,mas
great,loves,excellent,awesome,highly,wonderful,potatoes,perfect,cake,loved,love,happy,glad,best,x,perfectly,handy,salad,easy,pressure,pleased,thank,ze,kids,mas
great,loves,excellent,awesome,highly,wonderful,potatoes,perfect,cake,loved,love,happy,glad,best,x,perfectly,handy,salad,easy,pressure,pleased,thank,ze,kids,mas
great,loves,excellent,awesome,highly,wonderful,potatoes,perfect,cake,loved,love,happy,glad,best,x,perfectly,handy,salad,easy,pressure,pleased,thank,ze,kids,mas
great,loves,excellent,awesome,highly,wonderful,potatoes,perfect,cake,loved,love,happy,glad,best,x,perfectly,handy,salad,easy,pressure,pleased,thank,ze,kids,mas
great,loves,excellent,awesome,highly,wonderful,potatoes,perfect,cake,loved,love,happy,glad,best,x,perfectly,handy,salad,easy,pressure,pleased,thank,ze,kids,mas
great,loves,excellent,awesome,highly,wonderful,potatoes,perfect,cake,loved,love,happy,glad,best,x,perfectly,handy,salad,easy,pressure,pleased,thank,ze,kids,mas
great,loves,excellent,awesome,highly,wonderful,potatoes,perfect,cake,loved,love,happy,glad,best,x,perfectly,handy,salad,easy,pressure,pleased,thank,ze,kids,mas
great,loves,excellent,awesome,highly,wonderful,potatoes,perfect,cake,loved,love,happy,glad,best,x,perfectly,handy,salad,easy,pressure,pleased,thank,ze,kids,mas
great,loves,excellent,awesome,highly,wonderful,potatoes,perfect,cake,loved,love,happy,glad,best,x,perfectly,handy,salad,easy,pressure,pleased,thank,ze,kids,mas
great,loves,excellent,awesome,highly,wonderful,potatoes,perfect,cake,loved,love,happy,glad,best,x,perfectly,handy,salad,easy,pressure,pleased,thank,ze,kids,mas
great,loves,excellent,awesome,highly,wonderful,potatoes,perfect,cake,loved,love,happy,glad,best,x,perfectly,handy,salad,easy,pressure,pleased,thank,ze,kids,mas
great,loves,excellent,awesome,highly,wonderful,potatoes,perfect,cake,loved,love,happy,glad,best,x,perfectly,handy,salad,easy,pressure,pleased,thank,ze,kids,mas
great,loves,excellent,awesome,highly,wonderful,potatoes,perfect,cake,loved,love,happy,glad,best,x,perfectly,handy,salad,easy,pressure,pleased,thank,ze,kids,mas
great,loves,excellent,awesome,highly,wonderful,potatoes,perfect,cake,loved,love,happy,glad,best,x,perfectly,handy,salad,easy,pressure,pleased,thank,ze,kids,mas
great,loves,excellent,awesome,highly,wonderful,potatoes,perfect,cake,loved,love,happy,glad,best,x,perfectly,handy,salad,easy,pressure,pleased,thank,ze,kids,mas
great,loves,excellent,awesome,highly,wonderful,potatoes,perfect,cake,loved,love,happy,glad,best,x,perfectly,handy,salad,easy,pressure,pleased,thank,ze,kids,mas
great,loves,excellent,awesome,highly,wonderful,potatoes,perfect,cake,loved,love,happy,glad,best,x,perfectly,handy,salad,easy,pressure,pleased,thank,ze,kids,mas
great,loves,excellent,awesome,highly,wonderful,potatoes,perfect,cake,loved,love,happy,glad,best,x,perfectly,handy,salad,easy,pressure,pleased,thank,ze,kids,mas
great,loves,excellent,awesome,highly,wonderful,potatoes,perfect,cake,loved,love,happy,glad,best,x,perfectly,handy,salad,easy,pressure,pleased,thank,ze,kids,mas
great,loves,excellent,awesome,highly,wonderful,potatoes,perfect,cake,loved,love,happy,glad,best,x,perfectly,handy,salad,easy,pressure,pleased,thank,ze,kids,mas
great,loves,excellent,awesome,highly,wonderful,potatoes,perfect,cake,loved,love,happy,glad,best,x,perfectly,handy,salad,easy,pressure,pleased,thank,ze,kids,mas
great,loves,excellent,awesome,highly,wonderful,potatoes,perfect,cake,loved,love,happy,glad,best,x,perfectly,handy,salad,easy,pressure,pleased,thank,ze,kids,mas
great,loves,excellent,awesome,highly,wonderful,potatoes,perfect,cake,loved,love,happy,glad,best,x,perfectly,handy,salad,easy,pressure,pleased,thank,ze,kids,mas
great,loves,excellent,awesome,highly,wonderful,potatoes,perfect,cake,loved,love,happy,glad,best,x,perfectly,handy,salad,easy,pressure,pleased,thank,ze,kids,mas
great,loves,excellent,awesome,highly,wonderful,potatoes,perfect,cake,loved,love,happy,glad,best,x,perfectly,handy,salad,easy,pressure,pleased,thank,ze,kids,mas
great,loves,excellent,awesome,highly,wonderful,potatoes,perfect,cake,loved,love,happy,glad,best,x,perfectly,handy,salad,easy,pressure,pleased,thank,ze,kids,mas
great,loves,excellent,awesome,highly,wonderful,potatoes,perfect,cake,loved,love,happy,glad,best,x,perfectly,handy,salad,easy,pressure,pleased,thank,ze,kids,mas
great,loves,excellent,awesome,highly,wonderful,potatoes,perfect,cake,loved,love,happy,glad,best,x,perfectly,handy,salad,easy,pressure,pleased,thank,ze,kids,mas
great,loves,excellent,awesome,highly,wonderful,potatoes,perfect,cake,loved,love,happy,glad,best,x,perfectly,handy,salad,easy,pressure,pleased,thank,ze,kids,mas
great,loves,excellent,awesome,highly,wonderful,potatoes,perfect,cake,loved,love,happy,glad,best,x,perfectly,handy,salad,easy,pressure,pleased,thank,ze,kids,mas
great,loves,excellent,awesome,highly,wonderful,potatoes,perfect,cake,loved,love,happy,glad,best,x,perfectly,handy,salad,easy,pressure,pleased,thank,ze,kids,mas
great,loves,excellent,awesome,highly,wonderful,potatoes,perfect,cake,loved,love,happy,glad,best,x,perfectly,handy,salad,easy,pressure,pleased,thank,ze,kids,mas
great,loves,excellent,awesome,highly,wonderful,potatoes,perfect,cake,loved,love,happy,glad,best,x,perfectly,handy,salad,easy,pressure,pleased,thank,ze,kids,mas
great,loves,excellent,awesome,highly,wonderful,potatoes,perfect,cake,loved,love,happy,glad,best,x,perfectly,handy,salad,easy,pressure,pleased,thank,ze,kids,mas
great,loves,excellent,awesome,highly,wonderful,potatoes,perfect,cake,loved,love,happy,glad,best,x,perfectly,handy,salad,easy,pressure,pleased,thank,ze,kids,mas
great,loves,excellent,awesome,highly,wonderful,potatoes,perfect,cake,loved,love,happy,glad,best,x,perfectly,handy,salad,easy,pressure,pleased,thank,ze,kids,mas
great,loves,excellent,awesome,highly,wonderful,potatoes,perfect,cake,loved,love,happy,glad,best,x,perfectly,handy,salad,easy,pressure,pleased,thank,ze,kids,mas
great,loves,excellent,awesome,highly,wonderful,potatoes,perfect,cake,loved,love,happy,glad,best,x,perfectly,handy,salad,easy,pressure,pleased,thank,ze,kids,mas
great,loves,excellent,awesome,highly,wonderful,potatoes,perfect,cake,loved,love,happy,glad,best,x,perfectly,handy,salad,easy,pressure,pleased,thank,ze,kids,mas
great,loves,excellent,awesome,highly,wonderful,potatoes,perfect,cake,loved,love,happy,glad,best,x,perfectly,handy,salad,easy,pressure,pleased,thank,ze,kids,mas
great,loves,excellent,awesome,highly,wonderful,potatoes,perfect,cake,loved,love,happy,glad,best,x,perfectly,handy,salad,easy,pressure,pleased,thank,ze,kids,mas
great,loves,excellent,awesome,highly,wonderful,potatoes,perfect,cake,loved,love,happy,glad,best,x,perfectly,handy,salad,easy,pressure,pleased,thank,ze,kids,mas
great,loves,excellent,awesome,highly,wonderful,potatoes,perfect,cake,loved,love,happy,glad,best,x,perfectly,handy,salad,easy,pressure,pleased,thank,ze,kids,mas
great,loves,excellent,awesome,highly,wonderful,potatoes,perfect,cake,loved,love,happy,glad,best,x,perfectly,handy,salad,easy,pressure,pleased,thank,ze,kids,mas
great,loves,excellent,awesome,highly,wonderful,potatoes,perfect,cake,loved,love,happy,glad,best,x,perfectly,handy,salad,easy,pressure,pleased,thank,ze,kids,mas
great,loves,excellent,awesome,highly,wonderful,potatoes,perfect,cake,loved,love,happy,glad,best,x,perfectly,handy,salad,easy,pressure,pleased,thank,ze,kids,mas
great,loves,excellent,awesome,highly,wonderful,potatoes,perfect,cake,loved,love,happy,glad,best,x,perfectly,handy,salad,easy,pressure,pleased,thank,ze,kids,mas
great,loves,excellent,awesome,highly,wonderful,potatoes,perfect,cake,loved,love,happy,glad,best,x,perfectly,handy,salad,easy,pressure,pleased,thank,ze,kids,mas
great,loves,excellent,awesome,highly,wonderful,potatoes,perfect,cake,loved,love,happy,glad,best,x,perfectly,handy,salad,easy,pressure,pleased,thank,ze,kids,mas
great,loves,excellent,awesome,highly,wonderful,potatoes,perfect,cake,loved,love,happy,glad,best,x,perfectly,handy,salad,easy,pressure,pleased,thank,ze,kids,mas
great,loves,excellent,awesome,highly,wonderful,potatoes,perfect,cake,loved,love,happy,glad,best,x,perfectly,handy,salad,easy,pressure,pleased,thank,ze,kids,mas
great,loves,excellent,awesome,highly,wonderful,potatoes,perfect,cake,loved,love,happy,glad,best,x,perfectly,handy,salad,easy,pressure,pleased,thank,ze,kids,mas
great,loves,excellent,awesome,highly,wonderful,potatoes,perfect,cake,loved,love,happy,glad,best,x,perfectly,handy,salad,easy,pressure,pleased,thank,ze,kids,mas
great,loves,excellent,awesome,highly,wonderful,potatoes,perfect,cake,loved,love,happy,glad,best,x,perfectly,handy,salad,easy,pressure,pleased,thank,ze,kids,mas
great,loves,excellent,awesome,highly,wonderful,potatoes,perfect,cake,loved,love,happy,glad,best,x,perfectly,handy,salad,easy,pressure,pleased,thank,ze,kids,mas
great,loves,excellent,awesome,highly,wonderful,potatoes,perfect,cake,loved,love,happy,glad,best,x,perfectly,handy,salad,easy,pressure,pleased,thank,ze,kids,mas
great,loves,excellent,awesome,highly,wonderful,potatoes,perfect,cake,loved,love,happy,glad,best,x,perfectly,handy,salad,easy,pressure,pleased,thank,ze,kids,mas
great,loves,excellent,awesome,highly,wonderful,potatoes,perfect,cake,loved,love,happy,glad,best,x,perfectly,handy,salad,easy,pressure,pleased,thank,ze,kids,mas
great,loves,excellent,awesome,highly,wonderful,potatoes,perfect,cake,loved,love,happy,glad,best,x,perfectly,handy,salad,easy,pressure,pleased,thank,ze,kids,mas
great,loves,excellent,awesome,highly,wonderful,potatoes,perfect,cake,loved,love,happy,glad,best,x,perfectly,handy,salad,easy,pressure,pleased,thank,ze,kids,mas
great,loves,excellent,awesome,highly,wonderful,potatoes,perfect,cake,loved,love,happy,glad,best,x,perfectly,handy,salad,easy,pressure,pleased,thank,ze,kids,mas
great,loves,excellent,awesome,highly,wonderful,potatoes,perfect,cake,loved,love,happy,glad,best,x,perfectly,handy,salad,easy,pressure,pleased,thank,ze,kids,mas
great,loves,excellent,awesome,highly,wonderful,potatoes,perfect,cake,loved,love,happy,glad,best,x,perfectly,handy,salad,easy,pressure,pleased,thank,ze,kids,mas
great,loves,excellent,awesome,highly,wonderful,potatoes,perfect,cake,loved,love,happy,glad,best,x,perfectly,handy,salad,easy,pressure,pleased,thank,ze,kids,mas
great,loves,excellent,awesome,highly,wonderful,potatoes,perfect,cake,loved,love,happy,glad,best,x,perfectly,handy,salad,easy,pressure,pleased,thank,ze,kids,mas
great,loves,excellent,awesome,highly,wonderful,potatoes,perfect,cake,loved,love,happy,glad,best,x,perfectly,handy,salad,easy,pressure,pleased,thank,ze,kids,mas
great,loves,excellent,awesome,highly,wonderful,potatoes,perfect,cake,loved,love,happy,glad,best,x,perfectly,handy,salad,easy,pressure,pleased,thank,ze,kids,mas
great,loves,excellent,awesome,highly,wonderful,potatoes,perfect,cake,loved,love,happy,glad,best,x,perfectly,handy,salad,easy,pressure,pleased,thank,ze,kids,mas
great,loves,excellent,awesome,highly,wonderful,potatoes,perfect,cake,loved,love,happy,glad,best,x,perfectly,handy,salad,easy,pressure,pleased,thank,ze,kids,mas
great,loves,excellent,awesome,highly,wonderful,potatoes,perfect,cake,loved,love,happy,glad,best,x,perfectly,handy,salad,easy,pressure,pleased,thank,ze,kids,mas
great,loves,excellent,awesome,highly,wonderful,potatoes,perfect,cake,loved,love,happy,glad,best,x,perfectly,handy,salad,easy,pressure,pleased,thank,ze,kids,mas
great,loves,excellent,awesome,highly,wonderful,potatoes,perfect,cake,loved,love,happy,glad,best,x,perfectly,handy,salad,easy,pressure,pleased,thank,ze,kids,mas
great,loves,excellent,awesome,highly,wonderful,potatoes,perfect,cake,loved,love,happy,glad,best,x,perfectly,handy,salad,easy,pressure,pleased,thank,ze,kids,mas
great,loves,excellent,awesome,highly,wonderful,potatoes,perfect,cake,loved,love,happy,glad,best,x,perfectly,handy,salad,easy,pressure,pleased,thank,ze,kids,mas
great,loves,excellent,awesome,highly,wonderful,potatoes,perfect,cake,loved,love,happy,glad,best,x,perfectly,handy,salad,easy,pressure,pleased,thank,ze,kids,mas
great,loves,excellent,awesome,highly,wonderful,potatoes,perfect,cake,loved,love,happy,glad,best,x,perfectly,handy,salad,easy,pressure,pleased,thank,ze,kids,mas
great,loves,excellent,awesome,highly,wonderful,potatoes,perfect,cake,loved,love,happy,glad,best,x,perfectly,handy,salad,easy,pressure,pleased,thank,ze,kids,mas
great,loves,excellent,awesome,highly,wonderful,potatoes,perfect,cake,loved,love,happy,glad,best,x,perfectly,handy,salad,easy,pressure,pleased,thank,ze,kids,mas
great,loves,excellent,awesome,highly,wonderful,potatoes,perfect,cake,loved,love,happy,glad,best,x,perfectly,handy,salad,easy,pressure,pleased,thank,ze,kids,mas
great,loves,excellent,awesome,highly,wonderful,potatoes,perfect,cake,loved,love,happy,glad,best,x,perfectly,handy,salad,easy,pressure,pleased,thank,ze,kids,mas
great,loves,excellent,awesome,highly,wonderful,potatoes,perfect,cake,loved,love,happy,glad,best,x,perfectly,handy,salad,easy,pressure,pleased,thank,ze,kids,mas
great,loves,excellent,awesome,highly,wonderful,potatoes,perfect,cake,loved,love,happy,glad,best,x,perfectly,handy,salad,easy,pressure,pleased,thank,ze,kids,mas
great,loves,excellent,awesome,highly,wonderful,potatoes,perfect,cake,loved,love,happy,glad,best,x,perfectly,handy,salad,easy,pressure,pleased,thank,ze,kids,mas
great,loves,excellent,awesome,highly,wonderful,potatoes,perfect,cake,loved,love,happy,glad,best,x,perfectly,handy,salad,easy,pressure,pleased,thank,ze,kids,mas
great,loves,excellent,awesome,highly,wonderful,potatoes,perfect,cake,loved,love,happy,glad,best,x,perfectly,handy,salad,easy,pressure,pleased,thank,ze,kids,mas
great,loves,excellent,awesome,highly,wonderful,potatoes,perfect,cake,loved,love,happy,glad,best,x,perfectly,handy,salad,easy,pressure,pleased,thank,ze,kids,mas
great,loves,excellent,awesome,highly,wonderful,potatoes,perfect,cake,loved,love,happy,glad,best,x,perfectly,handy,salad,easy,pressure,pleased,thank,ze,kids,mas
great,loves,excellent,awesome,highly,wonderful,potatoes,perfect,cake,loved,love,happy,glad,best,x,perfectly,handy,salad,easy,pressure,pleased,thank,ze,kids,mas
great,loves,excellent,awesome,highly,wonderful,potatoes,perfect,cake,loved,love,happy,glad,best,x,perfectly,handy,salad,easy,pressure,pleased,thank,ze,kids,mas
great,loves,excellent,awesome,highly,wonderful,potatoes,perfect,cake,loved,love,happy,glad,best,x,perfectly,handy,salad,easy,pressure,pleased,thank,ze,kids,mas
great,loves,excellent,awesome,highly,wonderful,potatoes,perfect,cake,loved,love,happy,glad,best,x,perfectly,handy,salad,easy,pressure,pleased,thank,ze,kids,mas
great,loves,excellent,awesome,highly,wonderful,potatoes,perfect,cake,loved,love,happy,glad,best,x,perfectly,handy,salad,easy,pressure,pleased,thank,ze,kids,mas
great,loves,excellent,awesome,highly,wonderful,potatoes,perfect,cake,loved,love,happy,glad,best,x,perfectly,handy,salad,easy,pressure,pleased,thank,ze,kids,mas
great,loves,excellent,awesome,highly,wonderful,potatoes,perfect,cake,loved,love,happy,glad,best,x,perfectly,handy,salad,easy,pressure,pleased,thank,ze,kids,mas
great,loves,excellent,awesome,highly,wonderful,potatoes,perfect,cake,loved,love,happy,glad,best,x,perfectly,handy,salad,easy,pressure,pleased,thank,ze,kids,mas
great,loves,excellent,awesome,highly,wonderful,potatoes,perfect,cake,loved,love,happy,glad,best,x,perfectly,handy,salad,easy,pressure,pleased,thank,ze,kids,mas
great,loves,excellent,awesome,highly,wonderful,potatoes,perfect,cake,loved,love,happy,glad,best,x,perfectly,handy,salad,easy,pressure,pleased,thank,ze,kids,mas
great,loves,excellent,awesome,highly,wonderful,potatoes,perfect,cake,loved,love,happy,glad,best,x,perfectly,handy,salad,easy,pressure,pleased,thank,ze,kids,mas
great,loves,excellent,awesome,highly,wonderful,potatoes,perfect,cake,loved,love,happy,glad,best,x,perfectly,handy,salad,easy,pressure,pleased,thank,ze,kids,mas
great,loves,excellent,awesome,highly,wonderful,potatoes,perfect,cake,loved,love,happy,glad,best,x,perfectly,handy,salad,easy,pressure,pleased,thank,ze,kids,mas
great,loves,excellent,awesome,highly,wonderful,potatoes,perfect,cake,loved,love,happy,glad,best,x,perfectly,handy,salad,easy,pressure,pleased,thank,ze,kids,mas
great,loves,excellent,awesome,highly,wonderful,potatoes,perfect,cake,loved,love,happy,glad,best,x,perfectly,handy,salad,easy,pressure,pleased,thank,ze,kids,mas
great,loves,excellent,awesome,highly,wonderful,potatoes,perfect,cake,loved,love,happy,glad,best,x,perfectly,handy,salad,easy,pressure,pleased,thank,ze,kids,mas
great,loves,excellent,awesome,highly,wonderful,potatoes,perfect,cake,loved,love,happy,glad,best,x,perfectly,handy,salad,easy,pressure,pleased,thank,ze,kids,mas
great,loves,excellent,awesome,highly,wonderful,potatoes,perfect,cake,loved,love,happy,glad,best,x,perfectly,handy,salad,easy,pressure,pleased,thank,ze,kids,mas
great,loves,excellent,awesome,highly,wonderful,potatoes,perfect,cake,loved,love,happy,glad,best,x,perfectly,handy,salad,easy,pressure,pleased,thank,ze,kids,mas
great,loves,excellent,awesome,highly,wonderful,potatoes,perfect,cake,loved,love,happy,glad,best,x,perfectly,handy,salad,easy,pressure,pleased,thank,ze,kids,mas
great,loves,excellent,awesome,highly,wonderful,potatoes,perfect,cake,loved,love,happy,glad,best,x,perfectly,handy,salad,easy,pressure,pleased,thank,ze,kids,mas
great,loves,excellent,awesome,highly,wonderful,potatoes,perfect,cake,loved,love,happy,glad,best,x,perfectly,handy,salad,easy,pressure,pleased,thank,ze,kids,mas
great,loves,excellent,awesome,highly,wonderful,potatoes,perfect,cake,loved,love,happy,glad,best,x,perfectly,handy,salad,easy,pressure,pleased,thank,ze,kids,mas
great,loves,excellent,awesome,highly,wonderful,potatoes,perfect,cake,loved,love,happy,glad,best,x,perfectly,handy,salad,easy,pressure,pleased,thank,ze,kids,mas
great,loves,excellent,awesome,highly,wonderful,potatoes,perfect,cake,loved,love,happy,glad,best,x,perfectly,handy,salad,easy,pressure,pleased,thank,ze,kids,mas
great,loves,excellent,awesome,highly,wonderful,potatoes,perfect,cake,loved,love,happy,glad,best,x,perfectly,handy,salad,easy,pressure,pleased,thank,ze,kids,mas
great,loves,excellent,awesome,highly,wonderful,potatoes,perfect,cake,loved,love,happy,glad,best,x,perfectly,handy,salad,easy,pressure,pleased,thank,ze,kids,mas
great,loves,excellent,awesome,highly,wonderful,potatoes,perfect,cake,loved,love,happy,glad,best,x,perfectly,handy,salad,easy,pressure,pleased,thank,ze,kids,mas
great,loves,excellent,awesome,highly,wonderful,potatoes,perfect,cake,loved,love,happy,glad,best,x,perfectly,handy,salad,easy,pressure,pleased,thank,ze,kids,mas
great,loves,excellent,awesome,highly,wonderful,potatoes,perfect,cake,loved,love,happy,glad,best,x,perfectly,handy,salad,easy,pressure,pleased,thank,ze,kids,mas
great,loves,excellent,awesome,highly,wonderful,potatoes,perfect,cake,loved,love,happy,glad,best,x,perfectly,handy,salad,easy,pressure,pleased,thank,ze,kids,mas
great,loves,excellent,awesome,highly,wonderful,potatoes,perfect,cake,loved,love,happy,glad,best,x,perfectly,handy,salad,easy,pressure,pleased,thank,ze,kids,mas
great,loves,excellent,awesome,highly,wonderful,potatoes,perfect,cake,loved,love,happy,glad,best,x,perfectly,handy,salad,easy,pressure,pleased,thank,ze,kids,mas
great,loves,excellent,awesome,highly,wonderful,potatoes,perfect,cake,loved,love,happy,glad,best,x,perfectly,handy,salad,easy,pressure,pleased,thank,ze,kids,mas
great,loves,excellent,awesome,highly,wonderful,potatoes,perfect,cake,loved,love,happy,glad,best,x,perfectly,handy,salad,easy,pressure,pleased,thank,ze,kids,mas
great,loves,excellent,awesome,highly,wonderful,potatoes,perfect,cake,loved,love,happy,glad,best,x,perfectly,handy,salad,easy,pressure,pleased,thank,ze,kids,mas
great,loves,excellent,awesome,highly,wonderful,potatoes,perfect,cake,loved,love,happy,glad,best,x,perfectly,handy,salad,easy,pressure,pleased,thank,ze,kids,mas
great,loves,excellent,awesome,highly,wonderful,potatoes,perfect,cake,loved,love,happy,glad,best,x,perfectly,handy,salad,easy,pressure,pleased,thank,ze,kids,mas
great,loves,excellent,awesome,highly,wonderful,potatoes,perfect,cake,loved,love,happy,glad,best,x,perfectly,handy,salad,easy,pressure,pleased,thank,ze,kids,mas
great,loves,excellent,awesome,highly,wonderful,potatoes,perfect,cake,loved,love,happy,glad,best,x,perfectly,handy,salad,easy,pressure,pleased,thank,ze,kids,mas
great,loves,excellent,awesome,highly,wonderful,potatoes,perfect,cake,loved,love,happy,glad,best,x,perfectly,handy,salad,easy,pressure,pleased,thank,ze,kids,mas
great,loves,excellent,awesome,highly,wonderful,potatoes,perfect,cake,loved,love,happy,glad,best,x,perfectly,handy,salad,easy,pressure,pleased,thank,ze,kids,mas
great,loves,excellent,awesome,highly,wonderful,potatoes,perfect,cake,loved,love,happy,glad,best,x,perfectly,handy,salad,easy,pressure,pleased,thank,ze,kids,mas
great,loves,excellent,awesome,highly,wonderful,potatoes,perfect,cake,loved,love,happy,glad,best,x,perfectly,handy,salad,easy,pressure,pleased,thank,ze,kids,mas
great,loves,excellent,awesome,highly,wonderful,potatoes,perfect,cake,loved,love,happy,glad,best,x,perfectly,handy,salad,easy,pressure,pleased,thank,ze,kids,mas
great,loves,excellent,awesome,highly,wonderful,potatoes,perfect,cake,loved,love,happy,glad,best,x,perfectly,handy,salad,easy,pressure,pleased,thank,ze,kids,mas
great,loves,excellent,awesome,highly,wonderful,potatoes,perfect,cake,loved,love,happy,glad,best,x,perfectly,handy,salad,easy,pressure,pleased,thank,ze,kids,mas
great,loves,excellent,awesome,highly,wonderful,potatoes,perfect,cake,loved,love,happy,glad,best,x,perfectly,handy,salad,easy,pressure,pleased,thank,ze,kids,mas
great,loves,excellent,awesome,highly,wonderful,potatoes,perfect,cake,loved,love,happy,glad,best,x,perfectly,handy,salad,easy,pressure,pleased,thank,ze,kids,mas
great,loves,excellent,awesome,highly,wonderful,potatoes,perfect,cake,loved,love,happy,glad,best,x,perfectly,handy,salad,easy,pressure,pleased,thank,ze,kids,mas
great,loves,excellent,awesome,highly,wonderful,potatoes,perfect,cake,loved,love,happy,glad,best,x,perfectly,handy,salad,easy,pressure,pleased,thank,ze,kids,mas
great,loves,excellent,awesome,highly,wonderful,potatoes,perfect,cake,loved,love,happy,glad,best,x,perfectly,handy,salad,easy,pressure,pleased,thank,ze,kids,mas
great,loves,excellent,awesome,highly,wonderful,potatoes,perfect,cake,loved,love,happy,glad,best,x,perfectly,handy,salad,easy,pressure,pleased,thank,ze,kids,mas
great,loves,excellent,awesome,highly,wonderful,potatoes,perfect,cake,loved,love,happy,glad,best,x,perfectly,handy,salad,easy,pressure,pleased,thank,ze,kids,mas
great,loves,excellent,awesome,highly,wonderful,potatoes,perfect,cake,loved,love,happy,glad,best,x,perfectly,handy,salad,easy,pressure,pleased,thank,ze,kids,mas
great,loves,excellent,awesome,highly,wonderful,potatoes,perfect,cake,loved,love,happy,glad,best,x,perfectly,handy,salad,easy,pressure,pleased,thank,ze,kids,mas
great,loves,excellent,awesome,highly,wonderful,potatoes,perfect,cake,loved,love,happy,glad,best,x,perfectly,handy,salad,easy,pressure,pleased,thank,ze,kids,mas
great,loves,excellent,awesome,highly,wonderful,potatoes,perfect,cake,loved,love,happy,glad,best,x,perfectly,handy,salad,easy,pressure,pleased,thank,ze,kids,mas
great,loves,excellent,awesome,highly,wonderful,potatoes,perfect,cake,loved,love,happy,glad,best,x,perfectly,handy,salad,easy,pressure,pleased,thank,ze,kids,mas
great,loves,excellent,awesome,highly,wonderful,potatoes,perfect,cake,loved,love,happy,glad,best,x,perfectly,handy,salad,easy,pressure,pleased,thank,ze,kids,mas
great,loves,excellent,awesome,highly,wonderful,potatoes,perfect,cake,loved,love,happy,glad,best,x,perfectly,handy,salad,easy,pressure,pleased,thank,ze,kids,mas
great,loves,excellent,awesome,highly,wonderful,potatoes,perfect,cake,loved,love,happy,glad,best,x,perfectly,handy,salad,easy,pressure,pleased,thank,ze,kids,mas
great,loves,excellent,awesome,highly,wonderful,potatoes,perfect,cake,loved,love,happy,glad,best,x,perfectly,handy,salad,easy,pressure,pleased,thank,ze,kids,mas
great,loves,excellent,awesome,highly,wonderful,potatoes,perfect,cake,loved,love,happy,glad,best,x,perfectly,handy,salad,easy,pressure,pleased,thank,ze,kids,mas
great,loves,excellent,awesome,highly,wonderful,potatoes,perfect,cake,loved,love,happy,glad,best,x,perfectly,handy,salad,easy,pressure,pleased,thank,ze,kids,mas
great,loves,excellent,awesome,highly,wonderful,potatoes,perfect,cake,loved,love,happy,glad,best,x,perfectly,handy,salad,easy,pressure,pleased,thank,ze,kids,mas
great,loves,excellent,awesome,highly,wonderful,potatoes,perfect,cake,loved,love,happy,glad,best,x,perfectly,handy,salad,easy,pressure,pleased,thank,ze,kids,mas
great,loves,excellent,awesome,highly,wonderful,potatoes,perfect,cake,loved,love,happy,glad,best,x,perfectly,handy,salad,easy,pressure,pleased,thank,ze,kids,mas
great,loves,excellent,awesome,highly,wonderful,potatoes,perfect,cake,loved,love,happy,glad,best,x,perfectly,handy,salad,easy,pressure,pleased,thank,ze,kids,mas
great,loves,excellent,awesome,highly,wonderful,potatoes,perfect,cake,loved,love,happy,glad,best,x,perfectly,handy,salad,easy,pressure,pleased,thank,ze,kids,mas
great,loves,excellent,awesome,highly,wonderful,potatoes,perfect,cake,loved,love,happy,glad,best,x,perfectly,handy,salad,easy,pressure,pleased,thank,ze,kids,mas
great,loves,excellent,awesome,highly,wonderful,potatoes,perfect,cake,loved,love,happy,glad,best,x,perfectly,handy,salad,easy,pressure,pleased,thank,ze,kids,mas
great,loves,excellent,awesome,highly,wonderful,potatoes,perfect,cake,love,happy,glad,best,x,perfectly,handy,salad,easy,pressure,pleased,thank,ze,amazing,kids,mas
great,loves,excellent,awesome,highly,wonderful,potatoes,perfect,cake,love,happy,glad,best,x,perfectly,handy,salad,easy,pressure,pleased,thank,ze,amazing,kids,mas
great,loves,excellent,awesome,highly,wonderful,potatoes,perfect,cake,love,happy,glad,best,x,perfectly,handy,salad,easy,pressure,pleased,thank,ze,amazing,kids,mas
great,loves,excellent,awesome,highly,wonderful,potatoes,perfect,cake,love,happy,glad,best,x,perfectly,handy,salad,easy,pressure,pleased,thank,ze,amazing,kids,mas
great,loves,excellent,awesome,highly,wonderful,potatoes,perfect,cake,love,happy,glad,best,x,perfectly,handy,salad,easy,pressure,pleased,thank,ze,amazing,kids,mas
great,loves,excellent,awesome,highly,wonderful,potatoes,perfect,cake,love,happy,glad,best,x,perfectly,handy,salad,easy,pressure,pleased,thank,ze,amazing,kids,mas
great,loves,excellent,awesome,highly,wonderful,potatoes,perfect,cake,love,happy,glad,best,x,perfectly,handy,salad,easy,pressure,pleased,thank,ze,amazing,kids,mas
great,loves,excellent,awesome,highly,wonderful,potatoes,perfect,cake,love,happy,glad,best,x,perfectly,handy,salad,easy,pressure,pleased,thank,ze,amazing,kids,mas
great,loves,excellent,awesome,highly,wonderful,potatoes,perfect,cake,love,happy,glad,best,x,perfectly,handy,salad,easy,pressure,pleased,thank,ze,amazing,kids,mas
great,loves,excellent,awesome,highly,wonderful,potatoes,perfect,cake,love,happy,glad,best,x,perfectly,handy,salad,easy,pressure,pleased,thank,ze,amazing,kids,mas
great,loves,excellent,awesome,highly,wonderful,potatoes,perfect,cake,love,happy,glad,best,x,perfectly,handy,salad,easy,pressure,pleased,thank,ze,amazing,kids,mas
great,loves,excellent,awesome,highly,wonderful,potatoes,perfect,cake,love,happy,glad,best,x,perfectly,handy,salad,easy,pressure,pleased,thank,ze,amazing,kids,mas
great,loves,excellent,awesome,highly,wonderful,potatoes,perfect,cake,love,happy,glad,best,x,perfectly,handy,salad,easy,pressure,pleased,thank,ze,amazing,kids,mas
great,loves,excellent,awesome,highly,wonderful,potatoes,perfect,cake,love,happy,glad,best,x,perfectly,handy,salad,easy,pressure,pleased,thank,ze,amazing,kids,mas
great,loves,excellent,awesome,highly,wonderful,potatoes,perfect,cake,love,happy,glad,best,x,perfectly,handy,salad,easy,pressure,pleased,thank,ze,amazing,kids,mas
great,loves,excellent,awesome,highly,wonderful,potatoes,perfect,cake,love,happy,glad,best,x,perfectly,handy,salad,easy,pressure,pleased,thank,ze,amazing,kids,mas
great,loves,excellent,awesome,highly,wonderful,potatoes,perfect,cake,love,happy,glad,best,x,perfectly,handy,salad,easy,pressure,pleased,thank,ze,amazing,kids,mas
great,loves,excellent,awesome,highly,wonderful,potatoes,perfect,cake,love,happy,glad,best,x,perfectly,handy,salad,easy,pressure,pleased,thank,ze,amazing,kids,mas
great,loves,excellent,awesome,highly,wonderful,potatoes,perfect,cake,love,happy,glad,best,x,perfectly,handy,salad,easy,pressure,pleased,thank,ze,amazing,kids,mas
great,loves,excellent,awesome,highly,wonderful,potatoes,perfect,cake,love,happy,glad,best,x,perfectly,handy,salad,easy,pressure,pleased,thank,ze,amazing,kids,mas
great,loves,excellent,awesome,highly,wonderful,potatoes,perfect,cake,love,happy,glad,best,x,perfectly,handy,salad,easy,pressure,pleased,thank,ze,amazing,kids,mas
great,loves,excellent,awesome,highly,wonderful,potatoes,perfect,cake,love,happy,glad,best,x,perfectly,handy,salad,easy,pressure,pleased,thank,ze,amazing,kids,mas
great,loves,excellent,awesome,highly,wonderful,potatoes,perfect,cake,love,happy,glad,best,x,perfectly,handy,salad,easy,pressure,pleased,thank,ze,amazing,kids,mas
great,loves,excellent,awesome,highly,wonderful,potatoes,perfect,cake,love,happy,glad,best,x,perfectly,handy,salad,easy,pressure,pleased,thank,ze,amazing,kids,mas
great,loves,excellent,awesome,highly,wonderful,potatoes,perfect,cake,love,happy,glad,best,x,perfectly,handy,salad,easy,pressure,pleased,thank,ze,amazing,kids,mas
great,loves,excellent,awesome,highly,wonderful,potatoes,perfect,cake,love,happy,glad,best,x,perfectly,handy,salad,easy,pressure,pleased,thank,ze,amazing,kids,mas
great,loves,excellent,awesome,highly,wonderful,potatoes,perfect,cake,love,happy,glad,best,x,perfectly,handy,salad,easy,pressure,pleased,thank,ze,amazing,kids,mas
great,loves,excellent,awesome,highly,wonderful,potatoes,perfect,cake,love,happy,glad,best,x,perfectly,handy,salad,easy,pressure,pleased,thank,ze,amazing,kids,mas
great,loves,excellent,awesome,highly,wonderful,potatoes,perfect,cake,love,happy,glad,best,x,perfectly,handy,salad,easy,pressure,pleased,thank,ze,amazing,kids,mas
great,loves,excellent,awesome,highly,wonderful,potatoes,perfect,cake,love,happy,glad,best,x,perfectly,handy,salad,easy,pressure,pleased,thank,ze,amazing,kids,mas
great,loves,excellent,awesome,highly,wonderful,potatoes,perfect,cake,love,happy,glad,best,x,perfectly,handy,salad,easy,pressure,pleased,thank,ze,amazing,kids,mas
great,loves,excellent,awesome,highly,wonderful,potatoes,perfect,cake,love,happy,glad,best,x,perfectly,handy,salad,easy,pressure,pleased,thank,ze,amazing,kids,mas
great,loves,excellent,awesome,highly,wonderful,potatoes,perfect,cake,love,happy,glad,best,x,perfectly,handy,salad,easy,pressure,pleased,thank,ze,amazing,kids,mas
great,loves,excellent,awesome,highly,wonderful,potatoes,perfect,cake,love,happy,glad,best,x,perfectly,handy,salad,easy,pressure,pleased,thank,ze,amazing,kids,mas
great,loves,excellent,awesome,highly,wonderful,potatoes,perfect,cake,love,happy,glad,best,x,perfectly,handy,salad,easy,pressure,pleased,thank,ze,amazing,kids,mas
great,loves,excellent,awesome,highly,wonderful,potatoes,perfect,cake,love,happy,glad,best,x,perfectly,handy,salad,easy,pressure,pleased,thank,ze,amazing,kids,mas
great,loves,excellent,awesome,highly,wonderful,potatoes,perfect,cake,love,happy,glad,best,x,perfectly,handy,salad,easy,pressure,pleased,thank,ze,amazing,kids,mas
great,loves,excellent,awesome,highly,wonderful,potatoes,perfect,cake,love,happy,glad,best,x,perfectly,handy,salad,easy,pressure,pleased,thank,ze,amazing,kids,mas
great,loves,excellent,awesome,highly,wonderful,potatoes,perfect,cake,love,happy,glad,best,x,perfectly,handy,salad,easy,pressure,pleased,thank,ze,amazing,kids,mas
great,loves,excellent,awesome,highly,wonderful,potatoes,perfect,cake,love,happy,glad,best,x,perfectly,handy,salad,easy,pressure,pleased,thank,ze,amazing,kids,mas
great,loves,excellent,awesome,highly,wonderful,potatoes,perfect,cake,love,happy,glad,best,x,perfectly,handy,salad,easy,pressure,pleased,thank,ze,amazing,kids,mas
great,loves,excellent,awesome,highly,wonderful,potatoes,perfect,cake,love,happy,glad,best,x,perfectly,handy,salad,easy,pressure,pleased,thank,ze,amazing,kids,mas
great,loves,excellent,awesome,highly,wonderful,potatoes,perfect,cake,love,happy,glad,best,x,perfectly,handy,salad,easy,pressure,pleased,thank,ze,amazing,kids,mas
great,loves,excellent,awesome,highly,wonderful,potatoes,perfect,cake,love,happy,glad,best,x,perfectly,handy,salad,easy,pressure,pleased,thank,ze,amazing,kids,mas
great,loves,excellent,awesome,highly,wonderful,potatoes,perfect,cake,love,happy,glad,best,x,perfectly,handy,salad,easy,pressure,pleased,thank,ze,amazing,kids,mas
great,loves,excellent,awesome,highly,wonderful,potatoes,perfect,cake,love,happy,glad,best,x,perfectly,handy,salad,easy,pressure,pleased,thank,ze,amazing,kids,mas
great,loves,excellent,awesome,highly,wonderful,potatoes,perfect,cake,love,happy,glad,best,x,perfectly,handy,salad,easy,pressure,pleased,thank,ze,amazing,kids,mas
great,loves,excellent,awesome,highly,wonderful,potatoes,perfect,cake,love,happy,glad,best,x,perfectly,handy,salad,easy,pressure,pleased,thank,ze,amazing,kids,mas
great,loves,excellent,awesome,highly,wonderful,potatoes,perfect,cake,love,happy,glad,best,x,perfectly,handy,salad,easy,pressure,pleased,thank,ze,amazing,kids,mas
great,loves,excellent,awesome,highly,wonderful,potatoes,perfect,cake,love,happy,glad,best,x,perfectly,handy,salad,easy,pressure,pleased,thank,ze,amazing,kids,mas
great,loves,excellent,awesome,highly,wonderful,potatoes,perfect,cake,love,happy,glad,best,x,perfectly,handy,salad,easy,pressure,pleased,thank,ze,amazing,kids,mas
great,loves,excellent,awesome,highly,wonderful,potatoes,perfect,cake,love,happy,glad,best,x,perfectly,handy,salad,easy,pressure,pleased,thank,ze,amazing,kids,mas
great,loves,excellent,awesome,highly,wonderful,potatoes,perfect,cake,love,happy,glad,best,x,perfectly,handy,salad,easy,pressure,pleased,thank,ze,amazing,kids,mas
great,loves,excellent,awesome,highly,wonderful,potatoes,perfect,cake,love,happy,glad,best,x,perfectly,handy,salad,easy,pressure,pleased,thank,ze,amazing,kids,mas
great,loves,excellent,awesome,highly,wonderful,potatoes,perfect,cake,love,happy,glad,best,x,perfectly,handy,salad,easy,pressure,pleased,thank,ze,amazing,kids,mas
great,loves,excellent,awesome,highly,wonderful,potatoes,perfect,cake,love,happy,glad,best,x,perfectly,handy,salad,easy,pressure,pleased,thank,ze,amazing,kids,mas
great,loves,excellent,awesome,highly,wonderful,potatoes,perfect,cake,love,happy,glad,best,x,perfectly,handy,salad,easy,pressure,pleased,thank,ze,amazing,kids,mas
great,loves,excellent,awesome,highly,wonderful,potatoes,perfect,cake,love,happy,glad,best,x,perfectly,handy,salad,easy,pressure,pleased,thank,ze,amazing,kids,mas
great,loves,excellent,awesome,highly,wonderful,potatoes,perfect,cake,love,happy,glad,best,x,perfectly,handy,salad,easy,pressure,pleased,thank,ze,amazing,kids,mas
great,loves,excellent,awesome,highly,wonderful,potatoes,perfect,cake,love,happy,glad,best,x,perfectly,handy,salad,easy,pressure,pleased,thank,ze,amazing,kids,mas
great,loves,excellent,awesome,highly,wonderful,potatoes,perfect,cake,love,happy,glad,best,x,perfectly,handy,salad,easy,pressure,pleased,thank,ze,amazing,kids,mas
great,loves,excellent,awesome,highly,wonderful,potatoes,perfect,cake,love,happy,glad,best,x,perfectly,handy,salad,easy,pressure,pleased,thank,ze,amazing,kids,mas
great,loves,excellent,awesome,highly,wonderful,potatoes,perfect,cake,love,happy,glad,best,x,perfectly,handy,salad,easy,pressure,pleased,thank,ze,amazing,kids,mas
great,loves,excellent,awesome,highly,wonderful,potatoes,perfect,cake,love,happy,glad,best,x,perfectly,handy,salad,easy,pressure,pleased,thank,ze,amazing,kids,mas
great,loves,excellent,awesome,highly,wonderful,potatoes,perfect,cake,love,happy,glad,best,x,perfectly,handy,salad,easy,pressure,pleased,thank,ze,amazing,kids,mas
great,loves,excellent,awesome,highly,wonderful,potatoes,perfect,cake,love,happy,glad,best,x,perfectly,handy,salad,easy,pressure,pleased,thank,ze,amazing,kids,mas
great,loves,excellent,awesome,highly,wonderful,potatoes,perfect,cake,love,happy,glad,best,x,perfectly,handy,salad,easy,pressure,pleased,thank,ze,amazing,kids,mas
great,loves,excellent,awesome,highly,wonderful,potatoes,perfect,cake,love,happy,glad,best,x,perfectly,handy,salad,easy,pressure,pleased,thank,ze,amazing,kids,mas
great,loves,excellent,awesome,highly,wonderful,potatoes,perfect,cake,love,happy,glad,best,x,perfectly,handy,salad,easy,pressure,pleased,thank,ze,amazing,kids,mas
great,loves,excellent,awesome,highly,wonderful,potatoes,perfect,cake,love,happy,glad,best,x,perfectly,handy,salad,easy,pressure,pleased,thank,ze,amazing,kids,mas
great,loves,excellent,awesome,highly,wonderful,potatoes,perfect,cake,love,happy,glad,best,x,perfectly,handy,salad,easy,pressure,pleased,thank,ze,amazing,kids,mas
great,loves,excellent,awesome,highly,wonderful,potatoes,perfect,cake,love,happy,glad,best,x,perfectly,handy,salad,easy,pressure,pleased,thank,ze,amazing,kids,mas
great,loves,excellent,awesome,highly,wonderful,potatoes,perfect,cake,love,happy,glad,best,x,perfectly,handy,salad,easy,pressure,pleased,thank,ze,amazing,kids,mas
great,loves,excellent,awesome,highly,wonderful,potatoes,perfect,cake,love,happy,glad,best,x,perfectly,handy,salad,easy,pressure,pleased,thank,ze,amazing,kids,mas
great,loves,excellent,awesome,highly,wonderful,potatoes,perfect,cake,love,happy,glad,best,x,perfectly,handy,salad,easy,pressure,pleased,thank,ze,amazing,kids,mas
great,loves,excellent,awesome,highly,wonderful,potatoes,perfect,cake,love,happy,glad,best,x,perfectly,handy,salad,easy,pressure,pleased,thank,ze,amazing,kids,mas
great,loves,excellent,awesome,highly,wonderful,potatoes,perfect,cake,love,happy,glad,best,x,perfectly,handy,salad,easy,pressure,pleased,thank,ze,amazing,kids,mas
great,loves,excellent,awesome,highly,wonderful,potatoes,perfect,cake,love,happy,glad,best,x,perfectly,handy,salad,easy,pressure,pleased,thank,ze,amazing,kids,mas
great,loves,excellent,awesome,highly,wonderful,potatoes,perfect,cake,love,happy,glad,best,x,perfectly,handy,salad,easy,pressure,pleased,thank,ze,amazing,kids,mas
great,loves,excellent,awesome,highly,wonderful,potatoes,perfect,cake,love,happy,glad,best,x,perfectly,handy,salad,easy,pressure,pleased,thank,ze,amazing,kids,mas
great,loves,excellent,awesome,highly,wonderful,potatoes,perfect,cake,love,happy,glad,best,x,perfectly,handy,salad,easy,pressure,pleased,thank,ze,amazing,kids,mas
great,loves,excellent,awesome,highly,wonderful,potatoes,perfect,cake,love,happy,glad,best,x,perfectly,handy,salad,easy,pressure,pleased,thank,ze,amazing,kids,mas
great,loves,excellent,awesome,highly,wonderful,potatoes,perfect,cake,love,happy,glad,best,x,perfectly,handy,salad,easy,pressure,pleased,thank,ze,amazing,kids,mas
great,loves,excellent,awesome,highly,wonderful,potatoes,perfect,cake,love,happy,glad,best,x,perfectly,handy,salad,easy,pressure,pleased,thank,ze,amazing,kids,mas
great,loves,excellent,awesome,highly,wonderful,potatoes,perfect,cake,love,happy,glad,best,x,perfectly,handy,salad,easy,pressure,pleased,thank,ze,amazing,kids,mas
great,loves,excellent,awesome,highly,wonderful,potatoes,perfect,cake,love,happy,glad,best,x,perfectly,handy,salad,easy,pressure,pleased,thank,ze,amazing,kids,mas
great,loves,excellent,awesome,highly,wonderful,potatoes,perfect,cake,love,happy,glad,best,x,perfectly,handy,salad,easy,pressure,pleased,thank,ze,amazing,kids,mas
great,loves,excellent,awesome,highly,wonderful,potatoes,perfect,cake,love,happy,glad,best,x,perfectly,handy,salad,easy,pressure,pleased,thank,ze,amazing,kids,mas
great,loves,excellent,awesome,highly,wonderful,potatoes,perfect,cake,love,happy,glad,best,x,perfectly,handy,salad,easy,pressure,pleased,thank,ze,amazing,kids,mas
great,loves,excellent,awesome,highly,wonderful,potatoes,perfect,cake,love,happy,glad,best,x,perfectly,handy,salad,easy,pressure,pleased,thank,ze,amazing,kids,mas
great,loves,excellent,awesome,highly,wonderful,potatoes,perfect,cake,love,happy,glad,best,x,perfectly,handy,salad,easy,pressure,pleased,thank,ze,amazing,kids,mas
great,loves,excellent,awesome,highly,wonderful,potatoes,perfect,cake,love,happy,glad,best,x,perfectly,handy,salad,easy,pressure,pleased,thank,ze,amazing,kids,mas
beautiful,great,loves,excellent,awesome,highly,wonderful,potatoes,perfect,love,happy,glad,best,x,perfectly,handy,salad,easy,pressure,pleased,thank,ze,amazing,kids,mas
beautiful,great,loves,excellent,awesome,highly,wonderful,potatoes,perfect,love,happy,glad,best,x,perfectly,handy,salad,easy,pressure,pleased,thank,ze,amazing,kids,mas
beautiful,great,loves,excellent,awesome,highly,wonderful,potatoes,perfect,love,happy,glad,best,x,perfectly,handy,salad,easy,pressure,pleased,thank,ze,amazing,kids,mas
beautiful,great,loves,excellent,awesome,highly,wonderful,potatoes,perfect,love,happy,glad,best,x,perfectly,handy,salad,easy,pressure,pleased,thank,ze,amazing,kids,mas
beautiful,great,loves,excellent,awesome,highly,wonderful,potatoes,perfect,love,happy,glad,best,x,perfectly,handy,salad,easy,pressure,pleased,thank,ze,amazing,kids,mas
beautiful,great,loves,excellent,awesome,highly,wonderful,potatoes,perfect,love,happy,glad,best,x,perfectly,handy,salad,easy,pressure,pleased,thank,ze,amazing,kids,mas
beautiful,great,loves,excellent,awesome,highly,wonderful,potatoes,perfect,love,happy,glad,best,x,perfectly,handy,salad,easy,pressure,pleased,thank,ze,amazing,kids,mas
beautiful,great,loves,excellent,awesome,highly,wonderful,potatoes,perfect,love,happy,glad,best,x,perfectly,handy,salad,easy,pressure,pleased,thank,ze,amazing,kids,mas
beautiful,great,loves,excellent,awesome,highly,wonderful,potatoes,perfect,love,happy,glad,best,x,perfectly,handy,salad,easy,pressure,pleased,thank,ze,amazing,kids,mas
beautiful,great,loves,excellent,awesome,highly,wonderful,potatoes,perfect,love,happy,glad,best,x,perfectly,handy,salad,easy,pressure,pleased,thank,ze,amazing,kids,mas
beautiful,great,loves,excellent,awesome,highly,wonderful,potatoes,perfect,love,happy,glad,best,x,perfectly,handy,salad,easy,pressure,pleased,thank,ze,amazing,kids,mas
beautiful,great,loves,excellent,awesome,highly,wonderful,potatoes,perfect,love,happy,glad,best,x,perfectly,handy,salad,easy,pressure,pleased,thank,ze,amazing,kids,mas
beautiful,great,loves,excellent,awesome,highly,wonderful,potatoes,perfect,love,happy,glad,best,x,perfectly,handy,salad,easy,pressure,pleased,thank,ze,amazing,kids,mas
beautiful,great,loves,excellent,awesome,highly,wonderful,potatoes,perfect,love,happy,glad,best,x,perfectly,handy,salad,easy,pressure,pleased,thank,ze,amazing,kids,mas
beautiful,great,loves,excellent,awesome,highly,wonderful,potatoes,perfect,love,happy,glad,best,x,perfectly,handy,salad,easy,pressure,pleased,thank,ze,amazing,kids,mas
beautiful,great,loves,excellent,awesome,highly,wonderful,potatoes,perfect,love,happy,glad,best,x,perfectly,handy,salad,easy,pressure,pleased,thank,ze,amazing,kids,mas
beautiful,great,loves,excellent,awesome,highly,wonderful,potatoes,perfect,love,happy,glad,best,x,perfectly,handy,salad,easy,pressure,pleased,thank,ze,amazing,kids,mas
beautiful,great,loves,excellent,awesome,highly,wonderful,potatoes,perfect,love,happy,glad,best,x,perfectly,handy,salad,easy,pressure,pleased,thank,ze,amazing,kids,mas
beautiful,great,loves,excellent,awesome,highly,wonderful,potatoes,perfect,love,happy,glad,best,x,perfectly,handy,salad,easy,pressure,pleased,thank,ze,amazing,kids,mas
beautiful,great,loves,excellent,awesome,highly,wonderful,potatoes,perfect,love,happy,glad,best,x,perfectly,handy,salad,easy,pressure,pleased,thank,ze,amazing,kids,mas
beautiful,great,loves,excellent,awesome,highly,wonderful,potatoes,perfect,love,happy,glad,best,x,perfectly,handy,salad,easy,pressure,pleased,thank,ze,amazing,kids,mas
beautiful,great,loves,excellent,awesome,highly,wonderful,potatoes,perfect,love,happy,glad,best,x,perfectly,handy,salad,easy,pressure,pleased,thank,ze,amazing,kids,mas
beautiful,great,loves,excellent,awesome,highly,wonderful,potatoes,perfect,love,happy,glad,best,x,perfectly,handy,salad,easy,pressure,pleased,thank,ze,amazing,kids,mas
beautiful,great,loves,excellent,awesome,highly,wonderful,potatoes,perfect,love,happy,glad,best,x,perfectly,handy,salad,easy,pressure,pleased,thank,ze,amazing,kids,mas
beautiful,great,loves,excellent,awesome,highly,wonderful,potatoes,perfect,love,happy,glad,best,x,perfectly,handy,salad,easy,pressure,pleased,thank,ze,amazing,kids,mas
beautiful,great,loves,excellent,awesome,highly,wonderful,potatoes,perfect,love,happy,glad,best,x,perfectly,handy,salad,easy,pressure,pleased,thank,ze,amazing,kids,mas
beautiful,great,loves,excellent,awesome,highly,wonderful,potatoes,perfect,love,happy,glad,best,x,perfectly,handy,salad,easy,pressure,pleased,thank,ze,amazing,kids,mas
beautiful,great,loves,excellent,awesome,highly,wonderful,potatoes,perfect,love,happy,glad,best,x,perfectly,handy,salad,easy,pressure,pleased,thank,ze,amazing,kids,mas
beautiful,great,loves,excellent,awesome,highly,wonderful,potatoes,perfect,love,happy,glad,best,x,perfectly,handy,salad,easy,pressure,pleased,thank,ze,amazing,kids,mas
beautiful,great,loves,excellent,awesome,highly,wonderful,potatoes,perfect,love,happy,glad,best,x,perfectly,handy,salad,easy,pressure,pleased,thank,ze,amazing,kids,mas
beautiful,great,loves,excellent,awesome,highly,wonderful,potatoes,perfect,love,happy,glad,best,x,perfectly,handy,salad,easy,pressure,pleased,thank,ze,amazing,kids,mas
beautiful,great,loves,excellent,awesome,highly,wonderful,potatoes,perfect,love,happy,glad,best,x,perfectly,handy,salad,easy,pressure,pleased,thank,ze,amazing,kids,mas
beautiful,great,loves,excellent,awesome,highly,wonderful,potatoes,perfect,love,happy,glad,best,x,perfectly,handy,salad,easy,pressure,pleased,thank,ze,amazing,kids,mas
beautiful,great,loves,excellent,awesome,highly,wonderful,potatoes,perfect,love,happy,glad,best,x,perfectly,handy,salad,easy,pressure,pleased,thank,ze,amazing,kids,mas
beautiful,great,loves,excellent,awesome,highly,wonderful,potatoes,perfect,love,happy,glad,best,x,perfectly,handy,salad,easy,pressure,pleased,thank,ze,amazing,kids,mas
beautiful,great,loves,excellent,awesome,highly,wonderful,potatoes,perfect,love,happy,glad,best,x,perfectly,handy,salad,easy,pressure,pleased,thank,ze,amazing,kids,mas
beautiful,great,loves,excellent,awesome,highly,wonderful,potatoes,perfect,love,happy,glad,best,x,perfectly,handy,salad,easy,pressure,pleased,thank,ze,amazing,kids,mas
beautiful,great,loves,excellent,awesome,highly,wonderful,potatoes,perfect,love,happy,glad,best,x,perfectly,handy,salad,easy,pressure,pleased,thank,ze,amazing,kids,mas
beautiful,great,loves,excellent,awesome,highly,wonderful,potatoes,perfect,love,happy,glad,best,x,perfectly,handy,salad,easy,pressure,pleased,thank,ze,amazing,kids,mas
beautiful,great,loves,excellent,awesome,highly,wonderful,potatoes,perfect,love,happy,glad,best,x,perfectly,handy,salad,easy,pressure,pleased,thank,ze,amazing,kids,mas
beautiful,great,loves,excellent,awesome,highly,wonderful,potatoes,perfect,love,happy,glad,best,x,perfectly,handy,salad,easy,pressure,pleased,thank,ze,amazing,kids,mas
beautiful,great,loves,excellent,awesome,highly,wonderful,potatoes,perfect,love,happy,glad,best,x,perfectly,handy,salad,easy,pressure,pleased,thank,ze,amazing,kids,mas
beautiful,great,loves,excellent,awesome,highly,wonderful,potatoes,perfect,love,happy,glad,best,x,perfectly,handy,salad,easy,pressure,pleased,thank,ze,amazing,kids,mas
beautiful,great,loves,excellent,awesome,highly,wonderful,potatoes,perfect,love,happy,glad,best,x,perfectly,handy,salad,easy,pressure,pleased,thank,ze,amazing,kids,mas
beautiful,great,loves,excellent,awesome,highly,wonderful,potatoes,perfect,love,happy,glad,best,x,perfectly,handy,salad,easy,pressure,pleased,thank,ze,amazing,kids,mas
beautiful,great,loves,excellent,awesome,highly,wonderful,potatoes,perfect,love,happy,glad,best,x,perfectly,handy,salad,easy,pressure,pleased,thank,ze,amazing,kids,mas
beautiful,great,loves,excellent,awesome,highly,wonderful,potatoes,perfect,love,happy,glad,best,x,perfectly,handy,salad,easy,pressure,pleased,thank,ze,amazing,kids,mas
beautiful,great,loves,excellent,awesome,highly,wonderful,potatoes,perfect,love,happy,glad,best,x,perfectly,handy,salad,easy,pressure,pleased,thank,ze,amazing,kids,mas
beautiful,great,loves,excellent,awesome,highly,wonderful,potatoes,perfect,love,happy,glad,best,x,perfectly,handy,salad,easy,pressure,pleased,thank,ze,amazing,kids,mas
beautiful,great,loves,excellent,awesome,highly,wonderful,potatoes,perfect,love,happy,glad,best,x,perfectly,handy,salad,easy,pressure,pleased,thank,ze,amazing,kids,mas
beautiful,great,loves,excellent,awesome,highly,wonderful,potatoes,perfect,love,happy,glad,best,x,perfectly,handy,salad,easy,pressure,pleased,thank,ze,amazing,kids,mas
beautiful,great,loves,excellent,awesome,highly,wonderful,potatoes,perfect,love,happy,glad,best,x,perfectly,handy,salad,easy,pressure,pleased,thank,ze,amazing,kids,mas
beautiful,great,loves,excellent,awesome,highly,wonderful,potatoes,perfect,love,happy,glad,best,x,perfectly,handy,salad,easy,pressure,pleased,thank,ze,amazing,kids,mas
beautiful,great,loves,excellent,awesome,highly,wonderful,potatoes,perfect,love,happy,glad,best,x,perfectly,handy,salad,easy,pressure,pleased,thank,ze,amazing,kids,mas
beautiful,great,loves,excellent,awesome,highly,wonderful,potatoes,perfect,love,happy,glad,best,x,perfectly,handy,salad,easy,pressure,pleased,thank,ze,amazing,kids,mas
beautiful,great,loves,excellent,awesome,highly,wonderful,potatoes,perfect,love,happy,glad,best,x,perfectly,handy,salad,easy,pressure,pleased,thank,ze,amazing,kids,mas
beautiful,great,loves,excellent,awesome,highly,wonderful,potatoes,perfect,love,happy,glad,best,x,perfectly,handy,salad,easy,pressure,pleased,thank,ze,amazing,kids,mas
beautiful,great,loves,excellent,awesome,highly,wonderful,potatoes,perfect,love,happy,glad,best,x,perfectly,handy,salad,easy,pressure,pleased,thank,ze,amazing,kids,mas
beautiful,great,loves,excellent,awesome,highly,wonderful,potatoes,perfect,love,happy,glad,best,x,perfectly,handy,salad,easy,pressure,pleased,thank,ze,amazing,kids,mas
beautiful,great,loves,excellent,awesome,highly,wonderful,potatoes,perfect,love,happy,glad,best,x,perfectly,handy,salad,easy,pressure,pleased,thank,ze,amazing,kids,mas
beautiful,great,loves,excellent,awesome,highly,wonderful,potatoes,perfect,love,happy,glad,best,x,perfectly,handy,salad,easy,pressure,pleased,thank,ze,amazing,kids,mas
beautiful,great,loves,excellent,awesome,highly,wonderful,potatoes,perfect,love,happy,glad,best,x,perfectly,handy,salad,easy,pressure,pleased,thank,ze,amazing,kids,mas
beautiful,great,loves,excellent,awesome,highly,wonderful,potatoes,perfect,love,happy,glad,best,x,perfectly,handy,salad,easy,pressure,pleased,thank,ze,amazing,kids,mas
beautiful,great,loves,excellent,awesome,highly,wonderful,potatoes,perfect,love,happy,glad,best,x,perfectly,handy,salad,easy,pressure,pleased,thank,ze,amazing,kids,mas
beautiful,great,loves,excellent,awesome,highly,wonderful,potatoes,perfect,love,happy,glad,best,x,perfectly,handy,salad,easy,pressure,pleased,thank,ze,amazing,kids,mas
beautiful,great,loves,excellent,awesome,highly,wonderful,potatoes,perfect,love,happy,glad,best,x,perfectly,handy,salad,easy,pressure,pleased,thank,ze,amazing,kids,mas
beautiful,great,loves,excellent,awesome,highly,wonderful,potatoes,perfect,love,happy,glad,best,x,perfectly,handy,salad,easy,pressure,pleased,thank,ze,amazing,kids,mas
beautiful,great,loves,excellent,awesome,highly,wonderful,potatoes,perfect,love,happy,glad,best,x,perfectly,handy,salad,easy,pressure,pleased,thank,ze,amazing,kids,mas
beautiful,great,loves,excellent,awesome,highly,wonderful,potatoes,perfect,love,happy,glad,best,x,perfectly,handy,salad,easy,pressure,pleased,thank,ze,amazing,kids,mas
beautiful,great,loves,excellent,awesome,highly,wonderful,potatoes,perfect,love,happy,glad,best,x,perfectly,handy,salad,easy,pressure,pleased,thank,ze,amazing,kids,mas
beautiful,great,loves,excellent,awesome,highly,wonderful,potatoes,perfect,love,happy,glad,best,x,perfectly,handy,salad,easy,pressure,pleased,thank,ze,amazing,kids,mas
beautiful,great,loves,excellent,awesome,highly,wonderful,potatoes,perfect,love,happy,glad,best,x,perfectly,handy,salad,easy,pressure,pleased,thank,ze,amazing,kids,mas
beautiful,great,loves,excellent,awesome,highly,wonderful,potatoes,perfect,love,happy,glad,best,x,perfectly,handy,salad,easy,pressure,pleased,thank,ze,amazing,kids,mas
beautiful,great,loves,excellent,awesome,highly,wonderful,potatoes,perfect,love,happy,glad,best,x,perfectly,handy,salad,easy,pressure,pleased,thank,ze,amazing,kids,mas
beautiful,great,loves,excellent,awesome,highly,wonderful,potatoes,perfect,love,happy,glad,best,x,perfectly,handy,salad,easy,pressure,pleased,thank,ze,amazing,kids,mas
beautiful,great,loves,excellent,awesome,highly,wonderful,potatoes,perfect,love,happy,glad,best,x,perfectly,handy,salad,easy,pressure,pleased,thank,ze,amazing,kids,mas
beautiful,great,loves,excellent,awesome,highly,wonderful,potatoes,perfect,love,happy,glad,best,x,perfectly,handy,salad,easy,pressure,pleased,thank,ze,amazing,kids,mas
beautiful,great,loves,excellent,awesome,highly,wonderful,potatoes,perfect,love,happy,glad,best,x,perfectly,handy,salad,easy,pressure,pleased,thank,ze,amazing,kids,mas
beautiful,great,loves,excellent,awesome,highly,wonderful,potatoes,perfect,love,happy,glad,best,x,perfectly,handy,salad,easy,pressure,pleased,thank,ze,amazing,kids,mas
beautiful,great,loves,excellent,awesome,highly,wonderful,potatoes,perfect,love,happy,glad,best,x,perfectly,handy,salad,easy,pressure,pleased,thank,ze,amazing,kids,mas
beautiful,great,loves,excellent,awesome,highly,wonderful,potatoes,perfect,love,happy,glad,best,x,perfectly,handy,salad,easy,pressure,pleased,thank,ze,amazing,kids,mas
beautiful,great,loves,excellent,awesome,highly,wonderful,potatoes,perfect,love,happy,glad,best,x,perfectly,handy,salad,easy,pressure,pleased,thank,ze,amazing,kids,mas
beautiful,great,loves,excellent,awesome,highly,wonderful,potatoes,perfect,love,happy,glad,best,x,perfectly,handy,salad,easy,pressure,pleased,thank,ze,amazing,kids,mas
beautiful,great,loves,excellent,awesome,highly,wonderful,potatoes,perfect,love,happy,glad,best,x,perfectly,handy,salad,easy,pressure,pleased,thank,ze,amazing,kids,mas
beautiful,great,loves,excellent,awesome,highly,wonderful,potatoes,perfect,love,happy,glad,best,x,perfectly,handy,salad,easy,pressure,pleased,thank,ze,amazing,kids,mas
beautiful,great,loves,excellent,awesome,highly,wonderful,potatoes,perfect,love,happy,glad,best,x,perfectly,handy,salad,easy,pressure,pleased,thank,ze,amazing,kids,mas
beautiful,great,loves,excellent,awesome,highly,wonderful,potatoes,perfect,love,happy,glad,best,x,perfectly,handy,salad,easy,pressure,pleased,thank,ze,amazing,kids,mas
beautiful,great,loves,excellent,awesome,highly,wonderful,potatoes,perfect,love,happy,glad,best,x,perfectly,handy,salad,easy,pressure,pleased,thank,ze,amazing,kids,mas
beautiful,great,loves,excellent,awesome,highly,wonderful,potatoes,perfect,love,happy,glad,best,x,perfectly,handy,salad,easy,pressure,pleased,thank,ze,amazing,kids,mas
beautiful,great,loves,excellent,awesome,highly,wonderful,potatoes,perfect,love,happy,glad,best,x,perfectly,handy,salad,easy,pressure,pleased,thank,ze,amazing,kids,mas
beautiful,great,loves,excellent,awesome,highly,wonderful,potatoes,perfect,love,happy,glad,best,x,perfectly,handy,salad,easy,pressure,pleased,thank,ze,amazing,kids,mas
beautiful,great,loves,excellent,awesome,highly,wonderful,potatoes,perfect,love,happy,glad,best,x,perfectly,handy,salad,easy,pressure,pleased,thank,ze,amazing,kids,mas
beautiful,great,loves,excellent,awesome,highly,wonderful,potatoes,perfect,love,happy,glad,best,x,perfectly,handy,salad,easy,pressure,pleased,thank,ze,amazing,kids,mas
beautiful,great,loves,excellent,awesome,highly,wonderful,potatoes,perfect,love,happy,glad,best,x,perfectly,handy,salad,easy,pressure,pleased,thank,ze,amazing,kids,mas
beautiful,great,loves,excellent,awesome,highly,wonderful,potatoes,perfect,love,happy,glad,best,x,perfectly,handy,salad,easy,pressure,pleased,thank,ze,amazing,kids,mas
beautiful,great,loves,excellent,awesome,highly,wonderful,potatoes,perfect,love,happy,glad,best,x,perfectly,handy,salad,easy,pressure,pleased,thank,ze,amazing,kids,mas
beautiful,great,loves,excellent,awesome,highly,wonderful,potatoes,perfect,love,happy,glad,best,x,perfectly,handy,salad,easy,pressure,pleased,thank,ze,amazing,kids,mas
beautiful,great,loves,excellent,awesome,highly,wonderful,potatoes,perfect,love,happy,glad,best,x,perfectly,handy,salad,easy,pressure,pleased,thank,ze,amazing,kids,mas
beautiful,great,loves,excellent,awesome,highly,wonderful,potatoes,perfect,love,happy,glad,best,x,perfectly,handy,salad,easy,pressure,pleased,thank,ze,amazing,kids,mas
beautiful,great,loves,excellent,awesome,highly,wonderful,potatoes,perfect,love,happy,glad,best,x,perfectly,handy,salad,easy,pressure,pleased,thank,ze,amazing,kids,mas
beautiful,great,loves,excellent,awesome,highly,wonderful,potatoes,perfect,love,happy,glad,best,x,perfectly,handy,salad,easy,pressure,pleased,thank,ze,amazing,kids,mas
beautiful,great,loves,excellent,awesome,highly,wonderful,potatoes,perfect,love,happy,glad,best,x,perfectly,handy,salad,easy,pressure,pleased,thank,ze,amazing,kids,mas
beautiful,great,loves,excellent,awesome,highly,wonderful,potatoes,perfect,love,happy,glad,best,x,perfectly,handy,salad,easy,pressure,pleased,thank,ze,amazing,kids,mas
beautiful,great,loves,excellent,awesome,highly,wonderful,potatoes,perfect,love,happy,glad,best,x,perfectly,handy,salad,easy,pressure,pleased,thank,ze,amazing,kids,mas
beautiful,great,loves,excellent,awesome,highly,wonderful,potatoes,perfect,love,happy,glad,best,x,perfectly,handy,salad,easy,pressure,pleased,thank,ze,amazing,kids,mas
beautiful,great,loves,excellent,awesome,highly,wonderful,potatoes,perfect,love,happy,glad,best,x,perfectly,handy,salad,easy,pressure,pleased,thank,ze,amazing,kids,mas
beautiful,great,loves,excellent,awesome,highly,wonderful,potatoes,perfect,love,happy,glad,best,x,perfectly,handy,salad,easy,pressure,pleased,thank,ze,amazing,kids,mas
beautiful,great,loves,excellent,awesome,highly,wonderful,potatoes,perfect,love,happy,glad,best,x,perfectly,handy,salad,easy,pressure,pleased,thank,ze,amazing,kids,mas
beautiful,great,loves,excellent,awesome,highly,wonderful,potatoes,perfect,love,happy,glad,best,x,perfectly,handy,salad,easy,pressure,pleased,thank,ze,amazing,kids,mas
beautiful,great,loves,excellent,awesome,highly,wonderful,potatoes,perfect,love,happy,glad,best,x,perfectly,handy,salad,easy,pressure,pleased,thank,ze,amazing,kids,mas
beautiful,great,loves,excellent,awesome,highly,wonderful,potatoes,perfect,love,happy,glad,best,x,perfectly,handy,salad,easy,pressure,pleased,thank,ze,amazing,kids,mas
beautiful,great,loves,excellent,awesome,highly,wonderful,potatoes,perfect,love,happy,glad,best,x,perfectly,handy,salad,easy,pressure,pleased,thank,ze,amazing,kids,mas
beautiful,great,loves,excellent,awesome,highly,wonderful,potatoes,perfect,love,happy,glad,best,x,perfectly,handy,salad,easy,pressure,pleased,thank,ze,amazing,kids,mas
beautiful,great,loves,excellent,awesome,highly,wonderful,potatoes,perfect,love,happy,glad,best,x,perfectly,handy,salad,easy,pressure,pleased,thank,ze,amazing,kids,mas
beautiful,great,loves,excellent,awesome,highly,wonderful,potatoes,perfect,love,happy,glad,best,x,perfectly,handy,salad,easy,pressure,pleased,thank,ze,amazing,kids,mas
beautiful,great,loves,excellent,awesome,highly,wonderful,potatoes,perfect,love,happy,glad,best,x,perfectly,handy,salad,easy,pressure,pleased,thank,ze,amazing,kids,mas
beautiful,great,loves,excellent,awesome,highly,wonderful,potatoes,perfect,love,happy,glad,best,x,perfectly,handy,salad,easy,pressure,pleased,thank,ze,amazing,kids,mas
beautiful,great,loves,excellent,awesome,highly,wonderful,potatoes,perfect,love,happy,glad,best,x,perfectly,handy,salad,easy,pressure,pleased,thank,ze,amazing,kids,mas
beautiful,great,loves,excellent,awesome,highly,wonderful,potatoes,perfect,love,happy,glad,best,x,perfectly,handy,salad,easy,pressure,pleased,thank,ze,amazing,kids,mas
beautiful,great,loves,excellent,awesome,highly,wonderful,potatoes,perfect,love,happy,glad,best,x,perfectly,handy,salad,easy,pressure,pleased,thank,ze,amazing,kids,mas
beautiful,great,loves,excellent,awesome,highly,wonderful,potatoes,perfect,love,happy,glad,best,x,perfectly,handy,salad,easy,pressure,pleased,thank,ze,amazing,kids,mas
beautiful,great,loves,excellent,awesome,highly,wonderful,potatoes,perfect,love,happy,glad,best,x,perfectly,handy,salad,easy,pressure,pleased,thank,ze,amazing,kids,mas
beautiful,great,loves,excellent,awesome,highly,wonderful,potatoes,perfect,love,happy,glad,best,x,perfectly,handy,salad,easy,pressure,pleased,thank,ze,amazing,kids,mas
beautiful,great,loves,excellent,awesome,highly,wonderful,potatoes,perfect,love,happy,glad,best,x,perfectly,handy,salad,easy,pressure,pleased,thank,ze,amazing,kids,mas
beautiful,great,loves,excellent,awesome,highly,wonderful,potatoes,perfect,love,happy,glad,best,x,perfectly,handy,salad,easy,pressure,pleased,thank,ze,amazing,kids,mas
great,loves,excellent,awesome,highly,wonderful,potatoes,perfect,cake,love,happy,glad,best,x,perfectly,handy,salad,easy,pressure,pleased,thank,ze,amazing,kids,mas
great,loves,excellent,awesome,highly,wonderful,potatoes,perfect,cake,love,happy,glad,best,x,perfectly,handy,salad,easy,pressure,pleased,thank,ze,amazing,kids,mas
beautiful,great,loves,excellent,awesome,highly,wonderful,potatoes,perfect,cake,love,happy,glad,best,perfectly,handy,salad,easy,pressure,pleased,thank,ze,amazing,kids,mas
beautiful,great,loves,excellent,awesome,highly,wonderful,potatoes,perfect,cake,love,happy,glad,best,perfectly,handy,salad,easy,pressure,pleased,thank,ze,amazing,kids,mas
beautiful,great,loves,excellent,awesome,highly,wonderful,potatoes,perfect,cake,love,happy,glad,best,perfectly,handy,salad,easy,pressure,pleased,thank,ze,amazing,kids,mas
beautiful,great,loves,excellent,awesome,highly,wonderful,potatoes,perfect,cake,love,happy,glad,best,perfectly,handy,salad,easy,pressure,pleased,thank,ze,amazing,kids,mas
beautiful,great,loves,excellent,awesome,highly,wonderful,potatoes,perfect,cake,love,happy,glad,best,perfectly,handy,salad,easy,pressure,pleased,thank,ze,amazing,kids,mas
beautiful,great,loves,excellent,awesome,highly,wonderful,potatoes,perfect,cake,love,happy,glad,best,perfectly,handy,salad,easy,pressure,pleased,thank,ze,amazing,kids,mas
beautiful,great,loves,excellent,awesome,highly,wonderful,potatoes,perfect,cake,love,happy,glad,best,perfectly,handy,salad,easy,pressure,pleased,thank,ze,amazing,kids,mas
beautiful,great,loves,excellent,awesome,highly,wonderful,potatoes,perfect,cake,love,happy,glad,best,perfectly,handy,salad,easy,pressure,pleased,thank,ze,amazing,kids,mas
beautiful,great,loves,excellent,awesome,highly,wonderful,potatoes,perfect,cake,love,happy,glad,best,perfectly,handy,salad,easy,pressure,pleased,thank,ze,amazing,kids,mas
beautiful,great,loves,excellent,awesome,highly,wonderful,potatoes,perfect,cake,love,happy,glad,best,perfectly,handy,salad,easy,pressure,pleased,thank,ze,amazing,kids,mas
beautiful,great,loves,excellent,awesome,highly,wonderful,potatoes,perfect,cake,love,happy,glad,best,perfectly,handy,salad,easy,pressure,pleased,thank,ze,amazing,kids,mas
beautiful,great,loves,excellent,awesome,highly,wonderful,potatoes,perfect,cake,love,happy,glad,best,perfectly,handy,salad,easy,pressure,pleased,thank,ze,amazing,kids,mas
beautiful,great,loves,excellent,awesome,highly,wonderful,potatoes,perfect,cake,love,happy,glad,best,perfectly,handy,salad,easy,pressure,pleased,thank,ze,amazing,kids,mas
beautiful,great,loves,excellent,awesome,highly,wonderful,potatoes,perfect,cake,love,happy,glad,best,perfectly,handy,salad,easy,pressure,pleased,thank,ze,amazing,kids,mas
beautiful,great,loves,excellent,awesome,highly,wonderful,potatoes,perfect,cake,love,happy,glad,best,perfectly,handy,salad,easy,pressure,pleased,thank,ze,amazing,kids,mas
beautiful,great,loves,excellent,awesome,highly,wonderful,potatoes,perfect,cake,love,happy,glad,best,perfectly,handy,salad,easy,pressure,pleased,thank,ze,amazing,kids,mas
beautiful,great,loves,excellent,awesome,highly,wonderful,potatoes,perfect,cake,love,happy,glad,best,perfectly,handy,salad,easy,pressure,pleased,thank,ze,amazing,kids,mas
beautiful,great,loves,excellent,awesome,highly,wonderful,potatoes,perfect,cake,love,happy,glad,best,perfectly,handy,salad,easy,pressure,pleased,thank,ze,amazing,kids,mas
beautiful,great,loves,excellent,awesome,highly,wonderful,potatoes,perfect,cake,love,happy,glad,best,perfectly,handy,salad,easy,pressure,pleased,thank,ze,amazing,kids,mas
beautiful,great,loves,excellent,awesome,highly,wonderful,potatoes,perfect,cake,love,happy,glad,best,perfectly,handy,salad,easy,pressure,pleased,thank,ze,amazing,kids,mas
beautiful,great,loves,excellent,awesome,highly,wonderful,potatoes,perfect,cake,love,happy,glad,best,perfectly,handy,salad,easy,pressure,pleased,thank,ze,amazing,kids,mas
beautiful,great,loves,excellent,awesome,highly,wonderful,potatoes,perfect,cake,love,happy,glad,best,perfectly,handy,salad,easy,pressure,pleased,thank,ze,amazing,kids,mas
beautiful,great,loves,excellent,awesome,highly,wonderful,potatoes,perfect,cake,love,happy,glad,best,perfectly,handy,salad,easy,pressure,pleased,thank,ze,amazing,kids,mas
beautiful,great,loves,excellent,awesome,highly,wonderful,potatoes,perfect,cake,love,happy,glad,best,perfectly,handy,salad,easy,pressure,pleased,thank,ze,amazing,kids,mas
beautiful,great,loves,excellent,awesome,highly,wonderful,potatoes,perfect,cake,love,happy,glad,best,perfectly,handy,salad,easy,pressure,pleased,thank,ze,amazing,kids,mas
beautiful,great,loves,excellent,awesome,highly,wonderful,potatoes,perfect,cake,love,happy,glad,best,perfectly,handy,salad,easy,pressure,pleased,thank,ze,amazing,kids,mas
beautiful,great,loves,excellent,awesome,highly,wonderful,potatoes,perfect,cake,love,happy,glad,best,perfectly,handy,salad,easy,pressure,pleased,thank,ze,amazing,kids,mas
beautiful,great,loves,excellent,awesome,highly,wonderful,potatoes,perfect,cake,love,happy,glad,best,perfectly,handy,salad,easy,pressure,pleased,thank,ze,amazing,kids,mas
beautiful,great,loves,excellent,awesome,highly,wonderful,potatoes,perfect,cake,love,happy,glad,best,perfectly,handy,salad,easy,pressure,pleased,thank,ze,amazing,kids,mas
beautiful,great,loves,excellent,awesome,highly,wonderful,potatoes,perfect,cake,love,happy,glad,best,perfectly,handy,salad,easy,pressure,pleased,thank,ze,amazing,kids,mas
beautiful,great,loves,excellent,awesome,highly,wonderful,potatoes,perfect,cake,love,happy,glad,best,perfectly,handy,salad,easy,pressure,pleased,thank,ze,amazing,kids,mas
beautiful,great,loves,excellent,awesome,highly,wonderful,potatoes,perfect,cake,love,happy,glad,best,perfectly,handy,salad,easy,pressure,pleased,thank,ze,amazing,kids,mas
beautiful,great,loves,excellent,awesome,highly,wonderful,potatoes,perfect,cake,love,happy,glad,best,perfectly,handy,salad,easy,pressure,pleased,thank,ze,amazing,kids,mas
beautiful,great,loves,excellent,awesome,highly,wonderful,potatoes,perfect,cake,love,happy,glad,best,perfectly,handy,salad,easy,pressure,pleased,thank,ze,amazing,kids,mas
beautiful,great,loves,excellent,awesome,highly,wonderful,potatoes,perfect,cake,love,happy,glad,best,perfectly,handy,salad,easy,pressure,pleased,thank,ze,amazing,kids,mas
beautiful,great,loves,excellent,awesome,highly,wonderful,potatoes,perfect,cake,love,happy,glad,best,perfectly,handy,salad,easy,pressure,pleased,thank,ze,amazing,kids,mas
beautiful,great,loves,excellent,awesome,highly,wonderful,potatoes,perfect,cake,love,happy,glad,best,perfectly,handy,salad,easy,pressure,pleased,thank,ze,amazing,kids,mas
beautiful,great,loves,excellent,awesome,highly,wonderful,potatoes,perfect,cake,love,happy,glad,best,perfectly,handy,salad,easy,pressure,pleased,thank,ze,amazing,kids,mas
beautiful,great,loves,excellent,awesome,highly,wonderful,potatoes,perfect,cake,love,happy,glad,best,perfectly,handy,salad,easy,pressure,pleased,thank,ze,amazing,kids,mas
beautiful,great,loves,excellent,awesome,highly,wonderful,potatoes,perfect,cake,love,happy,glad,best,perfectly,handy,salad,easy,pressure,pleased,thank,ze,amazing,kids,mas
beautiful,great,loves,excellent,awesome,highly,wonderful,potatoes,perfect,cake,love,happy,glad,best,perfectly,handy,salad,easy,pressure,pleased,thank,ze,amazing,kids,mas
beautiful,great,loves,excellent,awesome,highly,wonderful,potatoes,perfect,cake,love,happy,glad,best,perfectly,handy,salad,easy,pressure,pleased,thank,ze,amazing,kids,mas
beautiful,great,loves,excellent,awesome,highly,wonderful,potatoes,perfect,cake,love,happy,glad,best,perfectly,handy,salad,easy,pressure,pleased,thank,ze,amazing,kids,mas
beautiful,great,loves,excellent,awesome,highly,wonderful,potatoes,perfect,cake,love,happy,glad,best,perfectly,handy,salad,easy,pressure,pleased,thank,ze,amazing,kids,mas
beautiful,great,loves,excellent,awesome,highly,wonderful,potatoes,perfect,cake,love,happy,glad,best,perfectly,handy,salad,easy,pressure,pleased,thank,ze,amazing,kids,mas
beautiful,great,loves,excellent,awesome,highly,wonderful,potatoes,perfect,cake,love,happy,glad,best,perfectly,handy,salad,easy,pressure,pleased,thank,ze,amazing,kids,mas
beautiful,great,loves,excellent,awesome,highly,wonderful,potatoes,perfect,cake,love,happy,glad,best,perfectly,handy,salad,easy,pressure,pleased,thank,ze,amazing,kids,mas
beautiful,great,loves,excellent,awesome,highly,wonderful,potatoes,perfect,cake,love,happy,glad,best,perfectly,handy,salad,easy,pressure,pleased,thank,ze,amazing,kids,mas
beautiful,great,loves,excellent,awesome,highly,wonderful,potatoes,perfect,cake,love,happy,glad,best,perfectly,handy,salad,easy,pressure,pleased,thank,ze,amazing,kids,mas
beautiful,great,loves,excellent,awesome,highly,wonderful,potatoes,perfect,cake,love,happy,glad,best,perfectly,handy,salad,easy,pressure,pleased,thank,ze,amazing,kids,mas
beautiful,great,loves,excellent,awesome,highly,wonderful,potatoes,perfect,cake,love,happy,glad,best,perfectly,handy,salad,easy,pressure,pleased,thank,ze,amazing,kids,mas
beautiful,great,loves,excellent,awesome,highly,wonderful,potatoes,perfect,cake,love,happy,glad,best,perfectly,handy,salad,easy,pressure,pleased,thank,ze,amazing,kids,mas
beautiful,great,loves,excellent,awesome,highly,wonderful,potatoes,perfect,cake,love,happy,glad,best,perfectly,handy,salad,easy,pressure,pleased,thank,ze,amazing,kids,mas
beautiful,great,loves,excellent,awesome,highly,wonderful,potatoes,perfect,cake,love,happy,glad,best,perfectly,handy,salad,easy,pressure,pleased,thank,ze,amazing,kids,mas
beautiful,great,loves,excellent,awesome,highly,wonderful,potatoes,perfect,cake,love,happy,glad,best,perfectly,handy,salad,easy,pressure,pleased,thank,ze,amazing,kids,mas
beautiful,great,loves,excellent,awesome,highly,wonderful,potatoes,perfect,cake,love,happy,glad,best,perfectly,handy,salad,easy,pressure,pleased,thank,ze,amazing,kids,mas
beautiful,great,loves,excellent,awesome,highly,wonderful,potatoes,perfect,cake,love,happy,glad,best,perfectly,handy,salad,easy,pressure,pleased,thank,ze,amazing,kids,mas
beautiful,great,loves,excellent,awesome,highly,wonderful,potatoes,perfect,cake,love,happy,glad,best,perfectly,handy,salad,easy,pressure,pleased,thank,ze,amazing,kids,mas
beautiful,great,loves,excellent,awesome,highly,wonderful,potatoes,perfect,cake,love,happy,glad,best,perfectly,handy,salad,easy,pressure,pleased,thank,ze,amazing,kids,mas
beautiful,great,loves,excellent,awesome,highly,wonderful,potatoes,perfect,cake,love,happy,glad,best,perfectly,handy,salad,easy,pressure,pleased,thank,ze,amazing,kids,mas
beautiful,great,loves,excellent,awesome,highly,wonderful,potatoes,perfect,cake,love,happy,glad,best,perfectly,handy,salad,easy,pressure,pleased,thank,ze,amazing,kids,mas
beautiful,great,loves,excellent,awesome,highly,wonderful,potatoes,perfect,cake,love,happy,glad,best,perfectly,handy,salad,easy,pressure,pleased,thank,ze,amazing,kids,mas
beautiful,great,loves,excellent,awesome,highly,wonderful,potatoes,perfect,cake,love,happy,glad,best,perfectly,handy,salad,easy,pressure,pleased,thank,ze,amazing,kids,mas
beautiful,great,loves,excellent,awesome,highly,wonderful,potatoes,perfect,cake,love,happy,glad,best,perfectly,handy,salad,easy,pressure,pleased,thank,ze,amazing,kids,mas
beautiful,great,loves,excellent,awesome,highly,wonderful,potatoes,perfect,cake,love,happy,glad,best,perfectly,handy,salad,easy,pressure,pleased,thank,ze,amazing,kids,mas
beautiful,great,loves,excellent,awesome,highly,wonderful,potatoes,perfect,cake,love,happy,glad,best,perfectly,handy,salad,easy,pressure,pleased,thank,ze,amazing,kids,mas
beautiful,great,loves,excellent,awesome,highly,wonderful,potatoes,perfect,cake,love,happy,glad,best,perfectly,handy,salad,easy,pressure,pleased,thank,ze,amazing,kids,mas
beautiful,great,loves,excellent,awesome,highly,wonderful,potatoes,perfect,cake,love,happy,glad,best,perfectly,handy,salad,easy,pressure,pleased,thank,ze,amazing,kids,mas
beautiful,great,loves,excellent,awesome,highly,wonderful,potatoes,perfect,cake,love,happy,glad,best,perfectly,handy,salad,easy,pressure,pleased,thank,ze,amazing,kids,mas
beautiful,great,loves,excellent,awesome,highly,wonderful,potatoes,perfect,cake,love,happy,glad,best,perfectly,handy,salad,easy,pressure,pleased,thank,ze,amazing,kids,mas
beautiful,great,loves,excellent,awesome,highly,wonderful,potatoes,perfect,cake,love,happy,glad,best,perfectly,handy,salad,easy,pressure,pleased,thank,ze,amazing,kids,mas
beautiful,great,loves,excellent,awesome,highly,wonderful,potatoes,perfect,cake,love,happy,glad,best,perfectly,handy,salad,easy,pressure,pleased,thank,ze,amazing,kids,mas
beautiful,great,loves,excellent,awesome,highly,wonderful,potatoes,perfect,cake,love,happy,glad,best,perfectly,handy,salad,easy,pressure,pleased,thank,ze,amazing,kids,mas
beautiful,great,loves,excellent,awesome,highly,wonderful,potatoes,perfect,cake,love,happy,glad,best,perfectly,handy,salad,easy,pressure,pleased,thank,ze,amazing,kids,mas
beautiful,great,loves,excellent,awesome,highly,wonderful,potatoes,perfect,cake,love,happy,glad,best,perfectly,handy,salad,easy,pressure,pleased,thank,ze,amazing,kids,mas
beautiful,great,loves,excellent,awesome,highly,wonderful,potatoes,perfect,cake,love,happy,glad,best,perfectly,handy,salad,easy,pressure,pleased,thank,ze,amazing,kids,mas
beautiful,great,loves,excellent,awesome,highly,wonderful,potatoes,perfect,cake,love,happy,glad,best,perfectly,handy,salad,easy,pressure,pleased,thank,ze,amazing,kids,mas
beautiful,great,loves,excellent,awesome,highly,wonderful,potatoes,perfect,cake,love,happy,glad,best,perfectly,handy,salad,easy,pressure,pleased,thank,ze,amazing,kids,mas
beautiful,great,loves,excellent,awesome,highly,wonderful,potatoes,perfect,cake,love,happy,glad,best,perfectly,handy,salad,easy,pressure,pleased,thank,ze,amazing,kids,mas
beautiful,great,loves,excellent,awesome,highly,wonderful,potatoes,perfect,cake,love,happy,glad,best,perfectly,handy,salad,easy,pressure,pleased,thank,ze,amazing,kids,mas
beautiful,great,loves,excellent,awesome,highly,wonderful,potatoes,perfect,cake,love,happy,glad,best,perfectly,handy,salad,easy,pressure,pleased,thank,ze,amazing,kids,mas
beautiful,great,loves,excellent,awesome,highly,wonderful,potatoes,perfect,cake,love,happy,glad,best,perfectly,handy,salad,easy,pressure,pleased,thank,ze,amazing,kids,mas
beautiful,great,loves,excellent,awesome,highly,wonderful,potatoes,perfect,cake,love,happy,glad,best,perfectly,handy,salad,easy,pressure,pleased,thank,ze,amazing,kids,mas
beautiful,great,loves,excellent,awesome,highly,wonderful,potatoes,perfect,cake,love,happy,glad,best,perfectly,handy,salad,easy,pressure,pleased,thank,ze,amazing,kids,mas
beautiful,great,loves,excellent,awesome,highly,wonderful,potatoes,perfect,cake,love,happy,glad,best,perfectly,handy,salad,easy,pressure,pleased,thank,ze,amazing,kids,mas
beautiful,great,loves,excellent,awesome,highly,wonderful,potatoes,perfect,cake,love,happy,glad,best,perfectly,handy,salad,easy,pressure,pleased,thank,ze,amazing,kids,mas
beautiful,great,loves,excellent,awesome,highly,wonderful,potatoes,perfect,cake,love,happy,glad,best,perfectly,handy,salad,easy,pressure,pleased,thank,ze,amazing,kids,mas
beautiful,great,loves,excellent,awesome,highly,wonderful,potatoes,perfect,cake,love,happy,glad,best,perfectly,handy,salad,easy,pressure,pleased,thank,ze,amazing,kids,mas
beautiful,great,loves,excellent,awesome,highly,wonderful,potatoes,perfect,cake,love,happy,glad,best,perfectly,handy,salad,easy,pressure,pleased,thank,ze,amazing,kids,mas
beautiful,great,loves,excellent,awesome,highly,wonderful,potatoes,perfect,cake,love,happy,glad,best,perfectly,handy,salad,easy,pressure,pleased,thank,ze,amazing,kids,mas
beautiful,great,loves,excellent,awesome,highly,wonderful,potatoes,perfect,cake,love,happy,glad,best,perfectly,handy,salad,easy,pressure,pleased,thank,ze,amazing,kids,mas
beautiful,great,loves,excellent,awesome,highly,wonderful,potatoes,perfect,cake,love,happy,glad,best,perfectly,handy,salad,easy,pressure,pleased,thank,ze,amazing,kids,mas
beautiful,great,loves,excellent,awesome,highly,wonderful,potatoes,perfect,cake,love,happy,glad,best,perfectly,handy,salad,easy,pressure,pleased,thank,ze,amazing,kids,mas
beautiful,great,loves,excellent,awesome,highly,wonderful,potatoes,perfect,cake,love,happy,glad,best,perfectly,handy,salad,easy,pressure,pleased,thank,ze,amazing,kids,mas
beautiful,great,loves,excellent,awesome,highly,wonderful,potatoes,perfect,cake,love,happy,glad,best,perfectly,handy,salad,easy,pressure,pleased,thank,ze,amazing,kids,mas
beautiful,great,loves,excellent,awesome,highly,wonderful,potatoes,perfect,cake,love,happy,glad,best,perfectly,handy,salad,easy,pressure,pleased,thank,ze,amazing,kids,mas
beautiful,great,loves,excellent,awesome,highly,wonderful,potatoes,perfect,cake,love,happy,glad,best,perfectly,handy,salad,easy,pressure,pleased,thank,ze,amazing,kids,mas
beautiful,great,loves,excellent,awesome,highly,wonderful,potatoes,perfect,cake,love,happy,glad,best,perfectly,handy,salad,easy,pressure,pleased,thank,ze,amazing,kids,mas
beautiful,great,loves,excellent,awesome,highly,wonderful,potatoes,perfect,cake,love,happy,glad,best,perfectly,handy,salad,easy,pressure,pleased,thank,ze,amazing,kids,mas
beautiful,great,loves,excellent,awesome,highly,wonderful,potatoes,perfect,cake,love,happy,glad,best,perfectly,handy,salad,easy,pressure,pleased,thank,ze,amazing,kids,mas
beautiful,great,loves,excellent,awesome,highly,wonderful,potatoes,perfect,cake,love,happy,glad,best,perfectly,handy,salad,easy,pressure,pleased,thank,ze,amazing,kids,mas
beautiful,great,loves,excellent,awesome,highly,wonderful,potatoes,perfect,cake,love,happy,glad,best,perfectly,handy,salad,easy,pressure,pleased,thank,ze,amazing,kids,mas
beautiful,great,loves,excellent,awesome,highly,wonderful,potatoes,perfect,cake,love,happy,glad,best,perfectly,handy,salad,easy,pressure,pleased,thank,ze,amazing,kids,mas
beautiful,great,loves,excellent,awesome,highly,wonderful,potatoes,perfect,cake,love,happy,glad,best,perfectly,handy,salad,easy,pressure,pleased,thank,ze,amazing,kids,mas
beautiful,great,loves,excellent,awesome,highly,wonderful,potatoes,perfect,cake,love,happy,glad,best,perfectly,handy,salad,easy,pressure,pleased,thank,ze,amazing,kids,mas
beautiful,great,loves,excellent,awesome,highly,wonderful,potatoes,perfect,cake,love,happy,glad,best,perfectly,handy,salad,easy,pressure,pleased,thank,ze,amazing,kids,mas
beautiful,great,loves,excellent,awesome,highly,wonderful,potatoes,perfect,cake,love,happy,glad,best,perfectly,handy,salad,easy,pressure,pleased,thank,ze,amazing,kids,mas
beautiful,great,loves,excellent,awesome,highly,wonderful,potatoes,perfect,cake,love,happy,glad,best,perfectly,handy,salad,easy,pressure,pleased,thank,ze,amazing,kids,mas
beautiful,great,loves,excellent,awesome,highly,wonderful,potatoes,perfect,cake,love,happy,glad,best,perfectly,handy,salad,easy,pressure,pleased,thank,ze,amazing,kids,mas
beautiful,great,loves,excellent,awesome,highly,wonderful,potatoes,perfect,cake,love,happy,glad,best,perfectly,handy,salad,easy,pressure,pleased,thank,ze,amazing,kids,mas
beautiful,great,loves,excellent,awesome,highly,wonderful,potatoes,perfect,cake,love,happy,glad,best,perfectly,handy,salad,easy,pressure,pleased,thank,ze,amazing,kids,mas
beautiful,great,loves,excellent,awesome,highly,wonderful,potatoes,perfect,cake,love,happy,glad,best,perfectly,handy,salad,easy,pressure,pleased,thank,ze,amazing,kids,mas
beautiful,great,loves,excellent,awesome,highly,wonderful,potatoes,perfect,cake,love,happy,glad,best,perfectly,handy,salad,easy,pressure,pleased,thank,ze,amazing,kids,mas
beautiful,great,loves,excellent,awesome,highly,wonderful,potatoes,perfect,cake,love,happy,glad,best,perfectly,handy,salad,easy,pressure,pleased,thank,ze,amazing,kids,mas
beautiful,great,loves,excellent,awesome,highly,wonderful,potatoes,perfect,cake,love,happy,glad,best,perfectly,handy,salad,easy,pressure,pleased,thank,ze,amazing,kids,mas
beautiful,great,loves,excellent,awesome,highly,wonderful,potatoes,perfect,cake,love,happy,glad,best,perfectly,handy,salad,easy,pressure,pleased,thank,ze,amazing,kids,mas
beautiful,great,loves,excellent,awesome,highly,wonderful,potatoes,perfect,cake,love,happy,glad,best,perfectly,handy,salad,easy,pressure,pleased,thank,ze,amazing,kids,mas
beautiful,great,loves,excellent,awesome,highly,wonderful,potatoes,perfect,cake,love,happy,glad,best,perfectly,handy,salad,easy,pressure,pleased,thank,ze,amazing,kids,mas
beautiful,great,loves,excellent,awesome,highly,wonderful,potatoes,perfect,cake,love,happy,glad,best,perfectly,handy,salad,easy,pressure,pleased,thank,ze,amazing,kids,mas
beautiful,great,loves,excellent,awesome,highly,wonderful,potatoes,perfect,cake,love,happy,glad,best,perfectly,handy,salad,easy,pressure,pleased,thank,ze,amazing,kids,mas
beautiful,great,loves,excellent,awesome,highly,wonderful,potatoes,perfect,cake,love,happy,glad,best,perfectly,handy,salad,easy,pressure,pleased,thank,ze,amazing,kids,mas
beautiful,great,loves,excellent,awesome,highly,wonderful,potatoes,perfect,cake,love,happy,glad,best,perfectly,handy,salad,easy,pressure,pleased,thank,ze,amazing,kids,mas
beautiful,great,loves,excellent,awesome,highly,wonderful,potatoes,perfect,cake,love,happy,glad,best,perfectly,handy,salad,easy,pressure,pleased,thank,ze,amazing,kids,mas
beautiful,great,loves,excellent,awesome,highly,wonderful,potatoes,perfect,cake,love,happy,glad,best,perfectly,handy,salad,easy,pressure,pleased,thank,ze,amazing,kids,mas
beautiful,great,loves,excellent,awesome,highly,wonderful,potatoes,perfect,cake,love,happy,glad,best,perfectly,handy,salad,easy,pressure,pleased,thank,ze,amazing,kids,mas
beautiful,great,loves,excellent,awesome,highly,wonderful,potatoes,perfect,cake,love,happy,glad,best,perfectly,handy,salad,easy,pressure,pleased,thank,ze,amazing,kids,mas
beautiful,great,loves,excellent,awesome,highly,wonderful,potatoes,perfect,cake,love,happy,glad,best,perfectly,handy,salad,easy,pressure,pleased,thank,ze,amazing,kids,mas
beautiful,great,loves,excellent,awesome,highly,wonderful,potatoes,perfect,cake,love,happy,glad,best,perfectly,handy,salad,easy,pressure,pleased,thank,ze,amazing,kids,mas
beautiful,great,loves,excellent,awesome,highly,wonderful,potatoes,perfect,cake,love,happy,glad,best,perfectly,handy,salad,easy,pressure,pleased,thank,ze,amazing,kids,mas
beautiful,great,loves,excellent,awesome,highly,wonderful,potatoes,perfect,cake,love,happy,glad,best,perfectly,handy,salad,easy,pressure,pleased,thank,ze,amazing,kids,mas
beautiful,great,loves,excellent,awesome,highly,wonderful,potatoes,perfect,cake,love,happy,glad,best,perfectly,handy,salad,easy,pressure,pleased,thank,ze,amazing,kids,mas
beautiful,great,loves,excellent,awesome,highly,wonderful,potatoes,perfect,cake,love,happy,glad,best,perfectly,handy,salad,easy,pressure,pleased,thank,ze,amazing,kids,mas
beautiful,great,loves,excellent,awesome,highly,wonderful,potatoes,perfect,cake,love,happy,glad,best,perfectly,handy,salad,easy,pressure,pleased,thank,ze,amazing,kids,mas
beautiful,great,loves,excellent,awesome,highly,wonderful,potatoes,perfect,cake,love,happy,glad,best,perfectly,handy,salad,easy,pressure,pleased,thank,ze,amazing,kids,mas
beautiful,great,loves,excellent,awesome,highly,wonderful,potatoes,perfect,cake,love,happy,glad,best,perfectly,handy,salad,easy,pressure,pleased,thank,ze,amazing,kids,mas
beautiful,great,loves,excellent,awesome,highly,wonderful,potatoes,perfect,cake,love,happy,glad,best,perfectly,handy,salad,easy,pressure,pleased,thank,ze,amazing,kids,mas
beautiful,great,loves,excellent,awesome,highly,wonderful,potatoes,perfect,cake,love,happy,glad,best,perfectly,handy,salad,easy,pressure,pleased,thank,ze,amazing,kids,mas
beautiful,great,loves,excellent,awesome,highly,wonderful,potatoes,perfect,cake,love,happy,glad,best,perfectly,handy,salad,easy,pressure,pleased,thank,ze,amazing,kids,mas
beautiful,great,loves,excellent,awesome,highly,wonderful,potatoes,perfect,cake,love,happy,glad,best,perfectly,handy,salad,easy,pressure,pleased,thank,ze,amazing,kids,mas
beautiful,great,loves,excellent,awesome,highly,wonderful,potatoes,perfect,cake,love,happy,glad,best,perfectly,handy,salad,easy,pressure,pleased,thank,ze,amazing,kids,mas
beautiful,great,loves,excellent,awesome,highly,wonderful,potatoes,perfect,cake,love,happy,glad,best,perfectly,handy,salad,easy,pressure,pleased,thank,ze,amazing,kids,mas
beautiful,great,loves,excellent,awesome,highly,wonderful,potatoes,perfect,cake,love,happy,glad,best,perfectly,handy,salad,easy,pressure,pleased,thank,ze,amazing,kids,mas
beautiful,great,loves,excellent,awesome,highly,wonderful,potatoes,perfect,cake,love,happy,glad,best,perfectly,handy,salad,easy,pressure,pleased,thank,ze,amazing,kids,mas
beautiful,great,loves,excellent,awesome,highly,wonderful,potatoes,perfect,cake,love,happy,glad,best,perfectly,handy,salad,easy,pressure,pleased,thank,ze,amazing,kids,mas
beautiful,great,loves,excellent,awesome,highly,wonderful,potatoes,perfect,cake,love,happy,glad,best,perfectly,handy,salad,easy,pressure,pleased,thank,ze,amazing,kids,mas
beautiful,great,loves,excellent,awesome,highly,wonderful,potatoes,perfect,cake,love,happy,glad,best,perfectly,handy,salad,easy,pressure,pleased,thank,ze,amazing,kids,mas
beautiful,great,loves,excellent,awesome,highly,wonderful,potatoes,perfect,cake,love,happy,glad,best,perfectly,handy,salad,easy,pressure,pleased,thank,ze,amazing,kids,mas
beautiful,great,loves,excellent,awesome,highly,wonderful,potatoes,perfect,cake,love,happy,glad,best,perfectly,handy,salad,easy,pressure,pleased,thank,ze,amazing,kids,mas
beautiful,great,loves,excellent,awesome,highly,wonderful,potatoes,perfect,cake,love,happy,glad,best,perfectly,handy,salad,easy,pressure,pleased,thank,ze,amazing,kids,mas
beautiful,great,loves,excellent,awesome,highly,wonderful,potatoes,perfect,cake,love,happy,glad,best,perfectly,handy,salad,easy,pressure,pleased,thank,ze,amazing,kids,mas
beautiful,great,loves,excellent,awesome,highly,wonderful,potatoes,perfect,cake,love,happy,glad,best,perfectly,handy,salad,easy,pressure,pleased,thank,ze,amazing,kids,mas
beautiful,great,loves,excellent,awesome,highly,wonderful,potatoes,perfect,cake,love,happy,glad,best,perfectly,handy,salad,easy,pressure,pleased,thank,ze,amazing,kids,mas
beautiful,great,loves,excellent,awesome,highly,wonderful,potatoes,perfect,cake,love,happy,glad,best,perfectly,handy,salad,easy,pressure,pleased,thank,ze,amazing,kids,mas
beautiful,great,loves,excellent,awesome,highly,wonderful,potatoes,perfect,cake,love,happy,glad,best,perfectly,handy,salad,easy,pressure,pleased,thank,ze,amazing,kids,mas
beautiful,great,loves,excellent,awesome,highly,wonderful,potatoes,perfect,cake,love,happy,glad,best,perfectly,handy,salad,easy,pressure,pleased,thank,ze,amazing,kids,mas
beautiful,great,loves,excellent,awesome,highly,wonderful,potatoes,perfect,cake,love,happy,glad,best,perfectly,handy,salad,easy,pressure,pleased,thank,ze,amazing,kids,mas
beautiful,great,loves,excellent,awesome,highly,wonderful,potatoes,perfect,cake,love,happy,glad,best,perfectly,handy,salad,easy,pressure,pleased,thank,ze,amazing,kids,mas
beautiful,great,loves,excellent,awesome,highly,wonderful,potatoes,perfect,cake,love,happy,glad,best,perfectly,handy,salad,easy,pressure,pleased,thank,ze,amazing,kids,mas
beautiful,great,loves,excellent,awesome,highly,wonderful,potatoes,perfect,cake,love,happy,glad,best,perfectly,handy,salad,easy,pressure,pleased,thank,ze,amazing,kids,mas
beautiful,great,loves,excellent,awesome,highly,wonderful,potatoes,perfect,cake,love,happy,glad,best,perfectly,handy,salad,easy,pressure,pleased,thank,ze,amazing,kids,mas
beautiful,great,loves,excellent,awesome,highly,wonderful,potatoes,perfect,cake,love,happy,glad,best,perfectly,handy,salad,easy,pressure,pleased,thank,ze,amazing,kids,mas
beautiful,great,loves,excellent,awesome,highly,wonderful,potatoes,perfect,cake,love,happy,glad,best,perfectly,handy,salad,easy,pressure,pleased,thank,ze,amazing,kids,mas
beautiful,great,loves,excellent,awesome,highly,wonderful,potatoes,perfect,cake,love,happy,glad,best,perfectly,handy,salad,easy,pressure,pleased,thank,ze,amazing,kids,mas
beautiful,great,loves,excellent,awesome,highly,wonderful,potatoes,perfect,cake,love,happy,glad,best,perfectly,handy,salad,easy,pressure,pleased,thank,ze,amazing,kids,mas
beautiful,great,loves,excellent,awesome,highly,wonderful,potatoes,perfect,cake,love,happy,glad,best,perfectly,handy,salad,easy,pressure,pleased,thank,ze,amazing,kids,mas
beautiful,great,loves,excellent,awesome,highly,wonderful,potatoes,perfect,cake,love,happy,glad,best,perfectly,handy,salad,easy,pressure,pleased,thank,ze,amazing,kids,mas
beautiful,great,loves,excellent,awesome,highly,wonderful,potatoes,perfect,cake,love,happy,glad,best,perfectly,handy,salad,easy,pressure,pleased,thank,ze,amazing,kids,mas
beautiful,great,loves,excellent,awesome,highly,wonderful,potatoes,perfect,cake,love,happy,glad,best,perfectly,handy,salad,easy,pressure,pleased,thank,ze,amazing,kids,mas
beautiful,great,loves,excellent,awesome,highly,wonderful,potatoes,perfect,cake,love,happy,glad,best,perfectly,handy,salad,easy,pressure,pleased,thank,ze,amazing,kids,mas
beautiful,great,loves,excellent,awesome,highly,wonderful,potatoes,perfect,cake,love,happy,glad,best,perfectly,handy,salad,easy,pressure,pleased,thank,ze,amazing,kids,mas
beautiful,great,loves,excellent,awesome,highly,wonderful,potatoes,perfect,cake,love,happy,glad,best,perfectly,handy,salad,easy,pressure,pleased,thank,ze,amazing,kids,mas
beautiful,great,loves,excellent,awesome,highly,wonderful,potatoes,perfect,cake,love,happy,glad,best,perfectly,handy,salad,easy,pressure,pleased,thank,ze,amazing,kids,mas
beautiful,great,loves,excellent,awesome,highly,wonderful,potatoes,perfect,cake,love,happy,glad,best,perfectly,handy,salad,easy,pressure,pleased,thank,ze,amazing,kids,mas
beautiful,great,loves,excellent,awesome,highly,wonderful,potatoes,perfect,cake,love,happy,glad,best,perfectly,handy,salad,easy,pressure,pleased,thank,ze,amazing,kids,mas
beautiful,great,loves,excellent,awesome,highly,wonderful,potatoes,perfect,cake,love,happy,glad,best,perfectly,handy,salad,easy,pressure,pleased,thank,ze,amazing,kids,mas
beautiful,great,loves,excellent,awesome,highly,wonderful,potatoes,perfect,cake,love,happy,glad,best,perfectly,handy,salad,easy,pressure,pleased,thank,ze,amazing,kids,mas
beautiful,great,loves,excellent,awesome,highly,wonderful,potatoes,perfect,cake,love,happy,glad,best,perfectly,handy,salad,easy,pressure,pleased,thank,ze,amazing,kids,mas
beautiful,great,loves,excellent,awesome,highly,wonderful,potatoes,perfect,cake,love,happy,glad,best,perfectly,handy,salad,easy,pressure,pleased,thank,ze,amazing,kids,mas
beautiful,great,loves,excellent,awesome,highly,wonderful,potatoes,perfect,cake,love,happy,glad,best,perfectly,handy,salad,easy,pressure,pleased,thank,ze,amazing,kids,mas
beautiful,great,loves,excellent,awesome,highly,wonderful,potatoes,perfect,cake,love,happy,glad,best,perfectly,handy,salad,easy,pressure,pleased,thank,ze,amazing,kids,mas
beautiful,great,loves,excellent,awesome,highly,wonderful,potatoes,perfect,cake,love,happy,glad,best,perfectly,handy,salad,easy,pressure,pleased,thank,ze,amazing,kids,mas
beautiful,great,loves,excellent,awesome,highly,wonderful,potatoes,perfect,cake,love,happy,glad,best,perfectly,handy,salad,easy,pressure,pleased,thank,ze,amazing,kids,mas
beautiful,great,loves,excellent,awesome,highly,wonderful,potatoes,perfect,cake,love,happy,glad,best,perfectly,handy,salad,easy,pressure,pleased,thank,ze,amazing,kids,mas
beautiful,great,loves,excellent,awesome,highly,wonderful,potatoes,perfect,cake,love,happy,glad,best,perfectly,handy,salad,easy,pressure,pleased,thank,ze,amazing,kids,mas
beautiful,great,loves,excellent,awesome,highly,wonderful,potatoes,perfect,cake,love,happy,glad,best,perfectly,handy,salad,easy,pressure,pleased,thank,ze,amazing,kids,mas
beautiful,great,loves,excellent,awesome,highly,wonderful,potatoes,perfect,cake,love,happy,glad,best,perfectly,handy,salad,easy,pressure,pleased,thank,ze,amazing,kids,mas
beautiful,great,loves,excellent,awesome,highly,wonderful,potatoes,perfect,cake,love,happy,glad,best,perfectly,handy,salad,easy,pressure,pleased,thank,ze,amazing,kids,mas
beautiful,great,loves,excellent,awesome,highly,wonderful,potatoes,perfect,cake,love,happy,glad,best,perfectly,handy,salad,easy,pressure,pleased,thank,ze,amazing,kids,mas
beautiful,great,loves,excellent,awesome,highly,wonderful,potatoes,perfect,cake,love,happy,glad,best,perfectly,handy,salad,easy,pressure,pleased,thank,ze,amazing,kids,mas
beautiful,great,loves,excellent,awesome,highly,wonderful,potatoes,perfect,cake,love,happy,glad,best,perfectly,handy,salad,easy,pressure,pleased,thank,ze,amazing,kids,mas
beautiful,great,loves,excellent,awesome,highly,wonderful,potatoes,perfect,cake,love,happy,glad,best,perfectly,handy,salad,easy,pressure,pleased,thank,ze,amazing,kids,mas
beautiful,great,loves,excellent,awesome,highly,wonderful,potatoes,perfect,cake,love,happy,glad,best,perfectly,handy,salad,easy,pressure,pleased,thank,ze,amazing,kids,mas
beautiful,great,loves,excellent,awesome,highly,wonderful,potatoes,perfect,cake,love,happy,glad,best,perfectly,handy,salad,easy,pressure,pleased,thank,ze,amazing,kids,mas
beautiful,great,loves,excellent,awesome,highly,wonderful,potatoes,perfect,cake,love,happy,glad,best,perfectly,handy,salad,easy,pressure,pleased,thank,ze,amazing,kids,mas
beautiful,great,loves,excellent,awesome,highly,wonderful,potatoes,perfect,cake,love,happy,glad,best,perfectly,handy,salad,easy,pressure,pleased,thank,ze,amazing,kids,mas
beautiful,great,loves,excellent,awesome,highly,wonderful,potatoes,perfect,cake,love,happy,glad,best,perfectly,handy,salad,easy,pressure,pleased,thank,ze,amazing,kids,mas
beautiful,great,loves,excellent,awesome,highly,wonderful,potatoes,perfect,cake,love,happy,glad,best,perfectly,handy,salad,easy,pressure,pleased,thank,ze,amazing,kids,mas
beautiful,great,loves,excellent,awesome,highly,wonderful,potatoes,perfect,cake,love,happy,glad,best,perfectly,handy,salad,easy,pressure,pleased,thank,ze,amazing,kids,mas
beautiful,great,loves,excellent,awesome,highly,wonderful,potatoes,perfect,cake,love,happy,glad,best,perfectly,handy,salad,easy,pressure,pleased,thank,ze,amazing,kids,mas
beautiful,great,loves,excellent,awesome,highly,wonderful,potatoes,perfect,cake,love,happy,glad,best,perfectly,handy,salad,easy,pressure,pleased,thank,ze,amazing,kids,mas
beautiful,great,loves,excellent,awesome,highly,wonderful,potatoes,perfect,cake,love,happy,glad,best,perfectly,handy,salad,easy,pressure,pleased,thank,ze,amazing,kids,mas
beautiful,great,loves,excellent,awesome,highly,wonderful,potatoes,perfect,cake,love,happy,glad,best,perfectly,handy,salad,easy,pressure,pleased,thank,ze,amazing,kids,mas
beautiful,great,loves,excellent,awesome,highly,wonderful,potatoes,perfect,cake,love,happy,glad,best,perfectly,handy,salad,easy,pressure,pleased,thank,ze,amazing,kids,mas
beautiful,great,loves,excellent,awesome,highly,wonderful,potatoes,perfect,cake,love,happy,glad,best,perfectly,handy,salad,easy,pressure,pleased,thank,ze,amazing,kids,mas
beautiful,great,loves,excellent,awesome,highly,wonderful,potatoes,perfect,cake,love,happy,glad,best,perfectly,handy,salad,easy,pressure,pleased,thank,ze,amazing,kids,mas
beautiful,great,loves,excellent,awesome,highly,wonderful,potatoes,perfect,cake,love,happy,glad,best,perfectly,handy,salad,easy,pressure,pleased,thank,ze,amazing,kids,mas
beautiful,great,loves,excellent,awesome,highly,wonderful,potatoes,perfect,cake,love,happy,glad,best,perfectly,handy,salad,easy,pressure,pleased,thank,ze,amazing,kids,mas
beautiful,great,loves,excellent,awesome,highly,wonderful,potatoes,perfect,cake,love,happy,glad,best,perfectly,handy,salad,easy,pressure,pleased,thank,ze,amazing,kids,mas
beautiful,great,loves,excellent,awesome,highly,wonderful,potatoes,perfect,cake,love,happy,glad,best,perfectly,handy,salad,easy,pressure,pleased,thank,ze,amazing,kids,mas
beautiful,great,loves,excellent,awesome,highly,wonderful,potatoes,perfect,cake,love,happy,glad,best,perfectly,handy,salad,easy,pressure,pleased,thank,ze,amazing,kids,mas
beautiful,great,loves,excellent,awesome,highly,wonderful,potatoes,perfect,cake,love,happy,glad,best,perfectly,handy,salad,easy,pressure,pleased,thank,ze,amazing,kids,mas
beautiful,great,loves,excellent,awesome,highly,wonderful,potatoes,perfect,cake,love,happy,glad,best,perfectly,handy,salad,easy,pressure,pleased,thank,ze,amazing,kids,mas
beautiful,great,loves,excellent,awesome,highly,wonderful,potatoes,perfect,cake,love,happy,glad,best,perfectly,handy,salad,easy,pressure,pleased,thank,ze,amazing,kids,mas
beautiful,great,loves,excellent,awesome,highly,wonderful,potatoes,perfect,cake,love,happy,glad,best,perfectly,handy,salad,easy,pressure,pleased,thank,ze,amazing,kids,mas
beautiful,great,loves,excellent,awesome,highly,wonderful,potatoes,perfect,cake,love,happy,glad,best,perfectly,handy,salad,easy,pressure,pleased,thank,ze,amazing,kids,mas
beautiful,great,loves,excellent,awesome,highly,wonderful,potatoes,perfect,cake,love,happy,glad,best,perfectly,handy,salad,easy,pressure,pleased,thank,ze,amazing,kids,mas
beautiful,great,loves,excellent,awesome,highly,wonderful,potatoes,perfect,cake,love,happy,glad,best,perfectly,handy,salad,easy,pressure,pleased,thank,ze,amazing,kids,mas
beautiful,great,loves,excellent,awesome,highly,wonderful,potatoes,perfect,cake,love,happy,glad,best,perfectly,handy,salad,easy,pressure,pleased,thank,ze,amazing,kids,mas
beautiful,great,loves,excellent,awesome,highly,wonderful,potatoes,perfect,cake,love,happy,glad,best,perfectly,handy,salad,easy,pressure,pleased,thank,ze,amazing,kids,mas
beautiful,great,loves,excellent,awesome,highly,wonderful,potatoes,perfect,cake,love,happy,glad,best,perfectly,handy,salad,easy,pressure,pleased,thank,ze,amazing,kids,mas
beautiful,great,loves,excellent,awesome,highly,wonderful,potatoes,perfect,cake,love,happy,glad,best,perfectly,handy,salad,easy,pressure,pleased,thank,ze,amazing,kids,mas
beautiful,great,loves,excellent,awesome,highly,wonderful,potatoes,perfect,cake,love,happy,glad,best,perfectly,handy,salad,easy,pressure,pleased,thank,ze,amazing,kids,mas
beautiful,great,loves,excellent,awesome,highly,wonderful,potatoes,perfect,cake,love,happy,glad,best,perfectly,handy,salad,easy,pressure,pleased,thank,ze,amazing,kids,mas
beautiful,great,loves,excellent,awesome,highly,wonderful,potatoes,perfect,cake,love,happy,glad,best,perfectly,handy,salad,easy,pressure,pleased,thank,ze,amazing,kids,mas
beautiful,great,loves,excellent,awesome,highly,wonderful,potatoes,perfect,cake,love,happy,glad,best,perfectly,handy,salad,easy,pressure,pleased,thank,ze,amazing,kids,mas
beautiful,great,loves,excellent,awesome,highly,wonderful,potatoes,perfect,cake,love,happy,glad,best,perfectly,handy,salad,easy,pressure,pleased,thank,ze,amazing,kids,mas
beautiful,great,loves,excellent,awesome,highly,wonderful,potatoes,perfect,cake,love,happy,glad,best,perfectly,handy,salad,easy,pressure,pleased,thank,ze,amazing,kids,mas
beautiful,great,loves,excellent,awesome,highly,wonderful,potatoes,perfect,cake,love,happy,glad,best,perfectly,handy,salad,easy,pressure,pleased,thank,ze,amazing,kids,mas
beautiful,great,loves,excellent,awesome,highly,wonderful,potatoes,perfect,cake,love,happy,glad,best,perfectly,handy,salad,easy,pressure,pleased,thank,ze,amazing,kids,mas
beautiful,great,loves,excellent,awesome,highly,wonderful,potatoes,perfect,cake,love,happy,glad,best,perfectly,handy,salad,easy,pressure,pleased,thank,ze,amazing,kids,mas
beautiful,great,loves,excellent,awesome,highly,wonderful,potatoes,perfect,cake,love,happy,glad,best,perfectly,handy,salad,easy,pressure,pleased,thank,ze,amazing,kids,mas
beautiful,great,loves,excellent,awesome,highly,wonderful,potatoes,perfect,cake,love,happy,glad,best,perfectly,handy,salad,easy,pressure,pleased,thank,ze,amazing,kids,mas
beautiful,great,loves,excellent,awesome,highly,wonderful,potatoes,perfect,cake,love,happy,glad,best,perfectly,handy,salad,easy,pressure,pleased,thank,ze,amazing,kids,mas
beautiful,great,loves,excellent,awesome,highly,wonderful,potatoes,perfect,cake,love,happy,glad,best,perfectly,handy,salad,easy,pressure,pleased,thank,ze,amazing,kids,mas
beautiful,great,loves,excellent,awesome,highly,wonderful,potatoes,perfect,cake,love,happy,glad,best,perfectly,handy,salad,easy,pressure,pleased,thank,ze,amazing,kids,mas
beautiful,great,loves,excellent,awesome,highly,wonderful,potatoes,perfect,cake,love,happy,glad,best,perfectly,handy,salad,easy,pressure,pleased,thank,ze,amazing,kids,mas
beautiful,great,loves,excellent,awesome,highly,wonderful,potatoes,perfect,cake,love,happy,glad,best,perfectly,handy,salad,easy,pressure,pleased,thank,ze,amazing,kids,mas
beautiful,great,loves,excellent,awesome,highly,wonderful,potatoes,perfect,cake,love,happy,glad,best,perfectly,handy,salad,easy,pressure,pleased,thank,ze,amazing,kids,mas
beautiful,great,loves,excellent,awesome,highly,wonderful,potatoes,perfect,cake,love,happy,glad,best,perfectly,handy,salad,easy,pressure,pleased,thank,ze,amazing,kids,mas
beautiful,great,loves,excellent,awesome,highly,wonderful,potatoes,perfect,cake,love,happy,glad,best,perfectly,handy,salad,easy,pressure,pleased,thank,ze,amazing,kids,mas
beautiful,great,loves,excellent,awesome,highly,wonderful,potatoes,perfect,cake,love,happy,glad,best,perfectly,handy,salad,easy,pressure,pleased,thank,ze,amazing,kids,mas
beautiful,great,loves,excellent,awesome,highly,wonderful,potatoes,perfect,cake,love,happy,glad,best,perfectly,handy,salad,easy,pressure,pleased,thank,ze,amazing,kids,mas
beautiful,great,loves,excellent,awesome,highly,wonderful,potatoes,perfect,cake,love,happy,glad,best,perfectly,handy,salad,easy,pressure,pleased,thank,ze,amazing,kids,mas
beautiful,great,loves,excellent,awesome,highly,wonderful,potatoes,perfect,cake,love,happy,glad,best,perfectly,handy,salad,easy,pressure,pleased,thank,ze,amazing,kids,mas
beautiful,great,loves,excellent,awesome,highly,wonderful,potatoes,perfect,cake,love,happy,glad,best,perfectly,handy,salad,easy,pressure,pleased,thank,ze,amazing,kids,mas
beautiful,great,loves,excellent,awesome,highly,wonderful,potatoes,perfect,cake,love,happy,glad,best,perfectly,handy,salad,easy,pressure,pleased,thank,ze,amazing,kids,mas
beautiful,great,loves,excellent,awesome,highly,wonderful,potatoes,perfect,cake,love,happy,glad,best,perfectly,handy,salad,easy,pressure,pleased,thank,ze,amazing,kids,mas
ice,beautiful,great,loves,excellent,awesome,highly,wonderful,potatoes,perfect,cake,love,happy,glad,best,perfectly,handy,salad,easy,pressure,pleased,thank,ze,kids,mas
ice,beautiful,great,loves,excellent,awesome,highly,wonderful,potatoes,perfect,cake,love,happy,glad,best,perfectly,handy,salad,easy,pressure,pleased,thank,ze,kids,mas
ice,beautiful,great,loves,excellent,awesome,highly,wonderful,potatoes,perfect,cake,love,happy,glad,best,perfectly,handy,salad,easy,pressure,pleased,thank,ze,kids,mas
ice,beautiful,great,loves,excellent,awesome,highly,wonderful,potatoes,perfect,cake,love,happy,glad,best,perfectly,handy,salad,easy,pressure,pleased,thank,ze,kids,mas
ice,beautiful,great,loves,excellent,awesome,highly,wonderful,potatoes,perfect,cake,love,happy,glad,best,perfectly,handy,salad,easy,pressure,pleased,thank,ze,kids,mas
ice,beautiful,great,loves,excellent,awesome,highly,wonderful,potatoes,perfect,cake,love,happy,glad,best,perfectly,handy,salad,easy,pressure,pleased,thank,ze,kids,mas
ice,beautiful,great,loves,excellent,awesome,highly,wonderful,potatoes,perfect,cake,love,happy,glad,best,perfectly,handy,salad,easy,pressure,pleased,thank,ze,kids,mas
ice,beautiful,great,loves,excellent,awesome,highly,wonderful,potatoes,perfect,cake,love,happy,glad,best,perfectly,handy,salad,easy,pressure,pleased,thank,ze,kids,mas
ice,beautiful,great,loves,excellent,awesome,highly,wonderful,potatoes,perfect,cake,love,happy,glad,best,perfectly,handy,salad,easy,pressure,pleased,thank,ze,kids,mas
ice,beautiful,great,loves,excellent,awesome,highly,wonderful,potatoes,perfect,cake,love,happy,glad,best,perfectly,handy,salad,easy,pressure,pleased,thank,ze,kids,mas
ice,beautiful,great,loves,excellent,awesome,highly,wonderful,potatoes,perfect,cake,love,happy,glad,best,perfectly,handy,salad,easy,pressure,pleased,thank,ze,kids,mas
ice,beautiful,great,loves,excellent,awesome,highly,wonderful,potatoes,perfect,cake,love,happy,glad,best,perfectly,handy,salad,easy,pressure,pleased,thank,ze,kids,mas
ice,beautiful,great,loves,excellent,awesome,highly,wonderful,potatoes,perfect,cake,love,happy,glad,best,perfectly,handy,salad,easy,pressure,pleased,thank,ze,kids,mas
ice,beautiful,great,loves,excellent,awesome,highly,wonderful,potatoes,perfect,cake,love,happy,glad,best,perfectly,handy,salad,easy,pressure,pleased,thank,ze,kids,mas
ice,beautiful,great,loves,excellent,awesome,highly,wonderful,potatoes,perfect,cake,love,happy,glad,best,perfectly,handy,salad,easy,pressure,pleased,thank,ze,kids,mas
ice,beautiful,great,loves,excellent,awesome,highly,wonderful,potatoes,perfect,cake,love,happy,glad,best,perfectly,handy,salad,easy,pressure,pleased,thank,ze,kids,mas
ice,beautiful,great,loves,excellent,awesome,highly,wonderful,potatoes,perfect,cake,love,happy,glad,best,perfectly,handy,salad,easy,pressure,pleased,thank,ze,kids,mas
ice,beautiful,great,loves,excellent,awesome,highly,wonderful,potatoes,perfect,cake,love,happy,glad,best,perfectly,handy,salad,easy,pressure,pleased,thank,ze,kids,mas
ice,beautiful,great,loves,excellent,awesome,highly,wonderful,potatoes,perfect,cake,love,happy,glad,best,perfectly,handy,salad,easy,pressure,pleased,thank,ze,kids,mas
ice,beautiful,great,loves,excellent,awesome,highly,wonderful,potatoes,perfect,cake,love,happy,glad,best,perfectly,handy,salad,easy,pressure,pleased,thank,ze,kids,mas
ice,beautiful,great,loves,excellent,awesome,highly,wonderful,potatoes,perfect,cake,love,happy,glad,best,perfectly,handy,salad,easy,pressure,pleased,thank,ze,kids,mas
ice,beautiful,great,loves,excellent,awesome,highly,wonderful,potatoes,perfect,cake,love,happy,glad,best,perfectly,handy,salad,easy,pressure,pleased,thank,ze,kids,mas
ice,beautiful,great,loves,excellent,awesome,highly,wonderful,potatoes,perfect,cake,love,happy,glad,best,perfectly,handy,salad,easy,pressure,pleased,thank,ze,kids,mas
ice,beautiful,great,loves,excellent,awesome,highly,wonderful,potatoes,perfect,cake,love,happy,glad,best,perfectly,handy,salad,easy,pressure,pleased,thank,ze,kids,mas
ice,beautiful,great,loves,excellent,awesome,highly,wonderful,potatoes,perfect,cake,love,happy,glad,best,perfectly,handy,salad,easy,pressure,pleased,thank,ze,kids,mas
ice,beautiful,great,loves,excellent,awesome,highly,wonderful,potatoes,perfect,cake,love,happy,glad,best,perfectly,handy,salad,easy,pressure,pleased,thank,ze,kids,mas
ice,beautiful,great,loves,excellent,awesome,highly,wonderful,potatoes,perfect,cake,love,happy,glad,best,perfectly,handy,salad,easy,pressure,pleased,thank,ze,kids,mas
ice,beautiful,great,loves,excellent,awesome,highly,wonderful,potatoes,perfect,cake,love,happy,glad,best,perfectly,handy,salad,easy,pressure,pleased,thank,ze,kids,mas
ice,beautiful,great,loves,excellent,awesome,highly,wonderful,potatoes,perfect,cake,love,happy,glad,best,perfectly,handy,salad,easy,pressure,pleased,thank,ze,kids,mas
ice,beautiful,great,loves,excellent,awesome,highly,wonderful,potatoes,perfect,cake,love,happy,glad,best,perfectly,handy,salad,easy,pressure,pleased,thank,ze,kids,mas
ice,beautiful,great,loves,excellent,awesome,highly,wonderful,potatoes,perfect,cake,love,happy,glad,best,perfectly,handy,salad,easy,pressure,pleased,thank,ze,kids,mas
ice,beautiful,great,loves,excellent,awesome,highly,wonderful,potatoes,perfect,cake,love,happy,glad,best,perfectly,handy,salad,easy,pressure,pleased,thank,ze,kids,mas
ice,beautiful,great,loves,excellent,awesome,highly,wonderful,potatoes,perfect,cake,love,happy,glad,best,perfectly,handy,salad,easy,pressure,pleased,thank,ze,kids,mas
ice,beautiful,great,loves,excellent,awesome,highly,wonderful,potatoes,perfect,cake,love,happy,glad,best,perfectly,handy,salad,easy,pressure,pleased,thank,ze,kids,mas
ice,beautiful,great,loves,excellent,awesome,highly,wonderful,potatoes,perfect,cake,love,happy,glad,best,perfectly,handy,salad,easy,pressure,pleased,thank,ze,kids,mas
ice,beautiful,great,loves,excellent,awesome,highly,wonderful,potatoes,perfect,cake,love,happy,glad,best,perfectly,handy,salad,easy,pressure,pleased,thank,ze,kids,mas
ice,beautiful,great,loves,excellent,awesome,highly,wonderful,potatoes,perfect,cake,love,happy,glad,best,perfectly,handy,salad,easy,pressure,pleased,thank,ze,kids,mas
ice,beautiful,great,loves,excellent,awesome,highly,wonderful,potatoes,perfect,cake,love,happy,glad,best,perfectly,handy,salad,easy,pressure,pleased,thank,ze,kids,mas
ice,beautiful,great,loves,excellent,awesome,highly,wonderful,potatoes,perfect,cake,love,happy,glad,best,perfectly,handy,salad,easy,pressure,pleased,thank,ze,kids,mas
ice,beautiful,great,loves,excellent,awesome,highly,wonderful,potatoes,perfect,cake,love,happy,glad,best,perfectly,handy,salad,easy,pressure,pleased,thank,ze,kids,mas
ice,beautiful,great,loves,excellent,awesome,highly,wonderful,potatoes,perfect,cake,love,happy,glad,best,perfectly,handy,salad,easy,pressure,pleased,thank,ze,kids,mas
ice,beautiful,great,loves,excellent,awesome,highly,wonderful,potatoes,perfect,cake,love,happy,glad,best,perfectly,handy,salad,easy,pressure,pleased,thank,ze,kids,mas
ice,beautiful,great,loves,excellent,awesome,highly,wonderful,potatoes,perfect,cake,love,happy,glad,best,perfectly,handy,salad,easy,pressure,pleased,thank,ze,kids,mas
ice,beautiful,great,loves,excellent,awesome,highly,wonderful,potatoes,perfect,cake,love,happy,glad,best,perfectly,handy,salad,easy,pressure,pleased,thank,ze,kids,mas
ice,beautiful,great,loves,excellent,awesome,highly,wonderful,potatoes,perfect,cake,love,happy,glad,best,perfectly,handy,salad,easy,pressure,pleased,thank,ze,kids,mas
ice,beautiful,great,loves,excellent,awesome,highly,wonderful,potatoes,perfect,cake,love,happy,glad,best,perfectly,handy,salad,easy,pressure,pleased,thank,ze,kids,mas
ice,beautiful,great,loves,excellent,awesome,highly,wonderful,potatoes,perfect,cake,love,happy,glad,best,perfectly,handy,salad,easy,pressure,pleased,thank,ze,kids,mas
ice,beautiful,great,loves,excellent,awesome,highly,wonderful,potatoes,perfect,cake,love,happy,glad,best,perfectly,handy,salad,easy,pressure,pleased,thank,ze,kids,mas
ice,beautiful,great,loves,excellent,awesome,highly,wonderful,potatoes,perfect,cake,love,happy,glad,best,perfectly,handy,salad,easy,pressure,pleased,thank,ze,kids,mas
ice,beautiful,great,loves,excellent,awesome,highly,wonderful,potatoes,perfect,cake,love,happy,glad,best,perfectly,handy,salad,easy,pressure,pleased,thank,ze,kids,mas
ice,beautiful,great,loves,excellent,awesome,highly,wonderful,potatoes,perfect,cake,love,happy,glad,best,perfectly,handy,salad,easy,pressure,pleased,thank,ze,kids,mas
ice,beautiful,great,loves,excellent,awesome,highly,wonderful,potatoes,perfect,cake,love,happy,glad,best,perfectly,handy,salad,easy,pressure,pleased,thank,ze,kids,mas
ice,beautiful,great,loves,excellent,awesome,highly,wonderful,potatoes,perfect,cake,love,happy,glad,best,perfectly,handy,salad,easy,pressure,pleased,thank,ze,kids,mas
ice,beautiful,great,loves,excellent,awesome,highly,wonderful,potatoes,perfect,cake,love,happy,glad,best,perfectly,handy,salad,easy,pressure,pleased,thank,ze,kids,mas
ice,beautiful,great,loves,excellent,awesome,highly,wonderful,potatoes,perfect,cake,love,happy,glad,best,perfectly,handy,salad,easy,pressure,pleased,thank,ze,kids,mas
ice,beautiful,great,loves,excellent,awesome,highly,wonderful,potatoes,perfect,cake,love,happy,glad,best,perfectly,handy,salad,easy,pressure,pleased,thank,ze,kids,mas
ice,beautiful,great,loves,excellent,awesome,highly,wonderful,potatoes,perfect,cake,love,happy,glad,best,perfectly,handy,salad,easy,pressure,pleased,thank,ze,kids,mas
ice,beautiful,great,loves,excellent,awesome,highly,wonderful,potatoes,perfect,cake,love,happy,glad,best,perfectly,handy,salad,easy,pressure,pleased,thank,ze,kids,mas
ice,beautiful,great,loves,excellent,awesome,highly,wonderful,potatoes,perfect,cake,love,happy,glad,best,perfectly,handy,salad,easy,pressure,pleased,thank,ze,kids,mas
ice,beautiful,great,loves,excellent,awesome,highly,wonderful,potatoes,perfect,cake,love,happy,glad,best,perfectly,handy,salad,easy,pressure,pleased,thank,ze,kids,mas
ice,beautiful,great,loves,excellent,awesome,highly,wonderful,potatoes,perfect,cake,love,happy,glad,best,perfectly,handy,salad,easy,pressure,pleased,thank,ze,kids,mas
ice,beautiful,great,loves,excellent,awesome,highly,wonderful,potatoes,perfect,cake,love,happy,glad,best,perfectly,handy,salad,easy,pressure,pleased,thank,ze,kids,mas
ice,beautiful,great,loves,excellent,awesome,highly,wonderful,potatoes,perfect,cake,love,happy,glad,best,perfectly,handy,salad,easy,pressure,pleased,thank,ze,kids,mas
ice,beautiful,great,loves,excellent,awesome,highly,wonderful,potatoes,perfect,cake,love,happy,glad,best,perfectly,handy,salad,easy,pressure,pleased,thank,ze,kids,mas
ice,beautiful,great,loves,excellent,awesome,highly,wonderful,potatoes,perfect,cake,love,happy,glad,best,perfectly,handy,salad,easy,pressure,pleased,thank,ze,kids,mas
ice,beautiful,great,loves,excellent,awesome,highly,wonderful,potatoes,perfect,cake,love,happy,glad,best,perfectly,handy,salad,easy,pressure,pleased,thank,ze,kids,mas
ice,beautiful,great,loves,excellent,awesome,highly,wonderful,potatoes,perfect,cake,love,happy,glad,best,perfectly,handy,salad,easy,pressure,pleased,thank,ze,kids,mas
ice,beautiful,great,loves,excellent,awesome,highly,wonderful,potatoes,perfect,cake,love,happy,glad,best,perfectly,handy,salad,easy,pressure,pleased,thank,ze,kids,mas
ice,beautiful,great,loves,excellent,awesome,highly,wonderful,potatoes,perfect,cake,love,happy,glad,best,perfectly,handy,salad,easy,pressure,pleased,thank,ze,kids,mas
ice,beautiful,great,loves,excellent,awesome,highly,wonderful,potatoes,perfect,cake,love,happy,glad,best,perfectly,handy,salad,easy,pressure,pleased,thank,ze,kids,mas
ice,beautiful,great,loves,excellent,awesome,highly,wonderful,potatoes,perfect,cake,love,happy,glad,best,perfectly,handy,salad,easy,pressure,pleased,thank,ze,kids,mas
ice,beautiful,great,loves,excellent,awesome,highly,wonderful,potatoes,perfect,cake,love,happy,glad,best,perfectly,handy,salad,easy,pressure,pleased,thank,ze,kids,mas
ice,beautiful,great,loves,excellent,awesome,highly,wonderful,potatoes,perfect,cake,love,happy,glad,best,perfectly,handy,salad,easy,pressure,pleased,thank,ze,kids,mas
ice,beautiful,great,loves,excellent,awesome,highly,wonderful,potatoes,perfect,cake,love,happy,glad,best,perfectly,handy,salad,easy,pressure,pleased,thank,ze,kids,mas
ice,beautiful,great,loves,excellent,awesome,highly,wonderful,potatoes,perfect,cake,love,happy,glad,best,perfectly,handy,salad,easy,pressure,pleased,thank,ze,kids,mas
ice,beautiful,great,loves,excellent,awesome,highly,wonderful,potatoes,perfect,cake,love,happy,glad,best,perfectly,handy,salad,easy,pressure,pleased,thank,ze,kids,mas
ice,beautiful,great,loves,excellent,awesome,highly,wonderful,potatoes,perfect,cake,love,happy,glad,best,perfectly,handy,salad,easy,pressure,pleased,thank,ze,kids,mas
ice,beautiful,great,loves,excellent,awesome,highly,wonderful,potatoes,perfect,cake,love,happy,glad,best,perfectly,handy,salad,easy,pressure,pleased,thank,ze,kids,mas
ice,beautiful,great,loves,excellent,awesome,highly,wonderful,potatoes,perfect,cake,love,happy,glad,best,perfectly,handy,salad,easy,pressure,pleased,thank,ze,kids,mas
ice,beautiful,great,loves,excellent,awesome,highly,wonderful,potatoes,perfect,cake,love,happy,glad,best,perfectly,handy,salad,easy,pressure,pleased,thank,ze,kids,mas
ice,beautiful,great,loves,excellent,awesome,highly,wonderful,potatoes,perfect,cake,love,happy,glad,best,perfectly,handy,salad,easy,pressure,pleased,thank,ze,kids,mas
ice,beautiful,great,loves,excellent,awesome,highly,wonderful,potatoes,perfect,cake,love,happy,glad,best,perfectly,handy,salad,easy,pressure,pleased,thank,ze,kids,mas
ice,beautiful,great,loves,excellent,awesome,highly,wonderful,potatoes,perfect,cake,love,happy,glad,best,perfectly,handy,salad,easy,pressure,pleased,thank,ze,kids,mas
ice,beautiful,great,loves,excellent,awesome,highly,wonderful,potatoes,perfect,cake,love,happy,glad,best,perfectly,handy,salad,easy,pressure,pleased,thank,ze,kids,mas
ice,beautiful,great,loves,excellent,awesome,highly,wonderful,potatoes,perfect,cake,love,happy,glad,best,perfectly,handy,salad,easy,pressure,pleased,thank,ze,kids,mas
ice,beautiful,great,loves,excellent,awesome,highly,wonderful,potatoes,perfect,cake,love,happy,glad,best,perfectly,handy,salad,easy,pressure,pleased,thank,ze,kids,mas
ice,beautiful,great,loves,excellent,awesome,highly,wonderful,potatoes,perfect,cake,love,happy,glad,best,perfectly,handy,salad,easy,pressure,pleased,thank,ze,kids,mas
ice,beautiful,great,loves,excellent,awesome,highly,wonderful,potatoes,perfect,cake,love,happy,glad,best,perfectly,handy,salad,easy,pressure,pleased,thank,ze,kids,mas
ice,beautiful,great,loves,excellent,awesome,highly,wonderful,potatoes,perfect,cake,love,happy,glad,best,perfectly,handy,salad,easy,pressure,pleased,thank,ze,kids,mas
ice,beautiful,great,loves,excellent,awesome,highly,wonderful,potatoes,perfect,cake,love,happy,glad,best,perfectly,handy,salad,easy,pressure,pleased,thank,ze,kids,mas
ice,beautiful,great,loves,excellent,awesome,highly,wonderful,potatoes,perfect,cake,love,happy,glad,best,perfectly,handy,salad,easy,pressure,pleased,thank,ze,kids,mas
ice,beautiful,great,loves,excellent,awesome,highly,wonderful,potatoes,perfect,cake,love,happy,glad,best,perfectly,handy,salad,easy,pressure,pleased,thank,ze,kids,mas
ice,beautiful,great,loves,excellent,awesome,highly,wonderful,potatoes,perfect,cake,love,happy,glad,best,perfectly,handy,salad,easy,pressure,pleased,thank,ze,kids,mas
ice,beautiful,great,loves,excellent,awesome,highly,wonderful,potatoes,perfect,cake,love,happy,glad,best,perfectly,handy,salad,easy,pressure,pleased,thank,ze,kids,mas
ice,beautiful,great,loves,excellent,awesome,highly,wonderful,potatoes,perfect,cake,love,happy,glad,best,perfectly,handy,salad,easy,pressure,pleased,thank,ze,kids,mas
ice,beautiful,great,loves,excellent,awesome,highly,wonderful,potatoes,perfect,cake,love,happy,glad,best,perfectly,handy,salad,easy,pressure,pleased,thank,ze,kids,mas
ice,beautiful,great,loves,excellent,awesome,highly,wonderful,potatoes,perfect,cake,love,happy,glad,best,perfectly,handy,salad,easy,pressure,pleased,thank,ze,kids,mas
ice,beautiful,great,loves,excellent,awesome,highly,wonderful,potatoes,perfect,cake,love,happy,glad,best,perfectly,handy,salad,easy,pressure,pleased,thank,ze,kids,mas
ice,beautiful,great,loves,excellent,awesome,highly,wonderful,potatoes,perfect,cake,love,happy,glad,best,perfectly,handy,salad,easy,pressure,pleased,thank,ze,kids,mas
ice,beautiful,great,loves,excellent,awesome,highly,wonderful,potatoes,perfect,cake,love,happy,glad,best,perfectly,handy,salad,easy,pressure,pleased,thank,ze,kids,mas
ice,beautiful,great,loves,excellent,awesome,highly,wonderful,potatoes,perfect,cake,love,happy,glad,best,perfectly,handy,salad,easy,pressure,pleased,thank,ze,kids,mas
ice,beautiful,great,loves,excellent,awesome,highly,wonderful,potatoes,perfect,cake,love,happy,glad,best,perfectly,handy,salad,easy,pressure,pleased,thank,ze,kids,mas
ice,beautiful,great,loves,excellent,awesome,highly,wonderful,potatoes,perfect,cake,love,happy,glad,best,perfectly,handy,salad,easy,pressure,pleased,thank,ze,kids,mas
ice,beautiful,great,loves,excellent,awesome,highly,wonderful,potatoes,perfect,cake,love,happy,glad,best,perfectly,handy,salad,easy,pressure,pleased,thank,ze,kids,mas
ice,beautiful,great,loves,excellent,awesome,highly,wonderful,potatoes,perfect,cake,love,happy,glad,best,perfectly,handy,salad,easy,pressure,pleased,thank,ze,kids,mas
ice,beautiful,great,loves,excellent,awesome,highly,wonderful,potatoes,perfect,cake,love,happy,glad,best,perfectly,handy,salad,easy,pressure,pleased,thank,ze,kids,mas
ice,beautiful,great,loves,excellent,awesome,highly,wonderful,potatoes,perfect,cake,love,happy,glad,best,perfectly,handy,salad,easy,pressure,pleased,thank,ze,kids,mas
ice,beautiful,great,loves,excellent,awesome,highly,wonderful,potatoes,perfect,cake,love,happy,glad,best,perfectly,handy,salad,easy,pressure,pleased,thank,ze,kids,mas
ice,beautiful,great,loves,excellent,awesome,highly,wonderful,potatoes,perfect,cake,love,happy,glad,best,perfectly,handy,salad,easy,pressure,pleased,thank,ze,kids,mas
ice,beautiful,great,loves,excellent,awesome,highly,wonderful,potatoes,perfect,cake,love,happy,glad,best,perfectly,handy,salad,easy,pressure,pleased,thank,ze,kids,mas
ice,beautiful,great,loves,excellent,awesome,highly,wonderful,potatoes,perfect,cake,love,happy,glad,best,perfectly,handy,salad,easy,pressure,pleased,thank,ze,kids,mas
ice,beautiful,great,loves,excellent,awesome,highly,wonderful,potatoes,perfect,cake,love,happy,glad,best,perfectly,handy,salad,easy,pressure,pleased,thank,ze,kids,mas
ice,beautiful,great,loves,excellent,awesome,highly,wonderful,potatoes,perfect,cake,love,happy,glad,best,perfectly,handy,salad,easy,pressure,pleased,thank,ze,kids,mas
ice,beautiful,great,loves,excellent,awesome,highly,wonderful,potatoes,perfect,cake,love,happy,glad,best,perfectly,handy,salad,easy,pressure,pleased,thank,ze,kids,mas
ice,beautiful,great,loves,excellent,awesome,highly,wonderful,potatoes,perfect,cake,love,happy,glad,best,perfectly,handy,salad,easy,pressure,pleased,thank,ze,kids,mas
ice,beautiful,great,loves,excellent,awesome,highly,wonderful,potatoes,perfect,cake,love,happy,glad,best,perfectly,handy,salad,easy,pressure,pleased,thank,ze,kids,mas
ice,beautiful,great,loves,excellent,awesome,highly,wonderful,potatoes,perfect,cake,love,happy,glad,best,perfectly,handy,salad,easy,pressure,pleased,thank,ze,kids,mas
ice,beautiful,great,loves,excellent,awesome,highly,wonderful,potatoes,perfect,cake,love,happy,glad,best,perfectly,handy,salad,easy,pressure,pleased,thank,ze,kids,mas
ice,beautiful,great,loves,excellent,awesome,highly,wonderful,potatoes,perfect,cake,love,happy,glad,best,perfectly,handy,salad,easy,pressure,pleased,thank,ze,kids,mas
ice,beautiful,great,loves,excellent,awesome,highly,wonderful,potatoes,perfect,cake,love,happy,glad,best,perfectly,handy,salad,easy,pressure,pleased,thank,ze,kids,mas
ice,beautiful,great,loves,excellent,awesome,highly,wonderful,potatoes,perfect,cake,love,happy,glad,best,perfectly,handy,salad,easy,pressure,pleased,thank,ze,kids,mas
ice,beautiful,great,loves,excellent,awesome,highly,wonderful,potatoes,perfect,cake,love,happy,glad,best,perfectly,handy,salad,easy,pressure,pleased,thank,ze,kids,mas
ice,beautiful,great,loves,excellent,awesome,highly,wonderful,potatoes,perfect,cake,love,happy,glad,best,perfectly,handy,salad,easy,pressure,pleased,thank,ze,kids,mas
ice,beautiful,great,loves,excellent,awesome,highly,wonderful,potatoes,perfect,cake,love,happy,glad,best,perfectly,handy,salad,easy,pressure,pleased,thank,ze,kids,mas
ice,beautiful,great,loves,excellent,awesome,highly,wonderful,potatoes,perfect,cake,love,happy,glad,best,perfectly,handy,salad,easy,pressure,pleased,thank,ze,kids,mas
ice,beautiful,great,loves,excellent,awesome,highly,wonderful,potatoes,perfect,cake,love,happy,glad,best,perfectly,handy,salad,easy,pressure,pleased,thank,ze,kids,mas
ice,beautiful,great,loves,excellent,awesome,highly,wonderful,potatoes,perfect,cake,love,happy,glad,best,perfectly,handy,salad,easy,pressure,pleased,thank,ze,kids,mas
ice,beautiful,great,loves,excellent,awesome,highly,wonderful,potatoes,perfect,cake,love,happy,glad,best,perfectly,handy,salad,easy,pressure,pleased,thank,ze,kids,mas
ice,beautiful,great,loves,excellent,awesome,highly,wonderful,potatoes,perfect,cake,love,happy,glad,best,perfectly,handy,salad,easy,pressure,pleased,thank,ze,kids,mas
ice,beautiful,great,loves,excellent,awesome,highly,wonderful,potatoes,perfect,cake,love,happy,glad,best,perfectly,handy,salad,easy,pressure,pleased,thank,ze,kids,mas
ice,beautiful,great,loves,excellent,awesome,highly,wonderful,potatoes,perfect,cake,love,happy,glad,best,perfectly,handy,salad,easy,pressure,pleased,thank,ze,kids,mas
ice,beautiful,great,loves,excellent,awesome,highly,wonderful,potatoes,perfect,cake,love,happy,glad,best,perfectly,handy,salad,easy,pressure,pleased,thank,ze,kids,mas
ice,beautiful,great,loves,excellent,awesome,highly,wonderful,potatoes,perfect,cake,love,happy,glad,best,perfectly,handy,salad,easy,pressure,pleased,thank,ze,kids,mas
ice,beautiful,great,loves,excellent,awesome,highly,wonderful,potatoes,perfect,cake,love,happy,glad,best,perfectly,handy,salad,easy,pressure,pleased,thank,ze,kids,mas
ice,beautiful,great,loves,excellent,awesome,highly,wonderful,potatoes,perfect,cake,love,happy,glad,best,perfectly,handy,salad,easy,pressure,pleased,thank,ze,kids,mas
ice,beautiful,great,loves,excellent,awesome,highly,wonderful,potatoes,perfect,cake,love,happy,glad,best,perfectly,handy,salad,easy,pressure,pleased,thank,ze,kids,mas
ice,beautiful,great,loves,excellent,awesome,highly,wonderful,potatoes,perfect,cake,love,happy,glad,best,perfectly,handy,salad,easy,pressure,pleased,thank,ze,kids,mas
ice,beautiful,great,loves,excellent,awesome,highly,wonderful,potatoes,perfect,cake,love,happy,glad,best,perfectly,handy,salad,easy,pressure,pleased,thank,ze,kids,mas
ice,beautiful,great,loves,excellent,awesome,highly,wonderful,potatoes,perfect,cake,love,happy,glad,best,perfectly,handy,salad,easy,pressure,pleased,thank,ze,kids,mas
ice,beautiful,great,loves,excellent,awesome,highly,wonderful,potatoes,perfect,cake,love,happy,glad,best,perfectly,handy,salad,easy,pressure,pleased,thank,ze,kids,mas
ice,beautiful,great,loves,excellent,awesome,highly,wonderful,potatoes,perfect,cake,love,happy,glad,best,perfectly,handy,salad,easy,pressure,pleased,thank,ze,kids,mas
ice,beautiful,great,loves,excellent,awesome,highly,wonderful,potatoes,perfect,cake,love,happy,glad,best,perfectly,handy,salad,easy,pressure,pleased,thank,ze,kids,mas
ice,beautiful,great,loves,excellent,awesome,highly,wonderful,potatoes,perfect,cake,love,happy,glad,best,perfectly,handy,salad,easy,pressure,pleased,thank,ze,kids,mas
ice,beautiful,great,loves,excellent,awesome,highly,wonderful,potatoes,perfect,cake,love,happy,glad,best,perfectly,handy,salad,easy,pressure,pleased,thank,ze,kids,mas
ice,beautiful,great,loves,excellent,awesome,highly,wonderful,potatoes,perfect,cake,love,happy,glad,best,perfectly,handy,salad,easy,pressure,pleased,thank,ze,amazing,kids
ice,beautiful,great,loves,excellent,awesome,highly,wonderful,potatoes,perfect,cake,love,happy,glad,best,perfectly,handy,salad,easy,pressure,pleased,thank,ze,amazing,kids
ice,beautiful,great,loves,excellent,awesome,highly,wonderful,potatoes,perfect,cake,love,happy,glad,best,perfectly,handy,salad,easy,pressure,pleased,thank,ze,amazing,kids
ice,beautiful,great,loves,excellent,awesome,highly,wonderful,potatoes,perfect,cake,love,happy,glad,best,perfectly,handy,salad,easy,pressure,pleased,thank,ze,amazing,kids
ice,beautiful,great,loves,excellent,awesome,highly,wonderful,potatoes,perfect,cake,love,happy,glad,best,perfectly,handy,salad,easy,pressure,pleased,thank,ze,amazing,kids
ice,beautiful,great,loves,excellent,awesome,highly,wonderful,potatoes,perfect,cake,love,happy,glad,best,perfectly,handy,salad,easy,pressure,pleased,thank,ze,amazing,kids
ice,beautiful,great,loves,excellent,awesome,highly,wonderful,potatoes,perfect,cake,love,happy,glad,best,perfectly,handy,salad,easy,pressure,pleased,thank,ze,amazing,kids
ice,beautiful,great,loves,excellent,awesome,highly,wonderful,potatoes,perfect,cake,love,happy,glad,best,perfectly,handy,salad,easy,pressure,pleased,thank,ze,amazing,kids
ice,beautiful,great,loves,excellent,awesome,highly,wonderful,potatoes,perfect,cake,love,happy,glad,best,perfectly,handy,salad,easy,pressure,pleased,thank,ze,amazing,kids
ice,beautiful,great,loves,excellent,awesome,highly,wonderful,potatoes,perfect,cake,love,happy,glad,best,perfectly,handy,salad,easy,pressure,pleased,thank,ze,amazing,kids
ice,beautiful,great,loves,excellent,awesome,highly,wonderful,potatoes,perfect,cake,love,happy,glad,best,perfectly,handy,salad,easy,pressure,pleased,thank,ze,amazing,kids
ice,beautiful,great,loves,excellent,awesome,highly,wonderful,potatoes,perfect,cake,love,happy,glad,best,perfectly,handy,salad,easy,pressure,pleased,thank,ze,amazing,kids
ice,beautiful,great,loves,excellent,awesome,highly,wonderful,potatoes,perfect,cake,love,happy,glad,best,perfectly,handy,salad,easy,pressure,pleased,thank,ze,amazing,kids
ice,beautiful,great,loves,excellent,awesome,highly,wonderful,potatoes,perfect,cake,love,happy,glad,best,perfectly,handy,salad,easy,pressure,pleased,thank,ze,amazing,kids
ice,beautiful,great,loves,excellent,awesome,highly,wonderful,potatoes,perfect,cake,love,happy,glad,best,perfectly,handy,salad,easy,pressure,pleased,thank,ze,amazing,kids
ice,beautiful,great,loves,excellent,awesome,highly,wonderful,potatoes,perfect,cake,love,happy,glad,best,perfectly,handy,salad,easy,pressure,pleased,thank,ze,amazing,kids
ice,beautiful,great,loves,excellent,awesome,highly,wonderful,potatoes,perfect,cake,love,happy,glad,best,perfectly,handy,salad,easy,pressure,pleased,thank,ze,amazing,kids
ice,beautiful,great,loves,excellent,awesome,highly,wonderful,potatoes,perfect,cake,love,happy,glad,best,perfectly,handy,salad,easy,pressure,pleased,thank,ze,amazing,kids
ice,beautiful,great,loves,excellent,awesome,highly,wonderful,potatoes,perfect,cake,love,happy,glad,best,perfectly,handy,salad,easy,pressure,pleased,thank,ze,amazing,kids
ice,beautiful,great,loves,excellent,awesome,highly,wonderful,potatoes,perfect,cake,love,happy,glad,best,perfectly,handy,salad,easy,pressure,pleased,thank,ze,amazing,kids
ice,beautiful,great,loves,excellent,awesome,highly,wonderful,potatoes,perfect,cake,love,happy,glad,best,perfectly,handy,salad,easy,pressure,pleased,thank,ze,amazing,kids
ice,beautiful,great,loves,excellent,awesome,highly,wonderful,potatoes,perfect,cake,love,happy,glad,best,perfectly,handy,salad,easy,pressure,pleased,thank,ze,amazing,kids
ice,beautiful,great,loves,excellent,awesome,highly,wonderful,potatoes,perfect,cake,love,happy,glad,best,perfectly,handy,salad,easy,pressure,pleased,thank,ze,amazing,kids
ice,beautiful,great,loves,excellent,awesome,highly,wonderful,potatoes,perfect,cake,love,happy,glad,best,perfectly,handy,salad,easy,pressure,pleased,thank,ze,amazing,kids
ice,beautiful,great,loves,excellent,awesome,highly,wonderful,potatoes,perfect,cake,love,happy,glad,best,perfectly,handy,salad,easy,pressure,pleased,thank,ze,amazing,kids
ice,beautiful,great,loves,excellent,awesome,highly,wonderful,potatoes,perfect,cake,love,happy,glad,best,perfectly,handy,salad,easy,pressure,pleased,thank,ze,amazing,kids
ice,beautiful,great,loves,excellent,awesome,highly,wonderful,potatoes,perfect,cake,love,happy,glad,best,perfectly,handy,salad,easy,pressure,pleased,thank,ze,amazing,kids
ice,beautiful,great,loves,excellent,awesome,highly,wonderful,potatoes,perfect,cake,love,happy,glad,best,perfectly,handy,salad,easy,pressure,pleased,thank,ze,amazing,kids
ice,beautiful,great,loves,excellent,awesome,highly,wonderful,potatoes,perfect,cake,love,happy,glad,best,perfectly,handy,salad,easy,pressure,pleased,thank,ze,amazing,kids
ice,beautiful,great,loves,excellent,awesome,highly,wonderful,potatoes,perfect,cake,love,happy,glad,best,perfectly,handy,salad,easy,pressure,pleased,thank,ze,amazing,kids
ice,beautiful,great,loves,excellent,awesome,highly,wonderful,potatoes,perfect,cake,love,happy,glad,best,perfectly,handy,salad,easy,pressure,pleased,thank,ze,amazing,kids
ice,beautiful,great,loves,excellent,awesome,highly,wonderful,potatoes,perfect,cake,love,happy,glad,best,perfectly,handy,salad,easy,pressure,pleased,thank,ze,amazing,kids
ice,beautiful,great,loves,excellent,awesome,highly,wonderful,potatoes,perfect,cake,love,happy,glad,best,perfectly,handy,salad,easy,pressure,pleased,thank,ze,amazing,kids
ice,beautiful,great,loves,excellent,awesome,highly,wonderful,potatoes,perfect,cake,love,happy,glad,best,perfectly,handy,salad,easy,pressure,pleased,thank,ze,amazing,kids
ice,beautiful,great,loves,excellent,awesome,highly,wonderful,potatoes,perfect,cake,love,happy,glad,best,perfectly,handy,salad,easy,pressure,pleased,thank,ze,amazing,kids
ice,beautiful,great,loves,excellent,awesome,highly,wonderful,potatoes,perfect,cake,love,happy,glad,best,perfectly,handy,salad,easy,pressure,pleased,thank,ze,amazing,kids
ice,beautiful,great,loves,excellent,awesome,highly,wonderful,potatoes,perfect,cake,love,happy,glad,best,perfectly,handy,salad,easy,pressure,pleased,thank,ze,amazing,kids
ice,beautiful,great,loves,excellent,awesome,highly,wonderful,potatoes,perfect,cake,love,happy,glad,best,perfectly,handy,salad,easy,pressure,pleased,thank,ze,amazing,kids
ice,beautiful,great,loves,excellent,awesome,highly,wonderful,potatoes,perfect,cake,love,happy,glad,best,perfectly,handy,salad,easy,pressure,pleased,thank,ze,amazing,kids
ice,beautiful,great,loves,excellent,awesome,highly,wonderful,potatoes,perfect,cake,love,happy,glad,best,perfectly,handy,salad,easy,pressure,pleased,thank,ze,amazing,kids
ice,beautiful,great,loves,excellent,awesome,highly,wonderful,potatoes,perfect,cake,love,happy,glad,best,perfectly,handy,salad,easy,pressure,pleased,thank,ze,amazing,kids
ice,beautiful,great,loves,excellent,awesome,highly,wonderful,potatoes,perfect,cake,love,happy,glad,best,perfectly,handy,salad,easy,pressure,pleased,thank,ze,amazing,kids
ice,beautiful,great,loves,excellent,awesome,highly,wonderful,potatoes,perfect,cake,love,happy,glad,best,perfectly,handy,salad,easy,pressure,pleased,thank,ze,amazing,kids
ice,beautiful,great,loves,excellent,awesome,highly,wonderful,potatoes,perfect,cake,love,happy,glad,best,perfectly,handy,salad,easy,pressure,pleased,thank,ze,amazing,kids
ice,beautiful,great,loves,excellent,awesome,highly,wonderful,potatoes,perfect,cake,love,happy,glad,best,perfectly,handy,salad,easy,pressure,pleased,thank,ze,amazing,kids
ice,beautiful,great,loves,excellent,awesome,highly,wonderful,potatoes,perfect,cake,love,happy,glad,best,perfectly,handy,salad,easy,pressure,pleased,thank,ze,amazing,kids
ice,beautiful,great,loves,excellent,awesome,highly,wonderful,potatoes,perfect,cake,love,happy,glad,best,perfectly,handy,salad,easy,pressure,pleased,thank,ze,amazing,kids
ice,beautiful,great,loves,excellent,awesome,highly,wonderful,potatoes,perfect,cake,love,happy,glad,best,perfectly,handy,salad,easy,pressure,pleased,thank,ze,amazing,kids
ice,beautiful,great,loves,excellent,awesome,highly,wonderful,potatoes,perfect,cake,love,happy,glad,best,perfectly,handy,salad,easy,pressure,pleased,thank,ze,amazing,kids
ice,beautiful,great,loves,excellent,awesome,highly,wonderful,potatoes,perfect,cake,love,happy,glad,best,perfectly,handy,salad,easy,pressure,pleased,thank,ze,amazing,kids
ice,beautiful,great,loves,excellent,awesome,highly,wonderful,potatoes,perfect,cake,love,happy,glad,best,perfectly,handy,salad,easy,pressure,pleased,thank,ze,amazing,kids
ice,beautiful,great,loves,excellent,awesome,highly,wonderful,potatoes,perfect,cake,love,happy,glad,best,perfectly,handy,salad,easy,pressure,pleased,thank,ze,amazing,kids
ice,beautiful,great,loves,excellent,awesome,highly,wonderful,potatoes,perfect,cake,love,happy,glad,best,perfectly,handy,salad,easy,pressure,pleased,thank,ze,amazing,kids
ice,beautiful,great,loves,excellent,awesome,highly,wonderful,potatoes,perfect,cake,love,happy,glad,best,perfectly,handy,salad,easy,pressure,pleased,thank,ze,amazing,kids
ice,beautiful,great,loves,excellent,awesome,highly,wonderful,potatoes,perfect,cake,love,happy,glad,best,perfectly,handy,salad,easy,pressure,pleased,thank,ze,amazing,kids
ice,beautiful,great,loves,excellent,awesome,highly,wonderful,potatoes,perfect,cake,love,happy,glad,best,perfectly,handy,salad,easy,pressure,pleased,thank,ze,amazing,kids
ice,beautiful,great,loves,excellent,awesome,highly,wonderful,potatoes,perfect,cake,love,happy,glad,best,perfectly,handy,salad,easy,pressure,pleased,thank,ze,amazing,kids
ice,beautiful,great,loves,excellent,awesome,highly,wonderful,potatoes,perfect,cake,love,happy,glad,best,perfectly,handy,salad,easy,pressure,pleased,thank,ze,amazing,kids
ice,beautiful,great,loves,excellent,awesome,highly,wonderful,potatoes,perfect,cake,love,happy,glad,best,perfectly,handy,salad,easy,pressure,pleased,thank,ze,amazing,kids
ice,beautiful,great,loves,excellent,awesome,highly,wonderful,potatoes,perfect,cake,love,happy,glad,best,perfectly,handy,salad,easy,pressure,pleased,thank,ze,amazing,kids
ice,beautiful,great,loves,excellent,awesome,highly,wonderful,potatoes,perfect,cake,love,happy,glad,best,perfectly,handy,salad,easy,pressure,pleased,thank,ze,amazing,kids
ice,beautiful,great,loves,excellent,awesome,highly,wonderful,potatoes,perfect,cake,love,happy,glad,best,perfectly,handy,salad,easy,pressure,pleased,thank,ze,amazing,kids
ice,beautiful,great,loves,excellent,awesome,highly,wonderful,potatoes,perfect,cake,love,happy,glad,best,perfectly,handy,salad,easy,pressure,pleased,thank,ze,amazing,kids
ice,beautiful,great,loves,excellent,awesome,highly,wonderful,potatoes,perfect,cake,love,happy,glad,best,perfectly,handy,salad,easy,pressure,pleased,thank,ze,amazing,kids
ice,beautiful,great,loves,excellent,awesome,highly,wonderful,potatoes,perfect,cake,love,happy,glad,best,perfectly,handy,salad,easy,pressure,pleased,thank,ze,amazing,kids
ice,beautiful,great,loves,excellent,awesome,highly,wonderful,potatoes,perfect,cake,love,happy,glad,best,perfectly,handy,salad,easy,pressure,pleased,thank,ze,amazing,kids
ice,beautiful,great,loves,excellent,awesome,highly,wonderful,potatoes,perfect,cake,love,happy,glad,best,perfectly,handy,salad,easy,pressure,pleased,thank,ze,amazing,kids
ice,beautiful,great,loves,excellent,awesome,highly,wonderful,potatoes,perfect,cake,love,happy,glad,best,perfectly,handy,salad,easy,pressure,pleased,thank,ze,amazing,kids
ice,beautiful,great,loves,excellent,awesome,highly,wonderful,potatoes,perfect,cake,love,happy,glad,best,perfectly,handy,salad,easy,pressure,pleased,thank,ze,amazing,kids
ice,beautiful,great,loves,excellent,awesome,highly,wonderful,potatoes,perfect,cake,love,happy,glad,best,perfectly,handy,salad,easy,pressure,pleased,thank,ze,amazing,kids
ice,beautiful,great,loves,excellent,awesome,highly,wonderful,potatoes,perfect,cake,love,happy,glad,best,perfectly,handy,salad,easy,pressure,pleased,thank,ze,amazing,kids
ice,beautiful,great,loves,excellent,awesome,highly,wonderful,potatoes,perfect,cake,love,happy,glad,best,perfectly,handy,salad,easy,pressure,pleased,thank,ze,amazing,kids
ice,beautiful,great,loves,excellent,awesome,highly,wonderful,potatoes,perfect,cake,love,happy,glad,best,perfectly,handy,salad,easy,pressure,pleased,thank,ze,amazing,kids
ice,beautiful,great,loves,excellent,awesome,highly,wonderful,potatoes,perfect,cake,love,happy,glad,best,perfectly,handy,salad,easy,pressure,pleased,thank,ze,amazing,kids
ice,beautiful,great,loves,excellent,awesome,highly,wonderful,potatoes,perfect,cake,love,happy,glad,best,perfectly,handy,salad,easy,pressure,pleased,thank,ze,amazing,kids
ice,beautiful,great,loves,excellent,awesome,highly,wonderful,potatoes,perfect,cake,love,happy,glad,best,perfectly,handy,salad,easy,pressure,pleased,thank,ze,amazing,kids
ice,beautiful,great,loves,excellent,awesome,highly,wonderful,potatoes,perfect,cake,love,happy,glad,best,perfectly,handy,salad,easy,pressure,pleased,thank,ze,amazing,kids
ice,beautiful,great,loves,excellent,awesome,highly,wonderful,potatoes,perfect,cake,love,happy,glad,best,perfectly,handy,salad,easy,pressure,pleased,thank,ze,amazing,kids
ice,beautiful,great,loves,excellent,awesome,highly,wonderful,potatoes,perfect,cake,love,happy,glad,best,perfectly,handy,salad,easy,pressure,pleased,thank,ze,amazing,kids
ice,beautiful,great,loves,excellent,awesome,highly,wonderful,potatoes,perfect,cake,love,happy,glad,best,perfectly,handy,salad,easy,pressure,pleased,thank,ze,amazing,kids
ice,beautiful,great,loves,excellent,awesome,highly,wonderful,potatoes,perfect,cake,love,happy,glad,best,perfectly,handy,salad,easy,pressure,pleased,thank,ze,amazing,kids
ice,beautiful,great,loves,excellent,awesome,highly,wonderful,potatoes,perfect,cake,love,happy,glad,best,perfectly,handy,salad,easy,pressure,pleased,thank,ze,amazing,kids
ice,beautiful,great,loves,excellent,awesome,highly,wonderful,potatoes,perfect,cake,love,happy,glad,best,perfectly,handy,salad,easy,pressure,pleased,thank,ze,amazing,kids
ice,beautiful,great,loves,excellent,awesome,highly,wonderful,potatoes,perfect,cake,love,happy,glad,best,perfectly,handy,salad,easy,pressure,pleased,thank,ze,amazing,kids
ice,beautiful,great,loves,excellent,awesome,highly,wonderful,potatoes,perfect,cake,love,happy,glad,best,perfectly,handy,salad,easy,pressure,pleased,thank,ze,amazing,kids
ice,beautiful,great,loves,excellent,awesome,highly,wonderful,potatoes,perfect,cake,love,happy,glad,best,perfectly,handy,salad,easy,pressure,pleased,thank,ze,amazing,kids
ice,beautiful,great,loves,excellent,awesome,highly,wonderful,potatoes,perfect,cake,love,happy,glad,best,perfectly,handy,salad,easy,pressure,pleased,thank,ze,amazing,kids
ice,beautiful,great,loves,excellent,awesome,highly,wonderful,potatoes,perfect,cake,love,happy,glad,best,perfectly,handy,salad,easy,pressure,pleased,thank,ze,amazing,kids
ice,beautiful,great,loves,excellent,awesome,highly,wonderful,potatoes,perfect,cake,love,happy,glad,best,perfectly,handy,salad,easy,pressure,pleased,thank,ze,amazing,kids
ice,beautiful,great,loves,excellent,awesome,highly,wonderful,potatoes,perfect,cake,love,happy,glad,best,perfectly,handy,salad,easy,pressure,pleased,thank,ze,amazing,kids
ice,beautiful,great,loves,excellent,awesome,highly,wonderful,potatoes,perfect,cake,love,happy,glad,best,perfectly,handy,salad,easy,pressure,pleased,thank,ze,amazing,kids
ice,beautiful,great,loves,excellent,awesome,highly,wonderful,potatoes,perfect,cake,love,happy,glad,best,perfectly,handy,salad,easy,pressure,pleased,thank,ze,amazing,kids
ice,beautiful,great,loves,excellent,awesome,highly,wonderful,potatoes,perfect,cake,love,happy,glad,best,perfectly,handy,salad,easy,pressure,pleased,thank,ze,amazing,kids
ice,beautiful,great,loves,excellent,awesome,highly,wonderful,potatoes,perfect,cake,love,happy,glad,best,perfectly,handy,salad,easy,pressure,pleased,thank,ze,amazing,kids
ice,beautiful,great,loves,excellent,awesome,highly,wonderful,potatoes,perfect,cake,love,happy,glad,best,perfectly,handy,salad,easy,pressure,pleased,thank,ze,amazing,kids
ice,beautiful,great,loves,excellent,awesome,highly,wonderful,potatoes,perfect,cake,love,happy,glad,best,perfectly,handy,salad,easy,pressure,pleased,thank,ze,amazing,kids
ice,beautiful,great,loves,excellent,awesome,highly,wonderful,potatoes,perfect,cake,love,happy,glad,best,perfectly,handy,salad,easy,pressure,pleased,thank,ze,amazing,kids
ice,beautiful,great,loves,excellent,awesome,highly,wonderful,potatoes,perfect,cake,love,happy,glad,best,perfectly,handy,salad,easy,pressure,pleased,thank,ze,amazing,kids
ice,beautiful,great,loves,excellent,awesome,highly,wonderful,potatoes,perfect,cake,love,happy,glad,best,perfectly,handy,salad,easy,pressure,pleased,thank,ze,amazing,kids
ice,beautiful,great,loves,excellent,awesome,highly,wonderful,potatoes,perfect,cake,love,happy,glad,best,perfectly,handy,salad,easy,pressure,pleased,thank,ze,amazing,kids
ice,beautiful,great,loves,excellent,awesome,highly,wonderful,potatoes,perfect,cake,love,happy,glad,best,perfectly,handy,salad,easy,pressure,pleased,thank,ze,amazing,kids
ice,beautiful,great,loves,excellent,awesome,highly,wonderful,potatoes,perfect,cake,love,happy,glad,best,perfectly,handy,salad,easy,pressure,pleased,thank,ze,amazing,kids
ice,beautiful,great,loves,excellent,awesome,highly,wonderful,potatoes,perfect,cake,love,happy,glad,best,perfectly,handy,salad,easy,pressure,pleased,thank,ze,amazing,kids
ice,beautiful,great,loves,excellent,awesome,highly,wonderful,potatoes,perfect,cake,love,happy,glad,best,perfectly,handy,salad,easy,pressure,pleased,thank,ze,amazing,kids
ice,beautiful,great,loves,excellent,awesome,highly,wonderful,potatoes,perfect,cake,love,happy,glad,best,perfectly,handy,salad,easy,pressure,pleased,thank,ze,amazing,kids
ice,beautiful,great,loves,excellent,awesome,highly,wonderful,potatoes,perfect,cake,love,happy,glad,best,perfectly,handy,salad,easy,pressure,pleased,thank,ze,amazing,kids
ice,beautiful,great,loves,excellent,awesome,highly,wonderful,potatoes,perfect,cake,love,happy,glad,best,perfectly,handy,salad,easy,pressure,pleased,thank,ze,amazing,kids
ice,beautiful,great,loves,excellent,awesome,highly,wonderful,potatoes,perfect,cake,love,happy,glad,best,perfectly,handy,salad,easy,pressure,pleased,thank,ze,amazing,kids
ice,beautiful,great,loves,excellent,awesome,highly,wonderful,potatoes,perfect,cake,love,happy,glad,best,perfectly,handy,salad,easy,pressure,pleased,thank,ze,amazing,kids
ice,beautiful,great,loves,excellent,awesome,highly,wonderful,potatoes,perfect,cake,love,happy,glad,best,perfectly,handy,salad,easy,pressure,pleased,thank,ze,amazing,kids
ice,beautiful,great,loves,excellent,awesome,highly,wonderful,potatoes,perfect,cake,love,happy,glad,best,perfectly,handy,salad,easy,pressure,pleased,thank,ze,amazing,kids
ice,beautiful,great,loves,excellent,awesome,highly,wonderful,potatoes,perfect,cake,love,happy,glad,best,perfectly,handy,salad,easy,pressure,pleased,thank,ze,amazing,kids
ice,beautiful,great,loves,excellent,awesome,highly,wonderful,potatoes,perfect,cake,love,happy,glad,best,perfectly,handy,salad,easy,pressure,pleased,thank,ze,amazing,kids
ice,beautiful,great,loves,excellent,awesome,highly,wonderful,potatoes,perfect,cake,love,happy,glad,best,perfectly,handy,salad,easy,pressure,pleased,thank,ze,amazing,kids
ice,beautiful,great,loves,excellent,awesome,highly,wonderful,potatoes,perfect,cake,love,happy,glad,best,perfectly,handy,salad,easy,pressure,pleased,thank,ze,amazing,kids
ice,beautiful,great,loves,excellent,awesome,highly,wonderful,potatoes,perfect,cake,love,happy,glad,best,perfectly,handy,salad,easy,pressure,pleased,thank,ze,amazing,kids
ice,beautiful,great,loves,excellent,awesome,highly,wonderful,potatoes,perfect,cake,love,happy,glad,best,perfectly,handy,salad,easy,pressure,pleased,thank,ze,amazing,kids
ice,beautiful,great,loves,excellent,awesome,highly,wonderful,potatoes,perfect,cake,love,happy,glad,best,perfectly,handy,salad,easy,pressure,pleased,thank,ze,amazing,kids
ice,beautiful,great,loves,excellent,awesome,highly,wonderful,potatoes,perfect,cake,love,happy,glad,best,perfectly,handy,salad,easy,pressure,pleased,thank,ze,amazing,kids
ice,beautiful,great,loves,excellent,awesome,highly,wonderful,potatoes,perfect,cake,love,happy,glad,best,perfectly,handy,salad,easy,pressure,pleased,thank,ze,amazing,kids
ice,beautiful,great,loves,excellent,awesome,highly,wonderful,potatoes,perfect,cake,love,happy,glad,best,perfectly,handy,salad,easy,pressure,pleased,thank,ze,amazing,kids
ice,beautiful,great,loves,excellent,awesome,highly,wonderful,potatoes,perfect,cake,love,happy,glad,best,perfectly,handy,salad,easy,pressure,pleased,thank,ze,amazing,kids
ice,beautiful,great,loves,excellent,awesome,highly,wonderful,potatoes,perfect,cake,love,happy,glad,best,perfectly,handy,salad,easy,pressure,pleased,thank,ze,amazing,kids
ice,beautiful,great,loves,excellent,awesome,highly,wonderful,potatoes,perfect,cake,love,happy,glad,best,perfectly,handy,salad,easy,pressure,pleased,thank,ze,amazing,kids
ice,beautiful,great,loves,excellent,awesome,highly,wonderful,potatoes,perfect,cake,love,happy,glad,best,perfectly,handy,salad,easy,pressure,pleased,thank,ze,amazing,kids
ice,beautiful,great,loves,excellent,awesome,highly,wonderful,potatoes,perfect,cake,love,happy,glad,best,perfectly,handy,salad,easy,pressure,pleased,thank,ze,amazing,kids
ice,beautiful,great,loves,excellent,awesome,highly,wonderful,potatoes,perfect,cake,love,happy,glad,best,perfectly,handy,salad,easy,pressure,pleased,thank,ze,amazing,kids
ice,beautiful,great,loves,excellent,awesome,highly,wonderful,potatoes,perfect,cake,love,happy,glad,best,perfectly,handy,salad,easy,pressure,pleased,thank,ze,amazing,kids
ice,beautiful,great,loves,excellent,awesome,highly,wonderful,potatoes,perfect,cake,love,happy,glad,best,perfectly,handy,salad,easy,pressure,pleased,thank,ze,amazing,kids
ice,beautiful,great,loves,excellent,awesome,highly,wonderful,potatoes,perfect,cake,love,happy,glad,best,perfectly,handy,salad,easy,pressure,pleased,thank,ze,amazing,kids
ice,beautiful,great,loves,excellent,awesome,highly,wonderful,potatoes,perfect,cake,love,happy,glad,best,perfectly,handy,salad,easy,pressure,pleased,thank,ze,amazing,kids
ice,beautiful,great,loves,excellent,awesome,highly,wonderful,potatoes,perfect,cake,love,happy,glad,best,perfectly,handy,salad,easy,pressure,pleased,thank,ze,amazing,kids
ice,beautiful,great,loves,excellent,awesome,highly,wonderful,potatoes,perfect,cake,love,happy,glad,best,perfectly,handy,salad,easy,pressure,pleased,thank,ze,amazing,kids
ice,beautiful,great,loves,excellent,awesome,highly,wonderful,potatoes,perfect,cake,love,happy,glad,best,perfectly,handy,salad,easy,pressure,pleased,thank,ze,amazing,kids
ice,beautiful,great,loves,excellent,awesome,highly,wonderful,potatoes,perfect,cake,love,happy,glad,best,perfectly,handy,salad,easy,pressure,pleased,thank,ze,amazing,kids
ice,beautiful,great,loves,excellent,awesome,highly,wonderful,potatoes,perfect,cake,love,happy,glad,best,perfectly,handy,salad,easy,pressure,pleased,thank,ze,amazing,kids
ice,beautiful,great,loves,excellent,awesome,highly,wonderful,potatoes,perfect,cake,love,happy,glad,best,perfectly,handy,salad,easy,pressure,pleased,thank,ze,amazing,kids
ice,beautiful,great,loves,excellent,awesome,highly,wonderful,potatoes,perfect,cake,love,happy,glad,best,perfectly,handy,salad,easy,pressure,pleased,thank,ze,amazing,kids
ice,beautiful,great,loves,excellent,awesome,highly,wonderful,potatoes,perfect,cake,love,happy,glad,best,perfectly,handy,salad,easy,pressure,pleased,thank,ze,amazing,kids
ice,beautiful,great,loves,excellent,awesome,highly,wonderful,potatoes,perfect,cake,love,happy,glad,best,perfectly,handy,salad,easy,pressure,pleased,thank,ze,amazing,kids
ice,beautiful,great,loves,excellent,awesome,highly,wonderful,potatoes,perfect,cake,love,happy,glad,best,perfectly,handy,salad,easy,pressure,pleased,thank,ze,amazing,kids
ice,beautiful,great,loves,excellent,awesome,highly,wonderful,potatoes,perfect,cake,love,happy,glad,best,perfectly,handy,salad,easy,pressure,pleased,thank,ze,amazing,kids
ice,beautiful,great,loves,excellent,awesome,highly,wonderful,potatoes,perfect,cake,love,happy,glad,best,perfectly,handy,salad,easy,pressure,pleased,thank,ze,amazing,kids
ice,beautiful,great,loves,excellent,awesome,highly,wonderful,potatoes,perfect,cake,love,happy,glad,best,perfectly,handy,salad,easy,pressure,pleased,thank,ze,amazing,kids
ice,beautiful,great,loves,excellent,awesome,highly,wonderful,potatoes,perfect,cake,love,happy,glad,best,perfectly,handy,salad,easy,pressure,pleased,thank,ze,amazing,kids
ice,beautiful,great,loves,excellent,awesome,highly,wonderful,potatoes,perfect,cake,love,happy,glad,best,perfectly,handy,salad,easy,pressure,pleased,thank,ze,amazing,kids
ice,beautiful,great,loves,excellent,awesome,highly,wonderful,potatoes,perfect,cake,love,happy,glad,best,perfectly,handy,salad,easy,pressure,pleased,thank,ze,amazing,kids
ice,beautiful,great,loves,excellent,awesome,highly,wonderful,potatoes,perfect,cake,love,happy,glad,best,perfectly,handy,salad,easy,pressure,pleased,thank,ze,amazing,kids
ice,beautiful,great,loves,excellent,awesome,highly,wonderful,potatoes,perfect,cake,love,happy,glad,best,perfectly,handy,salad,easy,pressure,pleased,thank,ze,amazing,kids
ice,beautiful,great,loves,excellent,awesome,highly,wonderful,potatoes,perfect,cake,love,happy,glad,best,perfectly,handy,salad,easy,pressure,pleased,thank,ze,amazing,kids
ice,beautiful,great,loves,excellent,awesome,highly,wonderful,potatoes,perfect,cake,love,happy,glad,best,perfectly,handy,salad,easy,pressure,pleased,thank,ze,amazing,kids
ice,beautiful,great,loves,excellent,awesome,highly,wonderful,potatoes,perfect,cake,love,happy,glad,best,perfectly,handy,salad,easy,pressure,pleased,thank,ze,amazing,kids
ice,beautiful,great,loves,excellent,awesome,highly,wonderful,potatoes,perfect,cake,love,happy,glad,best,perfectly,handy,salad,easy,pressure,pleased,thank,ze,amazing,kids
ice,beautiful,great,loves,excellent,awesome,highly,wonderful,potatoes,perfect,cake,love,happy,glad,best,perfectly,handy,salad,easy,pressure,pleased,thank,ze,amazing,kids
ice,beautiful,great,loves,excellent,awesome,highly,wonderful,potatoes,perfect,cake,love,happy,glad,best,perfectly,handy,salad,easy,pressure,pleased,thank,ze,amazing,kids
ice,beautiful,great,loves,excellent,awesome,highly,wonderful,potatoes,perfect,cake,love,happy,glad,best,perfectly,handy,salad,easy,pressure,pleased,thank,ze,amazing,kids
ice,beautiful,great,loves,excellent,awesome,highly,wonderful,potatoes,perfect,cake,love,happy,glad,best,perfectly,handy,salad,easy,pressure,pleased,thank,ze,amazing,kids
ice,beautiful,great,loves,excellent,awesome,highly,wonderful,potatoes,perfect,cake,love,happy,glad,best,perfectly,handy,salad,easy,pressure,pleased,thank,ze,amazing,kids
ice,beautiful,great,loves,excellent,awesome,highly,wonderful,potatoes,perfect,cake,love,happy,glad,best,perfectly,handy,salad,easy,pressure,pleased,thank,ze,amazing,kids
ice,beautiful,great,loves,excellent,awesome,highly,wonderful,potatoes,perfect,cake,love,happy,glad,best,perfectly,handy,salad,easy,pressure,pleased,thank,ze,amazing,kids
ice,beautiful,great,loves,excellent,awesome,highly,wonderful,potatoes,perfect,cake,love,happy,glad,best,perfectly,handy,salad,easy,pressure,pleased,thank,ze,amazing,kids
ice,beautiful,great,loves,excellent,awesome,highly,wonderful,potatoes,perfect,cake,love,happy,glad,best,perfectly,handy,salad,easy,pressure,pleased,thank,ze,amazing,kids
ice,beautiful,great,loves,excellent,awesome,highly,wonderful,potatoes,perfect,cake,love,happy,glad,best,perfectly,handy,salad,easy,pressure,pleased,thank,ze,amazing,kids
ice,beautiful,great,loves,excellent,awesome,highly,wonderful,potatoes,perfect,cake,love,happy,glad,best,perfectly,handy,salad,easy,pressure,pleased,thank,ze,amazing,kids
ice,beautiful,great,loves,excellent,awesome,highly,wonderful,potatoes,perfect,cake,love,happy,glad,best,perfectly,handy,salad,easy,pressure,pleased,thank,ze,amazing,kids
ice,beautiful,great,loves,excellent,awesome,highly,wonderful,potatoes,perfect,cake,love,happy,glad,best,perfectly,handy,salad,easy,pressure,pleased,thank,ze,amazing,kids
ice,beautiful,great,loves,excellent,awesome,highly,wonderful,potatoes,perfect,cake,love,happy,glad,best,perfectly,handy,salad,easy,pressure,pleased,thank,ze,amazing,kids
ice,beautiful,great,loves,excellent,awesome,highly,wonderful,potatoes,perfect,cake,love,happy,glad,best,perfectly,handy,salad,easy,pressure,pleased,thank,ze,amazing,kids
ice,beautiful,great,loves,excellent,awesome,highly,wonderful,potatoes,perfect,cake,love,happy,glad,best,perfectly,handy,salad,easy,pressure,pleased,thank,ze,amazing,kids
ice,beautiful,great,loves,excellent,awesome,highly,wonderful,potatoes,perfect,cake,love,happy,glad,best,perfectly,handy,salad,easy,pressure,pleased,thank,ze,amazing,kids
ice,beautiful,great,loves,excellent,awesome,highly,wonderful,potatoes,perfect,cake,love,happy,glad,best,perfectly,handy,salad,easy,pressure,pleased,thank,ze,amazing,kids
ice,beautiful,great,loves,excellent,awesome,highly,wonderful,potatoes,perfect,cake,love,happy,glad,best,perfectly,handy,salad,easy,pressure,pleased,thank,ze,amazing,kids
ice,beautiful,great,loves,excellent,awesome,highly,wonderful,potatoes,perfect,cake,love,happy,glad,best,perfectly,handy,salad,easy,pressure,pleased,thank,ze,amazing,kids
ice,beautiful,great,loves,excellent,awesome,highly,wonderful,potatoes,perfect,cake,love,happy,glad,best,perfectly,handy,salad,easy,pressure,pleased,thank,ze,amazing,kids
ice,beautiful,great,loves,excellent,awesome,highly,wonderful,potatoes,perfect,cake,love,happy,glad,best,perfectly,handy,salad,easy,pressure,pleased,thank,ze,amazing,kids
ice,beautiful,great,loves,excellent,awesome,highly,wonderful,potatoes,perfect,cake,love,happy,glad,best,perfectly,handy,salad,easy,pressure,pleased,thank,ze,amazing,kids
ice,beautiful,great,loves,excellent,awesome,highly,wonderful,potatoes,perfect,cake,love,happy,glad,best,perfectly,handy,salad,easy,pressure,pleased,thank,ze,amazing,kids
ice,beautiful,great,loves,excellent,awesome,highly,wonderful,potatoes,perfect,cake,love,happy,glad,best,perfectly,handy,salad,easy,pressure,pleased,thank,ze,amazing,kids
ice,beautiful,great,loves,excellent,awesome,highly,wonderful,potatoes,perfect,cake,love,happy,glad,best,perfectly,handy,salad,easy,pressure,pleased,thank,ze,amazing,kids
ice,beautiful,great,loves,excellent,awesome,highly,wonderful,potatoes,perfect,cake,love,happy,glad,best,perfectly,handy,salad,easy,pressure,pleased,thank,ze,amazing,kids
ice,beautiful,great,loves,excellent,awesome,highly,wonderful,potatoes,perfect,cake,love,happy,glad,best,perfectly,handy,salad,easy,pressure,pleased,thank,ze,amazing,kids
ice,beautiful,great,loves,excellent,awesome,highly,wonderful,potatoes,perfect,cake,love,happy,glad,best,perfectly,handy,salad,easy,pressure,pleased,thank,ze,amazing,kids
ice,beautiful,great,loves,excellent,awesome,highly,wonderful,potatoes,perfect,cake,love,happy,glad,best,perfectly,handy,salad,easy,pressure,pleased,thank,ze,amazing,kids
ice,beautiful,great,loves,excellent,awesome,highly,wonderful,potatoes,perfect,cake,love,happy,glad,best,perfectly,handy,salad,easy,pressure,pleased,thank,ze,amazing,kids
ice,beautiful,great,loves,excellent,awesome,highly,wonderful,potatoes,perfect,cake,love,happy,glad,best,perfectly,handy,salad,easy,pressure,pleased,thank,ze,amazing,kids
ice,beautiful,great,loves,excellent,awesome,highly,wonderful,potatoes,perfect,cake,love,happy,glad,best,perfectly,handy,salad,easy,pressure,pleased,thank,ze,amazing,kids
ice,beautiful,great,loves,excellent,awesome,highly,wonderful,potatoes,perfect,cake,love,happy,glad,best,perfectly,handy,salad,easy,pressure,pleased,thank,ze,amazing,kids
ice,beautiful,great,loves,excellent,awesome,highly,wonderful,potatoes,perfect,cake,love,happy,glad,best,perfectly,handy,salad,easy,pressure,pleased,thank,ze,amazing,kids
ice,beautiful,great,loves,excellent,awesome,highly,wonderful,potatoes,perfect,cake,love,happy,glad,best,perfectly,handy,salad,easy,pressure,pleased,thank,ze,amazing,kids
ice,beautiful,great,loves,excellent,awesome,highly,wonderful,potatoes,perfect,cake,love,happy,glad,best,perfectly,handy,salad,easy,pressure,pleased,thank,ze,amazing,kids
ice,beautiful,great,loves,excellent,awesome,highly,wonderful,potatoes,perfect,cake,love,happy,glad,best,perfectly,handy,salad,easy,pressure,pleased,thank,ze,amazing,kids
ice,beautiful,great,loves,excellent,awesome,highly,wonderful,potatoes,perfect,cake,love,happy,glad,best,perfectly,handy,salad,easy,pressure,pleased,thank,ze,amazing,kids
ice,beautiful,great,loves,excellent,awesome,highly,wonderful,potatoes,perfect,cake,love,happy,glad,best,perfectly,handy,salad,easy,pressure,pleased,thank,ze,amazing,kids
ice,beautiful,great,loves,excellent,awesome,highly,wonderful,potatoes,perfect,cake,love,happy,glad,best,perfectly,handy,salad,easy,pressure,pleased,thank,ze,amazing,kids
ice,beautiful,great,loves,excellent,awesome,highly,wonderful,potatoes,perfect,cake,love,happy,glad,best,perfectly,handy,salad,easy,pressure,pleased,thank,ze,amazing,kids
ice,beautiful,great,loves,excellent,awesome,highly,wonderful,potatoes,perfect,cake,love,happy,glad,best,perfectly,handy,salad,easy,pressure,pleased,thank,ze,amazing,kids
ice,beautiful,great,loves,excellent,awesome,highly,wonderful,potatoes,perfect,cake,love,happy,glad,best,perfectly,handy,salad,easy,pressure,pleased,thank,ze,amazing,kids
ice,beautiful,great,loves,excellent,awesome,highly,wonderful,potatoes,perfect,cake,love,happy,glad,best,perfectly,handy,salad,easy,pressure,pleased,thank,ze,amazing,kids
ice,beautiful,great,loves,excellent,awesome,highly,wonderful,potatoes,perfect,cake,love,happy,glad,best,perfectly,handy,salad,easy,pressure,pleased,thank,ze,amazing,kids
ice,beautiful,great,loves,excellent,awesome,highly,wonderful,potatoes,perfect,cake,love,happy,glad,best,perfectly,handy,salad,easy,pressure,pleased,thank,ze,amazing,kids
ice,beautiful,great,loves,excellent,awesome,highly,wonderful,potatoes,perfect,cake,love,happy,glad,best,perfectly,handy,salad,easy,pressure,pleased,thank,ze,amazing,kids
ice,beautiful,great,loves,excellent,awesome,highly,wonderful,potatoes,perfect,cake,love,happy,glad,best,perfectly,handy,salad,easy,pressure,pleased,thank,ze,amazing,kids
ice,beautiful,great,loves,excellent,awesome,highly,wonderful,potatoes,perfect,cake,love,happy,glad,best,perfectly,handy,salad,easy,pressure,pleased,thank,ze,amazing,kids
ice,beautiful,great,loves,excellent,awesome,highly,wonderful,potatoes,perfect,cake,love,happy,glad,best,perfectly,handy,salad,easy,pressure,pleased,thank,ze,amazing,kids
ice,beautiful,great,loves,excellent,awesome,highly,wonderful,potatoes,perfect,cake,love,happy,glad,best,perfectly,handy,salad,easy,pressure,pleased,thank,ze,amazing,kids
ice,beautiful,great,loves,excellent,awesome,highly,wonderful,potatoes,perfect,cake,love,happy,glad,best,perfectly,handy,salad,easy,pressure,pleased,thank,ze,amazing,kids
ice,beautiful,great,loves,excellent,awesome,highly,wonderful,potatoes,perfect,cake,love,happy,glad,best,perfectly,handy,salad,easy,pressure,pleased,thank,ze,amazing,kids
ice,beautiful,great,loves,excellent,awesome,highly,wonderful,potatoes,perfect,cake,love,happy,glad,best,perfectly,handy,salad,easy,pressure,pleased,thank,ze,amazing,kids
ice,beautiful,great,loves,excellent,awesome,highly,wonderful,potatoes,perfect,cake,love,happy,glad,best,perfectly,handy,salad,easy,pressure,pleased,thank,ze,amazing,kids
ice,beautiful,great,loves,excellent,awesome,highly,wonderful,potatoes,perfect,cake,love,happy,glad,best,perfectly,handy,salad,easy,pressure,pleased,thank,ze,amazing,kids
ice,beautiful,great,loves,excellent,awesome,highly,wonderful,potatoes,perfect,cake,love,happy,glad,best,perfectly,handy,salad,easy,pressure,pleased,thank,ze,amazing,kids
ice,beautiful,great,loves,excellent,awesome,highly,wonderful,potatoes,perfect,cake,love,happy,glad,best,perfectly,handy,salad,easy,pressure,pleased,thank,ze,amazing,kids
ice,beautiful,great,loves,excellent,awesome,highly,wonderful,potatoes,perfect,cake,love,happy,glad,best,perfectly,handy,salad,easy,pressure,pleased,thank,ze,amazing,kids
ice,beautiful,great,loves,excellent,awesome,highly,wonderful,potatoes,perfect,cake,love,happy,glad,best,perfectly,handy,salad,easy,pressure,pleased,thank,ze,amazing,kids
ice,beautiful,great,loves,excellent,awesome,highly,wonderful,potatoes,perfect,cake,love,happy,glad,best,perfectly,handy,salad,easy,pressure,pleased,thank,ze,amazing,kids
ice,beautiful,great,loves,excellent,awesome,highly,wonderful,potatoes,perfect,cake,love,happy,glad,best,perfectly,handy,salad,easy,pressure,pleased,thank,ze,amazing,kids
ice,beautiful,great,loves,excellent,awesome,highly,wonderful,potatoes,perfect,cake,love,happy,glad,best,perfectly,handy,salad,easy,pressure,pleased,thank,ze,amazing,kids
ice,beautiful,great,loves,excellent,awesome,highly,wonderful,potatoes,perfect,cake,love,happy,glad,best,perfectly,handy,salad,easy,pressure,pleased,thank,ze,amazing,kids
ice,beautiful,great,loves,excellent,awesome,highly,wonderful,potatoes,perfect,cake,love,happy,glad,best,perfectly,handy,salad,easy,pressure,pleased,thank,ze,amazing,kids
ice,beautiful,great,loves,excellent,awesome,highly,wonderful,potatoes,perfect,cake,love,happy,glad,best,perfectly,handy,salad,easy,pressure,pleased,thank,ze,amazing,kids
ice,beautiful,great,loves,excellent,awesome,highly,wonderful,potatoes,perfect,cake,love,happy,glad,best,perfectly,handy,salad,easy,pressure,pleased,thank,ze,amazing,kids
ice,beautiful,great,loves,excellent,awesome,highly,wonderful,potatoes,perfect,cake,love,happy,glad,best,perfectly,handy,salad,easy,pressure,pleased,thank,ze,amazing,kids
ice,beautiful,great,loves,excellent,awesome,highly,wonderful,potatoes,perfect,cake,love,happy,glad,best,perfectly,handy,salad,easy,pressure,pleased,thank,ze,amazing,kids
ice,beautiful,great,loves,excellent,awesome,highly,wonderful,potatoes,perfect,cake,love,happy,glad,best,perfectly,handy,salad,easy,pressure,pleased,thank,ze,amazing,kids
ice,beautiful,great,loves,excellent,awesome,highly,wonderful,potatoes,perfect,cake,love,happy,glad,best,perfectly,handy,salad,easy,pressure,pleased,thank,ze,amazing,kids
ice,beautiful,great,loves,excellent,awesome,highly,wonderful,potatoes,perfect,cake,love,happy,glad,best,perfectly,handy,salad,easy,pressure,pleased,thank,ze,amazing,kids
ice,beautiful,great,loves,excellent,awesome,highly,wonderful,potatoes,perfect,cake,love,happy,glad,best,perfectly,handy,salad,easy,pressure,pleased,thank,ze,amazing,kids
ice,beautiful,great,loves,excellent,awesome,highly,wonderful,potatoes,perfect,cake,love,happy,glad,best,perfectly,handy,salad,easy,pressure,pleased,thank,ze,amazing,kids
ice,beautiful,great,loves,excellent,awesome,highly,wonderful,potatoes,perfect,cake,love,happy,glad,best,perfectly,handy,salad,easy,pressure,pleased,thank,ze,amazing,kids
ice,beautiful,great,loves,excellent,awesome,highly,wonderful,potatoes,perfect,cake,love,happy,glad,best,perfectly,handy,salad,easy,pressure,pleased,thank,ze,amazing,kids
ice,beautiful,great,loves,excellent,awesome,highly,wonderful,potatoes,perfect,cake,love,happy,glad,best,perfectly,handy,salad,easy,pressure,pleased,thank,ze,amazing,kids
ice,beautiful,great,loves,excellent,awesome,highly,wonderful,potatoes,perfect,cake,love,happy,glad,best,perfectly,handy,salad,easy,pressure,pleased,thank,ze,amazing,kids
ice,beautiful,great,loves,excellent,awesome,highly,wonderful,potatoes,perfect,cake,love,happy,glad,best,perfectly,handy,salad,easy,pressure,pleased,thank,ze,amazing,kids
ice,beautiful,great,loves,excellent,awesome,highly,wonderful,potatoes,perfect,cake,love,happy,glad,best,perfectly,handy,salad,easy,pressure,pleased,thank,ze,amazing,kids
ice,beautiful,great,loves,excellent,awesome,highly,wonderful,potatoes,perfect,cake,love,happy,glad,best,perfectly,handy,salad,easy,pressure,pleased,thank,ze,amazing,kids
ice,beautiful,great,loves,excellent,awesome,highly,wonderful,potatoes,perfect,cake,love,happy,glad,best,perfectly,handy,salad,easy,pressure,pleased,thank,ze,amazing,kids
ice,beautiful,great,loves,excellent,awesome,highly,wonderful,potatoes,perfect,cake,love,happy,glad,best,perfectly,handy,salad,easy,pressure,pleased,thank,ze,amazing,kids
ice,beautiful,great,loves,excellent,awesome,highly,wonderful,potatoes,perfect,cake,love,happy,glad,best,perfectly,handy,salad,easy,pressure,pleased,thank,ze,amazing,kids
ice,beautiful,great,loves,excellent,awesome,highly,wonderful,potatoes,perfect,cake,love,happy,glad,best,perfectly,handy,salad,easy,pressure,pleased,thank,ze,amazing,kids
ice,beautiful,great,loves,excellent,awesome,highly,wonderful,potatoes,perfect,cake,love,happy,glad,best,perfectly,handy,salad,easy,pressure,pleased,thank,ze,amazing,kids
ice,beautiful,great,loves,excellent,awesome,highly,wonderful,potatoes,perfect,cake,love,happy,glad,best,perfectly,handy,salad,easy,pressure,pleased,thank,ze,amazing,kids
ice,beautiful,great,loves,excellent,awesome,highly,wonderful,potatoes,perfect,cake,love,happy,glad,best,perfectly,handy,salad,easy,pressure,pleased,thank,ze,amazing,kids
ice,beautiful,great,loves,excellent,awesome,highly,wonderful,potatoes,perfect,cake,love,happy,glad,best,perfectly,handy,salad,easy,pressure,pleased,thank,ze,amazing,kids
ice,beautiful,great,loves,excellent,awesome,highly,wonderful,potatoes,perfect,cake,love,happy,glad,best,perfectly,handy,salad,easy,pressure,pleased,thank,ze,amazing,kids
ice,beautiful,great,loves,excellent,awesome,highly,wonderful,potatoes,perfect,cake,love,happy,glad,best,perfectly,handy,salad,easy,pressure,pleased,thank,ze,amazing,kids
ice,beautiful,great,loves,excellent,awesome,highly,wonderful,potatoes,perfect,cake,love,happy,glad,best,perfectly,handy,salad,easy,pressure,pleased,thank,ze,amazing,kids
ice,beautiful,great,loves,excellent,awesome,highly,wonderful,potatoes,perfect,cake,love,happy,glad,best,perfectly,handy,salad,easy,pressure,pleased,thank,ze,amazing,kids
ice,beautiful,great,loves,excellent,awesome,highly,wonderful,potatoes,perfect,cake,love,happy,glad,best,perfectly,handy,salad,easy,pressure,pleased,thank,ze,amazing,kids
ice,beautiful,great,loves,excellent,awesome,highly,wonderful,potatoes,perfect,cake,love,happy,glad,best,perfectly,handy,salad,easy,pressure,pleased,thank,ze,amazing,kids
ice,beautiful,great,loves,excellent,awesome,highly,wonderful,potatoes,perfect,cake,love,happy,glad,best,perfectly,handy,salad,easy,pressure,pleased,thank,ze,amazing,kids
ice,beautiful,great,loves,excellent,awesome,highly,wonderful,potatoes,perfect,cake,love,happy,glad,best,perfectly,handy,salad,easy,pressure,pleased,thank,ze,amazing,kids
ice,beautiful,great,loves,excellent,awesome,highly,wonderful,potatoes,perfect,cake,love,happy,glad,best,perfectly,handy,salad,easy,pressure,pleased,thank,ze,amazing,kids
ice,beautiful,great,loves,excellent,awesome,highly,wonderful,potatoes,perfect,cake,love,happy,glad,best,perfectly,handy,salad,easy,pressure,pleased,thank,ze,amazing,kids
ice,beautiful,great,loves,excellent,awesome,highly,wonderful,potatoes,perfect,cake,love,happy,glad,best,perfectly,handy,salad,easy,pressure,pleased,thank,ze,amazing,kids
ice,beautiful,great,loves,excellent,awesome,highly,wonderful,potatoes,perfect,cake,love,happy,glad,best,perfectly,handy,salad,easy,pressure,pleased,thank,ze,amazing,kids
ice,beautiful,great,loves,excellent,awesome,highly,wonderful,potatoes,perfect,cake,love,happy,glad,best,perfectly,handy,salad,easy,pressure,pleased,thank,ze,amazing,kids
ice,beautiful,great,loves,excellent,awesome,highly,wonderful,potatoes,perfect,cake,love,happy,glad,best,perfectly,handy,salad,easy,pressure,pleased,thank,ze,amazing,kids
ice,beautiful,great,loves,excellent,awesome,highly,wonderful,potatoes,perfect,cake,love,happy,glad,best,perfectly,handy,salad,easy,pressure,pleased,thank,ze,amazing,kids
ice,beautiful,great,loves,excellent,awesome,highly,wonderful,potatoes,perfect,cake,love,happy,glad,best,perfectly,handy,salad,easy,pressure,pleased,thank,ze,amazing,kids
ice,beautiful,great,loves,excellent,awesome,highly,wonderful,potatoes,perfect,cake,love,happy,glad,best,perfectly,handy,salad,easy,pressure,pleased,thank,ze,amazing,kids
ice,beautiful,great,loves,excellent,awesome,highly,wonderful,potatoes,perfect,cake,love,happy,glad,best,perfectly,handy,salad,easy,pressure,pleased,thank,ze,amazing,kids
ice,beautiful,great,loves,excellent,awesome,highly,wonderful,potatoes,perfect,cake,love,happy,glad,best,perfectly,handy,salad,easy,pressure,pleased,thank,ze,amazing,kids
ice,beautiful,great,loves,excellent,awesome,highly,wonderful,potatoes,perfect,cake,love,happy,glad,best,perfectly,handy,salad,easy,pressure,pleased,thank,ze,amazing,kids
ice,beautiful,great,loves,excellent,awesome,highly,wonderful,potatoes,perfect,cake,love,happy,glad,best,perfectly,handy,salad,easy,pressure,pleased,thank,ze,amazing,kids
ice,beautiful,great,loves,excellent,awesome,highly,wonderful,potatoes,perfect,cake,love,happy,glad,best,perfectly,handy,salad,easy,pressure,pleased,thank,ze,amazing,kids
ice,beautiful,great,loves,excellent,awesome,highly,wonderful,potatoes,perfect,cake,love,happy,glad,best,perfectly,handy,salad,easy,pressure,pleased,thank,ze,amazing,kids
ice,beautiful,great,loves,excellent,awesome,highly,wonderful,potatoes,perfect,cake,love,happy,glad,best,perfectly,handy,salad,easy,pressure,pleased,thank,ze,amazing,kids
ice,beautiful,great,loves,excellent,awesome,highly,wonderful,potatoes,perfect,cake,love,happy,glad,best,perfectly,handy,salad,easy,pressure,pleased,thank,ze,amazing,kids
ice,beautiful,great,loves,excellent,awesome,highly,wonderful,potatoes,perfect,cake,love,happy,glad,best,perfectly,handy,salad,easy,pressure,pleased,thank,ze,amazing,kids
ice,beautiful,great,loves,excellent,awesome,highly,wonderful,potatoes,perfect,cake,love,happy,glad,best,perfectly,handy,salad,easy,pressure,pleased,thank,ze,amazing,kids
ice,beautiful,great,loves,excellent,awesome,highly,wonderful,potatoes,perfect,cake,love,happy,glad,best,perfectly,handy,salad,easy,pressure,pleased,thank,ze,amazing,kids
ice,beautiful,great,loves,excellent,awesome,highly,wonderful,potatoes,perfect,cake,love,happy,glad,best,perfectly,handy,salad,easy,pressure,pleased,thank,ze,amazing,kids
ice,beautiful,great,loves,excellent,awesome,highly,wonderful,potatoes,perfect,cake,love,happy,glad,best,perfectly,handy,salad,easy,pressure,pleased,thank,ze,amazing,kids
ice,beautiful,great,loves,excellent,awesome,highly,wonderful,potatoes,perfect,cake,love,happy,glad,best,perfectly,handy,salad,easy,pressure,pleased,thank,ze,amazing,kids
ice,beautiful,great,loves,excellent,awesome,highly,wonderful,potatoes,perfect,cake,love,happy,glad,best,perfectly,handy,salad,easy,pressure,pleased,thank,ze,amazing,kids
ice,beautiful,great,loves,excellent,awesome,highly,wonderful,potatoes,perfect,cake,love,happy,glad,best,perfectly,handy,salad,easy,pressure,pleased,thank,ze,amazing,kids
ice,beautiful,great,loves,excellent,awesome,highly,wonderful,potatoes,perfect,cake,love,happy,glad,best,perfectly,handy,salad,easy,pressure,pleased,thank,ze,amazing,kids
ice,beautiful,great,loves,excellent,awesome,highly,wonderful,potatoes,perfect,cake,love,happy,glad,best,perfectly,handy,salad,easy,pressure,pleased,thank,ze,amazing,kids
ice,beautiful,great,loves,excellent,awesome,highly,wonderful,potatoes,perfect,cake,love,happy,glad,best,perfectly,handy,salad,easy,pressure,pleased,thank,ze,amazing,kids
ice,beautiful,great,loves,excellent,awesome,highly,wonderful,potatoes,perfect,cake,love,happy,glad,best,perfectly,handy,salad,easy,pressure,pleased,thank,ze,amazing,kids
ice,beautiful,great,loves,excellent,awesome,highly,wonderful,potatoes,perfect,cake,love,happy,glad,best,perfectly,handy,salad,easy,pressure,pleased,thank,ze,amazing,kids
ice,beautiful,great,loves,excellent,awesome,highly,wonderful,potatoes,perfect,cake,love,happy,glad,best,perfectly,handy,salad,easy,pressure,pleased,thank,ze,amazing,kids
ice,beautiful,great,loves,excellent,awesome,highly,wonderful,potatoes,perfect,cake,love,happy,glad,best,perfectly,handy,salad,easy,pressure,pleased,thank,ze,amazing,kids
ice,beautiful,great,loves,excellent,awesome,highly,wonderful,potatoes,perfect,cake,love,happy,glad,best,perfectly,handy,salad,easy,pressure,pleased,thank,ze,amazing,kids
ice,beautiful,great,loves,excellent,awesome,highly,wonderful,potatoes,perfect,cake,love,happy,glad,best,perfectly,handy,salad,easy,pressure,pleased,thank,ze,amazing,kids
ice,beautiful,great,loves,excellent,awesome,highly,wonderful,potatoes,perfect,cake,love,happy,glad,best,perfectly,handy,salad,easy,pressure,pleased,thank,ze,amazing,kids
ice,beautiful,great,loves,excellent,awesome,highly,wonderful,potatoes,perfect,cake,love,happy,glad,best,perfectly,handy,salad,easy,pressure,pleased,thank,ze,amazing,kids
ice,beautiful,great,loves,excellent,awesome,highly,wonderful,potatoes,perfect,cake,love,happy,glad,best,perfectly,handy,salad,easy,pressure,pleased,thank,ze,amazing,kids
ice,beautiful,great,loves,excellent,awesome,highly,wonderful,potatoes,perfect,cake,love,happy,glad,best,perfectly,handy,salad,easy,pressure,pleased,thank,ze,amazing,kids
ice,beautiful,great,loves,excellent,awesome,highly,wonderful,potatoes,perfect,cake,love,happy,glad,best,perfectly,handy,salad,easy,pressure,pleased,thank,ze,amazing,kids
ice,beautiful,great,loves,excellent,awesome,highly,wonderful,potatoes,perfect,cake,love,happy,glad,best,perfectly,handy,salad,easy,pressure,pleased,thank,ze,amazing,kids
ice,beautiful,great,loves,excellent,awesome,highly,wonderful,potatoes,perfect,cake,love,happy,glad,best,perfectly,handy,salad,easy,pressure,pleased,thank,ze,amazing,kids
ice,beautiful,great,loves,excellent,awesome,highly,wonderful,potatoes,perfect,cake,love,happy,glad,best,perfectly,handy,salad,easy,pressure,pleased,thank,ze,amazing,kids
ice,beautiful,great,loves,excellent,awesome,highly,wonderful,potatoes,perfect,cake,love,happy,glad,best,perfectly,handy,salad,easy,pressure,pleased,thank,ze,amazing,kids
ice,beautiful,great,loves,excellent,awesome,highly,wonderful,potatoes,perfect,cake,love,happy,glad,best,perfectly,handy,salad,easy,pressure,pleased,thank,ze,amazing,kids
ice,beautiful,great,loves,excellent,awesome,highly,wonderful,potatoes,perfect,cake,love,happy,glad,best,perfectly,handy,salad,easy,pressure,pleased,thank,ze,amazing,kids
ice,beautiful,great,loves,excellent,awesome,highly,wonderful,potatoes,perfect,cake,love,happy,glad,best,perfectly,handy,salad,easy,pressure,pleased,thank,ze,amazing,kids
ice,beautiful,great,loves,excellent,awesome,highly,wonderful,potatoes,perfect,cake,love,happy,glad,best,perfectly,handy,salad,easy,pressure,pleased,thank,ze,amazing,kids
ice,beautiful,great,loves,excellent,awesome,highly,wonderful,potatoes,perfect,cake,love,happy,glad,best,perfectly,handy,salad,easy,pressure,pleased,thank,ze,amazing,kids
ice,beautiful,great,loves,excellent,awesome,highly,wonderful,potatoes,perfect,cake,love,happy,glad,best,perfectly,handy,salad,easy,pressure,pleased,thank,ze,amazing,kids
ice,beautiful,great,loves,excellent,awesome,highly,wonderful,potatoes,perfect,cake,love,happy,glad,best,perfectly,handy,salad,easy,pressure,pleased,thank,ze,amazing,kids
ice,beautiful,great,loves,excellent,awesome,highly,wonderful,potatoes,perfect,cake,love,happy,glad,best,perfectly,handy,salad,easy,pressure,pleased,thank,ze,amazing,kids
ice,beautiful,great,loves,excellent,awesome,highly,wonderful,potatoes,perfect,cake,love,happy,glad,best,perfectly,handy,salad,easy,pressure,pleased,thank,ze,amazing,kids
ice,beautiful,great,loves,excellent,awesome,highly,wonderful,potatoes,perfect,cake,love,happy,glad,best,perfectly,handy,salad,easy,pressure,pleased,thank,ze,amazing,kids
ice,beautiful,great,loves,excellent,awesome,highly,wonderful,potatoes,perfect,cake,love,happy,glad,best,perfectly,handy,salad,easy,pressure,pleased,thank,ze,amazing,kids
ice,beautiful,great,loves,excellent,awesome,highly,wonderful,potatoes,perfect,cake,love,happy,glad,best,perfectly,handy,salad,easy,pressure,pleased,thank,ze,amazing,kids
ice,beautiful,great,loves,excellent,awesome,highly,wonderful,potatoes,perfect,cake,love,happy,glad,best,perfectly,handy,salad,easy,pressure,pleased,thank,ze,amazing,kids
ice,beautiful,great,loves,excellent,awesome,highly,wonderful,potatoes,perfect,cake,love,happy,glad,best,perfectly,handy,salad,easy,pressure,pleased,thank,ze,amazing,kids
ice,beautiful,great,loves,excellent,awesome,highly,wonderful,potatoes,perfect,cake,love,happy,glad,best,perfectly,handy,salad,easy,pressure,pleased,thank,ze,amazing,kids
ice,beautiful,great,loves,excellent,awesome,highly,wonderful,potatoes,perfect,cake,love,happy,glad,best,perfectly,handy,salad,easy,pressure,pleased,thank,ze,amazing,kids
ice,beautiful,great,loves,excellent,awesome,highly,wonderful,potatoes,perfect,cake,love,happy,glad,best,perfectly,handy,salad,easy,pressure,pleased,thank,ze,amazing,kids
ice,beautiful,great,loves,excellent,awesome,highly,wonderful,potatoes,perfect,cake,love,happy,glad,best,perfectly,handy,salad,easy,pressure,pleased,thank,ze,amazing,kids
ice,beautiful,great,loves,excellent,awesome,highly,wonderful,potatoes,perfect,cake,love,happy,glad,best,perfectly,handy,salad,easy,pressure,pleased,thank,ze,amazing,kids
ice,beautiful,great,loves,excellent,awesome,highly,wonderful,potatoes,perfect,cake,love,happy,glad,best,perfectly,handy,salad,easy,pressure,pleased,thank,ze,amazing,kids
ice,beautiful,great,loves,excellent,awesome,highly,wonderful,potatoes,perfect,cake,love,happy,glad,best,perfectly,handy,salad,easy,pressure,pleased,thank,ze,amazing,kids
ice,beautiful,great,loves,excellent,awesome,highly,wonderful,potatoes,perfect,cake,love,happy,glad,best,perfectly,handy,salad,easy,pressure,pleased,thank,ze,amazing,kids
ice,beautiful,great,loves,excellent,awesome,highly,wonderful,potatoes,perfect,cake,love,happy,glad,best,perfectly,handy,salad,easy,pressure,pleased,thank,ze,amazing,kids
ice,beautiful,great,loves,excellent,awesome,highly,wonderful,potatoes,perfect,cake,love,happy,glad,best,perfectly,handy,salad,easy,pressure,pleased,thank,ze,amazing,kids
ice,beautiful,great,loves,excellent,awesome,highly,wonderful,potatoes,perfect,cake,love,happy,glad,best,perfectly,handy,salad,easy,pressure,pleased,thank,ze,amazing,kids
ice,beautiful,great,loves,excellent,awesome,highly,wonderful,potatoes,perfect,cake,love,happy,glad,best,perfectly,handy,salad,easy,pressure,pleased,thank,ze,amazing,kids
ice,beautiful,great,loves,excellent,awesome,highly,wonderful,potatoes,perfect,cake,love,happy,glad,best,perfectly,handy,salad,easy,pressure,pleased,thank,ze,amazing,kids
ice,beautiful,great,loves,excellent,awesome,highly,wonderful,potatoes,perfect,cake,love,happy,glad,best,perfectly,handy,salad,easy,pressure,pleased,thank,ze,amazing,kids
ice,beautiful,great,loves,excellent,awesome,highly,wonderful,potatoes,perfect,cake,love,happy,glad,best,perfectly,handy,salad,easy,pressure,pleased,thank,ze,amazing,kids
ice,beautiful,great,loves,excellent,awesome,highly,wonderful,potatoes,perfect,cake,love,happy,glad,best,perfectly,handy,salad,easy,pressure,pleased,thank,ze,amazing,kids
ice,beautiful,great,loves,excellent,awesome,highly,wonderful,potatoes,perfect,cake,love,happy,glad,best,perfectly,handy,salad,easy,pressure,pleased,thank,ze,amazing,kids
ice,beautiful,great,loves,excellent,awesome,highly,wonderful,potatoes,perfect,cake,love,happy,glad,best,perfectly,handy,salad,easy,pressure,pleased,thank,ze,amazing,kids
ice,beautiful,great,loves,excellent,awesome,highly,wonderful,potatoes,perfect,cake,love,happy,glad,best,perfectly,handy,salad,easy,pressure,pleased,thank,ze,amazing,kids
ice,beautiful,great,loves,excellent,awesome,highly,wonderful,potatoes,perfect,cake,love,happy,glad,best,perfectly,handy,salad,easy,pressure,pleased,thank,ze,amazing,kids
ice,beautiful,great,loves,excellent,awesome,highly,wonderful,potatoes,perfect,cake,love,happy,glad,best,perfectly,handy,salad,easy,pressure,pleased,thank,ze,amazing,kids
ice,beautiful,great,loves,excellent,awesome,highly,wonderful,potatoes,perfect,cake,love,happy,glad,best,perfectly,handy,salad,easy,pressure,pleased,thank,ze,amazing,kids
ice,beautiful,great,loves,excellent,awesome,highly,wonderful,potatoes,perfect,cake,love,happy,glad,best,perfectly,handy,salad,easy,pressure,pleased,thank,ze,amazing,kids
ice,beautiful,great,loves,excellent,awesome,highly,wonderful,potatoes,perfect,cake,love,happy,glad,best,perfectly,handy,salad,easy,pressure,pleased,thank,ze,amazing,kids
ice,beautiful,great,loves,excellent,awesome,highly,wonderful,potatoes,perfect,cake,love,happy,glad,best,perfectly,handy,salad,easy,pressure,pleased,thank,ze,amazing,kids
ice,beautiful,great,loves,excellent,awesome,highly,wonderful,potatoes,perfect,cake,love,happy,glad,best,perfectly,handy,salad,easy,pressure,pleased,thank,ze,amazing,kids
ice,beautiful,great,loves,excellent,awesome,highly,wonderful,potatoes,perfect,cake,love,happy,glad,best,perfectly,handy,salad,easy,pressure,pleased,thank,ze,amazing,kids
ice,beautiful,great,loves,excellent,awesome,highly,wonderful,potatoes,perfect,cake,love,happy,glad,best,perfectly,handy,salad,easy,pressure,pleased,thank,ze,amazing,kids
ice,beautiful,great,loves,excellent,awesome,highly,wonderful,potatoes,perfect,cake,love,happy,glad,best,perfectly,handy,salad,easy,pressure,pleased,thank,ze,amazing,kids
ice,beautiful,great,loves,excellent,awesome,highly,wonderful,potatoes,perfect,cake,love,happy,glad,best,perfectly,handy,salad,easy,pressure,pleased,thank,ze,amazing,kids
ice,beautiful,great,loves,excellent,awesome,highly,wonderful,potatoes,perfect,cake,love,happy,glad,best,perfectly,handy,salad,easy,pressure,pleased,thank,ze,amazing,kids
ice,beautiful,great,loves,excellent,awesome,highly,wonderful,potatoes,perfect,cake,love,happy,glad,best,perfectly,handy,salad,easy,pressure,pleased,thank,ze,amazing,kids
ice,beautiful,great,loves,excellent,awesome,highly,wonderful,potatoes,perfect,cake,love,happy,glad,best,perfectly,handy,salad,easy,pressure,pleased,thank,ze,amazing,kids
ice,beautiful,great,loves,excellent,awesome,highly,wonderful,potatoes,perfect,cake,love,happy,glad,best,perfectly,handy,salad,easy,pressure,pleased,thank,ze,amazing,kids
ice,beautiful,great,loves,excellent,awesome,highly,wonderful,potatoes,perfect,cake,love,happy,glad,best,perfectly,handy,salad,easy,pressure,pleased,thank,ze,amazing,kids
ice,beautiful,great,loves,excellent,awesome,highly,wonderful,potatoes,perfect,cake,love,happy,glad,best,perfectly,handy,salad,easy,pressure,pleased,thank,ze,amazing,kids
ice,beautiful,great,loves,excellent,awesome,highly,wonderful,potatoes,perfect,cake,love,happy,glad,best,perfectly,handy,salad,easy,pressure,pleased,thank,ze,amazing,kids
ice,beautiful,great,loves,excellent,awesome,highly,wonderful,potatoes,perfect,cake,love,happy,glad,best,perfectly,handy,salad,easy,pressure,pleased,thank,ze,amazing,kids
ice,beautiful,great,loves,excellent,awesome,highly,wonderful,potatoes,perfect,cake,love,happy,glad,best,perfectly,handy,salad,easy,pressure,pleased,thank,ze,amazing,kids
ice,beautiful,great,loves,excellent,awesome,highly,wonderful,potatoes,perfect,cake,love,happy,glad,best,perfectly,handy,salad,easy,pressure,pleased,thank,ze,amazing,kids
ice,beautiful,great,loves,excellent,awesome,highly,wonderful,potatoes,perfect,cake,love,happy,glad,best,perfectly,handy,salad,easy,pressure,pleased,thank,ze,amazing,kids
ice,beautiful,great,loves,excellent,awesome,highly,wonderful,potatoes,perfect,cake,love,happy,glad,best,perfectly,handy,salad,easy,pressure,pleased,thank,ze,amazing,kids
ice,beautiful,great,loves,excellent,awesome,highly,wonderful,potatoes,perfect,cake,love,happy,glad,best,perfectly,handy,salad,easy,pressure,pleased,thank,ze,amazing,kids
ice,beautiful,great,loves,excellent,awesome,highly,wonderful,potatoes,perfect,cake,love,happy,glad,best,perfectly,handy,salad,easy,pressure,pleased,thank,ze,amazing,kids
ice,beautiful,great,loves,excellent,awesome,highly,wonderful,potatoes,perfect,cake,love,happy,glad,best,perfectly,handy,salad,easy,pressure,pleased,thank,ze,amazing,kids
ice,beautiful,great,loves,excellent,awesome,highly,wonderful,potatoes,perfect,cake,love,happy,glad,best,perfectly,handy,salad,easy,pressure,pleased,thank,ze,amazing,kids
ice,beautiful,great,loves,excellent,awesome,highly,wonderful,potatoes,perfect,cake,love,happy,glad,best,perfectly,handy,salad,easy,pressure,pleased,thank,ze,amazing,kids
ice,beautiful,great,loves,excellent,awesome,highly,wonderful,potatoes,perfect,cake,love,happy,glad,best,perfectly,handy,salad,easy,pressure,pleased,thank,ze,amazing,kids
ice,beautiful,great,loves,excellent,awesome,highly,wonderful,potatoes,perfect,cake,love,happy,glad,best,perfectly,handy,salad,easy,pressure,pleased,thank,ze,amazing,kids
ice,beautiful,great,loves,excellent,awesome,highly,wonderful,potatoes,perfect,cake,love,happy,glad,best,perfectly,handy,salad,easy,pressure,pleased,thank,ze,amazing,kids
ice,beautiful,great,loves,excellent,awesome,highly,wonderful,potatoes,perfect,cake,love,happy,glad,best,perfectly,handy,salad,easy,pressure,pleased,thank,ze,amazing,kids
ice,beautiful,great,loves,excellent,awesome,highly,wonderful,potatoes,perfect,cake,love,happy,glad,best,perfectly,handy,salad,easy,pressure,pleased,thank,ze,amazing,kids
ice,beautiful,great,loves,excellent,awesome,highly,wonderful,potatoes,perfect,cake,love,happy,glad,best,perfectly,handy,salad,easy,pressure,pleased,thank,ze,amazing,kids
ice,beautiful,great,loves,excellent,awesome,highly,wonderful,potatoes,perfect,cake,love,happy,glad,best,perfectly,handy,salad,easy,pressure,pleased,thank,ze,amazing,kids
ice,beautiful,great,loves,excellent,awesome,highly,wonderful,potatoes,perfect,cake,love,happy,glad,best,perfectly,handy,salad,easy,pressure,pleased,thank,ze,amazing,kids
ice,beautiful,great,loves,excellent,awesome,highly,wonderful,potatoes,perfect,cake,love,happy,glad,best,perfectly,handy,salad,easy,pressure,pleased,thank,ze,amazing,kids
ice,beautiful,great,loves,excellent,awesome,highly,wonderful,potatoes,perfect,cake,love,happy,glad,best,perfectly,handy,salad,easy,pressure,pleased,thank,ze,amazing,kids
ice,beautiful,great,loves,excellent,awesome,highly,wonderful,potatoes,perfect,cake,love,happy,glad,best,perfectly,handy,salad,easy,pressure,pleased,thank,ze,amazing,kids
ice,beautiful,great,loves,excellent,awesome,highly,wonderful,potatoes,perfect,cake,love,happy,glad,best,perfectly,handy,salad,easy,pressure,pleased,thank,ze,amazing,kids
ice,beautiful,great,loves,excellent,awesome,highly,wonderful,potatoes,perfect,cake,love,happy,glad,best,perfectly,handy,salad,easy,pressure,pleased,thank,ze,amazing,kids
ice,beautiful,great,loves,excellent,awesome,highly,wonderful,potatoes,perfect,cake,love,happy,glad,best,perfectly,handy,salad,easy,pressure,pleased,thank,ze,amazing,kids
ice,beautiful,great,loves,excellent,awesome,highly,wonderful,potatoes,perfect,cake,love,happy,glad,best,perfectly,handy,salad,easy,pressure,pleased,thank,ze,amazing,kids
ice,beautiful,great,loves,excellent,awesome,highly,wonderful,potatoes,perfect,cake,love,happy,glad,best,perfectly,handy,salad,easy,pressure,pleased,thank,ze,amazing,kids
ice,beautiful,great,loves,excellent,awesome,highly,wonderful,potatoes,perfect,cake,love,happy,glad,best,perfectly,handy,salad,easy,pressure,pleased,thank,ze,amazing,kids
ice,beautiful,great,loves,excellent,awesome,highly,wonderful,potatoes,perfect,cake,love,happy,glad,best,perfectly,handy,salad,easy,pressure,pleased,thank,ze,amazing,kids
ice,beautiful,great,loves,excellent,awesome,highly,wonderful,potatoes,perfect,cake,love,happy,glad,best,perfectly,handy,salad,easy,pressure,pleased,thank,ze,amazing,kids
ice,beautiful,great,loves,excellent,awesome,highly,wonderful,potatoes,perfect,cake,love,happy,glad,best,perfectly,handy,salad,easy,pressure,pleased,thank,ze,amazing,kids
ice,beautiful,great,loves,excellent,awesome,highly,wonderful,potatoes,perfect,cake,love,happy,glad,best,perfectly,handy,salad,easy,pressure,pleased,thank,ze,amazing,kids
ice,beautiful,great,loves,excellent,awesome,highly,wonderful,potatoes,perfect,cake,love,happy,glad,best,perfectly,handy,salad,easy,pressure,pleased,thank,ze,amazing,kids
ice,beautiful,great,loves,excellent,awesome,highly,wonderful,potatoes,perfect,cake,love,happy,glad,best,perfectly,handy,salad,easy,pressure,pleased,thank,ze,amazing,kids
ice,beautiful,great,loves,excellent,awesome,highly,wonderful,potatoes,perfect,cake,love,happy,glad,best,perfectly,handy,salad,easy,pressure,pleased,thank,ze,amazing,kids
ice,beautiful,great,loves,excellent,awesome,highly,wonderful,potatoes,perfect,cake,love,happy,glad,best,perfectly,handy,salad,easy,pressure,pleased,thank,ze,amazing,kids
ice,beautiful,great,loves,excellent,awesome,highly,wonderful,potatoes,perfect,cake,love,happy,glad,best,perfectly,handy,salad,easy,pressure,pleased,thank,ze,amazing,kids
ice,beautiful,great,loves,excellent,awesome,highly,wonderful,potatoes,perfect,cake,love,happy,glad,best,perfectly,handy,salad,easy,pressure,pleased,thank,ze,amazing,kids
ice,beautiful,great,loves,excellent,awesome,highly,wonderful,potatoes,perfect,cake,love,happy,glad,best,perfectly,handy,salad,easy,pressure,pleased,thank,ze,amazing,kids
ice,beautiful,great,loves,excellent,awesome,highly,wonderful,potatoes,perfect,cake,love,happy,glad,best,perfectly,handy,salad,easy,pressure,pleased,thank,ze,amazing,kids
ice,beautiful,great,loves,excellent,awesome,highly,wonderful,potatoes,perfect,cake,love,happy,glad,best,perfectly,handy,salad,easy,pressure,pleased,thank,ze,amazing,kids
ice,beautiful,great,loves,excellent,awesome,highly,wonderful,potatoes,perfect,cake,love,happy,glad,best,perfectly,handy,salad,easy,pressure,pleased,thank,ze,amazing,kids
ice,beautiful,great,loves,excellent,awesome,highly,wonderful,potatoes,perfect,cake,love,happy,glad,best,perfectly,handy,salad,easy,pressure,pleased,thank,ze,amazing,kids
ice,beautiful,great,loves,excellent,awesome,highly,wonderful,potatoes,perfect,cake,love,happy,glad,best,perfectly,handy,salad,easy,pressure,pleased,thank,ze,amazing,kids
ice,beautiful,great,loves,excellent,awesome,highly,wonderful,potatoes,perfect,cake,love,happy,glad,best,perfectly,handy,salad,easy,pressure,pleased,thank,ze,amazing,kids
ice,beautiful,great,loves,excellent,awesome,highly,wonderful,potatoes,perfect,cake,love,happy,glad,best,perfectly,handy,salad,easy,pressure,pleased,thank,ze,amazing,kids
ice,beautiful,great,loves,excellent,awesome,highly,wonderful,potatoes,perfect,cake,love,happy,glad,best,perfectly,handy,salad,easy,pressure,pleased,thank,ze,amazing,kids
ice,beautiful,great,loves,excellent,awesome,highly,wonderful,potatoes,perfect,cake,love,happy,glad,best,perfectly,handy,salad,easy,pressure,pleased,thank,ze,amazing,kids
ice,beautiful,great,loves,excellent,awesome,highly,wonderful,potatoes,perfect,cake,love,happy,glad,best,perfectly,handy,salad,easy,pressure,pleased,thank,ze,amazing,kids
ice,beautiful,great,loves,excellent,awesome,highly,wonderful,potatoes,perfect,cake,love,happy,glad,best,perfectly,handy,salad,easy,pressure,pleased,thank,ze,amazing,kids
ice,beautiful,great,loves,excellent,awesome,highly,wonderful,potatoes,perfect,cake,love,happy,glad,best,perfectly,handy,salad,easy,pressure,pleased,thank,ze,amazing,kids
ice,beautiful,great,loves,excellent,awesome,highly,wonderful,potatoes,perfect,cake,love,happy,glad,best,perfectly,handy,salad,easy,pressure,pleased,thank,ze,amazing,kids
ice,beautiful,great,loves,excellent,awesome,highly,wonderful,potatoes,perfect,cake,love,happy,glad,best,perfectly,handy,salad,easy,pressure,pleased,thank,ze,amazing,kids
ice,beautiful,great,loves,excellent,awesome,highly,wonderful,potatoes,perfect,cake,love,happy,glad,best,perfectly,handy,salad,easy,pressure,pleased,thank,ze,amazing,kids
ice,beautiful,great,loves,excellent,awesome,highly,wonderful,potatoes,perfect,cake,love,happy,glad,best,perfectly,handy,salad,easy,pressure,pleased,thank,ze,amazing,kids
ice,beautiful,great,loves,excellent,awesome,highly,wonderful,potatoes,perfect,cake,love,happy,glad,best,perfectly,handy,salad,easy,pressure,pleased,thank,ze,amazing,kids
ice,beautiful,great,loves,excellent,awesome,highly,wonderful,potatoes,perfect,cake,love,happy,glad,best,perfectly,handy,salad,easy,pressure,pleased,thank,ze,amazing,kids
ice,beautiful,great,loves,excellent,awesome,highly,wonderful,potatoes,perfect,cake,love,happy,glad,best,perfectly,handy,salad,easy,pressure,pleased,thank,ze,amazing,kids
ice,beautiful,great,loves,excellent,awesome,highly,wonderful,potatoes,perfect,cake,love,happy,glad,best,perfectly,handy,salad,easy,pressure,pleased,thank,ze,amazing,kids
ice,beautiful,great,loves,excellent,awesome,highly,wonderful,potatoes,perfect,cake,love,happy,glad,best,perfectly,handy,salad,easy,pressure,pleased,thank,ze,amazing,kids
ice,beautiful,great,loves,excellent,awesome,highly,wonderful,potatoes,perfect,cake,love,happy,glad,best,perfectly,handy,salad,easy,pressure,pleased,thank,ze,amazing,kids
ice,beautiful,great,loves,excellent,awesome,highly,wonderful,potatoes,perfect,cake,love,happy,glad,best,perfectly,handy,salad,easy,pressure,pleased,thank,ze,amazing,kids
ice,beautiful,great,loves,excellent,awesome,highly,wonderful,potatoes,perfect,cake,love,happy,glad,best,perfectly,handy,salad,easy,pressure,pleased,thank,ze,amazing,kids
ice,beautiful,great,loves,excellent,awesome,highly,wonderful,potatoes,perfect,cake,love,happy,glad,best,perfectly,handy,salad,easy,pressure,pleased,thank,ze,amazing,kids
ice,beautiful,great,loves,excellent,awesome,highly,wonderful,potatoes,perfect,cake,love,happy,glad,best,perfectly,handy,salad,easy,pressure,pleased,thank,ze,amazing,kids
ice,beautiful,great,loves,excellent,awesome,highly,wonderful,potatoes,perfect,cake,love,happy,glad,best,perfectly,handy,salad,easy,pressure,pleased,thank,ze,amazing,kids
ice,beautiful,great,loves,excellent,awesome,highly,wonderful,potatoes,perfect,cake,love,happy,glad,best,perfectly,handy,salad,easy,pressure,pleased,thank,ze,amazing,kids
ice,beautiful,great,loves,excellent,awesome,highly,wonderful,potatoes,perfect,cake,love,happy,glad,best,perfectly,handy,salad,easy,pressure,pleased,thank,ze,amazing,kids
ice,beautiful,great,loves,excellent,awesome,highly,wonderful,potatoes,perfect,cake,love,happy,glad,best,perfectly,handy,salad,easy,pressure,pleased,thank,ze,amazing,kids
ice,beautiful,great,loves,excellent,awesome,highly,wonderful,potatoes,perfect,cake,love,happy,glad,best,perfectly,handy,salad,easy,pressure,pleased,thank,ze,amazing,kids
ice,beautiful,great,loves,excellent,awesome,highly,wonderful,potatoes,perfect,cake,love,happy,glad,best,perfectly,handy,salad,easy,pressure,pleased,thank,ze,amazing,kids
ice,beautiful,great,loves,excellent,awesome,highly,wonderful,potatoes,perfect,cake,love,happy,glad,best,perfectly,handy,salad,easy,pressure,pleased,thank,ze,amazing,kids
ice,beautiful,great,loves,excellent,awesome,highly,wonderful,potatoes,perfect,cake,love,happy,glad,best,perfectly,handy,salad,easy,pressure,pleased,thank,ze,amazing,kids
ice,beautiful,great,loves,excellent,awesome,highly,wonderful,potatoes,perfect,cake,love,happy,glad,best,perfectly,handy,salad,easy,pressure,pleased,thank,ze,amazing,kids
ice,beautiful,great,loves,excellent,awesome,highly,wonderful,potatoes,perfect,cake,love,happy,glad,best,perfectly,handy,salad,easy,pressure,pleased,thank,ze,amazing,kids
ice,beautiful,great,loves,excellent,awesome,highly,wonderful,potatoes,perfect,cake,love,happy,glad,best,perfectly,handy,salad,easy,pressure,pleased,thank,ze,amazing,kids
ice,beautiful,great,loves,excellent,awesome,highly,wonderful,potatoes,perfect,cake,love,happy,glad,best,perfectly,handy,salad,easy,pressure,pleased,thank,ze,amazing,kids
ice,beautiful,great,loves,excellent,awesome,highly,wonderful,potatoes,perfect,cake,love,happy,glad,best,perfectly,handy,salad,easy,pressure,pleased,thank,ze,amazing,kids
ice,beautiful,great,loves,excellent,awesome,highly,wonderful,potatoes,perfect,cake,love,happy,glad,best,perfectly,handy,salad,easy,pressure,pleased,thank,ze,amazing,kids
ice,beautiful,great,loves,excellent,awesome,highly,wonderful,potatoes,perfect,cake,love,happy,glad,best,perfectly,handy,salad,easy,pressure,pleased,thank,ze,amazing,kids
ice,beautiful,great,loves,excellent,awesome,highly,wonderful,potatoes,perfect,cake,love,happy,glad,best,perfectly,handy,salad,easy,pressure,pleased,thank,ze,amazing,kids
ice,beautiful,great,loves,excellent,awesome,highly,wonderful,potatoes,perfect,cake,love,happy,glad,best,perfectly,handy,salad,easy,pressure,pleased,thank,ze,amazing,kids
ice,beautiful,great,loves,excellent,awesome,highly,wonderful,potatoes,perfect,cake,love,happy,glad,best,perfectly,handy,salad,easy,pressure,pleased,thank,ze,amazing,kids
ice,beautiful,great,loves,excellent,awesome,highly,wonderful,potatoes,perfect,cake,love,happy,glad,best,perfectly,handy,salad,easy,pressure,pleased,thank,ze,amazing,kids
ice,beautiful,great,loves,excellent,awesome,highly,wonderful,potatoes,perfect,cake,love,happy,glad,best,perfectly,handy,salad,easy,pressure,pleased,thank,ze,amazing,kids
ice,beautiful,great,loves,excellent,awesome,highly,wonderful,potatoes,perfect,cake,love,happy,glad,best,perfectly,handy,salad,easy,pressure,pleased,thank,ze,amazing,kids
ice,beautiful,great,loves,excellent,awesome,highly,wonderful,potatoes,perfect,cake,love,happy,glad,best,perfectly,handy,salad,easy,pressure,pleased,thank,ze,amazing,kids
ice,beautiful,great,loves,excellent,awesome,highly,wonderful,potatoes,perfect,cake,love,happy,glad,best,perfectly,handy,salad,easy,pressure,pleased,thank,ze,amazing,kids
ice,beautiful,great,loves,excellent,awesome,highly,wonderful,potatoes,perfect,cake,love,happy,glad,best,perfectly,handy,salad,easy,pressure,pleased,thank,ze,amazing,kids
ice,beautiful,great,loves,excellent,awesome,highly,wonderful,potatoes,perfect,cake,love,happy,glad,best,perfectly,handy,salad,easy,pressure,pleased,thank,ze,amazing,kids
ice,beautiful,great,loves,excellent,awesome,highly,wonderful,potatoes,perfect,cake,love,happy,glad,best,perfectly,handy,salad,easy,pressure,pleased,thank,ze,amazing,kids
ice,beautiful,great,loves,excellent,awesome,highly,wonderful,potatoes,perfect,cake,love,happy,glad,best,perfectly,handy,salad,easy,pressure,pleased,thank,ze,amazing,kids
ice,beautiful,great,loves,excellent,awesome,highly,wonderful,potatoes,perfect,cake,love,happy,glad,best,perfectly,handy,salad,easy,pressure,pleased,thank,ze,amazing,kids
ice,beautiful,great,loves,excellent,awesome,highly,wonderful,potatoes,perfect,cake,love,happy,glad,best,perfectly,handy,salad,easy,pressure,pleased,thank,ze,amazing,kids
ice,beautiful,great,loves,excellent,awesome,highly,wonderful,potatoes,perfect,cake,love,happy,glad,best,perfectly,handy,salad,easy,pressure,pleased,thank,ze,amazing,kids
ice,beautiful,great,loves,excellent,awesome,highly,wonderful,potatoes,perfect,cake,love,happy,glad,best,perfectly,handy,salad,easy,pressure,pleased,thank,ze,amazing,kids
ice,beautiful,great,loves,excellent,awesome,highly,wonderful,potatoes,perfect,cake,love,happy,glad,best,perfectly,handy,salad,easy,pressure,pleased,thank,ze,amazing,kids
ice,beautiful,great,loves,excellent,awesome,highly,wonderful,potatoes,perfect,cake,love,happy,glad,best,perfectly,handy,salad,easy,pressure,pleased,thank,ze,amazing,kids
ice,beautiful,great,loves,excellent,awesome,highly,wonderful,potatoes,perfect,cake,love,happy,glad,best,perfectly,handy,salad,easy,pressure,pleased,thank,ze,amazing,kids
ice,beautiful,great,loves,excellent,awesome,highly,wonderful,potatoes,perfect,cake,love,happy,glad,best,perfectly,handy,salad,easy,pressure,pleased,thank,ze,amazing,kids
ice,beautiful,great,loves,excellent,awesome,highly,wonderful,potatoes,perfect,cake,love,happy,glad,best,perfectly,handy,salad,easy,pressure,pleased,thank,ze,amazing,kids
ice,beautiful,great,loves,excellent,awesome,highly,wonderful,potatoes,perfect,cake,love,happy,glad,best,perfectly,handy,salad,easy,pressure,pleased,thank,ze,amazing,kids
ice,beautiful,great,loves,excellent,awesome,highly,wonderful,potatoes,perfect,cake,love,happy,glad,best,perfectly,handy,salad,easy,pressure,pleased,thank,ze,amazing,kids
ice,beautiful,great,loves,excellent,awesome,highly,wonderful,potatoes,perfect,cake,love,happy,glad,best,perfectly,handy,salad,easy,pressure,pleased,thank,ze,amazing,kids
ice,beautiful,great,loves,excellent,awesome,highly,wonderful,potatoes,perfect,cake,love,happy,glad,best,perfectly,handy,salad,easy,pressure,pleased,thank,ze,amazing,kids
ice,beautiful,great,loves,excellent,awesome,highly,wonderful,potatoes,perfect,cake,love,happy,glad,best,perfectly,handy,salad,easy,pressure,pleased,thank,ze,amazing,kids
ice,beautiful,great,loves,excellent,awesome,highly,wonderful,potatoes,perfect,cake,love,happy,glad,best,perfectly,handy,salad,easy,pressure,pleased,thank,ze,amazing,kids
ice,beautiful,great,loves,excellent,awesome,highly,wonderful,potatoes,perfect,cake,love,happy,glad,best,perfectly,handy,salad,easy,pressure,pleased,thank,ze,amazing,kids
ice,beautiful,great,loves,excellent,awesome,highly,wonderful,potatoes,perfect,cake,love,happy,glad,best,perfectly,handy,salad,easy,pressure,pleased,thank,ze,amazing,kids
ice,beautiful,great,loves,excellent,awesome,highly,wonderful,potatoes,perfect,cake,love,happy,glad,best,perfectly,handy,salad,easy,pressure,pleased,thank,ze,amazing,kids
ice,beautiful,great,loves,excellent,awesome,highly,wonderful,potatoes,perfect,cake,love,happy,glad,best,perfectly,handy,salad,easy,pressure,pleased,thank,ze,amazing,kids
ice,beautiful,great,loves,excellent,awesome,highly,wonderful,potatoes,perfect,cake,love,happy,glad,best,perfectly,handy,salad,easy,pressure,pleased,thank,ze,amazing,kids
ice,beautiful,great,loves,excellent,awesome,highly,wonderful,potatoes,perfect,cake,love,happy,glad,best,perfectly,handy,salad,easy,pressure,pleased,thank,ze,amazing,kids
ice,beautiful,great,loves,excellent,awesome,highly,wonderful,potatoes,perfect,cake,love,happy,glad,best,perfectly,handy,salad,easy,pressure,pleased,thank,ze,amazing,kids
ice,beautiful,great,loves,excellent,awesome,highly,wonderful,potatoes,perfect,cake,love,happy,glad,best,perfectly,handy,salad,easy,pressure,pleased,thank,ze,amazing,kids
ice,beautiful,great,loves,excellent,awesome,highly,wonderful,potatoes,perfect,cake,love,happy,glad,best,perfectly,handy,salad,easy,pressure,pleased,thank,ze,amazing,kids
ice,beautiful,great,loves,excellent,awesome,highly,wonderful,potatoes,perfect,cake,love,happy,glad,best,perfectly,handy,salad,easy,pressure,pleased,thank,ze,amazing,kids
ice,beautiful,great,loves,excellent,awesome,highly,wonderful,potatoes,perfect,cake,love,happy,glad,best,perfectly,handy,salad,easy,pressure,pleased,thank,ze,amazing,kids
ice,beautiful,great,loves,excellent,awesome,highly,wonderful,potatoes,perfect,cake,love,happy,glad,best,perfectly,handy,salad,easy,pressure,pleased,thank,ze,amazing,kids
ice,beautiful,great,loves,excellent,awesome,highly,wonderful,potatoes,perfect,cake,love,happy,glad,best,perfectly,handy,salad,easy,pressure,pleased,thank,ze,amazing,kids
ice,beautiful,great,loves,excellent,awesome,highly,wonderful,potatoes,perfect,cake,love,happy,glad,best,perfectly,handy,salad,easy,pressure,pleased,thank,ze,amazing,kids
ice,beautiful,great,loves,excellent,awesome,highly,wonderful,potatoes,perfect,cake,love,happy,glad,best,perfectly,handy,salad,easy,pressure,pleased,thank,ze,amazing,kids
ice,beautiful,great,loves,excellent,awesome,highly,wonderful,potatoes,perfect,cake,love,happy,glad,best,perfectly,handy,salad,easy,pressure,pleased,thank,ze,amazing,kids
ice,beautiful,great,loves,excellent,awesome,highly,wonderful,potatoes,perfect,cake,love,happy,glad,best,perfectly,handy,salad,easy,pressure,pleased,thank,ze,amazing,kids
ice,beautiful,great,loves,excellent,awesome,highly,wonderful,potatoes,perfect,cake,love,happy,glad,best,perfectly,handy,salad,easy,pressure,pleased,thank,ze,amazing,kids
ice,beautiful,great,loves,excellent,awesome,highly,wonderful,potatoes,perfect,cake,love,happy,glad,best,perfectly,handy,salad,easy,pressure,pleased,thank,ze,amazing,kids
ice,beautiful,great,loves,excellent,awesome,highly,wonderful,potatoes,perfect,cake,love,happy,glad,best,perfectly,handy,salad,easy,pressure,pleased,thank,ze,amazing,kids
ice,beautiful,great,loves,excellent,awesome,highly,wonderful,potatoes,perfect,cake,love,happy,glad,best,perfectly,handy,salad,easy,pressure,pleased,thank,ze,amazing,kids
ice,beautiful,great,loves,excellent,awesome,highly,wonderful,potatoes,perfect,cake,love,happy,glad,best,perfectly,handy,salad,easy,pressure,pleased,thank,ze,amazing,kids
ice,beautiful,great,loves,excellent,awesome,highly,wonderful,potatoes,perfect,cake,love,happy,glad,best,perfectly,handy,salad,easy,pressure,pleased,thank,ze,amazing,kids
ice,beautiful,great,loves,excellent,awesome,highly,wonderful,potatoes,perfect,cake,love,happy,glad,best,perfectly,handy,salad,easy,pressure,pleased,thank,ze,amazing,kids
ice,beautiful,great,loves,excellent,awesome,highly,wonderful,potatoes,perfect,cake,love,happy,glad,best,perfectly,handy,salad,easy,pressure,pleased,thank,ze,amazing,kids
ice,beautiful,great,loves,excellent,awesome,highly,wonderful,potatoes,perfect,cake,love,happy,glad,best,perfectly,handy,salad,easy,pressure,pleased,thank,ze,amazing,kids
ice,beautiful,great,loves,excellent,awesome,highly,wonderful,potatoes,perfect,cake,love,happy,glad,best,perfectly,handy,salad,easy,pressure,pleased,thank,ze,amazing,kids
ice,beautiful,great,loves,excellent,awesome,highly,wonderful,potatoes,perfect,cake,love,happy,glad,best,perfectly,handy,salad,easy,pressure,pleased,thank,ze,amazing,kids
ice,beautiful,great,loves,excellent,awesome,highly,wonderful,potatoes,perfect,cake,love,happy,glad,best,perfectly,handy,salad,easy,pressure,pleased,thank,ze,amazing,kids
ice,beautiful,great,loves,excellent,awesome,highly,wonderful,potatoes,perfect,cake,love,happy,glad,best,perfectly,handy,salad,easy,pressure,pleased,thank,ze,amazing,kids
ice,beautiful,great,loves,excellent,awesome,highly,wonderful,potatoes,perfect,cake,love,happy,glad,best,perfectly,handy,salad,easy,pressure,pleased,thank,ze,amazing,kids
ice,beautiful,great,loves,excellent,awesome,highly,wonderful,potatoes,perfect,cake,love,happy,glad,best,perfectly,handy,salad,easy,pressure,pleased,thank,ze,amazing,kids
ice,beautiful,great,loves,excellent,awesome,highly,wonderful,potatoes,perfect,cake,love,happy,glad,best,perfectly,handy,salad,easy,pressure,pleased,thank,ze,amazing,kids
ice,beautiful,great,loves,excellent,awesome,highly,wonderful,potatoes,perfect,cake,love,happy,glad,best,perfectly,handy,salad,easy,pressure,pleased,thank,ze,amazing,kids
ice,beautiful,great,loves,excellent,awesome,highly,wonderful,potatoes,perfect,cake,love,happy,glad,best,perfectly,handy,salad,easy,pressure,pleased,thank,ze,amazing,kids
ice,beautiful,great,loves,excellent,awesome,highly,wonderful,potatoes,perfect,cake,love,happy,glad,best,perfectly,handy,salad,easy,pressure,pleased,thank,ze,amazing,kids
ice,beautiful,great,loves,excellent,awesome,highly,wonderful,potatoes,perfect,cake,love,happy,glad,best,perfectly,handy,salad,easy,pressure,pleased,thank,ze,amazing,kids
ice,beautiful,great,loves,excellent,awesome,highly,wonderful,potatoes,perfect,cake,love,happy,glad,best,perfectly,handy,salad,easy,pressure,pleased,thank,ze,amazing,kids
ice,beautiful,great,loves,excellent,awesome,highly,wonderful,potatoes,perfect,cake,love,happy,glad,best,perfectly,handy,salad,easy,pressure,pleased,thank,ze,amazing,kids
ice,beautiful,great,loves,excellent,awesome,highly,wonderful,potatoes,perfect,cake,love,happy,glad,best,perfectly,handy,salad,easy,pressure,pleased,thank,ze,amazing,kids
ice,great,loves,excellent,awesome,highly,wonderful,potatoes,perfect,cake,love,happy,glad,best,perfectly,handy,salad,easy,pressure,pleased,thank,ze,beautifully,amazing,kids
ice,great,loves,excellent,awesome,highly,wonderful,potatoes,perfect,cake,love,happy,glad,best,perfectly,handy,salad,easy,pressure,pleased,thank,ze,beautifully,amazing,kids
ice,great,loves,excellent,awesome,highly,wonderful,potatoes,perfect,cake,love,happy,glad,best,perfectly,handy,salad,easy,pressure,pleased,thank,ze,beautifully,amazing,kids
ice,great,loves,excellent,awesome,highly,wonderful,potatoes,perfect,cake,love,happy,glad,best,perfectly,handy,salad,easy,pressure,pleased,thank,ze,beautifully,amazing,kids
ice,great,loves,excellent,awesome,highly,wonderful,potatoes,perfect,cake,love,happy,glad,best,perfectly,handy,salad,easy,pressure,pleased,thank,ze,beautifully,amazing,kids
ice,great,loves,excellent,awesome,highly,wonderful,potatoes,perfect,cake,love,happy,glad,best,perfectly,handy,salad,easy,pressure,pleased,thank,ze,beautifully,amazing,kids
ice,great,loves,excellent,awesome,highly,wonderful,potatoes,perfect,cake,love,happy,glad,best,perfectly,handy,salad,easy,pressure,pleased,thank,ze,beautifully,amazing,kids
ice,great,loves,excellent,awesome,highly,wonderful,potatoes,perfect,cake,love,happy,glad,best,perfectly,handy,salad,easy,pressure,pleased,thank,ze,beautifully,amazing,kids
ice,great,loves,excellent,awesome,highly,wonderful,potatoes,perfect,cake,love,happy,glad,best,perfectly,handy,salad,easy,pressure,pleased,thank,ze,beautifully,amazing,kids
ice,great,loves,excellent,awesome,highly,wonderful,potatoes,perfect,cake,love,happy,glad,best,perfectly,handy,salad,easy,pressure,pleased,thank,ze,beautifully,amazing,kids
ice,great,loves,excellent,awesome,highly,wonderful,potatoes,perfect,cake,love,happy,glad,best,perfectly,handy,salad,easy,pressure,pleased,thank,ze,beautifully,amazing,kids
ice,great,loves,excellent,awesome,highly,wonderful,potatoes,perfect,cake,love,happy,glad,best,perfectly,handy,salad,easy,pressure,pleased,thank,ze,beautifully,amazing,kids
ice,great,loves,excellent,awesome,highly,wonderful,potatoes,perfect,cake,love,happy,glad,best,perfectly,handy,salad,easy,pressure,pleased,thank,ze,beautifully,amazing,kids
ice,great,loves,excellent,awesome,highly,wonderful,potatoes,perfect,cake,love,happy,glad,best,perfectly,handy,salad,easy,pressure,pleased,thank,ze,beautifully,amazing,kids
ice,great,loves,excellent,awesome,highly,wonderful,potatoes,perfect,cake,love,happy,glad,best,perfectly,handy,salad,easy,pressure,pleased,thank,ze,beautifully,amazing,kids
ice,great,loves,excellent,awesome,highly,wonderful,potatoes,perfect,cake,love,happy,glad,best,perfectly,handy,salad,easy,pressure,pleased,thank,ze,beautifully,amazing,kids
ice,great,loves,excellent,awesome,highly,wonderful,potatoes,perfect,cake,love,happy,glad,best,perfectly,handy,salad,easy,pressure,pleased,thank,ze,beautifully,amazing,kids
ice,great,loves,excellent,awesome,highly,wonderful,potatoes,perfect,cake,love,happy,glad,best,perfectly,handy,salad,easy,pressure,pleased,thank,ze,beautifully,amazing,kids
ice,great,loves,excellent,awesome,highly,wonderful,potatoes,perfect,cake,love,happy,glad,best,perfectly,handy,salad,easy,pressure,pleased,thank,ze,beautifully,amazing,kids
ice,great,loves,excellent,awesome,highly,wonderful,potatoes,perfect,cake,love,happy,glad,best,perfectly,handy,salad,easy,pressure,pleased,thank,ze,beautifully,amazing,kids
ice,great,loves,excellent,awesome,highly,wonderful,potatoes,perfect,cake,love,happy,glad,best,perfectly,handy,salad,easy,pressure,pleased,thank,ze,beautifully,amazing,kids
ice,great,loves,excellent,awesome,highly,wonderful,potatoes,perfect,cake,love,happy,glad,best,perfectly,handy,salad,easy,pressure,pleased,thank,ze,beautifully,amazing,kids
ice,great,loves,excellent,awesome,highly,wonderful,potatoes,perfect,cake,love,happy,glad,best,perfectly,handy,salad,easy,pressure,pleased,thank,ze,beautifully,amazing,kids
ice,great,loves,excellent,awesome,highly,wonderful,potatoes,perfect,cake,love,happy,glad,best,perfectly,handy,salad,easy,pressure,pleased,thank,ze,beautifully,amazing,kids
ice,great,loves,excellent,awesome,highly,wonderful,potatoes,perfect,cake,love,happy,glad,best,perfectly,handy,salad,easy,pressure,pleased,thank,ze,beautifully,amazing,kids
ice,great,loves,excellent,awesome,highly,wonderful,potatoes,perfect,cake,love,happy,glad,best,perfectly,handy,salad,easy,pressure,pleased,thank,ze,beautifully,amazing,kids
ice,great,loves,excellent,awesome,highly,wonderful,potatoes,perfect,cake,love,happy,glad,best,perfectly,handy,salad,easy,pressure,pleased,thank,ze,beautifully,amazing,kids
ice,great,loves,excellent,awesome,highly,wonderful,potatoes,perfect,cake,love,happy,glad,best,perfectly,handy,salad,easy,pressure,pleased,thank,ze,beautifully,amazing,kids
ice,great,loves,excellent,awesome,highly,wonderful,potatoes,perfect,cake,love,happy,glad,best,perfectly,handy,salad,easy,pressure,pleased,thank,ze,beautifully,amazing,kids
ice,great,loves,excellent,awesome,highly,wonderful,potatoes,perfect,cake,love,happy,glad,best,perfectly,handy,salad,easy,pressure,pleased,thank,ze,beautifully,amazing,kids
ice,great,loves,excellent,awesome,highly,wonderful,potatoes,perfect,cake,love,happy,glad,best,perfectly,handy,salad,easy,pressure,pleased,thank,ze,beautifully,amazing,kids
ice,great,loves,excellent,awesome,highly,wonderful,potatoes,perfect,cake,love,happy,glad,best,perfectly,handy,salad,easy,pressure,pleased,thank,ze,beautifully,amazing,kids
ice,great,loves,excellent,awesome,highly,wonderful,potatoes,perfect,cake,love,happy,glad,best,perfectly,handy,salad,easy,pressure,pleased,thank,ze,beautifully,amazing,kids
ice,great,loves,excellent,awesome,highly,wonderful,potatoes,perfect,cake,love,happy,glad,best,perfectly,handy,salad,easy,pressure,pleased,thank,ze,beautifully,amazing,kids
ice,great,loves,excellent,awesome,highly,wonderful,potatoes,perfect,cake,love,happy,glad,best,perfectly,handy,salad,easy,pressure,pleased,thank,ze,beautifully,amazing,kids
ice,great,loves,excellent,awesome,highly,wonderful,potatoes,perfect,cake,love,happy,glad,best,perfectly,handy,salad,easy,pressure,pleased,thank,ze,beautifully,amazing,kids
ice,great,loves,excellent,awesome,highly,wonderful,potatoes,perfect,cake,love,happy,glad,best,perfectly,handy,salad,easy,pressure,pleased,thank,ze,beautifully,amazing,kids
ice,great,loves,excellent,awesome,highly,wonderful,potatoes,perfect,cake,love,happy,glad,best,perfectly,handy,salad,easy,pressure,pleased,thank,ze,beautifully,amazing,kids
ice,great,loves,excellent,awesome,highly,wonderful,potatoes,perfect,cake,love,happy,glad,best,perfectly,handy,salad,easy,pressure,pleased,thank,ze,beautifully,amazing,kids
ice,great,loves,excellent,awesome,highly,wonderful,potatoes,perfect,cake,love,happy,glad,best,perfectly,handy,salad,easy,pressure,pleased,thank,ze,beautifully,amazing,kids
ice,great,loves,excellent,awesome,highly,wonderful,potatoes,perfect,cake,love,happy,glad,best,perfectly,handy,salad,easy,pressure,pleased,thank,ze,beautifully,amazing,kids
ice,great,loves,excellent,awesome,highly,wonderful,potatoes,perfect,cake,love,happy,glad,best,perfectly,handy,salad,easy,pressure,pleased,thank,ze,beautifully,amazing,kids
ice,great,loves,excellent,awesome,highly,wonderful,potatoes,perfect,cake,love,happy,glad,best,perfectly,salad,easy,pressure,pleased,thank,ze,simple,beautifully,amazing,kids
ice,great,loves,excellent,awesome,highly,wonderful,potatoes,perfect,cake,love,happy,glad,best,perfectly,salad,easy,pressure,pleased,thank,ze,simple,beautifully,amazing,kids
ice,great,loves,excellent,awesome,highly,wonderful,potatoes,perfect,cake,love,happy,glad,best,perfectly,salad,easy,pressure,pleased,thank,ze,simple,beautifully,amazing,kids
ice,great,loves,excellent,awesome,highly,wonderful,potatoes,perfect,cake,love,happy,glad,best,perfectly,salad,easy,pressure,pleased,thank,ze,simple,beautifully,amazing,kids
ice,great,loves,excellent,awesome,highly,wonderful,potatoes,perfect,cake,love,happy,glad,best,perfectly,salad,easy,pressure,pleased,thank,ze,simple,beautifully,amazing,kids
ice,great,loves,excellent,awesome,highly,wonderful,potatoes,perfect,cake,love,happy,glad,best,perfectly,salad,easy,pressure,pleased,thank,ze,simple,beautifully,amazing,kids
ice,great,loves,excellent,awesome,highly,wonderful,potatoes,perfect,cake,love,happy,glad,best,perfectly,salad,easy,pressure,pleased,thank,ze,simple,beautifully,amazing,kids
